16,98,67,30,0,
0,
88,65,0,
0,
82,0,
0,
25,17,0,
0,
0,
0,
0,
8,0,
59,31,0,
0,
0,
0,
96,105,44,54,0,
0,
107,55,0,
24,4,0,
0,
84,38,0,
0,
0,
93,0,
56,0,
49,0,
0,
32,11,0,
23,103,0,
39,52,77,47,0,
0,
0,
0,
0,
21,95,0,
0,
34,0,
99,0,
1,12,102,0,
0,
0,
0,
75,0,
90,92,0,
81,0,
50,61,0,
2,91,60,0,
42,0,
0,
0,
58,100,29,0,
48,106,0,
7,0,
74,85,46,0,
22,0,
0,
40,0,
15,0,
0,
3,27,0,
0,
80,53,101,0,
0,
73,43,0,
0,
0,
35,51,62,78,0,
104,0,
0,
0,
9,70,0,
0,
69,0,
20,0,
0,
63,0,
26,6,71,0,
57,94,0,
0,
41,0,
0,
0,
66,0,
0,
86,0,
0,
0,
0,
0,
72,0,
79,0,
13,0,
0,
87,0,
10,0,
37,28,45,0,
0,
64,18,19,0,
0,
14,0,
89,33,0,
68,5,0,
0,
0,
83,76,0,
36,0,
97,0,
