64,66,46,106,0,
0,
12,39,0,
0,
0,
0,
103,31,0,
0,
0,
107,93,63,0,
41,0,
74,99,0,
14,0,
16,105,18,0,
26,0,
7,0,
34,0,
40,65,0,
30,0,
0,
54,62,0,
32,0,
0,
27,0,
0,
0,
0,
0,
0,
0,
0,
33,22,0,
0,
58,0,
0,
43,0,
0,
0,
84,15,0,
35,71,0,
102,0,
0,
0,
0,
72,47,0,
0,
88,89,44,86,0,
97,87,0,
0,
0,
61,85,0,
92,69,94,0,
53,0,
0,
8,0,
56,0,
0,
0,
0,
42,0,
0,
28,0,
80,0,
24,0,
104,9,2,38,0,
37,0,
91,51,50,6,0,
82,23,0,
0,
60,0,
0,
0,
76,0,
90,0,
0,
0,
3,0,
19,0,
57,59,0,
0,
0,
75,0,
0,
0,
48,0,
45,0,
98,10,77,0,
68,0,
4,0,
67,78,95,0,
0,
73,52,21,0,
49,70,0,
25,79,0,
1,0,
5,0,
0,
0,
36,29,0,
101,0,
0,
0,
0,
83,0,
81,11,55,0,
100,0,
17,20,13,0,
96,0,
