96,99,94,63,0,
0,
0,
64,61,39,0,
0,
84,102,0,
0,
54,0,
0,
0,
72,50,85,0,
0,
26,0,
0,
0,
32,22,0,
0,
91,62,0,
73,0,
88,7,0,
24,52,0,
25,0,
97,0,
0,
51,0,
0,
0,
0,
0,
0,
68,13,0,
27,0,
58,0,
29,46,0,
0,
2,0,
0,
0,
0,
23,0,
48,0,
100,0,
36,47,0,
101,31,0,
0,
0,
11,0,
77,0,
0,
81,21,41,0,
105,93,0,
0,
0,
0,
0,
98,35,30,0,
53,0,
44,0,
0,
38,0,
0,
69,14,0,
40,6,0,
89,19,17,78,0,
107,0,
60,0,
59,75,92,0,
0,
0,
0,
28,0,
0,
8,0,
0,
33,12,86,0,
103,95,0,
0,
0,
57,83,0,
18,82,0,
0,
76,0,
9,0,
67,0,
71,0,
16,0,
70,87,0,
0,
80,0,
42,20,0,
104,0,
4,0,
65,1,0,
0,
43,5,79,0,
0,
10,3,15,55,0,
0,
45,0,
49,66,74,106,0,
0,
34,0,
37,0,
0,
0,
0,
56,90,0,
0,
