91,83,79,39,0,
0,
0,
67,0,
87,0,
17,103,0,
0,
0,
66,21,47,0,
110,0,
4,0,
0,
0,
0,
40,84,5,0,
0,
10,34,0,
0,
0,
49,0,
0,
1,60,0,
2,0,
0,
0,
24,0,
0,
0,
41,109,0,
97,0,
58,99,111,0,
0,
73,29,0,
0,
64,0,
0,
6,0,
0,
9,114,0,
72,56,62,55,0,
119,0,
0,
116,0,
86,0,
0,
0,
101,0,
104,0,
23,0,
0,
0,
0,
18,75,0,
0,
13,0,
106,61,95,0,
25,98,0,
42,85,0,
15,0,
92,46,0,
0,
33,0,
48,90,3,0,
11,0,
0,
0,
51,0,
0,
70,0,
0,
0,
115,54,0,
74,107,36,0,
31,0,
113,0,
0,
0,
0,
0,
8,57,100,0,
65,44,0,
0,
96,0,
32,105,108,30,0,
89,0,
53,0,
0,
0,
12,0,
0,
88,20,0,
16,59,38,14,0,
26,0,
0,
93,0,
19,69,0,
0,
0,
78,0,
82,27,0,
43,52,68,0,
0,
0,
102,0,
0,
80,22,63,0,
77,117,0,
35,7,0,
112,28,71,0,
81,0,
0,
50,94,0,
45,0,
0,
76,118,0,
0,
0,
37,0,
0,
0,
