48,41,98,62,0,
0,
82,0,
0,
2,76,0,
0,
53,0,
0,
5,119,0,
0,
0,
79,0,
23,0,
0,
52,0,
0,
112,109,0,
67,0,
0,
54,0,
0,
86,87,0,
94,0,
0,
18,0,
0,
0,
88,55,0,
0,
74,21,0,
20,0,
89,17,102,0,
0,
0,
0,
0,
0,
42,0,
30,14,0,
0,
34,106,0,
59,60,101,31,0,
0,
0,
104,0,
8,83,77,0,
64,91,27,0,
49,0,
29,61,93,45,0,
0,
0,
9,85,0,
107,0,
0,
0,
0,
90,0,
73,0,
0,
57,44,0,
16,80,12,0,
40,37,95,0,
38,75,4,46,0,
0,
68,0,
0,
0,
0,
0,
32,28,0,
0,
108,0,
0,
0,
96,100,0,
24,118,103,0,
15,0,
13,0,
33,0,
92,0,
7,0,
11,78,0,
0,
72,65,0,
25,0,
0,
99,0,
0,
0,
3,0,
1,0,
39,0,
0,
116,71,0,
0,
26,0,
0,
43,0,
81,105,115,110,0,
0,
0,
22,47,0,
66,35,0,
10,36,0,
70,0,
97,84,69,0,
0,
0,
0,
63,0,
113,6,0,
0,
0,
58,0,
111,0,
56,19,51,0,
117,0,
0,
114,50,0,
0,
