98,115,20,118,0,
0,
66,76,0,
0,
0,
0,
110,0,
0,
0,
104,16,0,
113,50,107,0,
0,
89,53,78,0,
0,
0,
0,
67,0,
5,0,
106,37,0,
0,
21,12,29,0,
74,86,0,
0,
0,
0,
42,19,0,
1,0,
30,47,0,
90,0,
81,99,84,0,
116,0,
34,109,0,
0,
0,
0,
0,
0,
0,
48,75,0,
0,
0,
0,
55,0,
0,
56,28,0,
0,
0,
0,
45,0,
108,0,
65,0,
54,22,0,
0,
23,0,
0,
0,
8,0,
3,0,
0,
72,69,0,
17,27,31,0,
0,
92,111,0,
18,91,100,0,
33,0,
0,
58,0,
114,0,
77,6,0,
70,0,
0,
41,0,
0,
0,
61,0,
73,0,
24,0,
0,
43,52,0,
83,36,0,
0,
35,0,
64,68,117,0,
88,0,
15,0,
0,
97,0,
0,
0,
40,87,0,
0,
57,46,0,
105,0,
112,0,
0,
0,
49,26,0,
0,
9,119,44,63,0,
11,95,0,
94,0,
59,71,79,0,
103,0,
0,
32,0,
0,
14,0,
80,85,0,
0,
0,
0,
13,0,
0,
4,39,0,
0,
62,10,101,38,0,
0,
93,7,0,
96,82,2,60,0,
25,51,102,0,
