22,63,95,47,0,
107,0,
91,0,
0,
0,
0,
0,
78,0,
61,0,
27,94,0,
86,0,
66,10,114,0,
57,0,
36,0,
77,0,
0,
31,20,111,0,
88,28,0,
116,0,
0,
3,0,
0,
16,73,85,29,0,
92,110,0,
52,0,
68,101,0,
83,7,0,
69,0,
0,
1,59,93,0,
0,
117,0,
81,0,
4,21,0,
119,0,
0,
0,
0,
65,105,79,0,
64,14,0,
0,
96,55,0,
0,
0,
0,
0,
0,
51,11,102,97,0,
0,
0,
18,84,0,
33,13,53,0,
0,
19,12,0,
56,0,
0,
0,
0,
0,
34,30,0,
0,
0,
0,
50,67,39,0,
40,0,
80,99,0,
5,103,0,
24,90,0,
0,
0,
0,
0,
0,
104,8,75,0,
115,87,0,
112,6,0,
70,0,
0,
0,
62,0,
0,
0,
35,0,
43,0,
72,0,
82,2,0,
0,
0,
0,
44,0,
42,0,
0,
0,
109,0,
0,
38,26,100,118,0,
0,
108,76,0,
0,
98,0,
54,25,17,0,
46,0,
32,9,41,0,
0,
60,45,0,
113,58,0,
0,
0,
71,0,
0,
0,
37,15,0,
106,0,
49,0,
48,0,
0,
0,
0,
89,74,23,0,
0,
