96,51,12,94,0,
85,0,
97,110,0,
93,0,
32,0,
0,
102,0,
0,
0,
70,0,
0,
0,
49,74,27,47,0,
11,0,
0,
0,
31,0,
79,39,0,
72,29,0,
99,23,0,
0,
8,0,
40,0,
0,
105,67,0,
0,
15,0,
26,3,0,
9,0,
90,22,0,
20,0,
0,
0,
58,0,
116,0,
16,60,0,
80,57,117,0,
104,0,
112,55,0,
89,0,
0,
0,
107,0,
87,0,
0,
0,
71,0,
113,75,77,0,
68,0,
101,61,0,
48,30,0,
64,81,2,17,0,
0,
0,
0,
114,0,
0,
45,0,
0,
0,
0,
10,13,0,
0,
82,59,0,
115,28,46,0,
7,0,
33,34,19,0,
25,0,
0,
0,
0,
0,
42,0,
0,
43,21,0,
108,62,0,
0,
103,0,
83,84,37,0,
14,0,
52,6,0,
1,98,91,0,
0,
111,0,
95,0,
53,0,
0,
0,
0,
0,
0,
41,118,0,
0,
0,
24,18,78,119,0,
106,0,
66,36,50,38,0,
4,0,
56,0,
0,
86,0,
76,0,
0,
0,
0,
5,0,
0,
0,
0,
0,
54,0,
0,
65,0,
109,0,
92,0,
88,44,0,
0,
73,0,
69,0,
35,100,63,0,
