112,73,115,39,0,
64,61,93,0,
0,
0,
111,0,
0,
0,
3,53,0,
0,
0,
23,15,0,
72,103,0,
94,0,
0,
13,0,
0,
0,
9,0,
99,0,
0,
0,
34,0,
117,0,
0,
44,0,
56,0,
0,
0,
0,
0,
0,
0,
33,91,102,0,
57,0,
0,
27,0,
79,0,
0,
4,110,0,
48,1,45,86,0,
0,
75,35,116,0,
0,
0,
0,
113,11,62,0,
6,0,
0,
108,14,0,
36,119,0,
0,
0,
49,105,0,
0,
0,
0,
0,
0,
96,17,7,0,
0,
0,
50,0,
55,0,
71,0,
67,37,0,
106,60,0,
0,
29,0,
65,109,63,0,
92,0,
2,43,0,
51,0,
0,
32,82,58,38,0,
8,0,
78,0,
42,47,0,
0,
0,
0,
0,
114,76,118,0,
88,98,87,0,
0,
74,12,0,
0,
69,95,0,
16,0,
5,54,0,
10,101,70,0,
0,
25,0,
40,0,
18,0,
0,
20,0,
30,0,
100,0,
97,0,
0,
0,
31,0,
24,19,0,
66,0,
21,46,0,
85,0,
0,
0,
28,0,
90,0,
107,0,
0,
89,81,104,0,
59,22,0,
80,0,
41,68,52,84,0,
26,83,0,
0,
77,0,
0,
