49,98,77,30,0,
112,0,
52,0,
0,
13,0,
7,0,
117,38,0,
0,
0,
108,95,0,
39,0,
97,0,
2,46,0,
0,
0,
86,0,
0,
34,118,0,
0,
0,
0,
111,15,0,
116,37,0,
0,
0,
64,9,21,0,
99,0,
0,
51,5,0,
104,0,
32,115,71,63,0,
0,
1,119,0,
89,0,
92,54,0,
85,0,
8,82,0,
0,
18,0,
0,
72,74,67,0,
109,14,0,
0,
66,0,
41,29,53,0,
0,
50,0,
0,
0,
44,28,60,0,
0,
81,0,
0,
88,10,0,
0,
0,
24,87,0,
73,83,0,
0,
0,
57,11,100,0,
0,
0,
96,84,6,0,
42,0,
0,
0,
27,0,
36,101,22,0,
80,0,
58,0,
56,43,78,0,
90,0,
0,
20,79,0,
16,23,0,
0,
40,105,93,17,0,
91,31,0,
0,
0,
0,
0,
0,
35,45,0,
0,
0,
114,0,
0,
0,
0,
47,0,
61,0,
4,70,0,
0,
0,
48,0,
0,
25,68,12,103,0,
0,
55,0,
3,0,
0,
113,75,0,
0,
106,107,0,
94,0,
33,102,0,
76,0,
59,0,
19,0,
0,
0,
110,0,
0,
26,69,0,
0,
0,
65,0,
62,0,
