16,33,11,57,0,
41,52,63,0,
0,
0,
0,
0,
0,
0,
4,0,
0,
39,0,
1,75,20,28,0,
56,0,
0,
0,
5,0,
88,73,66,0,
114,68,119,0,
14,0,
0,
104,18,69,0,
109,0,
90,71,0,
0,
0,
58,35,15,0,
0,
0,
46,55,0,
87,0,
96,84,0,
60,0,
79,0,
72,17,38,30,0,
0,
32,7,0,
27,31,0,
70,103,0,
89,106,0,
0,
91,0,
62,0,
105,29,0,
93,0,
0,
0,
6,0,
0,
102,0,
0,
0,
0,
98,53,0,
3,0,
45,0,
13,0,
0,
25,107,92,111,0,
49,61,0,
0,
0,
113,0,
0,
74,0,
0,
0,
8,118,0,
94,0,
67,85,0,
21,23,0,
0,
0,
112,115,36,0,
48,12,0,
26,0,
42,37,86,0,
0,
83,0,
0,
0,
9,0,
82,0,
0,
0,
64,0,
0,
108,0,
0,
81,10,0,
65,43,0,
2,0,
0,
77,54,0,
0,
0,
50,0,
100,0,
0,
0,
0,
0,
51,117,0,
0,
0,
24,44,0,
0,
19,0,
80,101,22,0,
0,
0,
0,
116,95,0,
110,0,
0,
34,59,0,
40,97,0,
47,0,
76,0,
78,0,
99,0,
