83,69,77,79,0,
2,60,21,0,
4,0,
45,0,
0,
116,30,0,
74,0,
100,0,
0,
57,0,
0,
28,0,
0,
54,0,
86,110,0,
0,
0,
0,
0,
0,
96,7,0,
46,0,
19,0,
10,0,
0,
11,36,31,0,
70,0,
52,0,
0,
0,
109,0,
113,90,0,
0,
0,
95,0,
81,33,0,
12,29,0,
97,99,0,
0,
107,44,0,
0,
67,22,119,0,
0,
88,6,0,
87,0,
0,
118,0,
0,
0,
72,26,91,0,
58,0,
112,0,
0,
0,
0,
0,
48,0,
0,
0,
114,76,34,0,
84,0,
104,0,
80,35,92,0,
24,0,
0,
0,
0,
9,105,0,
106,38,0,
89,111,5,71,0,
0,
50,14,103,0,
32,16,0,
0,
0,
85,0,
42,55,0,
41,98,43,1,0,
0,
49,82,20,62,0,
17,78,0,
0,
3,13,0,
25,59,102,0,
0,
0,
0,
0,
64,0,
23,63,39,0,
0,
65,94,0,
73,0,
0,
117,0,
0,
47,0,
0,
51,68,37,0,
101,0,
0,
0,
56,27,0,
53,15,0,
0,
0,
0,
0,
18,93,0,
0,
40,0,
108,61,0,
0,
0,
8,75,0,
0,
66,0,
0,
0,
115,0,
