64,52,60,87,0,
18,19,0,
66,14,0,
0,
88,0,
0,
0,
15,0,
28,0,
17,0,
86,0,
0,
0,
0,
0,
0,
10,75,0,
0,
84,0,
59,0,
0,
89,79,0,
0,
40,0,
0,
35,4,47,0,
73,49,0,
38,0,
0,
83,23,0,
51,0,
0,
8,20,0,
0,
0,
77,5,0,
74,39,0,
42,36,0,
0,
69,0,
0,
0,
34,0,
67,92,0,
72,80,63,0,
3,0,
0,
24,0,
0,
90,0,
0,
0,
1,26,82,93,0,
0,
0,
0,
53,22,0,
94,0,
78,6,0,
0,
81,2,44,62,0,
0,
9,30,0,
41,0,
16,25,37,85,0,
76,71,0,
0,
0,
13,0,
0,
61,0,
54,0,
50,55,0,
91,0,
0,
48,0,
33,0,
0,
0,
11,0,
46,0,
57,7,0,
32,43,0,
12,0,
0,
58,68,70,0,
0,
65,29,21,0,
0,
31,0,
0,
0,
0,
56,27,45,0,
0,
