27,87,62,7,0,
55,0,
0,
49,38,0,
17,36,0,
0,
0,
72,76,37,46,0,
0,
8,0,
6,0,
66,0,
0,
65,0,
79,0,
0,
0,
88,0,
0,
92,86,0,
75,29,0,
16,0,
53,0,
48,10,0,
0,
0,
0,
19,52,85,44,0,
0,
54,0,
0,
21,13,0,
0,
25,0,
32,67,0,
81,0,
18,0,
68,70,0,
73,0,
94,0,
0,
0,
0,
80,0,
56,45,39,0,
57,0,
33,77,0,
0,
0,
0,
0,
40,30,0,
43,59,61,0,
0,
0,
0,
47,0,
0,
11,35,0,
26,63,0,
42,0,
24,0,
89,90,20,71,0,
0,
0,
0,
0,
0,
50,0,
12,78,0,
28,0,
0,
3,84,14,0,
0,
0,
74,0,
34,82,23,0,
41,0,
0,
0,
0,
0,
91,0,
64,15,0,
93,0,
9,60,0,
5,0,
58,4,31,0,
0,
1,51,22,0,
83,69,0,
0,
2,0,
0,
0,
