2.0,2.0
1.7228212651306247,2.9507352635322635
0.9779742682628898,2.3733919877018415
2.3298441999163475,2.9544741424781904
1.5182169234858822,2.2641106689964836
1.5182169234858822,2.2641106689964836
1.5182169234858822,2.2641106689964836
1.7318371632701406,3.7123876646935656
1.7318371632701406,3.7123876646935656
0.24939667744783467,1.8608798316490445
1.6470583547638769,3.551114464757749
1.6470583547638769,3.551114464757749
1.6470583547638769,3.551114464757749
1.6470583547638769,3.551114464757749
1.8168058804008966,2.483424931885454
1.8168058804008966,2.483424931885454
1.8168058804008966,2.483424931885454
1.8168058804008966,2.483424931885454
1.8168058804008966,2.483424931885454
1.8168058804008966,2.483424931885454
1.8168058804008966,2.483424931885454
1.6526161980721055,3.6120251423879215
1.6526161980721055,3.6120251423879215
1.6526161980721055,3.6120251423879215
1.6526161980721055,3.6120251423879215
1.6526161980721055,3.6120251423879215
1.6526161980721055,3.6120251423879215
1.6526161980721055,3.6120251423879215
1.6526161980721055,3.6120251423879215
2.563327032453537,3.0842605972702763
2.563327032453537,3.0842605972702763
2.563327032453537,3.0842605972702763
2.563327032453537,3.0842605972702763
2.563327032453537,3.0842605972702763
2.563327032453537,3.0842605972702763
2.563327032453537,3.0842605972702763
2.563327032453537,3.0842605972702763
2.563327032453537,3.0842605972702763
2.1042882485735133,3.0374005372553747
2.1042882485735133,3.0374005372553747
2.1042882485735133,3.0374005372553747
2.1042882485735133,3.0374005372553747
2.1042882485735133,3.0374005372553747
2.1042882485735133,3.0374005372553747
2.1042882485735133,3.0374005372553747
2.1042882485735133,3.0374005372553747
2.1042882485735133,3.0374005372553747
2.1042882485735133,3.0374005372553747
2.1042882485735133,3.0374005372553747
2.1042882485735133,3.0374005372553747
2.1042882485735133,3.0374005372553747
2.1042882485735133,3.0374005372553747
2.1042882485735133,3.0374005372553747
2.1042882485735133,3.0374005372553747
2.1042882485735133,3.0374005372553747
2.1042882485735133,3.0374005372553747
2.1042882485735133,3.0374005372553747
2.1042882485735133,3.0374005372553747
2.1042882485735133,3.0374005372553747
2.1042882485735133,3.0374005372553747
2.1042882485735133,3.0374005372553747
2.1042882485735133,3.0374005372553747
2.1042882485735133,3.0374005372553747
2.1042882485735133,3.0374005372553747
2.1042882485735133,3.0374005372553747
2.1042882485735133,3.0374005372553747
2.1042882485735133,3.0374005372553747
2.1042882485735133,3.0374005372553747
2.1042882485735133,3.0374005372553747
2.1042882485735133,3.0374005372553747
2.1042882485735133,3.0374005372553747
2.1042882485735133,3.0374005372553747
2.1042882485735133,3.0374005372553747
2.254675405313421,1.935954518998976
2.254675405313421,1.935954518998976
2.254675405313421,1.935954518998976
2.254675405313421,1.935954518998976
2.254675405313421,1.935954518998976
2.254675405313421,1.935954518998976
2.254675405313421,1.935954518998976
2.254675405313421,1.935954518998976
2.254675405313421,1.935954518998976
2.254675405313421,1.935954518998976
2.254675405313421,1.935954518998976
2.419903716558392,2.785307651731743
2.419903716558392,2.785307651731743
2.419903716558392,2.785307651731743
2.419903716558392,2.785307651731743
2.419903716558392,2.785307651731743
2.419903716558392,2.785307651731743
2.419903716558392,2.785307651731743
2.419903716558392,2.785307651731743
2.419903716558392,2.785307651731743
2.419903716558392,2.785307651731743
2.419903716558392,2.785307651731743
2.419903716558392,2.785307651731743
2.419903716558392,2.785307651731743
2.419903716558392,2.785307651731743
2.419903716558392,2.785307651731743
2.419903716558392,2.785307651731743
2.419903716558392,2.785307651731743
2.419903716558392,2.785307651731743
2.419903716558392,2.785307651731743
2.419903716558392,2.785307651731743
2.419903716558392,2.785307651731743
2.419903716558392,2.785307651731743
2.419903716558392,2.785307651731743
2.419903716558392,2.785307651731743
2.419903716558392,2.785307651731743
2.419903716558392,2.785307651731743
2.419903716558392,2.785307651731743
2.419903716558392,2.785307651731743
2.419903716558392,2.785307651731743
2.419903716558392,2.785307651731743
2.419903716558392,2.785307651731743
2.419903716558392,2.785307651731743
2.419903716558392,2.785307651731743
2.419903716558392,2.785307651731743
2.419903716558392,2.785307651731743
2.419903716558392,2.785307651731743
2.419903716558392,2.785307651731743
2.419903716558392,2.785307651731743
2.419903716558392,2.785307651731743
2.419903716558392,2.785307651731743
2.419903716558392,2.785307651731743
2.419903716558392,2.785307651731743
2.419903716558392,2.785307651731743
2.419903716558392,2.785307651731743
2.419903716558392,2.785307651731743
2.419903716558392,2.785307651731743
2.419903716558392,2.785307651731743
2.419903716558392,2.785307651731743
2.419903716558392,2.785307651731743
2.419903716558392,2.785307651731743
2.419903716558392,2.785307651731743
2.419903716558392,2.785307651731743
2.419903716558392,2.785307651731743
2.419903716558392,2.785307651731743
2.419903716558392,2.785307651731743
2.419903716558392,2.785307651731743
2.419903716558392,2.785307651731743
2.419903716558392,2.785307651731743
2.419903716558392,2.785307651731743
2.419903716558392,2.785307651731743
2.419903716558392,2.785307651731743
2.419903716558392,2.785307651731743
2.419903716558392,2.785307651731743
2.419903716558392,2.785307651731743
2.419903716558392,2.785307651731743
