2.0,2.0
2.694075208346999,1.8015733838375265
2.1348080796987956,1.6847473793315761
2.1348080796987956,1.6847473793315761
1.8894549661483406,1.0001324992045242
1.8894549661483406,1.0001324992045242
2.649461577061386,1.4383877635888807
2.649461577061386,1.4383877635888807
2.649461577061386,1.4383877635888807
2.649461577061386,1.4383877635888807
2.649461577061386,1.4383877635888807
2.649461577061386,1.4383877635888807
2.6621263809798084,0.5280866861929021
2.6621263809798084,0.5280866861929021
2.6621263809798084,0.5280866861929021
2.6621263809798084,0.5280866861929021
2.6621263809798084,0.5280866861929021
2.6621263809798084,0.5280866861929021
2.6621263809798084,0.5280866861929021
2.6621263809798084,0.5280866861929021
2.305177870939491,2.779504320425659
1.117192447746231,1.7143254070287464
3.3305643006460337,0.9194498779004903
3.3305643006460337,0.9194498779004903
3.3305643006460337,0.9194498779004903
3.3305643006460337,0.9194498779004903
3.3305643006460337,0.9194498779004903
3.3305643006460337,0.9194498779004903
3.3305643006460337,0.9194498779004903
3.3305643006460337,0.9194498779004903
3.3305643006460337,0.9194498779004903
3.3305643006460337,0.9194498779004903
3.3305643006460337,0.9194498779004903
3.3305643006460337,0.9194498779004903
3.3305643006460337,0.9194498779004903
3.3305643006460337,0.9194498779004903
3.2498135364618213,0.03273446353513654
3.2498135364618213,0.03273446353513654
3.2498135364618213,0.03273446353513654
3.2498135364618213,0.03273446353513654
3.2498135364618213,0.03273446353513654
3.2498135364618213,0.03273446353513654
3.2498135364618213,0.03273446353513654
3.2498135364618213,0.03273446353513654
3.2498135364618213,0.03273446353513654
3.2498135364618213,0.03273446353513654
3.2498135364618213,0.03273446353513654
3.2498135364618213,0.03273446353513654
3.2498135364618213,0.03273446353513654
3.2498135364618213,0.03273446353513654
3.2498135364618213,0.03273446353513654
3.2498135364618213,0.03273446353513654
3.2498135364618213,0.03273446353513654
3.2498135364618213,0.03273446353513654
3.2498135364618213,0.03273446353513654
3.2498135364618213,0.03273446353513654
3.2498135364618213,0.03273446353513654
3.2498135364618213,0.03273446353513654
1.7175959033787582,1.982415087160085
1.7175959033787582,1.982415087160085
1.7175959033787582,1.982415087160085
1.7175959033787582,1.982415087160085
1.7175959033787582,1.982415087160085
1.7175959033787582,1.982415087160085
1.7175959033787582,1.982415087160085
1.7175959033787582,1.982415087160085
3.086674316720019,1.7293800203134073
3.086674316720019,1.7293800203134073
3.086674316720019,1.7293800203134073
3.086674316720019,1.7293800203134073
3.086674316720019,1.7293800203134073
3.086674316720019,1.7293800203134073
3.086674316720019,1.7293800203134073
3.086674316720019,1.7293800203134073
3.086674316720019,1.7293800203134073
3.086674316720019,1.7293800203134073
3.086674316720019,1.7293800203134073
3.086674316720019,1.7293800203134073
3.086674316720019,1.7293800203134073
3.086674316720019,1.7293800203134073
3.086674316720019,1.7293800203134073
3.086674316720019,1.7293800203134073
3.086674316720019,1.7293800203134073
3.086674316720019,1.7293800203134073
3.086674316720019,1.7293800203134073
3.086674316720019,1.7293800203134073
3.086674316720019,1.7293800203134073
3.086674316720019,1.7293800203134073
3.086674316720019,1.7293800203134073
2.606134288683019,0.06622567636213716
2.606134288683019,0.06622567636213716
2.606134288683019,0.06622567636213716
2.606134288683019,0.06622567636213716
2.606134288683019,0.06622567636213716
2.606134288683019,0.06622567636213716
2.606134288683019,0.06622567636213716
2.606134288683019,0.06622567636213716
2.606134288683019,0.06622567636213716
2.606134288683019,0.06622567636213716
2.606134288683019,0.06622567636213716
2.606134288683019,0.06622567636213716
2.606134288683019,0.06622567636213716
2.606134288683019,0.06622567636213716
2.606134288683019,0.06622567636213716
2.606134288683019,0.06622567636213716
2.606134288683019,0.06622567636213716
2.606134288683019,0.06622567636213716
2.606134288683019,0.06622567636213716
2.606134288683019,0.06622567636213716
2.606134288683019,0.06622567636213716
2.606134288683019,0.06622567636213716
2.606134288683019,0.06622567636213716
2.606134288683019,0.06622567636213716
2.606134288683019,0.06622567636213716
2.606134288683019,0.06622567636213716
2.606134288683019,0.06622567636213716
2.606134288683019,0.06622567636213716
2.606134288683019,0.06622567636213716
2.606134288683019,0.06622567636213716
2.3959149467747793,2.274453774022625
2.3959149467747793,2.274453774022625
2.3959149467747793,2.274453774022625
2.3959149467747793,2.274453774022625
2.3959149467747793,2.274453774022625
2.3959149467747793,2.274453774022625
2.3959149467747793,2.274453774022625
2.3959149467747793,2.274453774022625
2.3959149467747793,2.274453774022625
2.3959149467747793,2.274453774022625
2.3959149467747793,2.274453774022625
2.3959149467747793,2.274453774022625
2.3959149467747793,2.274453774022625
2.3959149467747793,2.274453774022625
2.3959149467747793,2.274453774022625
2.3959149467747793,2.274453774022625
2.3959149467747793,2.274453774022625
2.3959149467747793,2.274453774022625
2.3959149467747793,2.274453774022625
2.3959149467747793,2.274453774022625
2.3959149467747793,2.274453774022625
2.3959149467747793,2.274453774022625
2.3959149467747793,2.274453774022625
2.3959149467747793,2.274453774022625
2.3959149467747793,2.274453774022625
2.3959149467747793,2.274453774022625
2.3959149467747793,2.274453774022625
2.3959149467747793,2.274453774022625
2.3959149467747793,2.274453774022625
2.3959149467747793,2.274453774022625
2.3959149467747793,2.274453774022625
2.3959149467747793,2.274453774022625
2.3959149467747793,2.274453774022625
2.3959149467747793,2.274453774022625
2.3959149467747793,2.274453774022625
2.3959149467747793,2.274453774022625
2.3959149467747793,2.274453774022625
2.3959149467747793,2.274453774022625
2.3959149467747793,2.274453774022625
2.3959149467747793,2.274453774022625
2.3959149467747793,2.274453774022625
2.3959149467747793,2.274453774022625
