2.0,2.0
1.2112935482953802,2.1725952251911926
1.2370943507960588,1.8173131823036153
1.3223919764223373,1.5619024480149313
2.028957064529515,0.9880268899770828
1.8044232161693974,2.3504623809909697
0.872999814659428,2.416807711407225
2.9088272595657454,1.7042991238792862
2.6532958250080876,1.4799342734343899
2.7662671258226963,2.0705655997912755
3.0621576051715773,1.1059829963224637
3.292539863372062,0.654633919528258
3.5725078756365267,1.264279845299443
1.5259134652718984,2.4922972548702598
2.9099248682230505,1.6414754796614361
1.2194219685046424,0.4115004001139231
3.646512362149057,2.2613119574176053
3.406684754571747,0.8742124780232472
0.5011194500658034,0.21530475963743267
0.4089541270122852,0.85348422159222
0.5918394365881992,0.1563323960993035
2.639926820335923,0.4852285347859193
2.4495107235211497,2.64548355976217
1.3279669588734655,3.3088758790567883
0.5194894062973754,1.6125102614844997
1.170221507051488,3.8733155689427057
3.229215150145003,1.3181758215015482
2.473218731395215,0.8349069394188717
0.8651911354222794,3.3809018220747338
1.4612636681311413,1.1413588923682756
2.5272601273779913,1.03932700738965
3.1954966307954016,3.014732771045154
3.7778030486804357,0.3193142745745283
3.8287010303900075,1.3604894144032929
0.11992070379958619,3.243091460947926
0.396362219084899,0.4132151756132263
2.191708564902029,3.0390496492878887
3.4826729379480708,0.4516731104692062
1.032923359892079,1.3956751323327703
2.493809959221577,3.743685974819176
3.0330424390684394,0.5314664800149282
2.4070521763733823,2.8909679046293206
3.2850120740857287,1.0644263125727136
3.5094893107082794,1.2272335366320268
2.214429123405309,2.242427430197982
0.5669512879577567,1.664042048210483
0.8787413561562443,2.695746945726022
1.3082473059172575,1.2945992335185972
0.6850998993745576,0.09094935063760534
2.2623731251515853,0.4881828094934373
1.681354407046471,0.7750715820657392
3.6194217215647075,1.2956416739039502
0.7448735852600823,2.6377124832850676
3.8366426371883313,3.696809727414303
0.631849565398201,3.333547518535759
3.689952094431982,2.2305312284600585
1.4916947931270168,2.3611178663347854
3.5705116005651973,0.13726382377206825
2.317857993742858,0.17117372213953486
1.4640737953352225,3.874058345386768
1.9659853593166399,1.9420153360201313
3.655398901508772,3.664576809144787
1.7861749843167845,2.9722564198100225
2.5457031516354087,1.0508555461386337
2.49519206565167,3.146914406726662
0.9389654499719504,1.9556050517046648
2.8579852620217423,2.490794110125445
3.6332954679252127,3.3430291024766934
2.1704644250388125,3.2090548950129953
1.3492995549039586,1.3564191744155574
3.6243075192424583,2.370879201439734
1.658967593912255,2.6815458995117836
2.097866801293066,0.7161508275379669
3.705324100320734,3.2214446037701316
3.969226189385619,2.474862637623551
1.8761695933401956,0.9972858436512873
0.976780401379056,0.9579138883271474
0.11090355356145087,3.9280295973906116
3.2792835700854046,3.2399128250676825
2.117388088208903,0.4122547102711507
0.9625576992590998,2.119109182345176
1.6106694824171672,0.5316475965185767
0.7878955617085133,3.6736713016383367
0.18234646822407852,0.6311296051490252
3.7355196507359554,3.3979015274005238
0.8343626570090379,1.8320667249111309
0.0032520421471473604,1.2659005172862265
1.5109800570981635,1.078285418293532
3.0453923502235507,0.046642733053489316
3.4634800385356006,2.642164003607387
0.3732206477266562,3.897143970081172
0.3040875474571516,2.8151683636189526
0.5837657711080313,1.4416742489140706
3.9862197351494295,2.029224414502094
2.303511271914738,2.944430542615627
3.0634950986077096,1.4376254031663072
0.3476247993297368,1.1489892406481803
3.0575816685699286,0.6787641469244439
3.2929094438359527,2.3907612292819964
3.674440409270549,3.5680505655968853
3.3664293161626935,3.6851822774820544
0.9170878095121293,2.4642511016356474
2.251205726432097,2.819277726859361
2.7791946526296263,1.108756846619202
0.5630201116588287,3.3167546522398443
3.0285962137285796,0.22445970140610694
0.4360317868433312,3.233556202922496
3.7355053294869953,1.3369502576294279
3.996090690520848,1.3927190878430378
1.1771485539705226,2.3599968868837435
1.635419615363892,0.5414195042334891
2.2242787363912973,1.4948135061440175
1.9950163002270718,1.960999724032824
1.2585223476344982,2.569072749332059
0.31604910280098286,1.3224542831720387
0.35448376721657304,0.022700052059620113
2.9017164796200015,3.4451850240650366
2.6397558960340475,0.5780581802087728
0.6123810067202466,3.22905575703467
1.8766589598342596,2.581360478618052
0.8275765250230704,1.8750387119148013
1.8444331807496654,3.33058169997635
0.08134085667099722,2.943981348617353
2.803914439671269,0.17417629994100325
2.087578082989346,2.388462224893709
2.733117377494194,3.3228213030232436
0.814753471408058,3.809558909769788
