2.0,2.0
2.8537730561773595,2.487695179463333
3.6515869733810775,2.872610348564256
3.3301263291575,1.6614008360345296
3.7943706024465964,3.6310369142711307
3.791783126240949,2.5782771376035085
3.791783126240949,2.5782771376035085
3.274473892700421,1.5303104154412295
1.4891747446645596,1.930216271025201
3.5343887819212347,3.3218389652227778
3.5343887819212347,3.3218389652227778
3.5343887819212347,3.3218389652227778
3.5343887819212347,3.3218389652227778
1.1911043836973212,2.617422583403182
2.894608942105878,0.6719563096401533
3.819220436671664,3.618495487836874
3.819220436671664,3.618495487836874
3.819220436671664,3.618495487836874
3.819220436671664,3.618495487836874
3.819220436671664,3.618495487836874
3.819220436671664,3.618495487836874
1.136411674656253,3.1676271181461395
1.3450982848319604,2.3678787602886917
1.3450982848319604,2.3678787602886917
1.3450982848319604,2.3678787602886917
1.3450982848319604,2.3678787602886917
0.6734691190008637,2.173384591494049
0.6734691190008637,2.173384591494049
0.6734691190008637,2.173384591494049
0.6734691190008637,2.173384591494049
0.6734691190008637,2.173384591494049
0.6734691190008637,2.173384591494049
1.2349962929501328,3.4074780037017143
1.2349962929501328,3.4074780037017143
0.2772969826841605,1.648178321886943
0.2772969826841605,1.648178321886943
0.2772969826841605,1.648178321886943
0.2772969826841605,1.648178321886943
0.2772969826841605,1.648178321886943
0.2772969826841605,1.648178321886943
0.8745931633688597,1.0513230561193545
0.8745931633688597,1.0513230561193545
0.8745931633688597,1.0513230561193545
0.8745931633688597,1.0513230561193545
0.8745931633688597,1.0513230561193545
0.8745931633688597,1.0513230561193545
1.9371837382787116,1.520363410792708
1.9371837382787116,1.520363410792708
1.6392523336026312,0.5011276392412372
1.6392523336026312,0.5011276392412372
1.6392523336026312,0.5011276392412372
1.6392523336026312,0.5011276392412372
1.6392523336026312,0.5011276392412372
1.6392523336026312,0.5011276392412372
3.65424675020954,1.8319135796097763
3.65424675020954,1.8319135796097763
3.65424675020954,1.8319135796097763
3.65424675020954,1.8319135796097763
0.49238217682401286,0.3193542909332874
0.49238217682401286,0.3193542909332874
0.49238217682401286,0.3193542909332874
0.49238217682401286,0.3193542909332874
0.49238217682401286,0.3193542909332874
0.49238217682401286,0.3193542909332874
2.780289897640725,1.3629829472528496
2.780289897640725,1.3629829472528496
2.780289897640725,1.3629829472528496
2.780289897640725,1.3629829472528496
2.780289897640725,1.3629829472528496
2.780289897640725,1.3629829472528496
2.780289897640725,1.3629829472528496
2.780289897640725,1.3629829472528496
2.780289897640725,1.3629829472528496
1.3999503353540308,2.3464372178844797
1.3999503353540308,2.3464372178844797
1.3999503353540308,2.3464372178844797
1.3999503353540308,2.3464372178844797
1.3999503353540308,2.3464372178844797
1.3999503353540308,2.3464372178844797
1.3999503353540308,2.3464372178844797
1.3999503353540308,2.3464372178844797
1.3999503353540308,2.3464372178844797
1.3999503353540308,2.3464372178844797
1.3999503353540308,2.3464372178844797
1.3999503353540308,2.3464372178844797
1.3999503353540308,2.3464372178844797
1.3999503353540308,2.3464372178844797
1.3999503353540308,2.3464372178844797
1.3999503353540308,2.3464372178844797
3.420094337188783,3.086603152815373
3.420094337188783,3.086603152815373
3.420094337188783,3.086603152815373
3.420094337188783,3.086603152815373
3.420094337188783,3.086603152815373
3.420094337188783,3.086603152815373
3.420094337188783,3.086603152815373
3.420094337188783,3.086603152815373
3.420094337188783,3.086603152815373
3.420094337188783,3.086603152815373
3.420094337188783,3.086603152815373
3.420094337188783,3.086603152815373
3.420094337188783,3.086603152815373
3.420094337188783,3.086603152815373
3.420094337188783,3.086603152815373
1.875280106226454,2.0938823403182965
1.875280106226454,2.0938823403182965
1.875280106226454,2.0938823403182965
1.875280106226454,2.0938823403182965
1.875280106226454,2.0938823403182965
1.875280106226454,2.0938823403182965
1.875280106226454,2.0938823403182965
1.875280106226454,2.0938823403182965
1.875280106226454,2.0938823403182965
1.875280106226454,2.0938823403182965
1.875280106226454,2.0938823403182965
1.875280106226454,2.0938823403182965
1.875280106226454,2.0938823403182965
1.875280106226454,2.0938823403182965
1.875280106226454,2.0938823403182965
1.875280106226454,2.0938823403182965
1.875280106226454,2.0938823403182965
1.875280106226454,2.0938823403182965
1.875280106226454,2.0938823403182965
1.875280106226454,2.0938823403182965
1.875280106226454,2.0938823403182965
1.875280106226454,2.0938823403182965
1.875280106226454,2.0938823403182965
1.875280106226454,2.0938823403182965
1.875280106226454,2.0938823403182965
