2.0,2.0
1.1279870299801873,2.4687555158586547
1.0639254756846213,1.9972197253351198
1.0639254756846213,1.9972197253351198
0.4950799916032307,1.6088264952673832
0.4950799916032307,1.6088264952673832
2.5358732747052177,2.626862149150582
3.1429938854361463,2.664943094152353
0.048797927173870104,1.974965283952257
0.048797927173870104,1.974965283952257
3.662155418870252,3.287993472033607
2.5863193184713786,1.67398154243382
2.5863193184713786,1.67398154243382
1.9606962751050467,2.49304640680805
1.9606962751050467,2.49304640680805
1.9606962751050467,2.49304640680805
3.0130369135761956,0.939503168200607
3.0130369135761956,0.939503168200607
2.97939764894655,0.7259980243827941
2.97939764894655,0.7259980243827941
3.747505731224965,0.30291886766756093
3.747505731224965,0.30291886766756093
3.747505731224965,0.30291886766756093
3.747505731224965,0.30291886766756093
2.8282936395421356,0.21975947994825207
2.8282936395421356,0.21975947994825207
2.8282936395421356,0.21975947994825207
2.8282936395421356,0.21975947994825207
2.8282936395421356,0.21975947994825207
2.8282936395421356,0.21975947994825207
2.8282936395421356,0.21975947994825207
2.8282936395421356,0.21975947994825207
3.1012085022391105,3.3881911734571735
3.1012085022391105,3.3881911734571735
3.1012085022391105,3.3881911734571735
0.36582888872479735,2.4256350111964307
0.36582888872479735,2.4256350111964307
0.36582888872479735,2.4256350111964307
0.36582888872479735,2.4256350111964307
0.36582888872479735,2.4256350111964307
0.36582888872479735,2.4256350111964307
0.36582888872479735,2.4256350111964307
2.939394746065191,2.7685089293149128
2.939394746065191,2.7685089293149128
2.939394746065191,2.7685089293149128
2.939394746065191,2.7685089293149128
2.939394746065191,2.7685089293149128
2.939394746065191,2.7685089293149128
0.6224034253760653,1.8634398179061806
0.6224034253760653,1.8634398179061806
0.6224034253760653,1.8634398179061806
0.6224034253760653,1.8634398179061806
0.6224034253760653,1.8634398179061806
0.6224034253760653,1.8634398179061806
0.6224034253760653,1.8634398179061806
0.6224034253760653,1.8634398179061806
0.6224034253760653,1.8634398179061806
0.6224034253760653,1.8634398179061806
0.6224034253760653,1.8634398179061806
0.6224034253760653,1.8634398179061806
0.6224034253760653,1.8634398179061806
0.6224034253760653,1.8634398179061806
0.46181085904584585,2.0378379453093944
0.46181085904584585,2.0378379453093944
0.46181085904584585,2.0378379453093944
0.46181085904584585,2.0378379453093944
0.46181085904584585,2.0378379453093944
0.46181085904584585,2.0378379453093944
0.46181085904584585,2.0378379453093944
0.46181085904584585,2.0378379453093944
0.46181085904584585,2.0378379453093944
0.46181085904584585,2.0378379453093944
0.46181085904584585,2.0378379453093944
0.46181085904584585,2.0378379453093944
0.46181085904584585,2.0378379453093944
0.46181085904584585,2.0378379453093944
0.46181085904584585,2.0378379453093944
0.46181085904584585,2.0378379453093944
0.46181085904584585,2.0378379453093944
0.46181085904584585,2.0378379453093944
0.46181085904584585,2.0378379453093944
0.46181085904584585,2.0378379453093944
0.46181085904584585,2.0378379453093944
0.46181085904584585,2.0378379453093944
0.46181085904584585,2.0378379453093944
0.46181085904584585,2.0378379453093944
0.46181085904584585,2.0378379453093944
0.46181085904584585,2.0378379453093944
0.46181085904584585,2.0378379453093944
0.46181085904584585,2.0378379453093944
2.624455881420396,1.2572235449511355
2.624455881420396,1.2572235449511355
2.624455881420396,1.2572235449511355
2.624455881420396,1.2572235449511355
2.624455881420396,1.2572235449511355
2.624455881420396,1.2572235449511355
2.624455881420396,1.2572235449511355
0.8804824948729162,1.3850545788956392
0.8804824948729162,1.3850545788956392
0.8804824948729162,1.3850545788956392
0.8804824948729162,1.3850545788956392
0.8804824948729162,1.3850545788956392
0.8804824948729162,1.3850545788956392
0.8804824948729162,1.3850545788956392
0.8804824948729162,1.3850545788956392
0.8804824948729162,1.3850545788956392
0.8804824948729162,1.3850545788956392
0.8804824948729162,1.3850545788956392
0.8804824948729162,1.3850545788956392
0.8804824948729162,1.3850545788956392
0.8804824948729162,1.3850545788956392
0.8804824948729162,1.3850545788956392
0.8804824948729162,1.3850545788956392
0.8804824948729162,1.3850545788956392
0.8804824948729162,1.3850545788956392
0.8804824948729162,1.3850545788956392
0.8804824948729162,1.3850545788956392
0.8804824948729162,1.3850545788956392
0.8804824948729162,1.3850545788956392
0.8804824948729162,1.3850545788956392
0.8804824948729162,1.3850545788956392
0.8804824948729162,1.3850545788956392
0.8804824948729162,1.3850545788956392
0.8804824948729162,1.3850545788956392
0.8804824948729162,1.3850545788956392
0.8804824948729162,1.3850545788956392
0.8804824948729162,1.3850545788956392
0.8804824948729162,1.3850545788956392
0.8804824948729162,1.3850545788956392
0.8804824948729162,1.3850545788956392
0.8804824948729162,1.3850545788956392
0.8804824948729162,1.3850545788956392
0.8804824948729162,1.3850545788956392
0.8804824948729162,1.3850545788956392
0.8804824948729162,1.3850545788956392
0.8804824948729162,1.3850545788956392
0.8804824948729162,1.3850545788956392
0.8804824948729162,1.3850545788956392
0.8804824948729162,1.3850545788956392
0.8804824948729162,1.3850545788956392
0.8804824948729162,1.3850545788956392
0.8804824948729162,1.3850545788956392
0.8804824948729162,1.3850545788956392
3.1162671610372827,1.6505795071549247
3.1162671610372827,1.6505795071549247
3.1162671610372827,1.6505795071549247
3.1162671610372827,1.6505795071549247
3.1162671610372827,1.6505795071549247
3.1162671610372827,1.6505795071549247
3.1162671610372827,1.6505795071549247
3.1162671610372827,1.6505795071549247
3.1162671610372827,1.6505795071549247
3.1162671610372827,1.6505795071549247
3.1162671610372827,1.6505795071549247
3.1162671610372827,1.6505795071549247
3.1162671610372827,1.6505795071549247
2.3259548024393952,1.8468749764269305
2.3259548024393952,1.8468749764269305
2.3259548024393952,1.8468749764269305
2.3259548024393952,1.8468749764269305
2.3259548024393952,1.8468749764269305
2.3259548024393952,1.8468749764269305
2.3259548024393952,1.8468749764269305
2.3259548024393952,1.8468749764269305
2.3259548024393952,1.8468749764269305
2.3259548024393952,1.8468749764269305
2.3259548024393952,1.8468749764269305
2.3259548024393952,1.8468749764269305
2.3259548024393952,1.8468749764269305
2.3259548024393952,1.8468749764269305
2.3259548024393952,1.8468749764269305
2.3259548024393952,1.8468749764269305
2.3259548024393952,1.8468749764269305
2.3259548024393952,1.8468749764269305
2.3259548024393952,1.8468749764269305
2.3259548024393952,1.8468749764269305
2.3259548024393952,1.8468749764269305
2.3259548024393952,1.8468749764269305
2.3259548024393952,1.8468749764269305
2.3259548024393952,1.8468749764269305
2.3259548024393952,1.8468749764269305
2.3259548024393952,1.8468749764269305
2.3259548024393952,1.8468749764269305
