2.0,2.0
1.6673163185674302,1.1654011311774601
1.7634387447467765,2.5170263481191952
1.7301162745545162,1.3524322671553164
1.7301162745545162,1.3524322671553164
1.0563819779069519,2.2700689412753645
1.0563819779069519,2.2700689412753645
2.4436542559192094,1.9772445427011482
2.4436542559192094,1.9772445427011482
2.4436542559192094,1.9772445427011482
2.4436542559192094,1.9772445427011482
1.8188170533465673,1.8882945404592872
1.8188170533465673,1.8882945404592872
1.8188170533465673,1.8882945404592872
1.8188170533465673,1.8882945404592872
1.8188170533465673,1.8882945404592872
1.8188170533465673,1.8882945404592872
1.8188170533465673,1.8882945404592872
1.8188170533465673,1.8882945404592872
1.8188170533465673,1.8882945404592872
1.8188170533465673,1.8882945404592872
1.8188170533465673,1.8882945404592872
1.8493127799028155,1.7515285885357361
1.8493127799028155,1.7515285885357361
1.8493127799028155,1.7515285885357361
1.8493127799028155,1.7515285885357361
1.8493127799028155,1.7515285885357361
1.8493127799028155,1.7515285885357361
1.8493127799028155,1.7515285885357361
1.8493127799028155,1.7515285885357361
1.8493127799028155,1.7515285885357361
1.8493127799028155,1.7515285885357361
1.8493127799028155,1.7515285885357361
1.8493127799028155,1.7515285885357361
1.8493127799028155,1.7515285885357361
1.8493127799028155,1.7515285885357361
1.8493127799028155,1.7515285885357361
1.8493127799028155,1.7515285885357361
1.8493127799028155,1.7515285885357361
1.8493127799028155,1.7515285885357361
1.8493127799028155,1.7515285885357361
1.8493127799028155,1.7515285885357361
1.8493127799028155,1.7515285885357361
1.8493127799028155,1.7515285885357361
1.8114456103721408,0.5645469601731294
1.8114456103721408,0.5645469601731294
1.8114456103721408,0.5645469601731294
1.876797097314805,0.762452064263281
1.876797097314805,0.762452064263281
1.876797097314805,0.762452064263281
1.876797097314805,0.762452064263281
1.876797097314805,0.762452064263281
1.876797097314805,0.762452064263281
1.876797097314805,0.762452064263281
1.876797097314805,0.762452064263281
1.876797097314805,0.762452064263281
1.876797097314805,0.762452064263281
1.876797097314805,0.762452064263281
1.876797097314805,0.762452064263281
1.876797097314805,0.762452064263281
1.876797097314805,0.762452064263281
1.876797097314805,0.762452064263281
1.876797097314805,0.762452064263281
1.876797097314805,0.762452064263281
1.876797097314805,0.762452064263281
1.876797097314805,0.762452064263281
1.876797097314805,0.762452064263281
1.876797097314805,0.762452064263281
1.876797097314805,0.762452064263281
1.876797097314805,0.762452064263281
1.876797097314805,0.762452064263281
1.876797097314805,0.762452064263281
1.876797097314805,0.762452064263281
1.876797097314805,0.762452064263281
1.876797097314805,0.762452064263281
2.8300399371369522,2.744472259197176
2.8300399371369522,2.744472259197176
2.8300399371369522,2.744472259197176
2.8300399371369522,2.744472259197176
3.189385882558167,2.2299977462000635
3.189385882558167,2.2299977462000635
3.189385882558167,2.2299977462000635
3.189385882558167,2.2299977462000635
3.189385882558167,2.2299977462000635
3.189385882558167,2.2299977462000635
3.189385882558167,2.2299977462000635
3.189385882558167,2.2299977462000635
2.569200461602638,0.13077517117223092
2.569200461602638,0.13077517117223092
2.569200461602638,0.13077517117223092
2.569200461602638,0.13077517117223092
2.569200461602638,0.13077517117223092
2.569200461602638,0.13077517117223092
2.569200461602638,0.13077517117223092
2.569200461602638,0.13077517117223092
2.569200461602638,0.13077517117223092
2.569200461602638,0.13077517117223092
2.569200461602638,0.13077517117223092
2.569200461602638,0.13077517117223092
2.569200461602638,0.13077517117223092
2.569200461602638,0.13077517117223092
2.569200461602638,0.13077517117223092
2.569200461602638,0.13077517117223092
2.569200461602638,0.13077517117223092
2.569200461602638,0.13077517117223092
2.569200461602638,0.13077517117223092
2.569200461602638,0.13077517117223092
2.569200461602638,0.13077517117223092
2.569200461602638,0.13077517117223092
2.569200461602638,0.13077517117223092
2.569200461602638,0.13077517117223092
2.569200461602638,0.13077517117223092
2.569200461602638,0.13077517117223092
2.569200461602638,0.13077517117223092
2.569200461602638,0.13077517117223092
2.569200461602638,0.13077517117223092
2.569200461602638,0.13077517117223092
2.569200461602638,0.13077517117223092
1.082069136270157,2.80436337666464
1.082069136270157,2.80436337666464
1.082069136270157,2.80436337666464
3.4107038550148783,2.7426352602311495
3.4107038550148783,2.7426352602311495
3.4107038550148783,2.7426352602311495
3.4107038550148783,2.7426352602311495
3.4107038550148783,2.7426352602311495
3.4107038550148783,2.7426352602311495
3.4107038550148783,2.7426352602311495
3.4107038550148783,2.7426352602311495
3.4107038550148783,2.7426352602311495
3.4107038550148783,2.7426352602311495
3.4107038550148783,2.7426352602311495
3.4107038550148783,2.7426352602311495
2.7651218239898223,2.6741804678094616
2.7651218239898223,2.6741804678094616
2.7651218239898223,2.6741804678094616
2.7651218239898223,2.6741804678094616
2.7651218239898223,2.6741804678094616
2.7651218239898223,2.6741804678094616
2.7651218239898223,2.6741804678094616
2.7651218239898223,2.6741804678094616
2.7651218239898223,2.6741804678094616
2.7651218239898223,2.6741804678094616
2.7651218239898223,2.6741804678094616
2.7651218239898223,2.6741804678094616
2.7651218239898223,2.6741804678094616
2.7651218239898223,2.6741804678094616
2.7651218239898223,2.6741804678094616
2.7651218239898223,2.6741804678094616
2.7651218239898223,2.6741804678094616
2.7651218239898223,2.6741804678094616
2.7651218239898223,2.6741804678094616
2.7651218239898223,2.6741804678094616
2.7651218239898223,2.6741804678094616
2.7651218239898223,2.6741804678094616
2.7651218239898223,2.6741804678094616
2.7651218239898223,2.6741804678094616
2.7651218239898223,2.6741804678094616
2.7651218239898223,2.6741804678094616
2.7651218239898223,2.6741804678094616
2.7651218239898223,2.6741804678094616
2.9333426597324896,2.9524760295524164
2.9333426597324896,2.9524760295524164
2.9333426597324896,2.9524760295524164
2.9333426597324896,2.9524760295524164
2.9333426597324896,2.9524760295524164
2.9333426597324896,2.9524760295524164
2.9333426597324896,2.9524760295524164
2.9333426597324896,2.9524760295524164
2.9333426597324896,2.9524760295524164
2.9333426597324896,2.9524760295524164
2.9333426597324896,2.9524760295524164
2.9333426597324896,2.9524760295524164
2.9333426597324896,2.9524760295524164
2.9333426597324896,2.9524760295524164
2.9333426597324896,2.9524760295524164
2.9333426597324896,2.9524760295524164
2.9333426597324896,2.9524760295524164
2.9333426597324896,2.9524760295524164
2.9333426597324896,2.9524760295524164
2.9333426597324896,2.9524760295524164
2.9333426597324896,2.9524760295524164
2.9333426597324896,2.9524760295524164
2.9333426597324896,2.9524760295524164
2.9333426597324896,2.9524760295524164
2.9333426597324896,2.9524760295524164
2.9333426597324896,2.9524760295524164
2.9333426597324896,2.9524760295524164
2.9333426597324896,2.9524760295524164
2.9333426597324896,2.9524760295524164
2.9333426597324896,2.9524760295524164
2.9333426597324896,2.9524760295524164
2.9333426597324896,2.9524760295524164
2.9333426597324896,2.9524760295524164
2.9333426597324896,2.9524760295524164
2.9333426597324896,2.9524760295524164
2.9333426597324896,2.9524760295524164
2.9333426597324896,2.9524760295524164
2.9333426597324896,2.9524760295524164
2.9333426597324896,2.9524760295524164
2.9333426597324896,2.9524760295524164
2.9333426597324896,2.9524760295524164
2.9333426597324896,2.9524760295524164
2.9333426597324896,2.9524760295524164
2.9333426597324896,2.9524760295524164
2.9333426597324896,2.9524760295524164
2.9333426597324896,2.9524760295524164
2.9333426597324896,2.9524760295524164
2.9333426597324896,2.9524760295524164
2.9333426597324896,2.9524760295524164
2.9333426597324896,2.9524760295524164
2.9333426597324896,2.9524760295524164
2.9333426597324896,2.9524760295524164
