2.0,2.0
2.192429351935207,2.793784335386318
1.7890242722189287,2.27293239863164
1.7890242722189287,2.27293239863164
1.4584988912437633,2.2728252495634833
1.4584988912437633,2.2728252495634833
1.4584988912437633,2.2728252495634833
1.4584988912437633,2.2728252495634833
2.105257814739278,2.749146564896168
2.105257814739278,2.749146564896168
2.105257814739278,2.749146564896168
2.105257814739278,2.749146564896168
2.105257814739278,2.749146564896168
2.105257814739278,2.749146564896168
2.105257814739278,2.749146564896168
2.105257814739278,2.749146564896168
2.741242697835439,1.791780535035639
1.759284654316808,1.6244361226042328
1.759284654316808,1.6244361226042328
1.759284654316808,1.6244361226042328
1.759284654316808,1.6244361226042328
1.759284654316808,1.6244361226042328
1.759284654316808,1.6244361226042328
1.759284654316808,1.6244361226042328
1.759284654316808,1.6244361226042328
1.961451822363233,2.165641739949975
1.961451822363233,2.165641739949975
1.961451822363233,2.165641739949975
1.961451822363233,2.165641739949975
1.961451822363233,2.165641739949975
1.961451822363233,2.165641739949975
1.961451822363233,2.165641739949975
1.961451822363233,2.165641739949975
1.961451822363233,2.165641739949975
1.961451822363233,2.165641739949975
1.961451822363233,2.165641739949975
1.961451822363233,2.165641739949975
1.961451822363233,2.165641739949975
1.961451822363233,2.165641739949975
1.961451822363233,2.165641739949975
1.961451822363233,2.165641739949975
1.961451822363233,2.165641739949975
1.961451822363233,2.165641739949975
1.961451822363233,2.165641739949975
1.961451822363233,2.165641739949975
1.961451822363233,2.165641739949975
1.961451822363233,2.165641739949975
1.961451822363233,2.165641739949975
1.961451822363233,2.165641739949975
1.961451822363233,2.165641739949975
2.322396118233368,1.8294343159897868
2.322396118233368,1.8294343159897868
2.322396118233368,1.8294343159897868
2.322396118233368,1.8294343159897868
2.322396118233368,1.8294343159897868
2.322396118233368,1.8294343159897868
2.322396118233368,1.8294343159897868
2.322396118233368,1.8294343159897868
2.322396118233368,1.8294343159897868
2.322396118233368,1.8294343159897868
2.322396118233368,1.8294343159897868
2.322396118233368,1.8294343159897868
2.322396118233368,1.8294343159897868
2.322396118233368,1.8294343159897868
2.322396118233368,1.8294343159897868
2.322396118233368,1.8294343159897868
2.322396118233368,1.8294343159897868
2.322396118233368,1.8294343159897868
2.322396118233368,1.8294343159897868
2.322396118233368,1.8294343159897868
2.322396118233368,1.8294343159897868
2.322396118233368,1.8294343159897868
2.322396118233368,1.8294343159897868
2.322396118233368,1.8294343159897868
2.322396118233368,1.8294343159897868
2.322396118233368,1.8294343159897868
2.322396118233368,1.8294343159897868
2.322396118233368,1.8294343159897868
2.322396118233368,1.8294343159897868
2.322396118233368,1.8294343159897868
2.322396118233368,1.8294343159897868
2.322396118233368,1.8294343159897868
2.322396118233368,1.8294343159897868
2.322396118233368,1.8294343159897868
2.322396118233368,1.8294343159897868
2.322396118233368,1.8294343159897868
2.322396118233368,1.8294343159897868
2.322396118233368,1.8294343159897868
2.322396118233368,1.8294343159897868
2.322396118233368,1.8294343159897868
2.322396118233368,1.8294343159897868
2.322396118233368,1.8294343159897868
2.322396118233368,1.8294343159897868
2.322396118233368,1.8294343159897868
2.322396118233368,1.8294343159897868
2.322396118233368,1.8294343159897868
2.322396118233368,1.8294343159897868
2.322396118233368,1.8294343159897868
2.322396118233368,1.8294343159897868
2.322396118233368,1.8294343159897868
1.6522689333926999,2.297980184740214
1.6522689333926999,2.297980184740214
1.6522689333926999,2.297980184740214
1.6522689333926999,2.297980184740214
1.6522689333926999,2.297980184740214
1.6522689333926999,2.297980184740214
1.6522689333926999,2.297980184740214
1.6522689333926999,2.297980184740214
1.6522689333926999,2.297980184740214
1.6522689333926999,2.297980184740214
1.6522689333926999,2.297980184740214
1.6522689333926999,2.297980184740214
1.6522689333926999,2.297980184740214
1.6522689333926999,2.297980184740214
1.6522689333926999,2.297980184740214
1.6522689333926999,2.297980184740214
1.6522689333926999,2.297980184740214
1.6522689333926999,2.297980184740214
1.6522689333926999,2.297980184740214
1.6522689333926999,2.297980184740214
1.6522689333926999,2.297980184740214
1.6522689333926999,2.297980184740214
1.6522689333926999,2.297980184740214
1.6522689333926999,2.297980184740214
1.6522689333926999,2.297980184740214
1.6522689333926999,2.297980184740214
1.6522689333926999,2.297980184740214
1.6522689333926999,2.297980184740214
1.6522689333926999,2.297980184740214
1.6522689333926999,2.297980184740214
1.6522689333926999,2.297980184740214
1.6522689333926999,2.297980184740214
1.6522689333926999,2.297980184740214
1.6522689333926999,2.297980184740214
1.6522689333926999,2.297980184740214
1.6522689333926999,2.297980184740214
1.6522689333926999,2.297980184740214
1.6522689333926999,2.297980184740214
1.6522689333926999,2.297980184740214
1.6522689333926999,2.297980184740214
1.6522689333926999,2.297980184740214
1.6522689333926999,2.297980184740214
1.6522689333926999,2.297980184740214
1.6522689333926999,2.297980184740214
1.6522689333926999,2.297980184740214
1.6522689333926999,2.297980184740214
1.6522689333926999,2.297980184740214
1.6522689333926999,2.297980184740214
1.6522689333926999,2.297980184740214
1.6522689333926999,2.297980184740214
1.6522689333926999,2.297980184740214
1.6522689333926999,2.297980184740214
1.6522689333926999,2.297980184740214
1.6522689333926999,2.297980184740214
1.6522689333926999,2.297980184740214
1.6522689333926999,2.297980184740214
1.6522689333926999,2.297980184740214
1.6522689333926999,2.297980184740214
1.6522689333926999,2.297980184740214
1.6522689333926999,2.297980184740214
1.6522689333926999,2.297980184740214
1.6522689333926999,2.297980184740214
1.6522689333926999,2.297980184740214
1.6522689333926999,2.297980184740214
1.6522689333926999,2.297980184740214
1.6522689333926999,2.297980184740214
1.6522689333926999,2.297980184740214
1.6522689333926999,2.297980184740214
1.6522689333926999,2.297980184740214
1.6522689333926999,2.297980184740214
1.6522689333926999,2.297980184740214
1.6522689333926999,2.297980184740214
1.6522689333926999,2.297980184740214
1.6522689333926999,2.297980184740214
1.6522689333926999,2.297980184740214
1.6522689333926999,2.297980184740214
1.6522689333926999,2.297980184740214
1.6522689333926999,2.297980184740214
1.6522689333926999,2.297980184740214
1.6522689333926999,2.297980184740214
1.6522689333926999,2.297980184740214
1.6522689333926999,2.297980184740214
1.6522689333926999,2.297980184740214
1.6522689333926999,2.297980184740214
1.6522689333926999,2.297980184740214
1.6522689333926999,2.297980184740214
1.6522689333926999,2.297980184740214
1.6522689333926999,2.297980184740214
1.6522689333926999,2.297980184740214
1.6522689333926999,2.297980184740214
1.6522689333926999,2.297980184740214
1.6522689333926999,2.297980184740214
1.6522689333926999,2.297980184740214
1.6522689333926999,2.297980184740214
1.6522689333926999,2.297980184740214
1.6522689333926999,2.297980184740214
1.6522689333926999,2.297980184740214
1.6522689333926999,2.297980184740214
1.6522689333926999,2.297980184740214
