2.0,2.0
1.7131182500225575,2.7294405077821677
2.9137137158274182,2.132223006833362
3.6164745330483496,2.097045154228973
2.238803887689003,2.5851708305033463
2.142092819222398,1.299063358039536
3.1313669817341108,2.9657174965826627
1.596579831675335,1.2458141387726154
2.631508466184206,3.132079206190782
2.9328420724769315,1.7644860818500034
2.7000754038120016,3.2032343758369506
2.337602040572283,2.109075799611871
3.993110866122579,1.550756593204274
1.858243647566975,1.0863800501280605
3.5834604246998847,1.376493975662537
3.3272642972157858,3.263307072623075
1.8059985531880174,0.3084482119632739
3.7254755617629063,1.3280344612830577
1.4772087017696776,2.924660062164514
1.675682443578431,2.6286352342733137
3.9024193970894587,1.3574887521006866
2.673091828591779,3.4112088231192215
3.699036357551105,1.386553800889791
3.9464934411673,1.6198165412296404
3.5848977995091826,2.3063103140576304
3.822285487639367,2.4185749973490918
3.8513869171726642,0.8339405400270086
2.7486293494410177,2.507066657596258
0.7701655143830628,1.6446724555046655
0.985195391814222,1.0478137440803552
0.278522633744124,1.0871047034427783
2.3565473222506976,2.168805577381704
0.27871570087259956,0.8920618152686388
0.5397790157392008,1.39124758740058
0.9673967594988349,3.3886616395060276
1.4615259448597895,0.7767751997922487
1.5175806812837291,0.8985254996321435
2.87373777998517,3.168951303698483
0.342108281920563,1.9704823898944634
1.4288018296608276,2.837459143042224
0.6012758509871925,0.7018436454751336
0.875127290731085,3.0834607877662483
0.05444869923785811,2.4733680303544623
0.6243460989131542,0.9214559300357301
0.5752412751188012,1.9235869845169766
3.0703939530352304,1.4800990192458094
2.5029286614138706,3.548679355960219
1.2909357661620882,0.861197862115715
3.018677895784564,0.6163634198200976
3.483656482552159,0.07856909977012227
2.5095311930061417,1.260929180894363
3.485900681510183,2.0528437867653566
0.7092973350177907,0.8742235398234035
0.5965829109985687,1.4860513107771505
3.098251656512782,1.512738701871828
2.9630653635551774,2.2407689826051604
0.38929224526786843,3.2787483357901754
1.4996174603654189,0.3063321008312241
2.9003295363619475,2.5872697349268887
0.31546940401207735,0.8978530792341437
3.4183919095392916,0.013822999265000746
2.127076845976053,0.8379470872273349
3.0347161586510145,0.7294881100250121
1.6122372119892638,3.1432932721679294
1.732289588103924,2.027432896052261
1.045193590607321,1.6057933550999222
2.6630773390420464,3.1989499460771356
1.086598939394249,0.8380539827615356
1.786980471139739,1.8693497685590716
2.4584158967231553,0.15697435357783895
0.7442539928640377,0.28488556220401096
1.8194598326724258,2.845072185586111
1.2021033930839073,0.40806270347686935
3.6816802897614322,2.0032700934676346
3.0498050693674683,0.5728613006439036
1.8647199372038927,1.9777235701592963
1.9461122917381433,1.1283609139419477
3.5152941382527123,1.245369667620352
2.8627094667552733,3.63464654178107
0.13312632046654294,3.667098818040791
0.1165523321761941,0.09713915248897864
3.903525961582981,0.698153281286412
2.484368298934397,3.1077688163139388
1.7839074369037067,3.6166834798890335
3.609637480790415,3.9816193310242647
0.7656468693658094,3.6701787559464707
3.7093241975973417,2.99075416863565
1.8155326285794455,0.5854118995005662
3.7755783064033714,1.9873527925532377
2.9036763121612816,0.6319718993004009
2.229182616056369,0.5933345324503398
0.29572922071524177,0.2910647663779522
1.546774844260971,0.5600714266451066
2.6329358024792224,2.653248149850407
1.7971217191316606,0.09139031308139023
0.47926827136430106,2.124930885648022
0.9746929171910397,2.0525915761785862
2.7906003613154464,1.7301624548079415
3.7979350459451116,2.995511067430269
3.2714167257317563,3.074440454518504
0.3071786200492719,1.2196331109489904
3.019600898829948,2.014431930624185
0.5662889608653519,1.1459631460470256
2.770713189761831,2.4547268842465253
1.8883571864504187,2.896392860731858
2.476246496070653,0.9827878607350886
1.044234199634714,3.108331044627159
2.4522907706004924,2.31280162783215
1.342636121933221,3.6745307579471476
3.616530839584493,0.7020809063353859
1.2351861020151862,1.137159603208139
2.9587410467159745,1.3226525397669944
1.8004397800325167,2.9483854006835473
1.200470040050281,2.314798090481906
3.5452578042132434,0.8052684761794255
0.3055948242949804,0.2417425947020675
2.7290816221213627,0.42970984053176053
2.945787705955684,2.1712085648828645
1.0674997261853072,3.5715900386498447
2.5813369013441845,3.8037558191246004
3.873014539208154,0.3060676724868716
2.2073937762288116,2.205757186045805
3.1746211915580886,2.936528602310671
0.46459606765685013,1.2194930411078082
0.5259736350306432,0.8213897793970051
2.6216503656814276,3.785487907213611
0.30638636667130337,2.9087329474511616
0.4246570026766143,2.6775567536390734
1.4141039192546914,3.1295720372133595
1.3958227951732711,1.043202242761815
0.734512276800821,1.4683330866223891
1.756556976049294,1.8760836925171875
2.7489874517869226,0.2533600017816462
3.5361458164060706,1.5255353716185827
2.8697083276748616,1.5806671672692794
3.6592256641314025,0.582224445515263
1.2444749773360226,2.1074266342468513
3.6939967215638796,2.01903351592738
0.5902686686574348,2.105230500447636
2.2693466927921637,1.9428160736393774
3.890329609937427,1.843094058711305
3.1604146770131116,3.82447359594514
3.414217657926274,2.9423956063428403
1.9032235586809132,2.5165651201283477
2.5571789996593255,0.6943046594749305
0.6736080373734241,1.0341209211262616
1.2630705265916307,3.9418148014996715
0.3312113622085504,0.7233281677457182
3.135983682305765,3.43191611806382
3.64257018342431,3.195006907198266
3.8103601050286624,0.0166356037842883
3.4321648253725505,2.906824194807427
2.1843900246416297,3.5146905570839104
3.1733762708794027,1.7278647046356923
3.6556122239756528,2.62969569029006
1.7135371670304962,0.5252330751106458
3.3904460923428252,0.4820613226000874
1.1150709793507652,1.4001863933624286
2.921078000602966,0.5647188552785507
2.576131460261076,3.9918121546885885
0.8802315093787323,2.8032222226488024
1.2725463821988123,2.5516005182031885
0.23437456166380954,2.7707658448792873
2.1042105175843817,2.8713709856494725
0.15375629918673583,1.0278630993898328
0.0977211997586398,0.014845577622998984
3.639243942246422,0.7833271198161338
0.07262481969214418,1.7184368073696272
0.34936187049888323,3.275369650732281
2.1053658548614127,3.003509683043209
0.7310907252793153,1.7771934036198487
0.8793838815540758,0.7503008225832533
2.892063066713891,2.021495994774224
3.0204182784642906,2.918907626542865
3.583070454314867,0.7764632749773703
3.2836533241482897,3.875426787371247
2.1642817166770474,3.729851016781999
3.2245550519289874,1.8891460133043925
