2.0,2.0
2.082246281974525,2.6193519503105533
1.6293942379886022,2.3743787959795903
1.6293942379886022,2.3743787959795903
1.7364613081670712,1.4691502386536546
1.7364613081670712,1.4691502386536546
1.7364613081670712,1.4691502386536546
0.7956435868344824,2.7850568530278546
0.7956435868344824,2.7850568530278546
1.4826358005610514,2.4015249834738626
1.4826358005610514,2.4015249834738626
1.4826358005610514,2.4015249834738626
1.4826358005610514,2.4015249834738626
1.4826358005610514,2.4015249834738626
1.4826358005610514,2.4015249834738626
1.4826358005610514,2.4015249834738626
1.4826358005610514,2.4015249834738626
1.4826358005610514,2.4015249834738626
2.713410882394443,3.256888646425982
2.3771614825378484,1.5367586542854856
2.3771614825378484,1.5367586542854856
2.3771614825378484,1.5367586542854856
2.3771614825378484,1.5367586542854856
0.8897165673192098,1.8377270075003365
0.8897165673192098,1.8377270075003365
0.8897165673192098,1.8377270075003365
0.8897165673192098,1.8377270075003365
0.8897165673192098,1.8377270075003365
0.8897165673192098,1.8377270075003365
0.8897165673192098,1.8377270075003365
0.8897165673192098,1.8377270075003365
0.8897165673192098,1.8377270075003365
0.8897165673192098,1.8377270075003365
0.8897165673192098,1.8377270075003365
0.8897165673192098,1.8377270075003365
0.8897165673192098,1.8377270075003365
0.8897165673192098,1.8377270075003365
0.8897165673192098,1.8377270075003365
0.8897165673192098,1.8377270075003365
0.008898926269344187,2.7635450053685147
0.008898926269344187,2.7635450053685147
1.5774005935946502,1.1760394185520764
1.5774005935946502,1.1760394185520764
1.5774005935946502,1.1760394185520764
1.5774005935946502,1.1760394185520764
1.5774005935946502,1.1760394185520764
1.5774005935946502,1.1760394185520764
1.5774005935946502,1.1760394185520764
1.5774005935946502,1.1760394185520764
1.5774005935946502,1.1760394185520764
1.5774005935946502,1.1760394185520764
1.5774005935946502,1.1760394185520764
1.5774005935946502,1.1760394185520764
1.5774005935946502,1.1760394185520764
1.5774005935946502,1.1760394185520764
1.5774005935946502,1.1760394185520764
1.5774005935946502,1.1760394185520764
1.5774005935946502,1.1760394185520764
1.5774005935946502,1.1760394185520764
1.5774005935946502,1.1760394185520764
1.5774005935946502,1.1760394185520764
1.5774005935946502,1.1760394185520764
1.5774005935946502,1.1760394185520764
1.5774005935946502,1.1760394185520764
1.5774005935946502,1.1760394185520764
2.6208910368753937,2.7480085902559317
2.6208910368753937,2.7480085902559317
2.6208910368753937,2.7480085902559317
1.432162177752144,1.545133119803764
1.432162177752144,1.545133119803764
1.432162177752144,1.545133119803764
1.432162177752144,1.545133119803764
1.432162177752144,1.545133119803764
1.432162177752144,1.545133119803764
1.432162177752144,1.545133119803764
1.432162177752144,1.545133119803764
1.432162177752144,1.545133119803764
1.432162177752144,1.545133119803764
1.432162177752144,1.545133119803764
1.432162177752144,1.545133119803764
1.432162177752144,1.545133119803764
1.432162177752144,1.545133119803764
1.432162177752144,1.545133119803764
1.432162177752144,1.545133119803764
1.432162177752144,1.545133119803764
1.432162177752144,1.545133119803764
1.432162177752144,1.545133119803764
1.432162177752144,1.545133119803764
1.432162177752144,1.545133119803764
1.432162177752144,1.545133119803764
1.432162177752144,1.545133119803764
1.432162177752144,1.545133119803764
1.432162177752144,1.545133119803764
1.432162177752144,1.545133119803764
1.432162177752144,1.545133119803764
1.432162177752144,1.545133119803764
1.432162177752144,1.545133119803764
1.432162177752144,1.545133119803764
1.432162177752144,1.545133119803764
1.432162177752144,1.545133119803764
1.432162177752144,1.545133119803764
1.432162177752144,1.545133119803764
1.432162177752144,1.545133119803764
1.432162177752144,1.545133119803764
1.432162177752144,1.545133119803764
1.432162177752144,1.545133119803764
1.432162177752144,1.545133119803764
1.432162177752144,1.545133119803764
1.432162177752144,1.545133119803764
1.432162177752144,1.545133119803764
1.432162177752144,1.545133119803764
1.432162177752144,1.545133119803764
1.432162177752144,1.545133119803764
1.432162177752144,1.545133119803764
1.432162177752144,1.545133119803764
1.432162177752144,1.545133119803764
1.432162177752144,1.545133119803764
1.432162177752144,1.545133119803764
1.432162177752144,1.545133119803764
1.432162177752144,1.545133119803764
1.432162177752144,1.545133119803764
1.432162177752144,1.545133119803764
1.432162177752144,1.545133119803764
1.432162177752144,1.545133119803764
1.432162177752144,1.545133119803764
1.432162177752144,1.545133119803764
1.432162177752144,1.545133119803764
0.33933692474342125,1.5320918976977844
0.33933692474342125,1.5320918976977844
0.33933692474342125,1.5320918976977844
0.33933692474342125,1.5320918976977844
0.33933692474342125,1.5320918976977844
0.33933692474342125,1.5320918976977844
0.33933692474342125,1.5320918976977844
0.33933692474342125,1.5320918976977844
0.33933692474342125,1.5320918976977844
0.33933692474342125,1.5320918976977844
0.33933692474342125,1.5320918976977844
0.33933692474342125,1.5320918976977844
0.33933692474342125,1.5320918976977844
0.33933692474342125,1.5320918976977844
0.33933692474342125,1.5320918976977844
0.33933692474342125,1.5320918976977844
0.3939115385666674,3.018564534093071
0.3939115385666674,3.018564534093071
0.3939115385666674,3.018564534093071
0.3939115385666674,3.018564534093071
0.4522642295603725,1.1995148328299328
0.4522642295603725,1.1995148328299328
0.4522642295603725,1.1995148328299328
0.4522642295603725,1.1995148328299328
0.4522642295603725,1.1995148328299328
0.4522642295603725,1.1995148328299328
0.4522642295603725,1.1995148328299328
0.4522642295603725,1.1995148328299328
0.4522642295603725,1.1995148328299328
0.4522642295603725,1.1995148328299328
0.4522642295603725,1.1995148328299328
0.4522642295603725,1.1995148328299328
0.4522642295603725,1.1995148328299328
0.4522642295603725,1.1995148328299328
0.4522642295603725,1.1995148328299328
0.4522642295603725,1.1995148328299328
0.4522642295603725,1.1995148328299328
0.4522642295603725,1.1995148328299328
0.4522642295603725,1.1995148328299328
0.4522642295603725,1.1995148328299328
0.4522642295603725,1.1995148328299328
0.4522642295603725,1.1995148328299328
0.4522642295603725,1.1995148328299328
0.4522642295603725,1.1995148328299328
0.4522642295603725,1.1995148328299328
0.4522642295603725,1.1995148328299328
0.4522642295603725,1.1995148328299328
0.4522642295603725,1.1995148328299328
0.4522642295603725,1.1995148328299328
0.4522642295603725,1.1995148328299328
0.4522642295603725,1.1995148328299328
0.4522642295603725,1.1995148328299328
