2.0,2.0
1.4525076198637379,2.312547934843404
1.6919170861135568,1.6323158046367943
1.6919170861135568,1.6323158046367943
1.7292004486843187,2.441724136931766
1.7292004486843187,2.441724136931766
1.7292004486843187,2.441724136931766
1.7292004486843187,2.441724136931766
2.2345383136659693,3.246063057475068
2.2345383136659693,3.246063057475068
2.2345383136659693,3.246063057475068
2.2345383136659693,3.246063057475068
2.099465979448508,1.8411929337807575
2.099465979448508,1.8411929337807575
2.099465979448508,1.8411929337807575
2.099465979448508,1.8411929337807575
2.099465979448508,1.8411929337807575
2.099465979448508,1.8411929337807575
2.099465979448508,1.8411929337807575
2.099465979448508,1.8411929337807575
2.7394048111223714,3.4549183567725996
2.7394048111223714,3.4549183567725996
2.7394048111223714,3.4549183567725996
2.7394048111223714,3.4549183567725996
2.6779621391668886,3.5143475519531266
2.6779621391668886,3.5143475519531266
2.6779621391668886,3.5143475519531266
2.6779621391668886,3.5143475519531266
2.6779621391668886,3.5143475519531266
2.6779621391668886,3.5143475519531266
2.6779621391668886,3.5143475519531266
2.6779621391668886,3.5143475519531266
0.8452259070461752,2.6867182831827394
0.8452259070461752,2.6867182831827394
0.8452259070461752,2.6867182831827394
0.8452259070461752,2.6867182831827394
0.8452259070461752,2.6867182831827394
2.512394793535178,3.5402379028195226
2.512394793535178,3.5402379028195226
2.512394793535178,3.5402379028195226
2.512394793535178,3.5402379028195226
2.512394793535178,3.5402379028195226
2.512394793535178,3.5402379028195226
2.512394793535178,3.5402379028195226
2.512394793535178,3.5402379028195226
2.512394793535178,3.5402379028195226
2.512394793535178,3.5402379028195226
2.512394793535178,3.5402379028195226
2.512394793535178,3.5402379028195226
2.512394793535178,3.5402379028195226
2.512394793535178,3.5402379028195226
2.512394793535178,3.5402379028195226
2.512394793535178,3.5402379028195226
0.02859379843808396,2.6860963168223453
0.02859379843808396,2.6860963168223453
0.02859379843808396,2.6860963168223453
0.02859379843808396,2.6860963168223453
0.02859379843808396,2.6860963168223453
0.8025315851299997,1.7967358705366054
0.8025315851299997,1.7967358705366054
0.8025315851299997,1.7967358705366054
0.8025315851299997,1.7967358705366054
0.8025315851299997,1.7967358705366054
0.8025315851299997,1.7967358705366054
0.8025315851299997,1.7967358705366054
0.8025315851299997,1.7967358705366054
1.51393880107136,1.8902738644080683
1.51393880107136,1.8902738644080683
1.51393880107136,1.8902738644080683
1.51393880107136,1.8902738644080683
1.51393880107136,1.8902738644080683
1.51393880107136,1.8902738644080683
1.51393880107136,1.8902738644080683
1.51393880107136,1.8902738644080683
1.51393880107136,1.8902738644080683
1.51393880107136,1.8902738644080683
1.51393880107136,1.8902738644080683
1.51393880107136,1.8902738644080683
1.51393880107136,1.8902738644080683
1.51393880107136,1.8902738644080683
1.51393880107136,1.8902738644080683
1.51393880107136,1.8902738644080683
1.51393880107136,1.8902738644080683
1.51393880107136,1.8902738644080683
1.51393880107136,1.8902738644080683
1.51393880107136,1.8902738644080683
1.51393880107136,1.8902738644080683
1.51393880107136,1.8902738644080683
1.51393880107136,1.8902738644080683
1.51393880107136,1.8902738644080683
2.945526683637836,3.452168273051049
2.945526683637836,3.452168273051049
2.945526683637836,3.452168273051049
2.945526683637836,3.452168273051049
2.945526683637836,3.452168273051049
2.945526683637836,3.452168273051049
2.945526683637836,3.452168273051049
2.945526683637836,3.452168273051049
2.945526683637836,3.452168273051049
2.945526683637836,3.452168273051049
2.945526683637836,3.452168273051049
2.945526683637836,3.452168273051049
2.945526683637836,3.452168273051049
2.945526683637836,3.452168273051049
2.945526683637836,3.452168273051049
2.945526683637836,3.452168273051049
2.945526683637836,3.452168273051049
2.945526683637836,3.452168273051049
2.945526683637836,3.452168273051049
2.945526683637836,3.452168273051049
2.945526683637836,3.452168273051049
2.945526683637836,3.452168273051049
2.945526683637836,3.452168273051049
2.945526683637836,3.452168273051049
2.945526683637836,3.452168273051049
2.945526683637836,3.452168273051049
2.945526683637836,3.452168273051049
2.945526683637836,3.452168273051049
2.945526683637836,3.452168273051049
2.945526683637836,3.452168273051049
2.945526683637836,3.452168273051049
2.945526683637836,3.452168273051049
0.7650763346290286,2.8093732933673854
0.7650763346290286,2.8093732933673854
0.7650763346290286,2.8093732933673854
0.7650763346290286,2.8093732933673854
0.7650763346290286,2.8093732933673854
0.7650763346290286,2.8093732933673854
0.7650763346290286,2.8093732933673854
0.7650763346290286,2.8093732933673854
0.7650763346290286,2.8093732933673854
0.7650763346290286,2.8093732933673854
0.7650763346290286,2.8093732933673854
0.518643546585273,2.4840799580730732
0.518643546585273,2.4840799580730732
0.518643546585273,2.4840799580730732
0.518643546585273,2.4840799580730732
0.518643546585273,2.4840799580730732
0.518643546585273,2.4840799580730732
0.518643546585273,2.4840799580730732
0.518643546585273,2.4840799580730732
0.518643546585273,2.4840799580730732
0.518643546585273,2.4840799580730732
0.518643546585273,2.4840799580730732
0.518643546585273,2.4840799580730732
0.518643546585273,2.4840799580730732
0.518643546585273,2.4840799580730732
0.518643546585273,2.4840799580730732
0.518643546585273,2.4840799580730732
0.518643546585273,2.4840799580730732
0.518643546585273,2.4840799580730732
0.518643546585273,2.4840799580730732
0.518643546585273,2.4840799580730732
0.518643546585273,2.4840799580730732
0.518643546585273,2.4840799580730732
0.518643546585273,2.4840799580730732
0.518643546585273,2.4840799580730732
0.518643546585273,2.4840799580730732
0.518643546585273,2.4840799580730732
0.518643546585273,2.4840799580730732
0.518643546585273,2.4840799580730732
0.518643546585273,2.4840799580730732
0.518643546585273,2.4840799580730732
2.1697512414869227,1.1142299727121006
2.1697512414869227,1.1142299727121006
2.1697512414869227,1.1142299727121006
2.1697512414869227,1.1142299727121006
2.1697512414869227,1.1142299727121006
2.1697512414869227,1.1142299727121006
2.1697512414869227,1.1142299727121006
2.1697512414869227,1.1142299727121006
2.1697512414869227,1.1142299727121006
2.1697512414869227,1.1142299727121006
2.1697512414869227,1.1142299727121006
1.3451497220388013,1.2166722582415122
1.3451497220388013,1.2166722582415122
1.3451497220388013,1.2166722582415122
1.3451497220388013,1.2166722582415122
1.3451497220388013,1.2166722582415122
1.3451497220388013,1.2166722582415122
1.3451497220388013,1.2166722582415122
1.3451497220388013,1.2166722582415122
1.3451497220388013,1.2166722582415122
1.3451497220388013,1.2166722582415122
1.3451497220388013,1.2166722582415122
1.3451497220388013,1.2166722582415122
1.3451497220388013,1.2166722582415122
1.3451497220388013,1.2166722582415122
1.3451497220388013,1.2166722582415122
1.3451497220388013,1.2166722582415122
1.3451497220388013,1.2166722582415122
1.3451497220388013,1.2166722582415122
1.3451497220388013,1.2166722582415122
1.3451497220388013,1.2166722582415122
1.3451497220388013,1.2166722582415122
1.3451497220388013,1.2166722582415122
1.3451497220388013,1.2166722582415122
1.3451497220388013,1.2166722582415122
1.3451497220388013,1.2166722582415122
1.3451497220388013,1.2166722582415122
1.3451497220388013,1.2166722582415122
1.3451497220388013,1.2166722582415122
1.3451497220388013,1.2166722582415122
1.3451497220388013,1.2166722582415122
1.3451497220388013,1.2166722582415122
1.3451497220388013,1.2166722582415122
1.3451497220388013,1.2166722582415122
1.3451497220388013,1.2166722582415122
1.3451497220388013,1.2166722582415122
1.3451497220388013,1.2166722582415122
1.3451497220388013,1.2166722582415122
1.3451497220388013,1.2166722582415122
1.3451497220388013,1.2166722582415122
1.3451497220388013,1.2166722582415122
1.3451497220388013,1.2166722582415122
1.3451497220388013,1.2166722582415122
1.3451497220388013,1.2166722582415122
1.3451497220388013,1.2166722582415122
1.3451497220388013,1.2166722582415122
1.3451497220388013,1.2166722582415122
1.3451497220388013,1.2166722582415122
1.3451497220388013,1.2166722582415122
1.3451497220388013,1.2166722582415122
1.3451497220388013,1.2166722582415122
1.3451497220388013,1.2166722582415122
1.3451497220388013,1.2166722582415122
1.3451497220388013,1.2166722582415122
1.8780016800915278,1.2526847333838527
1.8780016800915278,1.2526847333838527
1.8780016800915278,1.2526847333838527
1.8780016800915278,1.2526847333838527
1.8780016800915278,1.2526847333838527
1.8780016800915278,1.2526847333838527
1.8780016800915278,1.2526847333838527
1.8780016800915278,1.2526847333838527
1.8780016800915278,1.2526847333838527
1.8780016800915278,1.2526847333838527
1.8780016800915278,1.2526847333838527
1.8780016800915278,1.2526847333838527
1.8780016800915278,1.2526847333838527
1.8780016800915278,1.2526847333838527
1.8780016800915278,1.2526847333838527
1.8780016800915278,1.2526847333838527
1.8780016800915278,1.2526847333838527
1.8780016800915278,1.2526847333838527
1.8780016800915278,1.2526847333838527
1.8780016800915278,1.2526847333838527
1.8780016800915278,1.2526847333838527
1.8780016800915278,1.2526847333838527
1.8780016800915278,1.2526847333838527
1.8780016800915278,1.2526847333838527
1.8780016800915278,1.2526847333838527
1.8780016800915278,1.2526847333838527
1.8780016800915278,1.2526847333838527
1.8780016800915278,1.2526847333838527
1.8780016800915278,1.2526847333838527
1.8780016800915278,1.2526847333838527
1.8780016800915278,1.2526847333838527
1.8780016800915278,1.2526847333838527
1.8780016800915278,1.2526847333838527
1.8780016800915278,1.2526847333838527
1.8780016800915278,1.2526847333838527
1.8780016800915278,1.2526847333838527
1.8780016800915278,1.2526847333838527
1.8780016800915278,1.2526847333838527
1.8780016800915278,1.2526847333838527
1.8780016800915278,1.2526847333838527
1.8780016800915278,1.2526847333838527
1.8780016800915278,1.2526847333838527
1.8780016800915278,1.2526847333838527
1.8780016800915278,1.2526847333838527
1.8780016800915278,1.2526847333838527
1.8780016800915278,1.2526847333838527
1.8780016800915278,1.2526847333838527
1.8780016800915278,1.2526847333838527
1.8780016800915278,1.2526847333838527
1.8780016800915278,1.2526847333838527
1.8780016800915278,1.2526847333838527
1.8780016800915278,1.2526847333838527
1.8780016800915278,1.2526847333838527
1.8780016800915278,1.2526847333838527
1.8780016800915278,1.2526847333838527
1.8780016800915278,1.2526847333838527
1.8780016800915278,1.2526847333838527
1.8780016800915278,1.2526847333838527
1.8780016800915278,1.2526847333838527
1.8780016800915278,1.2526847333838527
1.8780016800915278,1.2526847333838527
1.8780016800915278,1.2526847333838527
1.8780016800915278,1.2526847333838527
1.8780016800915278,1.2526847333838527
1.8780016800915278,1.2526847333838527
1.8780016800915278,1.2526847333838527
1.8780016800915278,1.2526847333838527
1.8780016800915278,1.2526847333838527
1.8780016800915278,1.2526847333838527
1.8780016800915278,1.2526847333838527
1.8780016800915278,1.2526847333838527
1.8780016800915278,1.2526847333838527
1.8780016800915278,1.2526847333838527
1.8780016800915278,1.2526847333838527
1.8780016800915278,1.2526847333838527
1.8780016800915278,1.2526847333838527
1.8780016800915278,1.2526847333838527
1.8780016800915278,1.2526847333838527
1.8780016800915278,1.2526847333838527
1.8780016800915278,1.2526847333838527
1.8780016800915278,1.2526847333838527
1.8780016800915278,1.2526847333838527
1.8780016800915278,1.2526847333838527
1.8780016800915278,1.2526847333838527
1.8780016800915278,1.2526847333838527
1.8780016800915278,1.2526847333838527
1.8780016800915278,1.2526847333838527
1.8780016800915278,1.2526847333838527
1.8780016800915278,1.2526847333838527
1.8780016800915278,1.2526847333838527
1.8780016800915278,1.2526847333838527
1.8780016800915278,1.2526847333838527
1.8780016800915278,1.2526847333838527
1.8780016800915278,1.2526847333838527
1.8780016800915278,1.2526847333838527
1.8780016800915278,1.2526847333838527
1.8780016800915278,1.2526847333838527
1.8780016800915278,1.2526847333838527
1.8780016800915278,1.2526847333838527
