2.0,2.0
2.2113412276144517,1.058251879198866
1.8837782063973236,1.5752067446585118
2.1443282031174467,0.8958723212796009
2.9112830738574456,2.0015310159755058
3.1480608836741832,1.3484105827360442
2.6929420187395348,1.8935213555444284
2.3771438409677073,0.5811140800838412
3.934166281651002,0.8126030355931055
1.435891944183318,0.7334851350401763
2.16124149480654,2.750248218253791
3.1593058111513916,2.720700474033229
1.6361721727524796,0.22809320811487055
3.2199164567626646,1.4487469643972357
3.9203984737912942,1.8177900642773084
1.1463319082409664,0.4693673772968152
0.6354067160358396,1.0872461788207919
2.8692811889681766,1.4747151011826687
3.9458789996777246,1.1268134583470015
3.9226982900728102,2.931205902142488
2.7008386384004153,2.8058292949941346
1.7633111219565905,2.102662357138504
2.9095062386868435,2.3989203506350076
3.8383883173162383,2.302474528309254
0.819394450064638,1.5072787624286632
3.488420074779706,1.5841854080460194
1.549801072574359,2.5397211668341426
3.6882895957818342,3.518978247278057
2.9307245780233067,0.4630487313201499
1.4479759252417468,0.9846853289426085
2.560848230682234,2.9275238281318487
3.9529669988818177,2.436637925063572
3.564087924038285,2.976120064289071
0.0454748342002147,1.0474215205465605
3.1480989714038254,3.337407795435679
1.756945784803635,1.4656094245811735
1.9697554891939304,2.6213850061300397
1.4223393323711528,0.5239495319103482
2.0187504540830785,1.1258406489486448
0.9496740560149397,0.7205377780565483
3.5886339367589173,3.483038989174161
3.020595101287484,1.8621046883859305
3.8181194237482243,0.47321973915890636
1.5955446258427033,0.10852454713754689
3.890843556697224,2.2319520177941916
1.9322664716268676,2.836655110783316
1.9155630338046201,1.1453768777131463
3.6951277046501296,2.834636745435075
3.7265686049812676,3.119784912214285
1.8524622123279824,3.6714679597621718
3.8949654639300832,3.2370909236867758
2.192382133643554,3.1772591333370652
0.9117548198407732,3.020732310108128
1.0888992359917906,1.133211376522227
1.0942015848235118,0.6870207430510442
2.7377441649370606,2.3481276075056097
0.6251561890662587,2.0183568482829317
1.4349035886868502,3.757813827462745
1.1432439955025986,1.5004968802626477
1.6801339820937127,2.17816437185944
2.229153630860141,2.481946443025799
2.30286280447265,1.3143770719299446
0.7205791964163066,0.5363339558046314
1.5849752496432732,0.8067758309288897
2.550150906210204,0.12223854532859502
3.4926576159427416,1.525979371907483
2.454142198219504,0.43773724089361465
1.7559608812422653,3.1264599037328256
0.3226473467031603,0.12391145254910452
3.2375569595546057,2.475573952996524
3.3232648228485373,1.3054475150713314
2.4552462387021055,1.841669497537311
1.7722075818742424,2.136890045628447
3.7117310610765433,3.6044008583690115
2.6598844950628915,3.0818544976577886
1.3968513093113955,1.7607445401705566
0.18114074534773295,2.3380900718852047
0.1468962376015268,0.38521467226975137
2.3262820901022088,2.5691637965647063
3.608378116411793,1.7294239546607306
2.6174116719916194,1.5165967812223737
3.8236754954869436,2.289893386811506
2.222087890151343,3.3019272889735154
3.976570607786086,2.0512415898748095
3.71427050722088,1.806456822424273
1.0976187067191798,0.5075128466032557
1.592289944316001,1.3243835322044668
1.7051930804733075,2.934313147231878
2.306243147346379,3.0979811744100676
3.1509803407364707,2.7672331242649584
2.648626257812817,3.296201548544331
2.617650512622546,1.7294994963621586
3.61732716750523,0.22788827052528315
1.1040711950317745,3.7972104537116103
1.339873534184599,3.637390259118936
3.3239325759531995,1.9824562027752592
3.726724972759638,3.060639599656369
0.040010166088931154,2.913382743086273
2.6123460827368867,1.5272733584743725
1.3622142970157531,2.781979841164503
3.6968337038599697,3.705144060369126
3.125427178796469,3.4293636617099645
0.23902607664184927,0.626398001116844
0.10145969261833354,0.9244519883042912
3.8230082319466008,0.28336613096545094
1.027045345148168,0.15998559324931128
2.9840130470638058,0.6250269523011576
1.101054876191331,3.4269056796849555
1.3658930926508508,3.9881680477215378
2.9472066200543696,1.1957113792944414
1.0212644479871549,1.5187736995357741
3.412784508908964,1.084297787128354
0.8526313173631088,0.41219371746380196
2.1489007899258263,0.8204064690688453
3.7512188304980114,3.8835197082266557
2.5703337209129486,0.06641343798833965
3.7111317540868782,3.1536707116153733
1.6486507698867086,1.5846947395176803
3.8216375773356375,1.2124318676818762
2.423080959242535,1.3373128958780516
1.258549510192076,1.613726335051953
0.8346978475860376,0.6379558368464937
0.130857486914977,1.206941265546451
0.9192142161731676,0.20603344715786864
2.659395116653482,2.0196674846914355
1.0293022364702025,2.953062818142445
3.395480855190442,2.7787452748515036
1.8784525731438664,3.6359978180366603
2.4689976870318273,3.059744729487842
1.409445100860225,3.232794865312546
3.7201401036782595,0.2255863984200137
1.9739982248460524,0.46151945567176433
3.7588963784974276,3.2970099358268867
1.4586179664323087,1.2741854439303792
0.42744067480254566,1.2613691489621859
1.5058895568715416,3.623985288792691
3.0207135089588713,2.166883656737231
2.656577617558907,3.9169499909774106
3.9436050832256155,3.2397343713058957
3.2145148222577657,0.3213977118457416
2.506326295599629,2.7464551496259593
0.2523664806463537,0.5796316305884273
1.3264940440625015,0.8294452526780924
2.0814315201641045,1.8858586063832732
0.5181875834561636,3.7100566150107515
3.740672842442785,1.5268236964432016
3.0870814556338426,1.9298746209540885
3.9776710931747647,2.0592875239333317
1.0200565515018205,3.5503310002735975
3.6369593819078934,2.17556896545409
0.07624312983573533,3.9627844760062745
2.481293856032185,2.3158476760810633
0.6642897136369452,2.463419300863412
3.933954815648517,3.563924494026561
1.6554131567448636,1.080687289884962
2.9033737690950128,2.0164515115335413
0.8271689517857999,3.1757561092519886
0.5129199593477476,0.26957830945480277
0.35170225902432817,1.4773430130173097
0.32941889759054055,0.6181109419179354
0.0845913853840683,0.42635968729729434
2.952231477289058,0.5694284548094428
3.144678811008234,1.1590580689829681
0.3695260663251725,1.2232768010884816
2.279061797950549,3.5267428539622325
2.4916949292305017,2.6875152904370356
3.6140250572300006,2.2788581269639288
1.6060725688296071,0.48836455092340936
2.711776232028064,2.5114846560047708
1.2192977478039917,1.8438998782750886
1.4413579274676462,3.8342929694345007
0.7547006825664733,1.8989764404286236
1.6608243727591372,1.713076312274945
0.029643284208639376,1.92753750656785
3.838836153829994,1.3397174765820679
3.430462041864137,3.3305650127951423
3.8361712447271707,3.2858854298268034
0.7074369938547975,2.4263521026768022
0.0370249354068628,2.4174493813657474
2.262722686027135,1.1703417747403249
1.1503335926359295,0.015675932696256112
2.3683936449517207,2.0727437026875766
0.5051653855051512,1.2005631382129232
3.413599581549678,0.26936678446234463
2.002017863536474,2.362340025524419
3.2044487795487386,3.475952646161996
3.768363517415888,3.7446322137438055
1.281853809130801,0.6866273752156382
0.7204637144377743,0.08386575843175947
2.6605174740304287,0.27309397263605417
2.6920011343155377,2.8043427894851485
2.871002375964874,2.4983863349028996
3.881574431934601,1.9609205920763166
1.2010566363125346,0.4404749326462367
2.183122248138504,0.7149743314180399
3.5493366560019117,2.1294191525376385
1.1271916188472204,1.7073233450553804
2.0861334697744653,2.7825072956682497
0.3666262296583631,3.845406837410204
3.8783116609860055,3.226971906770403
1.3479123737746788,0.5702884722946093
1.096063468230703,2.518462773918692
1.9765531429604577,3.6259018700346686
2.290479299208535,2.87765912568951
1.6023212439198549,3.549719074449265
2.0424610377293257,1.3041103656382687
1.2720059093891773,1.0150886187671726
3.9209859982629873,0.7102251544103884
3.8482076431719303,0.9766068726823693
2.711550006014119,3.1741364305069273
3.3290713081648375,1.7174642490132337
0.6120636109875304,3.6113695946105735
0.22773309880900294,2.580298621048835
1.354643801068721,3.7415513633600384
3.5303059323904966,3.1748400497355385
1.0447703885375477,2.6129699111778737
3.6422523376489524,3.019843667860499
1.0963521998120669,3.0106306380620897
0.14939455578678684,3.4263338891411985
0.8151710486719979,1.11319813924387
2.757108109726983,0.20383063612377228
2.1674368593738804,0.055178159192238674
0.6842555982206275,3.338758864007489
0.7086738273808111,2.0163123528762092
3.32631323856581,0.3980524642939547
2.789097369172652,2.943274928129268
3.0242649572503826,2.0286885131370442
3.915173790180448,0.05749913102084614
1.1956568258032285,2.5124931446174896
