2.0,2.0
1.2822152784243057,1.5970336439793194
1.6230362631478243,0.76552151268911
1.6311700998700651,1.3479060925855757
1.6211439247362027,2.6203859709653488
1.0199505753864009,0.30141161376058667
2.4943527230767994,1.9474668814857368
1.6848231384254588,2.7672717900894224
1.8371294595881213,3.4453697169738438
2.4614161420896803,3.910876934294098
0.7636042447762299,0.41222120369416215
2.9479112002262133,1.255427590980779
1.6473700872260562,0.6934406057434095
3.3148214516386236,2.396032428402181
1.3077374811697662,3.3685177647920037
2.479723110802567,3.802529288647726
1.0455553560693094,2.219326984944093
0.8333345064514459,3.765815425031141
1.7734804963081894,0.676693282001799
1.0238479045527762,1.0768132730382076
0.25492550266039293,1.1523643448815908
1.7045094196362225,0.21438432155205023
1.8507869339758884,2.1386123062484375
0.5684631886739924,0.13354504359545727
1.8352272038835138,0.6781297996542488
2.8157116840690746,0.6410825745172377
0.8445771302826377,3.026324316296507
0.7019494140926672,2.6521889710179467
3.274753155226794,2.83475824292538
1.6412064360349436,3.4178625397770124
2.3437342093367,0.9655448842480832
0.9102789255501547,2.935318280221348
0.7151047674802973,1.7307395450668084
2.729618476259639,1.8274496725368263
1.3128062372950482,0.428138628563568
1.1098601809333077,0.8201055495125584
1.0000893315768455,2.519340247544027
1.407904602091373,0.869950559810369
1.753122052178298,3.3125564325855
3.89682338694276,2.632104839662505
0.5659240924104969,1.9983965361349303
3.810513125021398,2.325481729529014
2.9585238374116805,0.5073692525066376
0.6117716325769265,2.2966341481161905
0.651988712621463,0.4949552388937626
1.3295686418777874,2.455122155032617
2.3475925320006956,2.2254355645332917
0.5668019041628467,3.5060772008550716
0.8316319178525409,0.795151371308489
2.6257963888639533,0.4502205523988292
0.6477298920671513,2.0056791717914533
1.721143372975038,1.532191781899129
3.495985419004735,2.2842317643693044
1.6932213777722716,3.57756397521548
2.467768383748899,3.8024442027150127
2.7025651670694892,3.9898186056474905
1.966468803637822,2.2665720192303986
3.0443154491528874,2.872057178622863
1.1791590867293906,3.562933327944199
2.165821378456665,2.039586789414574
2.3959889021336256,1.4698220132173136
0.2862054526609028,3.2932979262200783
2.739237938275465,1.079580080580644
2.0460557681524407,2.2777250781325398
3.8855124917876123,2.5502271354432815
3.2589866237497778,3.4727350358172258
0.05320348745897485,1.5687937950455586
2.7279356946035507,1.190575368250851
3.228777840804556,3.78600491524239
2.7433280116741408,2.679337125143997
0.9922403896960992,0.2664410200336351
2.8755229219740794,0.08616096568816323
2.4451216963591826,2.159512083983776
1.1151490052454354,1.325219263142345
3.410776006631716,1.6867610257354757
3.746293863871872,3.143792629767797
1.3428995979854852,2.607983341220644
3.4540845113082144,0.6850162991058704
0.6823155229260718,1.098869050720943
2.641235560312063,1.0238881182881912
3.7274467587263516,1.3990631499984691
3.6678589127818655,2.497483670987326
3.946739550006134,0.45610459242118484
1.564482278400094,1.3487819773765146
2.2046841235909476,0.43974645205001517
0.7566221678746801,1.454140924370114
1.533082446563407,2.5502767582978136
2.3491477522037143,1.7502905184782258
3.8094423682101564,2.7773792908549177
2.6524875462451942,1.4475303911355168
0.10383389523468312,0.13703981434763302
3.168941489384389,0.808086583040958
0.1184743936589836,2.6914365370752398
3.825312845905011,2.0107692660867085
0.2705233682240151,3.7275761821195217
3.090627105982072,1.687144232406447
3.8336956354485285,0.17357627172681678
0.34090270487276264,0.938265992108331
2.444192861172289,1.314183536444018
3.195344536368035,1.5899509181986184
3.7642917005403405,1.2898028445847043
0.3564870012066197,1.179849107956818
0.9216986670370981,2.007248131805244
1.2278241166059267,0.3726423839962929
3.7738503640266736,2.142868471318594
2.0214686551301284,0.08263999169853475
3.6931667694981822,2.4932076500885247
2.314079999182223,1.6523594856524397
2.25832437538485,2.522488929407654
2.3363004689220124,0.4924198051899906
1.2944083434833802,2.0980020043961733
2.529057759915347,2.714908408066532
1.2149059294634963,0.4496041916065785
2.7810151045976985,0.593348493448397
3.5430173247410757,2.377937303363214
0.8624656038898428,0.08090818184498927
1.508649998437026,1.780520017003691
3.775459498490291,2.612973994843701
3.099253610995745,1.3286860642783607
1.4593536952407717,1.0206386632836821
1.6145130741737712,1.1654135570297885
1.7400845772765776,0.8931604330492773
1.573461397947817,0.560980726600969
2.6883623908934338,0.6503376998088597
1.2683834742989375,0.8073575529223773
1.9198079172648566,1.3218301224065412
0.5100279097383957,0.5007080539769149
1.695865617161596,2.445788297831469
2.885465820471376,1.3096318283782362
3.530502701283398,0.13566358630739828
2.626029939975889,1.4620884521466078
2.793540554602344,0.3646166175287391
2.809744666491167,0.847259440289112
3.034322852930842,3.8053518165015072
3.8255205851731855,1.8051335783812004
2.7417799075756935,1.6479519875729802
2.7031732477306045,2.6380643460097035
1.5819529815366313,2.2797243697535854
3.766625947343679,1.744967843004353
3.354758094237851,3.558491654357086
1.47265414414538,3.1357655180242725
3.8534567537791617,0.2251097241016753
0.7506505491630819,3.290399081050763
2.0182061182208955,1.9741495014380481
1.1951837701874455,0.32999362173135083
0.8895492716877702,3.066265875112873
2.7612289698321772,2.8108260070521944
2.9457360829246113,2.006244981117387
1.5980898403512116,1.7179976330381317
0.6769891578267071,2.048335394923996
0.14925101574618616,2.168455377058923
3.362727269074866,2.950974740931458
0.37565416907312077,1.7185272501529574
0.5481161507747987,2.414888938196304
0.5376541552654288,1.1888899419817758
1.7486786134060326,0.7694192401428506
2.336767575297338,1.1454594640052829
1.8242205160802398,3.781882456901434
2.2268649446249444,3.2692856781644686
3.657183621458377,1.2193401964229849
2.063650330977075,3.2824583941674637
3.5572827995510607,1.4268690760127893
2.1659362026232447,2.523212130601545
3.0599219329270295,1.7542525279683443
0.005470087077766639,2.717460852808072
3.645500779762527,2.823697575854417
3.6505550826316497,1.9206218370102546
1.5303707055443447,0.2981825720501421
0.3265221004585266,3.913279602922711
1.1272469608496234,2.495776219364497
3.245856942475216,3.112996568084934
2.2400477589453813,2.9842776435174962
3.010283454481884,2.5846284050728303
3.4819654491079883,0.8638966753441508
0.16251013461205632,2.261617214198901
0.30486863037775835,3.104812650562814
2.3225837317487694,2.4984083210347396
1.6012337319226302,1.2886917846335906
0.8448134981519937,3.284250911359244
1.75311173093674,0.953612759110869
0.6089725583791954,1.8888951507293075
2.945332393131636,0.33302951427744576
2.0745262427583686,2.693280197286325
1.9695844418520192,1.550133973224173
0.7448606316796784,0.5541519733195606
2.6616416706064547,2.3665974386782374
3.628755841776573,2.687995793158103
0.29395972393063996,2.9308687050663123
0.9315707512449531,0.18819890786163818
1.6535871172848222,1.9362842766881037
1.9916053521930306,1.6356080953123358
0.679309683009687,1.6454484963195046
3.4750075346398597,0.017003469710502817
1.9296078496378053,3.8162865404520225
2.3568672308335175,3.8677435158654636
0.875419687325965,2.1964717955752775
1.9535965631252652,0.5266430495292207
1.4950193506787395,3.8281569721765867
2.0756367309471373,1.1081743988836106
3.7332969199983976,0.9242092318338022
3.4040672051043974,0.32247536039404734
3.2533023261496625,1.0657280710941475
0.641235013378616,3.0867487793905988
2.3854086297135284,3.6683905991437262
1.5172922051535194,1.2704731314970084
2.79479165198709,3.5839171420492537
1.3624777724251986,2.3248774836272323
2.1974558449670774,2.9231732631361504
2.212995209456497,1.4558824329442035
1.5694085136938076,0.8022505460467872
2.908323703974812,1.8507410912245765
2.679553665973811,0.7489880984301744
3.7849160350139828,0.07127382306395891
0.3360023531291847,3.1572065028962957
3.5103765567517287,0.9923976868083044
1.367091529331188,2.653518661328626
2.110465433493588,0.6357559725039228
3.452751693470544,2.386100085214376
2.6423794449247744,3.7132597116663586
3.4734051936046755,2.6763816428289124
2.7794493789426196,0.10863899377276054
2.5538455014689725,3.27879365127568
1.7066004814835112,1.8151020010084302
1.022406204942738,0.37040232659424577
3.6585603816210575,0.380121947563524
1.8078241735583025,1.5406451823153704
1.539509858711563,3.265171283307498
0.607767855958798,3.14689684330159
1.0739163978240747,0.8711293549191259
