2.0,2.0
2.8935315371321395,2.33642004864298
1.3761518497761465,2.657187089408995
2.054266071491885,2.1667316633796414
1.203093659161734,1.973506642849685
2.2566727415423715,3.124016510623102
1.8566194581498952,1.1874179173324535
0.9976586917047947,1.5201112248178652
1.1592569044114067,2.588271841118215
1.872848251656909,2.652242995313329
1.189476690911416,2.8365494201098422
3.299449631370447,1.7062881026313885
3.1779491544826732,2.7288301201565996
0.800730668666561,0.6512017080826018
3.0004382477952216,2.0054573534357405
1.2200179134893694,3.032423885531223
0.722876014654799,3.721377476540508
2.41930107955146,3.4914670494348825
2.013884468634686,3.4505950306441675
2.7238146459277734,2.977884134714406
1.9503633731245928,2.1878716419741986
1.1046820468398422,1.2403447795147895
3.4041572265481457,1.5430183540233569
0.6309701349534298,2.6789541020842753
0.373109497476217,0.7310801995725025
