2.0,2.0
1.7224899717559854,1.8903685869446654
1.5344305256178608,0.9328828664575308
1.8544533821804894,0.14755446686290474
0.9681206045515998,0.4660532906779964
2.1948119533708774,2.683650102637
0.9119135971776631,1.2150296396485807
2.0775073530985253,1.5218012907496887
1.8416824138030332,2.5149566474134395
2.2269421018443727,3.4508503156115236
3.0609614290623677,1.3672570536376725
1.0001828426592367,1.0689808742499722
3.2848887914416838,2.3377212113392436
1.3647894703618073,3.736917546210166
0.4361177696631815,0.7554072681642876
3.749437191750882,2.127091133001334
1.6536027354982745,0.9752304300804275
1.7870027341029724,1.3301639723884895
3.887196046247679,1.3931726817652974
3.8116061145966715,1.9700929731268757
2.1293984476486774,3.261258255357322
3.088444230580689,2.1016798795579916
3.675781121718835,1.400938223316201
0.6908794746799538,3.635270595817065
2.808077384926954,3.3868167615926787
