2.0,2.0
1.2979865591272235,1.4204920908568215
2.287310718551045,2.468711878499398
1.9487944062068228,2.7646017544033334
2.8894021310616806,2.0763083415601544
3.238659907970867,3.009323744534127
0.4133638812076841,1.867095082685343
2.3102382197226743,2.736777142529816
2.3169022650736517,2.719133996231028
1.470336133901918,0.6944730142895748
0.7328329759923942,2.1058116884534934
3.6640692057155855,2.099499573798562
2.1372587795698936,0.17633222699451379
0.8286451877879788,2.966979575398331
1.6862808401708613,0.259175181546047
0.5543536866440477,0.32119931732647267
2.977832428300847,1.3729676897826257
3.5926004666366613,3.277616011595032
3.993535719113418,3.869409809649606
3.834774563013952,2.163498931926045
3.7904341242109805,1.471098100660985
1.7527042992763868,1.8865629849013326
0.9710878097812294,2.117080107313238
0.5350805121201421,1.688745254342542
0.7421023551253403,1.216141440666537
1.1337846786749255,3.526783579431307
3.709960554341322,1.2716847873933737
1.1797798379026845,0.8653801434646522
0.5289994461035312,0.5400486874806885
0.28711975113111166,1.93827952267642
2.26832377712415,1.9651994845030836
0.8819896975904515,1.0616237030311755
1.4524516908389495,1.353348833910819
2.547944066608787,1.8280800389055827
1.8767695173434555,0.04294326098929657
2.8522487369304748,0.5602608377790355
1.7872905169182864,1.7129512687346584
1.3507990286884715,2.5518583635106027
0.21978201124104668,2.9730316644992354
2.2405446169878993,1.810439735172947
3.5711233306999364,0.15685216049520312
3.2582382102476664,0.3242901891639085
0.3433738588196893,1.9687227502345355
3.134862563587962,1.7202484238989189
1.732676162794725,1.563545612097649
2.726064163026211,3.662542416440342
0.5432184807181151,1.6759691302712105
0.9215695919415561,1.996671255384868
1.3176778133024531,0.7207446383457112
3.7492564652354785,1.0432128633703086
1.163871168782022,2.3511802330398797
0.15510994709368608,1.1371617118191488
2.574805024281319,2.886004598119254
2.089638057787321,3.585654660389542
3.761854187296305,1.1414972462778405
0.09895889898989507,1.0726424125630394
1.2412278092955402,2.3639533212533013
3.2389824057688985,2.3474411795016215
3.767470937730815,0.5067822623015861
2.5010130821833467,1.0775346547413065
2.68458578711622,2.737498160420219
1.1055205065962137,3.202355814577923
0.38734138161060994,3.9628403418010794
3.268790589004425,2.4234196009660915
0.9344658716593051,0.1834522581944973
0.07380632284736421,1.1070242364116853
1.7159446928830344,1.8602374142516482
2.1254902252219976,1.9132767587145785
1.039956064534421,2.5509016704191128
3.070227730224919,2.6601125920400404
1.526376777428927,3.8168949360427735
3.752735775010027,2.0197760158454683
1.2013886242580551,0.9467520260561471
0.20617402022248177,1.9762176896819987
1.1108337803339805,2.357217981549964
3.279311340794388,1.8404354104439395
0.8542111817814386,2.520464566282506
2.014925490029386,2.6874503963694223
3.5856675988880715,2.034450889916319
0.4813954855759839,0.8439757837834194
0.19063890190596355,0.9612281521847663
0.7219858305299995,2.1128140737626993
3.7863525397151627,3.96164884925508
1.0242862374591275,1.6184832724074973
0.593774838044383,1.3362512378771498
1.909575887703971,2.936708500077887
2.961975505932358,0.7342021797662182
2.0097638719126065,1.9679507456464638
3.519417629776934,2.3444823953866103
0.7151346949296471,2.1345372045935647
3.8324590550326274,0.5193349895710475
2.4558069191440963,3.8631967402880094
1.4134086031904287,2.957653029762035
2.0479842376287287,2.015875064918836
0.2851532779375501,2.9359096364772204
3.0721929611557606,3.432593390145728
3.0802118839519337,0.4586055355451424
3.408269776493453,3.125320900312318
0.21005341554300427,2.977593941934685
0.41714621839968347,1.7998114860767713
2.397077869978132,0.7173727365581635
0.48339073302198843,0.4853071657991923
1.4577245409294495,3.1353529777277838
0.060149557820262434,1.181386447468011
0.2607256574080159,3.1757266495657204
0.40274006476032254,2.4447628774477606
0.6337673942979869,1.2122302662418338
3.5957021920785333,3.9464497008997115
1.3441723823238716,3.068137893746836
2.561441714931294,1.5360954638503133
0.541418127382983,3.487224658219765
2.6585985483073395,3.5496125797597817
0.6101112697123203,3.7215117828864415
1.8662454113866622,2.736492937634376
0.2596959334259261,2.4927099735935663
3.4909944873000818,0.5495336475465287
0.3520601666069756,0.2452814109240311
2.517242043321781,3.671294733514626
0.3271230935789422,2.9965625526934825
3.622981710283659,1.7685274962541282
3.7090369306321995,1.1028183439829982
1.7446298481597458,0.14965741085417417
0.7827923647848545,3.8384881206241417
2.0700088744596816,3.9866737021552283
0.6255481753361849,2.044739473228386
1.0044740926206086,3.6586051948710163
0.3562714903109563,0.8997111577416765
3.1209626928535514,2.95365336622928
1.2522797314302654,3.8881159352041785
3.6346016189686168,0.4149250765843062
0.9823900240567216,1.9277680352310789
2.246578056968738,3.703848879649622
3.375000068666963,1.3197441258341778
0.6632246637244918,3.0901877805029776
2.658116092504726,0.13431006111916055
0.7031022243144927,2.9233732803290358
3.107250316757891,0.7254110573082815
2.339659158430212,2.7696251505339
0.006148490606660673,1.1350148366711235
2.936271189520912,1.8848284299417655
2.5315139308633694,1.7948870899752314
3.3181339916034394,2.7898053344867693
0.9450598197659996,2.6450731716293574
1.0101043059757107,1.063128406992973
0.6207198909893519,1.4328300877343132
1.2210364547552977,1.1138042189118718
0.13900381090715364,3.729841233174446
2.6909220955239186,3.168713484314067
2.755183637200645,3.311038301093425
3.664616164370767,0.5223483664842208
2.3793876211983727,2.927168825220714
1.7587614636901456,3.451411508131414
1.3488492405884949,1.3857604311510974
3.2825686392002003,0.29552671511374173
1.142360218919071,0.7558694149400971
3.250731593425928,3.1034489824784512
1.5763982374054195,0.7613362845548148
0.2494728273306297,1.2480840439927077
3.915828222041883,1.6656115179749915
0.8005609080095692,3.9440788981803467
1.8237068252612803,0.8186876525322675
0.6033047086223826,0.048981828147178774
1.757604957573844,2.2478527945518634
0.5988313710384063,0.7602051146067619
1.839036363609102,0.4240314149847326
3.6540078800506195,1.8217585399660092
0.4657491529893454,2.9341132887617247
0.07888574562985262,0.6264672992391276
1.1122884470489733,1.3728033301403517
2.6166161089680284,2.9962121929437417
1.2214552497288778,1.7671845984708665
2.4950569054417366,2.7720237761351028
2.4422436627839907,2.924419009741631
0.8546399641826601,2.466590315698762
0.9926810207270957,1.3884926574042176
2.4303166391704285,0.4092185678586375
3.7939882499148823,2.104417935021257
1.0996782141296917,0.6359664864463279
0.6256137469518621,1.4766356027108198
3.476953301347418,2.602690804132559
2.689904863030106,2.0561683137214644
3.721085635325516,1.5072838608593426
2.467584039130607,2.5366507317823044
2.6601608176806892,1.5745891268103591
0.057055563627042005,1.2607370950713963
3.897016942833756,0.2968607624126198
3.506143050162664,2.298910157860058
0.7724239144498268,0.28235838445675654
3.5345578096094834,0.19752604898466863
2.368101086535786,1.594020748008755
0.9370693427998766,3.952173323951882
1.165875880193607,2.943345101049304
3.229312875944059,1.116010112251273
2.566525980065011,0.680962103081173
0.8633346669239326,1.4469713049084216
3.3347429377987066,1.8438317719937123
1.267349967594579,3.0565585664315438
3.45167564435805,1.062376603226718
1.9846723294322737,0.018963679952848977
3.153524906594225,1.5811894145159404
2.669139983824641,0.9923703132923061
3.2049407044514475,1.1442412643409963
3.335763975429487,1.4118471125954528
1.626960444339013,2.5797732706989165
2.476516340606899,3.944820220638132
0.26643429486532266,3.0507411229663224
0.8136506715033285,1.379936906967604
0.6637266529826529,2.348342194871063
1.0281954421393142,1.6657246555160024
0.2590055392802615,0.3388100409545691
3.1805823474892905,3.241079815835707
3.0046350200033722,2.4523029307880746
2.6229485851863847,2.167694640182773
1.7759242918003162,0.7483916045991323
0.14267753322478294,0.21059018384484007
0.3264438532093754,3.7297776538773433
3.9876682155437577,0.0028112386998135896
2.372711113100712,3.798126071930689
3.011783151436782,0.03033950578862088
0.26131005338747704,3.0395908470654387
0.9959939653963694,0.9177416971602694
2.4170923528374395,2.6694543609353123
1.4378433709074105,1.1151978919305554
2.0477472620656108,1.7745966092531633
1.0233530990327941,3.865827115915923
2.526424156628592,3.6178095090606237
2.535754321377688,0.22673610510041042
1.0556370556589378,3.2268939638411624
1.2104599535164255,3.455199860768943
0.7847360237054488,0.48165589131669817
0.0533003533888996,2.424279111679043
0.6612418487438307,1.69769810224434
2.513560782244076,3.564053046407033
3.9445647849983274,3.3026504293798338
1.5162938265988495,0.7478044948136002
2.8533976553112415,3.7041963955219934
3.8588687896490557,3.826110200727061
0.9390966730744363,2.345483163657791
0.4748482555299254,0.8081181624100946
2.1257612862761395,0.23712723477711872
0.060720374765105056,2.477331490765967
3.375958486359063,0.9264460967469614
1.9351297781965253,0.5635503422147332
1.9131713649321864,3.1461878458990293
2.3617129481503363,3.587321047806128
1.3451007354988889,0.6748820786211764
3.5450221806273685,1.9606756994270351
3.3953996679656617,0.2591664673348002
3.218164522790146,2.423121530169375
3.576613265970867,0.4164990139703746
0.6160882673418255,3.7467945311080473
3.5789876850175926,3.994098424851682
3.3830315636139097,1.5028815094298915
3.5841995771200983,0.9476697713609248
2.750938847945339,1.070245396761302
3.252513817498102,2.4267969069197206
3.7372418720103,2.9533810506522293
2.186529289854532,2.587208339306836
3.283758583271526,3.4331274043379594
2.921808594158478,3.169924199628006
2.3185937389318316,2.826925192437935
1.8410106300531095,2.970195000404131
2.033695423240094,3.396579813887195
0.6870253154536625,0.1709384660174802
2.059761873703793,3.998772562412408
3.7324246341309433,2.8084461859261336
0.1932835120824139,1.797105812939436
0.7036145407952858,0.1316738824195074
1.93420831543934,1.787352454154305
1.174256554711095,2.202805038766379
2.0578010523726205,0.4911894529300169
1.806612153321102,2.092205023865746
0.34195314278004973,0.8320799013772473
3.268472451041758,3.4817958284682597
2.071493947461868,1.3633444343877947
0.49997962427892784,3.30555503249955
0.8056596070860431,3.195882796074648
1.4555749364624404,0.5391591831409022
3.9666010918986268,1.3837313519395917
3.752869790366154,1.2576660337450698
