2.0,2.0
1.4334079444380112,2.2957467241359524
1.067772888591159,2.43880887593937
1.1110951538020868,2.809479897524181
1.1110951538020868,2.809479897524181
1.243861048179181,3.4691338124868776
1.243861048179181,3.4691338124868776
1.362531428185577,3.91028985805486
1.362531428185577,3.91028985805486
1.6425459690806354,2.8928485955498533
1.6425459690806354,2.8928485955498533
1.6425459690806354,2.8928485955498533
1.6425459690806354,2.8928485955498533
1.6425459690806354,2.8928485955498533
1.6425459690806354,2.8928485955498533
1.6425459690806354,2.8928485955498533
1.2791104030256655,2.9235104549162982
1.2791104030256655,2.9235104549162982
1.2791104030256655,2.9235104549162982
1.2791104030256655,2.9235104549162982
1.2791104030256655,2.9235104549162982
1.2791104030256655,2.9235104549162982
1.2791104030256655,2.9235104549162982
1.2791104030256655,2.9235104549162982
1.2791104030256655,2.9235104549162982
1.2791104030256655,2.9235104549162982
1.2791104030256655,2.9235104549162982
1.2791104030256655,2.9235104549162982
1.2791104030256655,2.9235104549162982
1.2791104030256655,2.9235104549162982
1.2791104030256655,2.9235104549162982
0.3809857808951702,3.7163403656127514
0.3809857808951702,3.7163403656127514
0.8772230696252761,3.6508657917850824
0.8772230696252761,3.6508657917850824
0.8772230696252761,3.6508657917850824
0.8772230696252761,3.6508657917850824
0.8772230696252761,3.6508657917850824
0.8772230696252761,3.6508657917850824
0.8772230696252761,3.6508657917850824
0.8772230696252761,3.6508657917850824
0.8772230696252761,3.6508657917850824
0.8772230696252761,3.6508657917850824
0.8772230696252761,3.6508657917850824
0.8772230696252761,3.6508657917850824
0.8772230696252761,3.6508657917850824
0.8772230696252761,3.6508657917850824
0.8772230696252761,3.6508657917850824
0.8772230696252761,3.6508657917850824
0.8772230696252761,3.6508657917850824
0.8772230696252761,3.6508657917850824
0.8772230696252761,3.6508657917850824
0.8772230696252761,3.6508657917850824
0.8772230696252761,3.6508657917850824
0.8772230696252761,3.6508657917850824
0.8772230696252761,3.6508657917850824
1.8824674260175378,3.34467364997583
1.8824674260175378,3.34467364997583
1.8824674260175378,3.34467364997583
1.8824674260175378,3.34467364997583
1.8824674260175378,3.34467364997583
1.8824674260175378,3.34467364997583
1.8824674260175378,3.34467364997583
1.8824674260175378,3.34467364997583
1.8824674260175378,3.34467364997583
1.8824674260175378,3.34467364997583
1.8824674260175378,3.34467364997583
1.8824674260175378,3.34467364997583
1.8824674260175378,3.34467364997583
1.8824674260175378,3.34467364997583
1.8824674260175378,3.34467364997583
1.8824674260175378,3.34467364997583
1.8824674260175378,3.34467364997583
1.8824674260175378,3.34467364997583
1.8824674260175378,3.34467364997583
1.8824674260175378,3.34467364997583
1.8824674260175378,3.34467364997583
1.8824674260175378,3.34467364997583
1.8824674260175378,3.34467364997583
1.8824674260175378,3.34467364997583
1.8824674260175378,3.34467364997583
1.8824674260175378,3.34467364997583
1.8824674260175378,3.34467364997583
1.8824674260175378,3.34467364997583
2.183190140957695,2.907972073019119
2.183190140957695,2.907972073019119
2.183190140957695,2.907972073019119
2.183190140957695,2.907972073019119
2.183190140957695,2.907972073019119
2.183190140957695,2.907972073019119
2.183190140957695,2.907972073019119
2.183190140957695,2.907972073019119
2.183190140957695,2.907972073019119
2.183190140957695,2.907972073019119
2.183190140957695,2.907972073019119
2.183190140957695,2.907972073019119
2.183190140957695,2.907972073019119
2.183190140957695,2.907972073019119
2.183190140957695,2.907972073019119
2.183190140957695,2.907972073019119
2.183190140957695,2.907972073019119
2.183190140957695,2.907972073019119
2.183190140957695,2.907972073019119
2.183190140957695,2.907972073019119
2.183190140957695,2.907972073019119
2.183190140957695,2.907972073019119
2.183190140957695,2.907972073019119
2.183190140957695,2.907972073019119
2.183190140957695,2.907972073019119
2.183190140957695,2.907972073019119
2.183190140957695,2.907972073019119
2.183190140957695,2.907972073019119
2.183190140957695,2.907972073019119
2.183190140957695,2.907972073019119
2.183190140957695,2.907972073019119
2.183190140957695,2.907972073019119
2.183190140957695,2.907972073019119
2.183190140957695,2.907972073019119
2.183190140957695,2.907972073019119
2.183190140957695,2.907972073019119
2.183190140957695,2.907972073019119
2.183190140957695,2.907972073019119
2.183190140957695,2.907972073019119
2.183190140957695,2.907972073019119
2.183190140957695,2.907972073019119
2.183190140957695,2.907972073019119
2.183190140957695,2.907972073019119
2.183190140957695,2.907972073019119
2.183190140957695,2.907972073019119
2.183190140957695,2.907972073019119
2.183190140957695,2.907972073019119
2.183190140957695,2.907972073019119
2.183190140957695,2.907972073019119
2.183190140957695,2.907972073019119
2.183190140957695,2.907972073019119
2.183190140957695,2.907972073019119
0.6912819747450243,3.460928763302013
0.6912819747450243,3.460928763302013
0.6912819747450243,3.460928763302013
0.6912819747450243,3.460928763302013
0.6912819747450243,3.460928763302013
0.6912819747450243,3.460928763302013
0.6912819747450243,3.460928763302013
0.6912819747450243,3.460928763302013
0.6912819747450243,3.460928763302013
0.6912819747450243,3.460928763302013
0.6912819747450243,3.460928763302013
0.6912819747450243,3.460928763302013
0.6912819747450243,3.460928763302013
0.6912819747450243,3.460928763302013
0.6912819747450243,3.460928763302013
0.6912819747450243,3.460928763302013
0.6912819747450243,3.460928763302013
0.6912819747450243,3.460928763302013
0.6912819747450243,3.460928763302013
0.6912819747450243,3.460928763302013
0.6912819747450243,3.460928763302013
0.6912819747450243,3.460928763302013
0.6912819747450243,3.460928763302013
0.6912819747450243,3.460928763302013
0.6912819747450243,3.460928763302013
0.6912819747450243,3.460928763302013
0.6912819747450243,3.460928763302013
0.6912819747450243,3.460928763302013
0.6912819747450243,3.460928763302013
0.6912819747450243,3.460928763302013
0.6912819747450243,3.460928763302013
0.6912819747450243,3.460928763302013
0.6912819747450243,3.460928763302013
0.6912819747450243,3.460928763302013
0.6912819747450243,3.460928763302013
0.6912819747450243,3.460928763302013
0.6912819747450243,3.460928763302013
0.6912819747450243,3.460928763302013
0.6912819747450243,3.460928763302013
0.6912819747450243,3.460928763302013
0.6912819747450243,3.460928763302013
0.6912819747450243,3.460928763302013
0.6912819747450243,3.460928763302013
0.6912819747450243,3.460928763302013
0.6912819747450243,3.460928763302013
0.6912819747450243,3.460928763302013
1.592410858979918,1.3549689675445413
1.592410858979918,1.3549689675445413
1.6005511851186403,1.3210903114699457
1.6005511851186403,1.3210903114699457
1.6005511851186403,1.3210903114699457
1.6005511851186403,1.3210903114699457
0.6686427120302589,1.1131184496709192
0.6686427120302589,1.1131184496709192
0.6686427120302589,1.1131184496709192
0.6686427120302589,1.1131184496709192
0.6686427120302589,1.1131184496709192
0.6686427120302589,1.1131184496709192
0.9121834543051537,2.6737989943997205
0.9121834543051537,2.6737989943997205
0.9121834543051537,2.6737989943997205
0.9121834543051537,2.6737989943997205
0.9121834543051537,2.6737989943997205
0.9121834543051537,2.6737989943997205
0.9121834543051537,2.6737989943997205
0.9121834543051537,2.6737989943997205
0.9121834543051537,2.6737989943997205
0.9121834543051537,2.6737989943997205
0.9121834543051537,2.6737989943997205
0.9121834543051537,2.6737989943997205
0.9121834543051537,2.6737989943997205
0.9121834543051537,2.6737989943997205
0.9121834543051537,2.6737989943997205
0.9121834543051537,2.6737989943997205
0.9121834543051537,2.6737989943997205
0.9121834543051537,2.6737989943997205
0.9121834543051537,2.6737989943997205
0.9121834543051537,2.6737989943997205
0.9121834543051537,2.6737989943997205
0.9121834543051537,2.6737989943997205
0.9121834543051537,2.6737989943997205
0.9121834543051537,2.6737989943997205
0.9121834543051537,2.6737989943997205
0.9121834543051537,2.6737989943997205
0.9121834543051537,2.6737989943997205
0.9121834543051537,2.6737989943997205
0.9121834543051537,2.6737989943997205
0.9121834543051537,2.6737989943997205
0.9121834543051537,2.6737989943997205
0.9121834543051537,2.6737989943997205
0.9121834543051537,2.6737989943997205
0.9121834543051537,2.6737989943997205
0.9121834543051537,2.6737989943997205
0.9121834543051537,2.6737989943997205
0.9121834543051537,2.6737989943997205
0.9121834543051537,2.6737989943997205
0.9121834543051537,2.6737989943997205
0.9121834543051537,2.6737989943997205
0.9121834543051537,2.6737989943997205
0.9121834543051537,2.6737989943997205
0.9121834543051537,2.6737989943997205
0.9121834543051537,2.6737989943997205
0.9121834543051537,2.6737989943997205
0.9121834543051537,2.6737989943997205
0.9121834543051537,2.6737989943997205
0.9121834543051537,2.6737989943997205
0.9121834543051537,2.6737989943997205
0.9121834543051537,2.6737989943997205
0.9121834543051537,2.6737989943997205
0.9121834543051537,2.6737989943997205
0.9121834543051537,2.6737989943997205
0.9121834543051537,2.6737989943997205
0.9121834543051537,2.6737989943997205
0.9121834543051537,2.6737989943997205
0.9121834543051537,2.6737989943997205
0.9121834543051537,2.6737989943997205
0.9121834543051537,2.6737989943997205
0.9121834543051537,2.6737989943997205
0.9121834543051537,2.6737989943997205
0.9121834543051537,2.6737989943997205
0.9121834543051537,2.6737989943997205
0.9121834543051537,2.6737989943997205
0.9121834543051537,2.6737989943997205
0.9121834543051537,2.6737989943997205
0.9121834543051537,2.6737989943997205
0.9121834543051537,2.6737989943997205
0.9121834543051537,2.6737989943997205
0.9121834543051537,2.6737989943997205
0.9121834543051537,2.6737989943997205
0.9121834543051537,2.6737989943997205
0.9121834543051537,2.6737989943997205
0.9121834543051537,2.6737989943997205
0.9121834543051537,2.6737989943997205
0.9121834543051537,2.6737989943997205
0.9121834543051537,2.6737989943997205
0.9121834543051537,2.6737989943997205
0.9121834543051537,2.6737989943997205
0.9121834543051537,2.6737989943997205
0.9121834543051537,2.6737989943997205
0.9121834543051537,2.6737989943997205
0.9121834543051537,2.6737989943997205
0.9121834543051537,2.6737989943997205
0.9121834543051537,2.6737989943997205
0.9121834543051537,2.6737989943997205
0.9121834543051537,2.6737989943997205
0.9121834543051537,2.6737989943997205
0.9121834543051537,2.6737989943997205
0.9121834543051537,2.6737989943997205
0.9121834543051537,2.6737989943997205
0.9121834543051537,2.6737989943997205
0.9121834543051537,2.6737989943997205
0.9121834543051537,2.6737989943997205
0.9121834543051537,2.6737989943997205
0.9121834543051537,2.6737989943997205
0.9121834543051537,2.6737989943997205
