2.0,2.0
1.2845535755624469,2.353798410810404
1.508698599017675,2.934519451878795
0.48724875367175313,2.4327878269789744
2.5631818975369023,2.785924572978058
0.2846107840305434,2.710497420137383
1.3195803618916586,1.450253679213247
1.3195803618916586,1.450253679213247
2.5718039737224396,2.837100561631637
0.43959181173071116,1.6657058614639748
0.43959181173071116,1.6657058614639748
0.43959181173071116,1.6657058614639748
2.3656237999224867,3.040939492297648
2.3656237999224867,3.040939492297648
2.3656237999224867,3.040939492297648
0.6376949481729022,1.658761337004539
0.6376949481729022,1.658761337004539
0.6376949481729022,1.658761337004539
0.6376949481729022,1.658761337004539
0.6376949481729022,1.658761337004539
0.6376949481729022,1.658761337004539
0.6376949481729022,1.658761337004539
2.555295202570099,3.495335557792813
2.555295202570099,3.495335557792813
2.555295202570099,3.495335557792813
2.555295202570099,3.495335557792813
2.555295202570099,3.495335557792813
1.3104726475811264,1.0569932088791267
1.3104726475811264,1.0569932088791267
1.3104726475811264,1.0569932088791267
1.3104726475811264,1.0569932088791267
1.3104726475811264,1.0569932088791267
1.3104726475811264,1.0569932088791267
1.3104726475811264,1.0569932088791267
1.3104726475811264,1.0569932088791267
1.3104726475811264,1.0569932088791267
0.6401425089253636,1.118092483945043
0.6401425089253636,1.118092483945043
0.6401425089253636,1.118092483945043
0.6401425089253636,1.118092483945043
0.6401425089253636,1.118092483945043
0.6401425089253636,1.118092483945043
0.6401425089253636,1.118092483945043
0.6401425089253636,1.118092483945043
0.6401425089253636,1.118092483945043
0.6401425089253636,1.118092483945043
0.6401425089253636,1.118092483945043
0.6401425089253636,1.118092483945043
0.6401425089253636,1.118092483945043
0.6401425089253636,1.118092483945043
0.6401425089253636,1.118092483945043
0.6401425089253636,1.118092483945043
0.6401425089253636,1.118092483945043
0.6401425089253636,1.118092483945043
0.6401425089253636,1.118092483945043
0.6401425089253636,1.118092483945043
0.6401425089253636,1.118092483945043
1.281806980681719,2.6310274164743594
1.281806980681719,2.6310274164743594
1.281806980681719,2.6310274164743594
1.281806980681719,2.6310274164743594
0.6218050385345499,1.946150784643506
0.6218050385345499,1.946150784643506
0.6218050385345499,1.946150784643506
0.6218050385345499,1.946150784643506
0.6218050385345499,1.946150784643506
0.6218050385345499,1.946150784643506
0.6218050385345499,1.946150784643506
0.6218050385345499,1.946150784643506
0.6218050385345499,1.946150784643506
0.6218050385345499,1.946150784643506
0.6218050385345499,1.946150784643506
0.6218050385345499,1.946150784643506
0.6218050385345499,1.946150784643506
0.6218050385345499,1.946150784643506
0.6218050385345499,1.946150784643506
0.6218050385345499,1.946150784643506
0.6218050385345499,1.946150784643506
0.6218050385345499,1.946150784643506
0.6218050385345499,1.946150784643506
0.6218050385345499,1.946150784643506
0.6218050385345499,1.946150784643506
0.6218050385345499,1.946150784643506
0.6218050385345499,1.946150784643506
0.6218050385345499,1.946150784643506
0.6218050385345499,1.946150784643506
0.6218050385345499,1.946150784643506
0.6218050385345499,1.946150784643506
0.6218050385345499,1.946150784643506
0.6218050385345499,1.946150784643506
0.6218050385345499,1.946150784643506
0.6218050385345499,1.946150784643506
0.6218050385345499,1.946150784643506
0.6218050385345499,1.946150784643506
0.6218050385345499,1.946150784643506
0.6218050385345499,1.946150784643506
0.6218050385345499,1.946150784643506
0.6218050385345499,1.946150784643506
0.6218050385345499,1.946150784643506
0.6218050385345499,1.946150784643506
0.6218050385345499,1.946150784643506
0.6900009561698766,0.8361894162368846
0.6900009561698766,0.8361894162368846
0.6900009561698766,0.8361894162368846
0.6900009561698766,0.8361894162368846
0.6900009561698766,0.8361894162368846
0.6900009561698766,0.8361894162368846
0.6900009561698766,0.8361894162368846
0.6900009561698766,0.8361894162368846
0.6900009561698766,0.8361894162368846
0.6900009561698766,0.8361894162368846
0.6900009561698766,0.8361894162368846
0.6900009561698766,0.8361894162368846
0.6900009561698766,0.8361894162368846
0.6900009561698766,0.8361894162368846
0.6900009561698766,0.8361894162368846
0.6900009561698766,0.8361894162368846
0.6900009561698766,0.8361894162368846
0.6900009561698766,0.8361894162368846
0.6900009561698766,0.8361894162368846
0.6900009561698766,0.8361894162368846
0.6900009561698766,0.8361894162368846
0.6900009561698766,0.8361894162368846
0.6900009561698766,0.8361894162368846
0.6900009561698766,0.8361894162368846
0.6900009561698766,0.8361894162368846
0.6900009561698766,0.8361894162368846
0.6900009561698766,0.8361894162368846
0.6900009561698766,0.8361894162368846
0.6900009561698766,0.8361894162368846
0.6900009561698766,0.8361894162368846
0.6900009561698766,0.8361894162368846
0.6900009561698766,0.8361894162368846
0.6900009561698766,0.8361894162368846
0.6900009561698766,0.8361894162368846
0.6900009561698766,0.8361894162368846
0.6900009561698766,0.8361894162368846
0.6900009561698766,0.8361894162368846
0.6900009561698766,0.8361894162368846
0.6900009561698766,0.8361894162368846
0.6900009561698766,0.8361894162368846
0.6900009561698766,0.8361894162368846
0.6900009561698766,0.8361894162368846
2.3888375533968653,3.5384675007404733
2.3888375533968653,3.5384675007404733
2.3888375533968653,3.5384675007404733
2.3888375533968653,3.5384675007404733
2.3888375533968653,3.5384675007404733
2.3888375533968653,3.5384675007404733
2.3888375533968653,3.5384675007404733
2.3888375533968653,3.5384675007404733
2.3888375533968653,3.5384675007404733
2.3888375533968653,3.5384675007404733
1.3071170661376867,0.07223232361292897
1.3071170661376867,0.07223232361292897
1.3071170661376867,0.07223232361292897
1.3071170661376867,0.07223232361292897
1.3071170661376867,0.07223232361292897
1.3071170661376867,0.07223232361292897
1.3071170661376867,0.07223232361292897
1.3071170661376867,0.07223232361292897
1.3071170661376867,0.07223232361292897
1.3071170661376867,0.07223232361292897
1.3071170661376867,0.07223232361292897
1.3071170661376867,0.07223232361292897
1.3071170661376867,0.07223232361292897
1.3071170661376867,0.07223232361292897
1.3071170661376867,0.07223232361292897
1.3071170661376867,0.07223232361292897
1.3071170661376867,0.07223232361292897
1.3071170661376867,0.07223232361292897
1.3071170661376867,0.07223232361292897
1.3071170661376867,0.07223232361292897
1.3071170661376867,0.07223232361292897
1.3071170661376867,0.07223232361292897
1.3071170661376867,0.07223232361292897
1.3071170661376867,0.07223232361292897
1.3071170661376867,0.07223232361292897
1.3071170661376867,0.07223232361292897
1.3071170661376867,0.07223232361292897
1.3071170661376867,0.07223232361292897
1.3071170661376867,0.07223232361292897
1.3071170661376867,0.07223232361292897
1.3071170661376867,0.07223232361292897
1.3071170661376867,0.07223232361292897
1.3071170661376867,0.07223232361292897
1.3071170661376867,0.07223232361292897
1.3071170661376867,0.07223232361292897
1.3071170661376867,0.07223232361292897
1.3071170661376867,0.07223232361292897
1.3071170661376867,0.07223232361292897
1.3071170661376867,0.07223232361292897
1.3071170661376867,0.07223232361292897
1.3071170661376867,0.07223232361292897
1.3071170661376867,0.07223232361292897
1.3071170661376867,0.07223232361292897
1.3071170661376867,0.07223232361292897
1.3071170661376867,0.07223232361292897
1.3071170661376867,0.07223232361292897
1.3071170661376867,0.07223232361292897
1.3071170661376867,0.07223232361292897
1.3071170661376867,0.07223232361292897
1.3071170661376867,0.07223232361292897
1.3071170661376867,0.07223232361292897
1.2734894134537056,1.9094679563407708
1.2734894134537056,1.9094679563407708
1.2734894134537056,1.9094679563407708
1.2734894134537056,1.9094679563407708
1.2734894134537056,1.9094679563407708
1.2734894134537056,1.9094679563407708
1.2734894134537056,1.9094679563407708
1.2734894134537056,1.9094679563407708
1.2734894134537056,1.9094679563407708
1.2734894134537056,1.9094679563407708
1.2734894134537056,1.9094679563407708
1.2734894134537056,1.9094679563407708
1.2734894134537056,1.9094679563407708
1.2734894134537056,1.9094679563407708
1.2734894134537056,1.9094679563407708
1.2734894134537056,1.9094679563407708
1.2734894134537056,1.9094679563407708
1.2734894134537056,1.9094679563407708
1.2734894134537056,1.9094679563407708
1.2734894134537056,1.9094679563407708
1.2734894134537056,1.9094679563407708
1.2734894134537056,1.9094679563407708
1.2734894134537056,1.9094679563407708
1.2734894134537056,1.9094679563407708
1.2734894134537056,1.9094679563407708
1.2734894134537056,1.9094679563407708
1.2734894134537056,1.9094679563407708
1.2734894134537056,1.9094679563407708
1.2734894134537056,1.9094679563407708
1.2734894134537056,1.9094679563407708
1.2734894134537056,1.9094679563407708
1.2734894134537056,1.9094679563407708
1.2734894134537056,1.9094679563407708
1.2734894134537056,1.9094679563407708
1.2734894134537056,1.9094679563407708
1.2734894134537056,1.9094679563407708
1.2734894134537056,1.9094679563407708
1.2734894134537056,1.9094679563407708
1.2734894134537056,1.9094679563407708
1.2734894134537056,1.9094679563407708
1.2734894134537056,1.9094679563407708
1.2734894134537056,1.9094679563407708
1.2734894134537056,1.9094679563407708
1.2734894134537056,1.9094679563407708
1.2734894134537056,1.9094679563407708
1.2734894134537056,1.9094679563407708
1.2734894134537056,1.9094679563407708
1.2734894134537056,1.9094679563407708
1.2734894134537056,1.9094679563407708
1.2734894134537056,1.9094679563407708
1.2734894134537056,1.9094679563407708
1.2734894134537056,1.9094679563407708
1.2734894134537056,1.9094679563407708
1.2734894134537056,1.9094679563407708
1.2734894134537056,1.9094679563407708
1.2734894134537056,1.9094679563407708
1.2734894134537056,1.9094679563407708
1.2734894134537056,1.9094679563407708
1.2734894134537056,1.9094679563407708
1.2734894134537056,1.9094679563407708
1.2734894134537056,1.9094679563407708
1.2734894134537056,1.9094679563407708
1.2734894134537056,1.9094679563407708
1.2734894134537056,1.9094679563407708
1.2734894134537056,1.9094679563407708
1.2734894134537056,1.9094679563407708
1.2734894134537056,1.9094679563407708
1.2734894134537056,1.9094679563407708
0.36619548358779674,0.6789656241086535
0.36619548358779674,0.6789656241086535
0.36619548358779674,0.6789656241086535
0.36619548358779674,0.6789656241086535
0.36619548358779674,0.6789656241086535
0.36619548358779674,0.6789656241086535
0.36619548358779674,0.6789656241086535
0.36619548358779674,0.6789656241086535
0.36619548358779674,0.6789656241086535
0.36619548358779674,0.6789656241086535
0.36619548358779674,0.6789656241086535
0.36619548358779674,0.6789656241086535
0.36619548358779674,0.6789656241086535
0.36619548358779674,0.6789656241086535
0.36619548358779674,0.6789656241086535
0.36619548358779674,0.6789656241086535
0.36619548358779674,0.6789656241086535
0.36619548358779674,0.6789656241086535
0.36619548358779674,0.6789656241086535
0.36619548358779674,0.6789656241086535
0.36619548358779674,0.6789656241086535
0.36619548358779674,0.6789656241086535
0.36619548358779674,0.6789656241086535
0.36619548358779674,0.6789656241086535
0.36619548358779674,0.6789656241086535
0.36619548358779674,0.6789656241086535
0.36619548358779674,0.6789656241086535
0.36619548358779674,0.6789656241086535
0.36619548358779674,0.6789656241086535
0.36619548358779674,0.6789656241086535
0.36619548358779674,0.6789656241086535
0.36619548358779674,0.6789656241086535
0.36619548358779674,0.6789656241086535
0.36619548358779674,0.6789656241086535
0.36619548358779674,0.6789656241086535
0.36619548358779674,0.6789656241086535
0.36619548358779674,0.6789656241086535
0.36619548358779674,0.6789656241086535
0.36619548358779674,0.6789656241086535
0.36619548358779674,0.6789656241086535
0.36619548358779674,0.6789656241086535
0.36619548358779674,0.6789656241086535
0.36619548358779674,0.6789656241086535
0.36619548358779674,0.6789656241086535
0.36619548358779674,0.6789656241086535
0.36619548358779674,0.6789656241086535
0.36619548358779674,0.6789656241086535
0.36619548358779674,0.6789656241086535
0.36619548358779674,0.6789656241086535
0.36619548358779674,0.6789656241086535
0.36619548358779674,0.6789656241086535
0.36619548358779674,0.6789656241086535
0.36619548358779674,0.6789656241086535
0.36619548358779674,0.6789656241086535
0.36619548358779674,0.6789656241086535
0.36619548358779674,0.6789656241086535
0.36619548358779674,0.6789656241086535
0.36619548358779674,0.6789656241086535
0.36619548358779674,0.6789656241086535
0.36619548358779674,0.6789656241086535
0.36619548358779674,0.6789656241086535
0.36619548358779674,0.6789656241086535
0.36619548358779674,0.6789656241086535
0.36619548358779674,0.6789656241086535
0.36619548358779674,0.6789656241086535
0.36619548358779674,0.6789656241086535
