2.0,2.0
2.6228222005809974,2.6730136954671915
2.8516730834017974,1.9249600405763272
2.8516730834017974,1.9249600405763272
3.2697167108838157,3.2542459528341023
2.005786125821647,2.907447819523253
2.005786125821647,2.907447819523253
3.3989956120993687,3.6475892585022596
2.797620388069368,3.516234931015837
2.797620388069368,3.516234931015837
2.797620388069368,3.516234931015837
2.797620388069368,3.516234931015837
2.797620388069368,3.516234931015837
1.4310581959614912,3.1921826993658224
1.4310581959614912,3.1921826993658224
3.367546395614304,3.167576732638345
3.367546395614304,3.167576732638345
3.367546395614304,3.167576732638345
3.367546395614304,3.167576732638345
3.367546395614304,3.167576732638345
3.367546395614304,3.167576732638345
3.367546395614304,3.167576732638345
3.367546395614304,3.167576732638345
3.0880244437237003,1.9427684502836167
3.0880244437237003,1.9427684502836167
3.0880244437237003,1.9427684502836167
1.0309562611512635,3.25836290024797
1.0309562611512635,3.25836290024797
2.6323320363647262,3.9525864186177766
2.6323320363647262,3.9525864186177766
2.6323320363647262,3.9525864186177766
2.6323320363647262,3.9525864186177766
2.6323320363647262,3.9525864186177766
2.6323320363647262,3.9525864186177766
2.6323320363647262,3.9525864186177766
1.7485751621046566,2.277683512427662
1.7485751621046566,2.277683512427662
1.7485751621046566,2.277683512427662
1.7485751621046566,2.277683512427662
1.7485751621046566,2.277683512427662
1.7485751621046566,2.277683512427662
1.8276914548090453,2.064002551050848
1.8276914548090453,2.064002551050848
1.8276914548090453,2.064002551050848
1.8276914548090453,2.064002551050848
1.8276914548090453,2.064002551050848
1.8276914548090453,2.064002551050848
1.8276914548090453,2.064002551050848
1.8276914548090453,2.064002551050848
1.8276914548090453,2.064002551050848
3.6005143702671054,1.830978377823886
3.6005143702671054,1.830978377823886
3.6005143702671054,1.830978377823886
3.6005143702671054,1.830978377823886
3.6005143702671054,1.830978377823886
3.000186675979117,1.1778772483643873
3.000186675979117,1.1778772483643873
3.000186675979117,1.1778772483643873
3.000186675979117,1.1778772483643873
3.000186675979117,1.1778772483643873
3.000186675979117,1.1778772483643873
3.000186675979117,1.1778772483643873
3.000186675979117,1.1778772483643873
3.000186675979117,1.1778772483643873
3.000186675979117,1.1778772483643873
0.2212703344397502,3.2306907675245418
0.2212703344397502,3.2306907675245418
0.00129829941238091,3.7785442872115
0.00129829941238091,3.7785442872115
0.26144902684728333,2.5413518532401658
0.26144902684728333,2.5413518532401658
2.6717476447552717,3.0284118649657117
2.6717476447552717,3.0284118649657117
2.6717476447552717,3.0284118649657117
2.6717476447552717,3.0284118649657117
2.6717476447552717,3.0284118649657117
2.6717476447552717,3.0284118649657117
2.6717476447552717,3.0284118649657117
2.6717476447552717,3.0284118649657117
2.6717476447552717,3.0284118649657117
2.6717476447552717,3.0284118649657117
2.6717476447552717,3.0284118649657117
2.6717476447552717,3.0284118649657117
2.6717476447552717,3.0284118649657117
2.6717476447552717,3.0284118649657117
2.6717476447552717,3.0284118649657117
2.6717476447552717,3.0284118649657117
2.6717476447552717,3.0284118649657117
2.6717476447552717,3.0284118649657117
2.6717476447552717,3.0284118649657117
2.6717476447552717,3.0284118649657117
2.6717476447552717,3.0284118649657117
2.6717476447552717,3.0284118649657117
2.6717476447552717,3.0284118649657117
2.6717476447552717,3.0284118649657117
2.6717476447552717,3.0284118649657117
2.5210755030202687,1.9646037169946373
2.5210755030202687,1.9646037169946373
2.5210755030202687,1.9646037169946373
2.5210755030202687,1.9646037169946373
2.5210755030202687,1.9646037169946373
2.5210755030202687,1.9646037169946373
2.5210755030202687,1.9646037169946373
2.5210755030202687,1.9646037169946373
2.5210755030202687,1.9646037169946373
2.5210755030202687,1.9646037169946373
2.5210755030202687,1.9646037169946373
2.5210755030202687,1.9646037169946373
2.5210755030202687,1.9646037169946373
2.5210755030202687,1.9646037169946373
2.5210755030202687,1.9646037169946373
2.5210755030202687,1.9646037169946373
2.5210755030202687,1.9646037169946373
2.5210755030202687,1.9646037169946373
2.5210755030202687,1.9646037169946373
2.5210755030202687,1.9646037169946373
2.5210755030202687,1.9646037169946373
2.5210755030202687,1.9646037169946373
2.5210755030202687,1.9646037169946373
2.5210755030202687,1.9646037169946373
2.5210755030202687,1.9646037169946373
2.5210755030202687,1.9646037169946373
2.5210755030202687,1.9646037169946373
2.5210755030202687,1.9646037169946373
2.5210755030202687,1.9646037169946373
2.5210755030202687,1.9646037169946373
2.5210755030202687,1.9646037169946373
2.5210755030202687,1.9646037169946373
1.5103421219165614,2.4383211747558877
1.5103421219165614,2.4383211747558877
1.5103421219165614,2.4383211747558877
1.5103421219165614,2.4383211747558877
1.5103421219165614,2.4383211747558877
1.5103421219165614,2.4383211747558877
1.5103421219165614,2.4383211747558877
1.5103421219165614,2.4383211747558877
1.5103421219165614,2.4383211747558877
1.5103421219165614,2.4383211747558877
1.5103421219165614,2.4383211747558877
1.5103421219165614,2.4383211747558877
1.5103421219165614,2.4383211747558877
1.5103421219165614,2.4383211747558877
1.5103421219165614,2.4383211747558877
1.5103421219165614,2.4383211747558877
1.5103421219165614,2.4383211747558877
1.5103421219165614,2.4383211747558877
1.5103421219165614,2.4383211747558877
1.5103421219165614,2.4383211747558877
1.5103421219165614,2.4383211747558877
1.5103421219165614,2.4383211747558877
2.5483649700183717,0.7386242795408551
2.5483649700183717,0.7386242795408551
2.5483649700183717,0.7386242795408551
2.5483649700183717,0.7386242795408551
2.5483649700183717,0.7386242795408551
2.5483649700183717,0.7386242795408551
2.5483649700183717,0.7386242795408551
2.5483649700183717,0.7386242795408551
2.5483649700183717,0.7386242795408551
2.5483649700183717,0.7386242795408551
2.115493157977562,2.1054783679390767
2.115493157977562,2.1054783679390767
2.115493157977562,2.1054783679390767
2.115493157977562,2.1054783679390767
2.115493157977562,2.1054783679390767
2.115493157977562,2.1054783679390767
2.115493157977562,2.1054783679390767
2.115493157977562,2.1054783679390767
2.115493157977562,2.1054783679390767
2.115493157977562,2.1054783679390767
2.115493157977562,2.1054783679390767
2.115493157977562,2.1054783679390767
2.115493157977562,2.1054783679390767
2.115493157977562,2.1054783679390767
2.115493157977562,2.1054783679390767
2.115493157977562,2.1054783679390767
2.115493157977562,2.1054783679390767
2.115493157977562,2.1054783679390767
2.115493157977562,2.1054783679390767
2.115493157977562,2.1054783679390767
2.115493157977562,2.1054783679390767
2.115493157977562,2.1054783679390767
2.115493157977562,2.1054783679390767
2.115493157977562,2.1054783679390767
2.115493157977562,2.1054783679390767
2.115493157977562,2.1054783679390767
2.115493157977562,2.1054783679390767
2.115493157977562,2.1054783679390767
2.115493157977562,2.1054783679390767
2.115493157977562,2.1054783679390767
2.115493157977562,2.1054783679390767
2.115493157977562,2.1054783679390767
2.115493157977562,2.1054783679390767
2.115493157977562,2.1054783679390767
2.115493157977562,2.1054783679390767
2.115493157977562,2.1054783679390767
2.115493157977562,2.1054783679390767
2.115493157977562,2.1054783679390767
2.115493157977562,2.1054783679390767
2.115493157977562,2.1054783679390767
2.115493157977562,2.1054783679390767
2.115493157977562,2.1054783679390767
2.115493157977562,2.1054783679390767
2.115493157977562,2.1054783679390767
2.115493157977562,2.1054783679390767
2.115493157977562,2.1054783679390767
2.115493157977562,2.1054783679390767
2.115493157977562,2.1054783679390767
2.115493157977562,2.1054783679390767
2.115493157977562,2.1054783679390767
2.115493157977562,2.1054783679390767
2.115493157977562,2.1054783679390767
2.115493157977562,2.1054783679390767
2.115493157977562,2.1054783679390767
2.115493157977562,2.1054783679390767
2.115493157977562,2.1054783679390767
2.115493157977562,2.1054783679390767
2.115493157977562,2.1054783679390767
2.115493157977562,2.1054783679390767
2.115493157977562,2.1054783679390767
2.115493157977562,2.1054783679390767
2.115493157977562,2.1054783679390767
2.115493157977562,2.1054783679390767
2.115493157977562,2.1054783679390767
2.115493157977562,2.1054783679390767
2.115493157977562,2.1054783679390767
2.115493157977562,2.1054783679390767
2.115493157977562,2.1054783679390767
2.115493157977562,2.1054783679390767
2.115493157977562,2.1054783679390767
2.115493157977562,2.1054783679390767
2.115493157977562,2.1054783679390767
2.115493157977562,2.1054783679390767
2.115493157977562,2.1054783679390767
2.115493157977562,2.1054783679390767
2.115493157977562,2.1054783679390767
2.115493157977562,2.1054783679390767
2.115493157977562,2.1054783679390767
1.0272216389602424,3.444035350965615
1.0272216389602424,3.444035350965615
1.0272216389602424,3.444035350965615
1.0272216389602424,3.444035350965615
1.0272216389602424,3.444035350965615
1.0272216389602424,3.444035350965615
0.014064405270176383,2.38100303187078
0.014064405270176383,2.38100303187078
0.014064405270176383,2.38100303187078
0.014064405270176383,2.38100303187078
3.5565064688503605,1.607108282274595
3.5565064688503605,1.607108282274595
3.5565064688503605,1.607108282274595
3.5565064688503605,1.607108282274595
3.5565064688503605,1.607108282274595
3.5565064688503605,1.607108282274595
3.5565064688503605,1.607108282274595
3.5565064688503605,1.607108282274595
3.5565064688503605,1.607108282274595
3.5565064688503605,1.607108282274595
3.5565064688503605,1.607108282274595
3.5565064688503605,1.607108282274595
3.5565064688503605,1.607108282274595
3.5565064688503605,1.607108282274595
3.5565064688503605,1.607108282274595
3.5565064688503605,1.607108282274595
3.5565064688503605,1.607108282274595
3.5565064688503605,1.607108282274595
3.5565064688503605,1.607108282274595
3.5565064688503605,1.607108282274595
1.2679206826843745,2.851680296453637
1.2679206826843745,2.851680296453637
1.2679206826843745,2.851680296453637
1.2679206826843745,2.851680296453637
1.2679206826843745,2.851680296453637
1.2679206826843745,2.851680296453637
1.2679206826843745,2.851680296453637
1.2679206826843745,2.851680296453637
1.2679206826843745,2.851680296453637
1.2679206826843745,2.851680296453637
1.2679206826843745,2.851680296453637
1.2679206826843745,2.851680296453637
1.2679206826843745,2.851680296453637
1.2679206826843745,2.851680296453637
1.2679206826843745,2.851680296453637
1.2679206826843745,2.851680296453637
1.2679206826843745,2.851680296453637
1.2679206826843745,2.851680296453637
1.2679206826843745,2.851680296453637
1.2679206826843745,2.851680296453637
1.2679206826843745,2.851680296453637
1.2679206826843745,2.851680296453637
1.2679206826843745,2.851680296453637
1.2679206826843745,2.851680296453637
1.2679206826843745,2.851680296453637
1.2679206826843745,2.851680296453637
1.2679206826843745,2.851680296453637
1.2679206826843745,2.851680296453637
1.2679206826843745,2.851680296453637
1.2679206826843745,2.851680296453637
1.2679206826843745,2.851680296453637
1.2679206826843745,2.851680296453637
1.2679206826843745,2.851680296453637
1.2679206826843745,2.851680296453637
1.2679206826843745,2.851680296453637
1.2679206826843745,2.851680296453637
1.2679206826843745,2.851680296453637
1.2679206826843745,2.851680296453637
1.2679206826843745,2.851680296453637
1.2679206826843745,2.851680296453637
1.2679206826843745,2.851680296453637
1.2679206826843745,2.851680296453637
1.2679206826843745,2.851680296453637
1.2679206826843745,2.851680296453637
1.2679206826843745,2.851680296453637
1.2679206826843745,2.851680296453637
1.2679206826843745,2.851680296453637
1.2679206826843745,2.851680296453637
1.2679206826843745,2.851680296453637
