2.0,2.0
1.3681680575726767,2.1478425951307614
0.5686578653930034,1.8822503198424605
1.5879869946595635,2.6634190799501343
0.1378107840722751,1.134836311261973
0.9850463263555187,2.4375426436018555
2.6818399597225935,2.574469195712446
1.0636980792106892,0.9231898334765276
1.1100819917758362,0.9317917753017864
3.091599001231244,2.2860865137433475
3.433387392724087,3.0278658769859708
0.9707216682749951,1.340729343443714
1.0133521276372033,1.4621649778468355
2.0193722798370195,1.5217036977525247
3.7084146714473247,2.7111003021638647
1.1637601665724597,2.0609903834664776
3.6366042294696976,3.2515705847058345
1.29748117318739,0.1841082095651747
2.1649843825450876,1.716481191372261
1.6236633891126,0.7470192682183625
3.6075189566016093,3.9162205709833784
2.750108144378276,2.606826925044601
1.5937971974915497,2.514737305113041
0.6717316287142032,1.0432042857367771
1.4378839649030395,2.1431957201679204
3.78626435369476,3.282296024023072
3.8273970480029,3.781935964887915
3.8936013053905487,3.4404157426654685
2.6189239105423323,3.9803355205525923
1.3076739335559555,1.611235098174281
2.6161864033021494,3.6824773212296082
3.131526918154638,3.2309312594849784
2.9140609583678385,1.061602965524489
3.2703616072895145,3.8292196535004273
0.2031954937367768,2.188782247022455
3.435629990221563,1.27176124351034
2.892541421751118,3.0421302012638405
1.039892474951761,1.4601975009658346
1.789832898592174,3.7254520355522702
2.0795394842626647,1.8328917865366896
0.1977562331566558,0.731539605005429
2.6095791207872967,3.702760751174614
2.045578329335831,0.8445321755853441
0.8486062551550857,0.9740205996858098
1.4260023547397878,3.858665294492384
0.7942514649178758,2.3085334380172147
2.2162623742816296,2.599880177238237
1.586578034800009,2.108666568931012
2.4363590085776363,3.513291568904998
2.494324703565474,0.41479789083696605
2.7512665733540875,1.667355117676375
3.324386492391684,1.4589106735942416
3.492982006265949,1.0691059246113146
3.4741384305713807,1.6531142642535825
0.03850520052393547,1.5118702825328647
2.2083778026114347,0.9897995695836181
1.3240929266912995,0.29213108747471095
3.0142308108409916,3.4950083458483805
0.9274497668702391,3.485846870156811
1.039163985088008,1.33206248791626
0.5554536925776095,3.4542207644905867
1.8238890819123772,3.3662182790088075
1.7000730059905784,2.6731342232778452
0.09023339294982557,2.041301315245448
2.2062248621796305,2.230517267295502
1.7172604785806347,3.419750064201371
3.90301426054124,2.409930676089516
1.94057533000881,2.9415343216979783
2.2197505124400494,3.0934080294319117
0.7917432469884247,1.0694904789425448
2.055249607799194,0.9489780927905129
2.0486840475960038,1.8575438210264177
3.57558851624903,1.583833144956861
3.9365527598200822,2.101229746626226
0.5280720165519601,2.3788648533988406
0.8967007610011701,1.5556876603828913
0.5315349982111925,2.2253810001865135
0.6436981232145853,1.2155470593282343
2.843074552671959,2.9090081906952654
1.7879127798126602,2.086832678427074
3.567093167751589,3.4789463942203542
2.2676368972107923,1.2903731680194332
3.7337814051111695,1.9671675545790173
2.762256846756749,1.0973957539560724
3.5301403291433973,3.673397543434112
3.0402237501696567,0.20045739746661884
3.0178435143499813,0.8855221324881768
0.3795202772278099,3.3409595539101824
3.7921740622757474,3.8067945129688856
0.11954745270245937,1.6085531122202625
2.4232302481958325,0.34395599932169363
0.6856358014091319,0.3808104386983824
2.1987936259862715,3.329240562304338
1.2473216786870527,1.9694062288154601
1.211026273448828,0.8426314191529745
1.8481381429784536,1.8374030774561505
2.7737778828311472,0.28699707635201976
3.2339329228885894,1.1967759159582552
2.5807273490356337,0.71041790136707
2.6361751090990952,2.8751326489757485
0.5228740328793213,3.5170244641848316
2.128077019254025,1.424935171251693
1.6507914830460186,2.0518342247234753
3.5651490532085273,0.6321781550806298
1.4213597441704406,0.10330891646801055
2.100578916066003,1.0811413519463398
1.775265793861299,2.5564296830977207
3.657048236182495,2.3610912333875134
0.7332385084059707,2.1286758004693307
3.8897524792690885,1.524244428997875
2.522670562467136,2.0010258943300885
2.00516187685762,2.629393622698097
1.352149828138442,0.8235701666339348
2.6400859951179263,0.2788042541039677
0.09266306602332319,2.3033248531564046
2.2113754504341347,1.5848003882154824
1.4988536135574564,3.08396182148055
1.749645978523624,3.7140404330014767
2.7160684225481155,1.0445629876247233
2.4547789919024017,2.126931983754108
1.1108507734428223,1.4181365580170024
3.6986957321915708,2.239927917845383
0.6346766386276337,0.21282211402072626
2.4450039847072453,2.3317529574580176
0.2404721172187254,3.4597695152616477
0.57243739675171,1.7149552125012324
0.3482313506090873,0.7578045412524399
0.15156029165342622,1.1231398930706575
2.1193251638197146,3.6898751022526795
0.7745103802368178,1.0070396850256276
1.1074401763739332,3.578613359262133
3.3886867685790287,1.1699938513397266
0.7758694504401076,3.7246479618729995
2.3048542318567944,0.6193461718639539
1.3724031655412232,1.6603517047827285
2.7301125716826666,0.5720642436431871
1.5874951002091815,3.3423449331589374
0.9617596355569531,0.8661275690463479
0.9657060644760711,2.413954997562194
2.342819387077526,1.4580018737236107
1.5613272374178493,2.2580678948025152
0.5229404467715808,3.238078007762853
1.3334892709323327,0.9423369469591338
1.8811036266492813,3.458978554419814
2.298275392570384,1.5095089251181952
2.383530309180428,2.9160699425320824
0.6017526626471228,2.2037727498232305
2.0728048474462266,1.9572826893717705
1.13099073902193,3.585896297592456
2.1597356833892154,0.25058674441361894
2.3251219957644804,1.4201893857779107
2.7149888053727156,3.039560899959967
2.108777973452162,3.8903176166469007
0.3823996927603073,1.555835571873418
0.8035566234209264,1.6060026896335926
2.781430817159042,3.0299128778278215
1.1190282673054264,3.9073951617880756
0.25969598141594563,3.0346152941912834
0.9899163344021105,0.24850905564435966
3.884694448546923,0.6667182838915475
0.7041259523096293,0.4341638270959973
3.6740612060550486,3.662183948448954
1.7296014937086408,3.8810926886334567
1.6465792490226665,3.105893949465522
0.6427168336066793,3.260248733720164
1.1873221906996552,1.1431468100083313
2.730994315130981,1.2746064533724946
3.8565836658264603,1.334316826791405
2.8337558696478324,2.67428158844243
2.224577556511227,0.11502657509647518
3.4870235309812005,2.232349854866245
2.6326556012932905,1.0208605316575952
0.22570427788127612,3.380955259248966
2.99775574297196,1.4988406800048404
3.8484117634853283,0.1665698139938807
0.1269252975278996,2.68792781478392
0.05500743457005619,1.652769667600071
3.0683138351061277,0.6630941957099599
2.7409703089639463,2.4601178246653133
2.4715992854457163,3.918530233457334
2.5844404483072427,2.8201634432254123
0.5364631728758478,3.104925737885581
2.542015019097999,1.0965570527870936
2.746769408226666,0.4157789221877093
1.7550349821087758,2.6900014973923696
3.147297725371471,1.1941755161344623
1.833581314390723,2.786598603970319
2.6424402649354928,1.5277795449056915
0.12991423890396225,0.5936433916282113
3.846358947639728,1.6291633769477785
2.0639973892437196,2.2638855353853518
1.963048600603495,3.633403768174835
0.0013806545564958306,0.479023286637525
2.9959417315768833,0.6156984499001212
3.5657302306008054,1.6070774585186283
1.226023657483958,3.214588752522106
0.6424603832060609,2.5751530731917835
1.39686194358248,3.0544506040818544
1.2173279628439055,3.407741024924417
0.7007803203069982,0.2628614511353278
2.584748028314105,2.585538057711155
0.16640495909579345,2.8721429153680202
2.6941152105368764,2.2183485914662366
1.723958944344293,1.1577803539870253
2.710615400774756,1.8305989195754453
0.8770672737497645,0.1346376323333045
2.561807671661273,3.784795374130823
0.6648085115405431,2.2051241399760335
0.7715357604579784,2.798686832107105
1.5556890021321808,2.629035409568404
3.4946485735834854,2.4042395884042214
0.41952740485050155,3.4530242136845497
1.3018778596479246,0.6127013931894245
3.4466407593477983,2.2965559625603085
0.2645024939575209,0.29586020995685347
1.2341139395375849,3.512360646941977
1.4952427451782588,3.3115431030601123
2.710843668924624,2.4629585616239926
2.7173410380333793,1.975153230025326
3.2730216197271407,0.11119410095260873
3.854502576251211,2.2608730177316065
0.17951871214694393,2.8367204010130713
1.5094197752732978,0.1680589455876973
0.35793105747419096,0.10737470992986076
1.143707233128079,3.1180852024345125
3.546553693448654,3.8976937353848395
1.6793907782048314,2.800755022297812
1.5300396421144944,2.7697695748089832
1.3698439750877847,0.006292672398114263
1.2941242160851916,0.1881773838503329
0.406927362482572,0.9303175950944946
1.5180374054631085,2.1789019677188195
2.839942276728868,2.667299158715334
0.7607239767898024,2.694976267598261
2.6282493189166805,0.6606151112119236
0.7786594001112093,1.4991837858529502
2.7343308241146436,2.531869184566945
3.1221271240640607,0.17450894817746665
2.876354304770171,2.4477999407732627
0.25930850786024706,0.03774412173028807
1.937957625087468,1.4665334787392532
2.4861714278354685,0.2566791802765387
2.6448020512156165,1.7688025460766221
3.0568021020949554,2.9855347340044633
2.478231255407108,1.082331606373995
1.983647870796939,0.22115758314725786
1.11115062407992,2.722431589667762
2.472269928079151,0.6345122544446338
1.1697613273388243,1.0071011254404603
1.7779768938651008,3.09220260668537
2.8941157084386564,0.8312055920018824
0.8901197735447579,3.4653714855818762
1.8937246079257402,1.4304756680551156
1.127583630577695,0.06789501081830718
1.3382278427465653,1.2446712827388517
1.2602069619863272,0.951578993931343
1.9118930702705152,3.510863387330924
2.439157096791516,0.31076847389958395
2.991114189393868,1.940790311557656
2.2812595252422128,0.0768944952617896
3.0104044647372032,2.3461162465282914
3.231754562610996,3.765774917470441
0.06791231526355457,2.664243935143066
1.2149366446021164,3.41414090551655
1.6348549545716922,0.2369893960963898
3.000649856490403,3.296490747764648
1.0276240163095585,1.0659174683378225
1.909777237402074,1.8429416513848187
1.0072602332355811,3.924439990134838
2.8924696542393833,3.1383735295895154
0.6998393386487907,2.6322914767163663
2.7544285392434884,1.4537055505929732
3.01619851866479,1.7661193888544195
1.1571309050352458,3.5238723267061793
3.3218958252700403,2.345239889892756
0.3162897357549559,2.940797970418296
0.6512352417126355,0.9180715166385207
0.6032196349607295,3.7864938975214453
0.7851084199027665,2.64867964228422
2.385027493715514,1.7301009886811438
