2.0,2.0
1.9009132632243197,1.9633321733060165
2.7434183029618695,2.0201031312243485
2.7434183029618695,2.0201031312243485
1.927812590057652,2.260585788169038
1.927812590057652,2.260585788169038
1.927812590057652,2.260585788169038
1.927812590057652,2.260585788169038
2.7201840460271844,1.9269315794852093
2.7201840460271844,1.9269315794852093
2.7201840460271844,1.9269315794852093
2.7201840460271844,1.9269315794852093
2.7201840460271844,1.9269315794852093
2.7201840460271844,1.9269315794852093
2.7201840460271844,1.9269315794852093
2.7201840460271844,1.9269315794852093
3.2653486220838066,2.341476050596692
3.2653486220838066,2.341476050596692
3.2653486220838066,2.341476050596692
3.2653486220838066,2.341476050596692
3.2653486220838066,2.341476050596692
3.2653486220838066,2.341476050596692
3.2653486220838066,2.341476050596692
3.2653486220838066,2.341476050596692
3.2653486220838066,2.341476050596692
3.2653486220838066,2.341476050596692
3.4532223730077005,1.8799097180516418
3.4532223730077005,1.8799097180516418
3.4532223730077005,1.8799097180516418
3.4532223730077005,1.8799097180516418
3.4532223730077005,1.8799097180516418
3.4532223730077005,1.8799097180516418
3.4532223730077005,1.8799097180516418
3.4532223730077005,1.8799097180516418
3.4532223730077005,1.8799097180516418
3.4532223730077005,1.8799097180516418
3.4532223730077005,1.8799097180516418
3.4532223730077005,1.8799097180516418
3.4532223730077005,1.8799097180516418
3.4532223730077005,1.8799097180516418
3.4532223730077005,1.8799097180516418
3.4532223730077005,1.8799097180516418
3.4532223730077005,1.8799097180516418
3.4532223730077005,1.8799097180516418
3.4532223730077005,1.8799097180516418
3.4532223730077005,1.8799097180516418
1.0741005068380258,2.414102451418857
1.0741005068380258,2.414102451418857
1.0741005068380258,2.414102451418857
1.0741005068380258,2.414102451418857
1.0741005068380258,2.414102451418857
1.3825741333478105,2.204844524546705
1.3825741333478105,2.204844524546705
1.3825741333478105,2.204844524546705
1.3825741333478105,2.204844524546705
1.3825741333478105,2.204844524546705
1.3825741333478105,2.204844524546705
1.3825741333478105,2.204844524546705
1.3825741333478105,2.204844524546705
1.3825741333478105,2.204844524546705
1.3825741333478105,2.204844524546705
1.3825741333478105,2.204844524546705
0.3657283556103059,1.9976987065849778
0.3657283556103059,1.9976987065849778
0.3657283556103059,1.9976987065849778
0.3657283556103059,1.9976987065849778
0.3657283556103059,1.9976987065849778
2.4402069822214605,1.7664069159257574
2.4402069822214605,1.7664069159257574
2.4402069822214605,1.7664069159257574
2.4402069822214605,1.7664069159257574
2.4402069822214605,1.7664069159257574
2.4402069822214605,1.7664069159257574
2.4402069822214605,1.7664069159257574
2.4402069822214605,1.7664069159257574
2.4402069822214605,1.7664069159257574
2.4402069822214605,1.7664069159257574
2.4402069822214605,1.7664069159257574
2.4402069822214605,1.7664069159257574
2.4402069822214605,1.7664069159257574
2.4402069822214605,1.7664069159257574
2.4402069822214605,1.7664069159257574
2.4402069822214605,1.7664069159257574
3.0660142142853495,1.4409075094330315
3.0660142142853495,1.4409075094330315
3.0660142142853495,1.4409075094330315
3.0660142142853495,1.4409075094330315
3.0660142142853495,1.4409075094330315
3.0660142142853495,1.4409075094330315
3.0660142142853495,1.4409075094330315
3.0660142142853495,1.4409075094330315
3.0660142142853495,1.4409075094330315
3.0660142142853495,1.4409075094330315
3.0660142142853495,1.4409075094330315
3.0660142142853495,1.4409075094330315
3.0660142142853495,1.4409075094330315
3.0660142142853495,1.4409075094330315
3.0660142142853495,1.4409075094330315
3.0660142142853495,1.4409075094330315
3.0660142142853495,1.4409075094330315
3.0660142142853495,1.4409075094330315
3.0660142142853495,1.4409075094330315
3.0660142142853495,1.4409075094330315
3.0660142142853495,1.4409075094330315
3.0660142142853495,1.4409075094330315
3.0660142142853495,1.4409075094330315
3.0660142142853495,1.4409075094330315
3.0660142142853495,1.4409075094330315
3.0660142142853495,1.4409075094330315
3.0660142142853495,1.4409075094330315
3.0660142142853495,1.4409075094330315
3.0660142142853495,1.4409075094330315
3.0660142142853495,1.4409075094330315
3.0660142142853495,1.4409075094330315
3.0660142142853495,1.4409075094330315
3.0660142142853495,1.4409075094330315
3.0660142142853495,1.4409075094330315
3.0660142142853495,1.4409075094330315
3.0660142142853495,1.4409075094330315
3.0660142142853495,1.4409075094330315
3.0660142142853495,1.4409075094330315
3.0660142142853495,1.4409075094330315
3.0660142142853495,1.4409075094330315
3.0660142142853495,1.4409075094330315
3.0660142142853495,1.4409075094330315
3.0660142142853495,1.4409075094330315
3.0660142142853495,1.4409075094330315
3.0660142142853495,1.4409075094330315
3.0660142142853495,1.4409075094330315
3.0660142142853495,1.4409075094330315
3.0660142142853495,1.4409075094330315
3.0660142142853495,1.4409075094330315
3.0660142142853495,1.4409075094330315
3.0660142142853495,1.4409075094330315
3.0660142142853495,1.4409075094330315
3.0660142142853495,1.4409075094330315
3.0660142142853495,1.4409075094330315
3.0660142142853495,1.4409075094330315
3.0660142142853495,1.4409075094330315
1.775320790753241,3.143135220110273
1.775320790753241,3.143135220110273
1.775320790753241,3.143135220110273
1.775320790753241,3.143135220110273
1.8741466137021336,3.772647103210661
1.8741466137021336,3.772647103210661
1.8741466137021336,3.772647103210661
1.8741466137021336,3.772647103210661
1.866179731798522,1.2083049996949655
1.866179731798522,1.2083049996949655
1.866179731798522,1.2083049996949655
1.866179731798522,1.2083049996949655
1.866179731798522,1.2083049996949655
1.866179731798522,1.2083049996949655
1.866179731798522,1.2083049996949655
1.866179731798522,1.2083049996949655
1.866179731798522,1.2083049996949655
1.866179731798522,1.2083049996949655
1.866179731798522,1.2083049996949655
1.866179731798522,1.2083049996949655
1.866179731798522,1.2083049996949655
1.866179731798522,1.2083049996949655
1.866179731798522,1.2083049996949655
1.866179731798522,1.2083049996949655
1.866179731798522,1.2083049996949655
1.866179731798522,1.2083049996949655
2.786702458998381,1.822147028784674
2.786702458998381,1.822147028784674
2.786702458998381,1.822147028784674
2.786702458998381,1.822147028784674
2.786702458998381,1.822147028784674
2.786702458998381,1.822147028784674
2.786702458998381,1.822147028784674
2.786702458998381,1.822147028784674
2.786702458998381,1.822147028784674
2.786702458998381,1.822147028784674
2.786702458998381,1.822147028784674
2.786702458998381,1.822147028784674
2.786702458998381,1.822147028784674
2.786702458998381,1.822147028784674
2.786702458998381,1.822147028784674
2.786702458998381,1.822147028784674
2.786702458998381,1.822147028784674
2.786702458998381,1.822147028784674
2.786702458998381,1.822147028784674
2.786702458998381,1.822147028784674
2.786702458998381,1.822147028784674
2.786702458998381,1.822147028784674
2.786702458998381,1.822147028784674
2.786702458998381,1.822147028784674
2.786702458998381,1.822147028784674
2.786702458998381,1.822147028784674
2.786702458998381,1.822147028784674
2.786702458998381,1.822147028784674
2.786702458998381,1.822147028784674
2.786702458998381,1.822147028784674
2.786702458998381,1.822147028784674
2.786702458998381,1.822147028784674
2.786702458998381,1.822147028784674
2.786702458998381,1.822147028784674
2.786702458998381,1.822147028784674
2.786702458998381,1.822147028784674
2.786702458998381,1.822147028784674
2.786702458998381,1.822147028784674
2.786702458998381,1.822147028784674
2.786702458998381,1.822147028784674
2.786702458998381,1.822147028784674
2.786702458998381,1.822147028784674
2.786702458998381,1.822147028784674
2.786702458998381,1.822147028784674
2.786702458998381,1.822147028784674
2.786702458998381,1.822147028784674
2.786702458998381,1.822147028784674
2.786702458998381,1.822147028784674
2.786702458998381,1.822147028784674
2.786702458998381,1.822147028784674
2.786702458998381,1.822147028784674
2.786702458998381,1.822147028784674
2.786702458998381,1.822147028784674
2.786702458998381,1.822147028784674
2.786702458998381,1.822147028784674
2.786702458998381,1.822147028784674
2.786702458998381,1.822147028784674
2.786702458998381,1.822147028784674
2.786702458998381,1.822147028784674
2.786702458998381,1.822147028784674
2.786702458998381,1.822147028784674
2.786702458998381,1.822147028784674
2.786702458998381,1.822147028784674
2.786702458998381,1.822147028784674
2.786702458998381,1.822147028784674
2.786702458998381,1.822147028784674
2.786702458998381,1.822147028784674
2.786702458998381,1.822147028784674
2.786702458998381,1.822147028784674
2.786702458998381,1.822147028784674
2.786702458998381,1.822147028784674
2.786702458998381,1.822147028784674
2.786702458998381,1.822147028784674
2.786702458998381,1.822147028784674
2.786702458998381,1.822147028784674
2.786702458998381,1.822147028784674
2.786702458998381,1.822147028784674
2.786702458998381,1.822147028784674
2.786702458998381,1.822147028784674
2.786702458998381,1.822147028784674
2.786702458998381,1.822147028784674
2.786702458998381,1.822147028784674
2.786702458998381,1.822147028784674
2.786702458998381,1.822147028784674
2.786702458998381,1.822147028784674
2.786702458998381,1.822147028784674
2.786702458998381,1.822147028784674
2.786702458998381,1.822147028784674
2.786702458998381,1.822147028784674
2.786702458998381,1.822147028784674
2.786702458998381,1.822147028784674
2.786702458998381,1.822147028784674
2.786702458998381,1.822147028784674
2.786702458998381,1.822147028784674
2.786702458998381,1.822147028784674
2.786702458998381,1.822147028784674
2.786702458998381,1.822147028784674
2.786702458998381,1.822147028784674
2.786702458998381,1.822147028784674
2.786702458998381,1.822147028784674
2.786702458998381,1.822147028784674
2.786702458998381,1.822147028784674
2.786702458998381,1.822147028784674
2.786702458998381,1.822147028784674
2.786702458998381,1.822147028784674
2.786702458998381,1.822147028784674
2.786702458998381,1.822147028784674
2.786702458998381,1.822147028784674
2.786702458998381,1.822147028784674
2.786702458998381,1.822147028784674
2.786702458998381,1.822147028784674
2.786702458998381,1.822147028784674
2.786702458998381,1.822147028784674
2.786702458998381,1.822147028784674
2.786702458998381,1.822147028784674
2.786702458998381,1.822147028784674
2.786702458998381,1.822147028784674
2.786702458998381,1.822147028784674
