2.0,2.0
2.3349710190902258,2.348331610498706
1.9776560206224878,1.2302433983195353
2.862948295307403,2.2171949562664364
2.862948295307403,2.2171949562664364
2.5715648357500958,1.4445726165080433
2.5715648357500958,1.4445726165080433
2.5715648357500958,1.4445726165080433
2.5715648357500958,1.4445726165080433
2.5715648357500958,1.4445726165080433
3.582137451643923,1.9539087829759691
3.582137451643923,1.9539087829759691
3.1215849769231254,1.223576115885567
3.1215849769231254,1.223576115885567
3.1215849769231254,1.223576115885567
3.1215849769231254,1.223576115885567
3.1215849769231254,1.223576115885567
3.1215849769231254,1.223576115885567
3.1215849769231254,1.223576115885567
1.3478476702235267,2.688300856257308
2.5257052802155515,1.0982386800634498
2.5257052802155515,1.0982386800634498
2.5257052802155515,1.0982386800634498
2.5257052802155515,1.0982386800634498
2.5257052802155515,1.0982386800634498
2.5257052802155515,1.0982386800634498
2.5257052802155515,1.0982386800634498
2.5257052802155515,1.0982386800634498
2.5257052802155515,1.0982386800634498
2.5257052802155515,1.0982386800634498
2.5257052802155515,1.0982386800634498
2.5257052802155515,1.0982386800634498
2.5257052802155515,1.0982386800634498
1.3337440304271606,1.499562737830919
1.3337440304271606,1.499562737830919
2.510112687680957,0.9905964627624027
2.510112687680957,0.9905964627624027
2.510112687680957,0.9905964627624027
2.510112687680957,0.9905964627624027
2.510112687680957,0.9905964627624027
2.510112687680957,0.9905964627624027
2.510112687680957,0.9905964627624027
2.510112687680957,0.9905964627624027
2.510112687680957,0.9905964627624027
2.510112687680957,0.9905964627624027
2.510112687680957,0.9905964627624027
2.510112687680957,0.9905964627624027
2.510112687680957,0.9905964627624027
2.510112687680957,0.9905964627624027
2.510112687680957,0.9905964627624027
2.510112687680957,0.9905964627624027
2.510112687680957,0.9905964627624027
2.510112687680957,0.9905964627624027
2.510112687680957,0.9905964627624027
2.510112687680957,0.9905964627624027
2.510112687680957,0.9905964627624027
2.510112687680957,0.9905964627624027
2.510112687680957,0.9905964627624027
2.510112687680957,0.9905964627624027
2.510112687680957,0.9905964627624027
2.510112687680957,0.9905964627624027
2.0943160810422388,1.7193127337507788
2.0943160810422388,1.7193127337507788
2.0943160810422388,1.7193127337507788
2.0943160810422388,1.7193127337507788
2.0943160810422388,1.7193127337507788
2.0943160810422388,1.7193127337507788
2.0943160810422388,1.7193127337507788
2.0943160810422388,1.7193127337507788
2.0943160810422388,1.7193127337507788
2.0943160810422388,1.7193127337507788
2.0943160810422388,1.7193127337507788
2.0943160810422388,1.7193127337507788
2.0943160810422388,1.7193127337507788
2.0943160810422388,1.7193127337507788
2.0943160810422388,1.7193127337507788
2.0943160810422388,1.7193127337507788
2.0943160810422388,1.7193127337507788
2.0943160810422388,1.7193127337507788
2.0943160810422388,1.7193127337507788
2.0943160810422388,1.7193127337507788
2.0943160810422388,1.7193127337507788
2.0943160810422388,1.7193127337507788
2.0943160810422388,1.7193127337507788
2.0943160810422388,1.7193127337507788
2.0943160810422388,1.7193127337507788
2.0943160810422388,1.7193127337507788
2.0943160810422388,1.7193127337507788
2.0943160810422388,1.7193127337507788
2.0943160810422388,1.7193127337507788
2.0943160810422388,1.7193127337507788
2.0943160810422388,1.7193127337507788
2.0943160810422388,1.7193127337507788
2.0943160810422388,1.7193127337507788
2.0943160810422388,1.7193127337507788
2.0943160810422388,1.7193127337507788
2.0943160810422388,1.7193127337507788
2.0943160810422388,1.7193127337507788
2.0943160810422388,1.7193127337507788
2.0943160810422388,1.7193127337507788
2.0943160810422388,1.7193127337507788
2.0943160810422388,1.7193127337507788
2.0943160810422388,1.7193127337507788
2.0943160810422388,1.7193127337507788
2.0943160810422388,1.7193127337507788
2.0943160810422388,1.7193127337507788
2.0943160810422388,1.7193127337507788
2.0943160810422388,1.7193127337507788
2.0943160810422388,1.7193127337507788
2.0943160810422388,1.7193127337507788
2.0943160810422388,1.7193127337507788
2.0943160810422388,1.7193127337507788
2.399295248261053,1.0531505956663842
2.399295248261053,1.0531505956663842
2.399295248261053,1.0531505956663842
2.399295248261053,1.0531505956663842
2.399295248261053,1.0531505956663842
2.399295248261053,1.0531505956663842
2.399295248261053,1.0531505956663842
2.399295248261053,1.0531505956663842
2.399295248261053,1.0531505956663842
2.399295248261053,1.0531505956663842
2.399295248261053,1.0531505956663842
2.399295248261053,1.0531505956663842
2.399295248261053,1.0531505956663842
2.399295248261053,1.0531505956663842
2.399295248261053,1.0531505956663842
2.399295248261053,1.0531505956663842
2.399295248261053,1.0531505956663842
2.399295248261053,1.0531505956663842
2.399295248261053,1.0531505956663842
2.399295248261053,1.0531505956663842
2.399295248261053,1.0531505956663842
2.399295248261053,1.0531505956663842
2.399295248261053,1.0531505956663842
2.399295248261053,1.0531505956663842
2.399295248261053,1.0531505956663842
2.399295248261053,1.0531505956663842
2.399295248261053,1.0531505956663842
2.399295248261053,1.0531505956663842
2.399295248261053,1.0531505956663842
2.399295248261053,1.0531505956663842
2.399295248261053,1.0531505956663842
2.399295248261053,1.0531505956663842
2.399295248261053,1.0531505956663842
2.399295248261053,1.0531505956663842
2.399295248261053,1.0531505956663842
2.399295248261053,1.0531505956663842
2.399295248261053,1.0531505956663842
2.399295248261053,1.0531505956663842
2.399295248261053,1.0531505956663842
2.399295248261053,1.0531505956663842
2.399295248261053,1.0531505956663842
2.399295248261053,1.0531505956663842
2.399295248261053,1.0531505956663842
2.399295248261053,1.0531505956663842
2.399295248261053,1.0531505956663842
2.399295248261053,1.0531505956663842
2.399295248261053,1.0531505956663842
2.399295248261053,1.0531505956663842
2.399295248261053,1.0531505956663842
2.399295248261053,1.0531505956663842
2.399295248261053,1.0531505956663842
2.399295248261053,1.0531505956663842
2.399295248261053,1.0531505956663842
2.399295248261053,1.0531505956663842
2.399295248261053,1.0531505956663842
2.399295248261053,1.0531505956663842
2.399295248261053,1.0531505956663842
2.399295248261053,1.0531505956663842
2.399295248261053,1.0531505956663842
2.399295248261053,1.0531505956663842
2.399295248261053,1.0531505956663842
2.399295248261053,1.0531505956663842
2.399295248261053,1.0531505956663842
2.399295248261053,1.0531505956663842
2.399295248261053,1.0531505956663842
2.399295248261053,1.0531505956663842
2.399295248261053,1.0531505956663842
2.399295248261053,1.0531505956663842
2.399295248261053,1.0531505956663842
2.399295248261053,1.0531505956663842
2.399295248261053,1.0531505956663842
2.399295248261053,1.0531505956663842
2.399295248261053,1.0531505956663842
2.399295248261053,1.0531505956663842
2.399295248261053,1.0531505956663842
2.399295248261053,1.0531505956663842
2.399295248261053,1.0531505956663842
2.399295248261053,1.0531505956663842
2.399295248261053,1.0531505956663842
2.399295248261053,1.0531505956663842
2.399295248261053,1.0531505956663842
2.399295248261053,1.0531505956663842
2.399295248261053,1.0531505956663842
2.399295248261053,1.0531505956663842
2.399295248261053,1.0531505956663842
2.399295248261053,1.0531505956663842
2.399295248261053,1.0531505956663842
2.399295248261053,1.0531505956663842
2.399295248261053,1.0531505956663842
2.399295248261053,1.0531505956663842
2.399295248261053,1.0531505956663842
2.399295248261053,1.0531505956663842
2.399295248261053,1.0531505956663842
2.399295248261053,1.0531505956663842
2.399295248261053,1.0531505956663842
2.399295248261053,1.0531505956663842
2.399295248261053,1.0531505956663842
2.399295248261053,1.0531505956663842
2.399295248261053,1.0531505956663842
2.399295248261053,1.0531505956663842
2.399295248261053,1.0531505956663842
2.399295248261053,1.0531505956663842
2.399295248261053,1.0531505956663842
1.2578392930611728,1.7453366902501237
1.2578392930611728,1.7453366902501237
1.2578392930611728,1.7453366902501237
1.2578392930611728,1.7453366902501237
1.2578392930611728,1.7453366902501237
1.2578392930611728,1.7453366902501237
1.2578392930611728,1.7453366902501237
1.2578392930611728,1.7453366902501237
1.2578392930611728,1.7453366902501237
1.2578392930611728,1.7453366902501237
1.2578392930611728,1.7453366902501237
1.2578392930611728,1.7453366902501237
1.2578392930611728,1.7453366902501237
1.2578392930611728,1.7453366902501237
1.2578392930611728,1.7453366902501237
1.2578392930611728,1.7453366902501237
1.2578392930611728,1.7453366902501237
1.2578392930611728,1.7453366902501237
1.2578392930611728,1.7453366902501237
1.2578392930611728,1.7453366902501237
1.2578392930611728,1.7453366902501237
1.2578392930611728,1.7453366902501237
1.2578392930611728,1.7453366902501237
1.2578392930611728,1.7453366902501237
1.2578392930611728,1.7453366902501237
1.2578392930611728,1.7453366902501237
1.2578392930611728,1.7453366902501237
1.2578392930611728,1.7453366902501237
1.2578392930611728,1.7453366902501237
1.2578392930611728,1.7453366902501237
1.2578392930611728,1.7453366902501237
1.2578392930611728,1.7453366902501237
1.2578392930611728,1.7453366902501237
1.2578392930611728,1.7453366902501237
1.2578392930611728,1.7453366902501237
1.2578392930611728,1.7453366902501237
1.2578392930611728,1.7453366902501237
1.2578392930611728,1.7453366902501237
1.2578392930611728,1.7453366902501237
1.2578392930611728,1.7453366902501237
1.2578392930611728,1.7453366902501237
1.2578392930611728,1.7453366902501237
1.2578392930611728,1.7453366902501237
1.2578392930611728,1.7453366902501237
1.2578392930611728,1.7453366902501237
1.2578392930611728,1.7453366902501237
1.2578392930611728,1.7453366902501237
1.2578392930611728,1.7453366902501237
1.2578392930611728,1.7453366902501237
1.2578392930611728,1.7453366902501237
1.2578392930611728,1.7453366902501237
1.2578392930611728,1.7453366902501237
1.2578392930611728,1.7453366902501237
1.2578392930611728,1.7453366902501237
1.2578392930611728,1.7453366902501237
1.2578392930611728,1.7453366902501237
3.1793079790347902,1.342066028257014
3.1793079790347902,1.342066028257014
3.1793079790347902,1.342066028257014
3.1793079790347902,1.342066028257014
3.1793079790347902,1.342066028257014
3.1793079790347902,1.342066028257014
3.1793079790347902,1.342066028257014
3.1793079790347902,1.342066028257014
3.1793079790347902,1.342066028257014
3.1793079790347902,1.342066028257014
3.1793079790347902,1.342066028257014
3.1793079790347902,1.342066028257014
3.1793079790347902,1.342066028257014
3.1793079790347902,1.342066028257014
3.1793079790347902,1.342066028257014
3.1793079790347902,1.342066028257014
3.1793079790347902,1.342066028257014
3.1793079790347902,1.342066028257014
3.1793079790347902,1.342066028257014
3.1793079790347902,1.342066028257014
3.1793079790347902,1.342066028257014
3.1793079790347902,1.342066028257014
3.1793079790347902,1.342066028257014
3.1793079790347902,1.342066028257014
3.1793079790347902,1.342066028257014
3.1793079790347902,1.342066028257014
3.1793079790347902,1.342066028257014
3.1793079790347902,1.342066028257014
3.1793079790347902,1.342066028257014
3.1793079790347902,1.342066028257014
3.1793079790347902,1.342066028257014
3.1793079790347902,1.342066028257014
3.1793079790347902,1.342066028257014
3.1793079790347902,1.342066028257014
3.1793079790347902,1.342066028257014
3.1793079790347902,1.342066028257014
3.1793079790347902,1.342066028257014
3.1793079790347902,1.342066028257014
3.1793079790347902,1.342066028257014
3.1793079790347902,1.342066028257014
3.1793079790347902,1.342066028257014
3.1793079790347902,1.342066028257014
3.1793079790347902,1.342066028257014
3.1793079790347902,1.342066028257014
3.1793079790347902,1.342066028257014
3.1793079790347902,1.342066028257014
3.1793079790347902,1.342066028257014
3.1793079790347902,1.342066028257014
3.1793079790347902,1.342066028257014
3.1793079790347902,1.342066028257014
3.1793079790347902,1.342066028257014
3.1793079790347902,1.342066028257014
3.1793079790347902,1.342066028257014
3.1793079790347902,1.342066028257014
3.1793079790347902,1.342066028257014
3.1793079790347902,1.342066028257014
3.1793079790347902,1.342066028257014
3.1793079790347902,1.342066028257014
3.1793079790347902,1.342066028257014
3.1793079790347902,1.342066028257014
3.1793079790347902,1.342066028257014
3.1793079790347902,1.342066028257014
3.1793079790347902,1.342066028257014
3.1793079790347902,1.342066028257014
3.1793079790347902,1.342066028257014
3.1793079790347902,1.342066028257014
3.1793079790347902,1.342066028257014
3.1793079790347902,1.342066028257014
3.1793079790347902,1.342066028257014
3.1793079790347902,1.342066028257014
3.1793079790347902,1.342066028257014
3.1793079790347902,1.342066028257014
3.1793079790347902,1.342066028257014
3.1793079790347902,1.342066028257014
3.1793079790347902,1.342066028257014
3.1793079790347902,1.342066028257014
3.1793079790347902,1.342066028257014
3.1793079790347902,1.342066028257014
3.1793079790347902,1.342066028257014
3.1793079790347902,1.342066028257014
3.1793079790347902,1.342066028257014
3.1793079790347902,1.342066028257014
3.1793079790347902,1.342066028257014
3.1793079790347902,1.342066028257014
3.1793079790347902,1.342066028257014
3.1793079790347902,1.342066028257014
3.1793079790347902,1.342066028257014
3.1793079790347902,1.342066028257014
3.1793079790347902,1.342066028257014
3.1793079790347902,1.342066028257014
3.1793079790347902,1.342066028257014
3.1793079790347902,1.342066028257014
3.1793079790347902,1.342066028257014
3.1793079790347902,1.342066028257014
3.1793079790347902,1.342066028257014
3.1793079790347902,1.342066028257014
3.1793079790347902,1.342066028257014
3.1793079790347902,1.342066028257014
3.1793079790347902,1.342066028257014
3.1793079790347902,1.342066028257014
3.1793079790347902,1.342066028257014
3.1793079790347902,1.342066028257014
3.1793079790347902,1.342066028257014
3.1793079790347902,1.342066028257014
3.1793079790347902,1.342066028257014
3.1793079790347902,1.342066028257014
3.1793079790347902,1.342066028257014
3.1793079790347902,1.342066028257014
3.1793079790347902,1.342066028257014
3.1793079790347902,1.342066028257014
3.1793079790347902,1.342066028257014
3.1793079790347902,1.342066028257014
3.1793079790347902,1.342066028257014
3.1793079790347902,1.342066028257014
3.1793079790347902,1.342066028257014
3.1793079790347902,1.342066028257014
3.1793079790347902,1.342066028257014
3.1793079790347902,1.342066028257014
3.1793079790347902,1.342066028257014
3.1793079790347902,1.342066028257014
3.1793079790347902,1.342066028257014
3.1793079790347902,1.342066028257014
3.1793079790347902,1.342066028257014
3.1793079790347902,1.342066028257014
3.1793079790347902,1.342066028257014
3.1793079790347902,1.342066028257014
3.1793079790347902,1.342066028257014
3.1793079790347902,1.342066028257014
3.1793079790347902,1.342066028257014
3.1793079790347902,1.342066028257014
3.1793079790347902,1.342066028257014
3.1793079790347902,1.342066028257014
3.1793079790347902,1.342066028257014
3.1793079790347902,1.342066028257014
3.1793079790347902,1.342066028257014
3.1793079790347902,1.342066028257014
3.1793079790347902,1.342066028257014
3.1793079790347902,1.342066028257014
3.1793079790347902,1.342066028257014
3.1793079790347902,1.342066028257014
3.1793079790347902,1.342066028257014
3.1793079790347902,1.342066028257014
3.1793079790347902,1.342066028257014
3.1793079790347902,1.342066028257014
3.1793079790347902,1.342066028257014
3.1793079790347902,1.342066028257014
3.1793079790347902,1.342066028257014
3.1793079790347902,1.342066028257014
3.1793079790347902,1.342066028257014
3.1793079790347902,1.342066028257014
3.1793079790347902,1.342066028257014
3.1793079790347902,1.342066028257014
3.1793079790347902,1.342066028257014
3.1793079790347902,1.342066028257014
3.1793079790347902,1.342066028257014
3.1793079790347902,1.342066028257014
3.1793079790347902,1.342066028257014
3.1793079790347902,1.342066028257014
