2.0,2.0
1.8100437457968717,2.335351451243169
1.1917012834003944,2.46009936280926
2.478270544223981,2.359898015355533
0.9287418672838439,2.29651669699241
0.5634080205671497,2.1055077284820367
2.110179709979657,2.031739779966447
1.200553760294599,2.1695210585889746
1.304176632553879,3.205305794166146
0.7233271184693453,2.88555936274346
0.10310574302119324,1.6963929971647311
1.4160548685208934,3.57496373634902
2.196753695634154,2.3506820176070997
2.394519396280147,3.0595657003470325
1.9846843497615274,3.9370449159688468
3.046669497642906,2.931248451328218
3.8266562777790525,3.461316682847468
2.572281715253557,1.9032561869658284
1.9381827516360026,3.2324324527379007
3.0362564875322526,2.1279159254608224
2.5105796569208993,3.733510936852564
2.3293185643314858,0.9727579576353351
0.5453484058169682,2.843959796989496
1.2682883400064724,1.325052866047022
1.4093372848069277,2.8299916901919238
1.4153567157303777,2.5768758716557216
1.4341032394757303,3.3797827821878847
2.868909523743246,0.5065214232772401
0.6558962656436997,2.9404065422088608
1.1897787368687176,1.667432797419293
1.4878333607065177,1.1723120257663253
3.376966496725443,0.20848068899180383
0.6271640393329312,2.96369973259348
3.499300310384722,0.9377854808026655
0.9844447195054511,2.2234068616777622
2.0275472507865357,2.7294585686995205
1.5325835234369753,2.173017117106115
1.619753940698978,3.5676960641997977
3.5555085185830055,0.4701279648124248
3.6606582537374988,1.1548388451312106
0.7363187647551181,3.302172791680634
0.45747010933680166,2.6903359084923295
2.441224873901534,2.483875389463197
1.2751708862700455,2.6016568732066405
0.06667512861822145,1.412399854008096
2.2438392827776843,0.7767046586439164
1.25683395693898,1.3045186402685598
2.6194784397211524,2.810754010393494
3.118036486617197,0.3426766358910589
2.0803212735172014,0.4404939009891886
0.036426538937792685,2.226153986386962
0.2947384652714895,2.9381233195485206
1.1213994423562368,0.3825786358749834
3.4504403968259814,2.0106557466328434
3.6422183052534844,2.921676585668269
3.4989989868983233,0.7473479535269818
2.5952362206650763,3.6556511039672452
1.1310533349931275,0.847460504782946
1.024471299972772,2.6613141369419924
0.10437290083532202,3.7448641420074296
2.301381187340852,0.23892325072515508
1.6228090704428695,0.7874255605742446
2.8351962122613554,3.607671616971989
0.3075885180797244,1.082434550108891
0.819734789102383,2.2076418556796207
1.350913990627121,3.6405466313787795
2.322033508967243,3.4540393861172984
3.5439020019376266,0.8938911037336768
3.467055212137553,2.5215559058539903
3.751679229266196,3.7749807542214238
3.3535870084487636,0.5959154451185684
1.506840880634754,0.18409767445249603
2.850948949851583,1.954326895022235
0.00042854444249051937,0.3043743507060004
2.561984695627005,0.6867794576812001
0.4789368865651622,0.5936218789627441
3.667918165084449,1.960149787992032
3.275371260676366,2.6542361529325023
1.2065902165800093,1.514896193695082
3.699366669176454,3.0842422492243764
3.3231392439410694,1.1762136807699872
2.671733425961563,0.06843914693472897
1.182472317072968,0.2617531341454833
0.9918548566573033,0.22475861461753244
2.8187349000381237,1.9198424373983838
0.5821818585872984,3.273329571191152
1.5538969899417352,1.3073589344794119
0.8911701691594729,2.4588408152565546
1.7673239515117847,0.7469599264648616
3.6329579502803897,3.26035120408732
0.5211905280788436,2.2359724726715817
0.7358078300391919,1.2703068460411155
2.7470046145058995,2.386971090793181
0.18925869974378084,1.4983527303320474
2.101499431151689,3.3448788398778517
0.7473989251917934,1.6168691501893586
3.384618150347858,1.0192292679417285
0.3896701971773875,1.3529266103509214
1.499990867444903,1.7019295884789547
3.8584943282737982,2.594068759343853
0.8635399470691247,1.7208245221826046
1.298037707795384,1.9510419198999127
0.6744697484804898,3.0209675528888345
2.556559990191604,0.03386678286458977
3.7050280517226453,1.6492790943003466
3.0391683810742944,3.583515212482518
2.6681310063970183,0.09974256588020136
1.1418610893028385,0.9271989601451072
2.541512333817203,3.1453481917839192
2.675478624563706,0.1285556341516485
0.4845779375789183,2.1283522016236307
1.3964810214575296,3.056038766900075
0.4153902695006373,2.366896004888242
3.527884071767034,0.7798010138636742
3.2349798228739104,3.1989240020785132
0.6405225207661522,0.7880792366946014
0.30053905959961513,1.890818664694681
0.9508200773682276,0.8283486078694606
3.9241753411738807,0.6602268713236397
1.872284553074325,0.990230858329463
2.0168990041614396,3.523803334291729
3.3290569546051874,0.30123038711465533
3.249884626796231,1.618625582168851
1.341008329935645,0.7657623469228092
3.2911310250568895,1.328755055966376
2.051595589672006,1.1190854097140006
3.3518568418790977,2.2951588751758965
2.0427389178421915,1.6205948428528423
1.7127330959184701,3.113089538788252
3.1557807051968503,3.712905707754766
3.630926510864897,3.9758975579484614
3.3136276926553703,0.6616961304525377
1.9963006215330243,1.1115811414412904
2.4333142465857582,0.8728977375321381
0.0806181582886647,0.5347365659946202
3.6124499661080596,1.1845388144804416
3.7318477315987826,0.6469428474623835
2.3321442832244146,2.8559965985262723
1.4402354188171422,0.8360639112168533
0.165611488386729,0.947284106980367
0.07940566877641286,3.723162154708456
3.3685922487830626,1.4370094973541474
2.4312078074312993,0.11059376454591696
0.47421529347426805,3.860604430378922
0.7751339029027622,3.5684025013533027
3.5253425313333695,1.519126804668887
2.69174867490843,0.7836791509054568
3.682758618052587,0.44849108905354695
3.386639991572188,1.5060459995821733
0.3344175733893855,3.808147228064505
0.3649631555961288,2.5030381034850397
2.4981535394315686,0.804080603531943
3.8396878027939847,1.124075280674488
2.084764857808196,1.172830917983314
1.4754050141374058,2.7740764161472384
1.4006510943399695,3.6598167659675833
2.725249930084204,2.4248487237253693
2.4113188416413647,1.722754230148856
1.7103650090329134,0.8908145962136205
3.166025000405565,2.5778865095940153
0.05582436909720556,2.898793042250062
3.710457638004324,2.9906685640257864
3.5702644734343947,0.9199749427128108
2.666755876018444,1.7057633423218133
0.2574702777503015,1.0810172614388769
2.4607561679164105,1.707071292174057
3.5936696729225774,0.7923622698611608
3.531230578418317,2.287454263098259
0.28315178899159843,3.252984721583225
2.059632591678631,1.337802630800291
0.08264008087345864,0.4054089460278294
0.6924229554761299,1.1862141268535504
0.3544164350730372,2.285497939599238
1.1094316240235833,2.3035080406568027
1.1028198399976783,0.6078995023475073
0.5376685147754663,3.001961958397162
0.8707324109902239,3.3602493419943307
0.9194431417714837,3.678418451202679
3.5629898080013978,0.3947653039465222
0.5926339647554637,1.2108998599796164
0.13203029732619198,2.562440414471222
1.7235944455875298,2.5531349169289927
2.564059851227608,3.4325379492521595
2.7429112722014035,2.7789148156823122
1.9456475362872503,3.296311653928878
1.8881177427187201,1.4771278027365065
3.5987810282469557,1.9513664527747645
0.3010910413966781,0.9483108461297207
3.9567272106085825,3.38135893471387
0.6564528542443275,2.8949348097732583
0.13875462801544103,0.06174436461853361
2.8845546753711853,1.8282065954163893
0.5804603712481482,2.222765598601877
0.0028689321779311605,2.911134151079349
2.71698797330811,0.6973384729434162
2.593003930275198,1.7683655134625065
2.576535490864842,0.05959414472918878
2.273570563935202,2.53027146682847
0.8124299903332299,1.7391637016571342
3.2761234891891227,0.5804270746992737
2.84541018245075,1.44983655222951
3.5270528302959203,0.3692468319958362
1.015464940608339,0.4771192422476207
2.1725519098993344,1.773312494721365
0.07420213394826014,2.3878529250707343
3.603121484969229,2.4577301061044805
3.083877433102645,0.6161115443743417
0.11215031343755077,2.815359761906044
1.119317442300296,0.758940648304613
2.207090397021116,0.3946331317484493
0.9985579570977698,3.3328467616607784
0.8619177898055228,0.8315156223777818
3.1396736868835786,2.89739301372869
3.8117656191849485,1.5586423154952977
0.48348314231078504,1.731477553545297
3.2679380481878373,2.6304045425844644
3.9098867132143886,2.942040087001201
2.989809450898284,0.35960197612281375
1.241511067692921,3.5015756925056087
3.1815336744514604,2.36149900113283
2.014820569144273,1.8625300463245922
0.4576657998230198,2.902240745950959
3.0818926725050377,0.45413081385105114
1.2412303165855274,0.7241756096698722
3.4796955851211284,0.8606724740096099
1.6691833691782758,3.6052793799287186
2.244449749163091,2.640396064858114
0.27383054950983254,1.1789340248893398
3.120444172454364,2.576888478989109
1.2194060510379,3.22295159171432
2.8678208062905584,2.2617569714146613
1.916978076101865,3.38639032770507
0.7453066114107525,0.9000702781109737
0.9260173218705732,2.747901622579372
2.5591911351095216,2.753280200812924
3.680593879466501,3.178296088055484
2.1609913010371797,0.9226744363086574
0.07567762036202241,2.709794921346883
0.38743163624660104,0.07214412979264129
1.7728118328771023,0.19957626243694504
2.4266257029749516,2.431240796562396
2.022679985827696,2.7956080272946093
1.7588646738323677,3.8905684508249037
0.49462146414915553,1.981387900106129
1.4730434585652579,2.3646923945592597
3.349180712371423,1.4614888905887766
3.881878161714161,0.9176577686412282
2.1195594774515825,2.219109375897677
3.1657540090044063,0.40354251113410067
2.4764182172265525,3.2268949483483667
1.3259119505048513,2.448783233027413
0.11908754103929242,1.0942817051375746
2.495023778307861,3.6658548703764584
3.2698974569483177,3.9840464453501143
3.725321262942863,3.7826150552725397
3.6858931830807964,0.09478230931529019
0.21746308684547477,2.772487694868963
2.123387199725793,0.7172442958976473
2.5417774000526934,1.5090379775062739
0.3005691197130953,2.1474522474607793
2.5531790063458373,2.088206647618985
2.562009623611635,2.9001252612243196
2.911924164188764,3.8212462460123056
0.1494623288450594,3.039082626641574
1.256431704783421,2.5712361905246777
0.651511863965049,3.376219286204788
1.2646032063025543,3.0136286643124754
2.392187330089313,0.9164937166765585
3.4907358734804403,0.7770090266107359
0.46148459684952803,2.437423910199188
1.9724304703315725,3.644781208553333
3.0543661396804835,0.58542346983673
0.22345952324022944,0.5154918926187282
3.101878919347867,1.2919810289558313
1.050964436358238,3.4530474527226187
1.8978252600815004,0.5880196046608757
3.195509651131446,0.89801036587059
3.174569803756818,2.4377824635693703
2.9877912310268955,0.08790842448269709
0.5412158930633431,1.4318010398658578
3.9384470181743136,3.3021591001986925
2.061483878890389,0.5038894932863189
1.8540743595876394,3.7235636754243973
0.6166021494878415,3.340024270013969
1.8914486924210125,3.6147329636105123
2.9369886543716452,2.5258239602291273
1.8462304910969038,2.510249559963392
3.6245347153744336,0.9819093496591056
0.9988985905140084,0.10603841841386341
0.8044010690276218,0.4835714284810604
2.5085026733342564,0.053452750140521754
3.6482653327418975,3.58022122981611
1.165044683278179,0.44171566051673805
3.878916181944366,3.8271123386210326
3.122731629351203,0.11047334833023381
1.1900400175614396,1.8697897257506564
3.4001090603625186,2.5919144742726266
0.9248117194232046,0.9762789879892675
0.24827338247089026,1.6480757218081576
2.337838341876022,3.5152465553371806
3.2131462945198095,1.2842645326249351
2.5161109926690295,1.5993223640569627
0.399215591794964,1.055897432092535
2.3176187106609754,2.405934761655741
3.736529791499713,1.1819256064224528
3.853216338963371,1.5708869187646703
1.9741399713482033,2.448733281534511
3.2587756584635645,1.053444959558091
2.155379793331545,2.217594435644463
2.7253978982070275,0.36023047576361034
3.3284752600087923,2.7163429314015377
2.440699063314846,1.969080883348374
1.660599277236427,3.544046506278178
3.825599520511722,0.32399261973273763
2.2022158322126386,0.8687982114601329
1.2405040269986354,2.094736500260849
0.16797651135832625,1.0095409072363046
3.217112441130888,3.0748516861244104
3.7712631343764844,2.4356551290334156
3.6809002192877704,1.798640866246843
1.8667442062888404,3.9258215360491646
3.4452721224732357,0.08167295960997434
0.6481648661707249,0.4675832816595764
1.1094411652681644,1.2144062408842036
3.0497751501590833,0.2178597963305866
2.6085840214376126,0.16293803767896664
0.6267177071727756,2.929762605043125
3.922320471879363,2.227846544787863
0.05597378349656612,0.036574180243738486
1.3794702061152835,2.047282298092039
0.48194153997515565,3.1926593341073493
