2.0,2.0
2.092601261535121,1.7277969837882114
2.5622890077552123,1.9328267979874392
1.969220925120509,0.9073852576058687
3.1997919902805214,1.4381452904882308
2.991899094864172,0.8180243981271
1.182183367060822,1.6401097113497478
1.5792752273898678,2.102249367346863
2.9888829707179383,1.3100305723849783
1.1922465904952682,0.9228036294820177
1.3901143579232582,2.883046261061433
2.8062472953592854,2.366396991362426
0.6977484511477625,1.393464893010524
1.0802670400171328,0.40711772578165917
1.167581443018325,0.423926963602939
1.4572022285041584,1.2017566273492886
0.8045908630064145,3.1697019939655746
1.6052041126692322,1.4034542822381977
1.705732941281802,3.4320695474130276
3.074016935465878,3.0254681335594116
3.3450191062873533,0.49491299920801035
1.832201223197818,2.7850923315981837
1.6185640762305837,3.2876808260190553
2.8016421453191125,1.8097974283055622
3.9933196084389877,1.4363471916542356
1.9686179018367387,1.9725522242649816
3.264929608726993,0.9860200113147788
3.4621968524963815,1.26627380514903
0.2683813697628028,1.2195525024047278
2.541432785553029,2.0212926344048325
3.319615376504773,0.485135788804929
1.6082445935281169,0.34581538596772177
3.2752176889751334,3.1609999175448906
1.149322656473517,1.479075726394468
0.5173046352774637,3.380441581305136
2.6234647138111895,3.9142085251017398
1.1450464080314315,0.5637258711372697
1.3982716196195448,0.46580135793329713
3.7309305687003405,3.1267849188085863
1.7258097095231029,1.2376869540962052
1.6417781122358992,2.0949852150309978
3.702829788855123,0.5053083359715984
2.1359156025538226,0.9261232441957912
3.5301951749898057,0.8234991304040666
1.2409480023092856,1.4103629442106356
3.949933721884877,2.48256826870416
2.0771171081531494,3.690178360029804
2.412526634253576,3.3547079641889144
0.6755251802777784,2.2530381949139966
1.7590320252006348,0.5738926426638047
0.43573983799015314,1.78273151728356
3.935290607495312,2.7855561840776852
1.988628094026152,1.170959349559924
2.5439538648599527,1.1511076669324583
3.482457750306639,2.016387126507054
1.5499178050585996,0.915269329110517
1.3065827253997626,1.6100553268781428
2.1007193528179213,2.570323982441148
3.5133930588166997,1.8901353390085123
3.0308168109003004,1.3141706503047401
2.2809085300323493,2.7380593543059812
2.9787268660082864,1.2586179274361382
2.635540035958088,0.14921959921669714
1.0885666794655862,3.2488144555205385
2.4144790079585756,2.344748672599713
3.69502853042278,0.10533487161353339
2.9080678249413516,1.0712262859916248
2.629887258867692,0.4597134776259475
0.4084307353344956,3.7435598620445574
3.090325208505065,2.0624190092353505
0.7851348727324257,3.363316603436241
1.6886108480216833,2.1767846178791475
1.0884784330641981,2.1037181901171156
2.3824662683986584,0.0013455119740028998
2.8684449581900897,3.7386217257899865
0.6823525572997076,3.370216521427428
1.2553142659458527,0.8302620407633827
1.2520875828166869,0.634605639038317
0.44840369599111973,2.310659692846394
0.7438759885036235,3.954850051767257
1.986745988398857,2.9866308596427085
2.7970341256090303,0.2598507806378989
3.4681931126107624,2.9428360118710906
1.1657582167394795,3.557237461393907
2.7814652668631594,0.18042688894155967
1.5018345707675174,0.06475018932104337
2.8922271108781126,2.720208297792515
2.9285398879029763,2.00603275087172
2.834084021340413,0.798647260522324
1.726192725119187,0.8452469333508468
1.9548565611184445,1.9532708665690626
3.7422563893043512,1.2072119380467479
0.6214400298232463,2.05199960602838
3.3551858261487237,3.1253409840854345
0.6041365388091262,0.92432859638977
1.937585724675991,3.0490176254316994
1.1453325113393968,1.6682342495099993
2.1198949036445147,2.9504433010114495
3.76915197914409,1.9324822811405267
0.5031568573311289,3.1272413330582434
1.8062846649223037,3.2676793246278297
3.8648070998671735,1.362513972800809
2.240303617644206,1.4650429168326582
1.580057977158717,3.3501918164169
0.9438445918998544,0.6490155918821774
2.2311251197781297,2.931049959084018
2.0620932026574,1.1540146036546552
0.3157350483418351,2.2026892202985837
0.5721460950502131,0.17256317573123692
3.524992087242869,3.2323825459996463
3.322738272115874,1.4111168085072037
1.2011050599784956,3.542314986282615
1.0099753182873252,2.7546475949304576
0.28886056474207367,2.6685214858616195
2.350487485644774,2.2048403513070647
3.503460442162776,1.2585032764636814
2.5855381330869576,3.8532965585739967
3.2722081838384445,2.0213865579012675
2.514760301918603,0.9808303609131963
1.4127766912538817,2.91301568045933
3.194745827462773,0.3518371766916024
2.003140183695399,1.1577120054836385
2.143627001408781,1.0126162574845647
3.803091733190514,0.4600440217321049
1.7555844802839253,0.25270798254189986
0.9089842140020838,0.7695578865376707
1.0651162992250147,2.757750253816118
0.5311080816760767,3.0983772629077992
3.9298742309664827,1.6364692201380477
2.8910258747620636,2.8954578420425747
3.4844306657591564,0.8464483136665795
3.4178564783387886,0.5698702702919847
3.5575192516435576,3.1214711185436363
3.3606610984841794,1.3827311593038472
0.3664960849045884,0.1651965403766691
2.894921220566179,3.460746301518322
2.345542810761503,2.0187661280729348
2.952658998469165,2.747305821099492
3.7881168796496816,0.6362199667109989
2.2921644530902783,0.30881330712169763
3.8370853530046802,2.241125347303254
1.3768015030997698,3.2753356559951183
3.5201978821798536,2.7632001772792614
1.4729312982550637,0.5919411270072694
0.40537345312430384,2.746916815170021
3.9725237590187232,0.925838289816844
2.458874044165124,1.3484233145708138
0.34458096176390773,1.7432395793860844
3.725074647958907,1.7599128586492014
3.2195317858067223,0.3019698771416821
2.0472601892431284,0.638836821489742
3.1186610059431095,2.648857983792614
1.866212575279243,1.6034097253880724
1.0733032925526227,1.723292551227253
1.3277234720049425,1.979005869635357
0.7745186529948898,3.955281555370927
1.7038832357245073,1.9326356559373359
1.375576902728577,0.5731171733758997
0.637729819596109,3.6216472864243716
2.9264831630468833,2.8781425147312065
3.0600277335016326,3.777775306274876
2.3380655918601905,2.6848742883017693
2.459107881667352,2.9194418120262586
3.1466361079393548,0.8845061144932269
3.1971864815933775,1.1601333889692573
1.9594578525836126,1.1315359103244633
3.835360423789073,2.167562263625455
3.7678445803481746,2.982764728149323
1.9964733751046406,2.516470540019713
0.22322480507841203,1.1972938067073033
1.9938742300101686,1.5745607997948161
0.4303266252034157,3.005681204538537
2.8728859891212215,0.8720308696554495
0.8500995289565791,1.0691043700197147
0.5669720567069443,3.463660873933221
0.3654254764479843,1.6135018045364942
0.36471008123351556,2.0673644087627783
2.143089711801538,2.041356272740171
2.1111510961792166,0.7873647991179684
2.41368125654732,2.410590930309757
2.973678749580724,0.9522944943431453
1.5440730162829595,1.9243485823357682
1.242438376404977,0.14522837131925925
3.7041150343849183,2.503035621308934
2.6690868474027325,0.8422008656170679
3.5654564744668273,1.4388450409185216
1.1633930189249173,3.5834930990200435
3.0423659451532683,1.146055047779857
1.915847071938996,0.93232026386739
3.3342850069909407,0.6083921590215362
0.03072124529061826,3.0573842713413466
2.587673275757291,2.860977528968101
3.504353608591369,3.2078709767056917
2.6914619967147835,2.3484654420569293
1.3738934998142698,2.1503825776732124
1.0147853283928745,3.195796576089152
3.3721623562305325,3.3857117875998237
3.984899500129305,3.6124727747456973
0.7202807802160072,3.0813844508921715
1.5435922834438776,3.168879403864312
3.00811170169979,3.3258034869636317
3.086219290748458,1.5819941695937052
0.8731909623125151,0.45850496120939344
3.423792702001461,1.7938029109077176
0.14199629003661762,0.6693862405745374
1.4260973391194938,1.679085140738224
2.84755749527186,1.627428686790207
0.1677932763839478,3.1317308390899887
1.9749447411373344,1.0426233225233252
0.09588649339192479,2.626120581071002
0.16935217664722657,0.4053548171058212
2.3814707289877073,1.0512603625423371
1.961786267561862,1.459173806150185
3.5107531976158692,0.023390046383520602
3.475525488814103,2.667842534025432
1.4309726180218987,0.11955695649695652
3.599710020274234,3.6889714604073918
3.2325038929474164,0.6701571349765842
0.08744263668324992,2.171958815141522
0.42793220048302727,1.7222277720406947
3.023281880953147,2.522040216663532
2.7989914535352085,3.047034488010009
2.764800355174073,0.4857483676980556
3.9548632920349918,1.408078291716012
1.6986060172022106,3.4277087484665216
3.240477617595151,3.1177181978421844
3.828005776779014,2.323228166007831
1.2936277552268294,2.216352188345527
3.346162091459298,3.8944989084284556
1.4809330299981251,3.167715203413951
3.913642915053348,1.0206083837980815
2.771527986286458,2.4190072972205456
2.458891756279693,0.6318274347731849
1.4098023944712699,3.6751618009397338
2.5591139947709025,0.3341988956777904
0.4097412024444296,1.9863304235714758
1.6028504792418987,2.573373865111498
0.7486240027321425,1.7994221552871572
0.39747674427264457,2.189012098568144
0.4020630541577077,2.487490595594916
2.4576550380488014,1.5014589935288436
0.5605749413625776,1.3277471810106185
2.9465994238815476,0.4301289902424572
0.17204836159719816,2.5174028094070477
0.02127024068154526,2.368646961924351
1.159426868262031,3.163446203557449
1.4407432622709986,1.1589560009782267
3.5888692966034585,1.8726322981692243
0.13658559083092658,2.5749698819076197
1.6051111265729259,0.21798342317482433
1.4813339110565904,1.6602514868447997
0.3265198287050821,1.3436490111528543
2.1513465681507147,1.8006462387313853
1.9768510230951004,1.2355066006857736
3.48622452263537,3.6722650427259347
1.6187309333994748,2.864811683744401
1.7464066785051804,0.5049027942588982
3.2142196405919656,3.4025330800575424
3.6433688391212855,3.741324013711379
1.7080184515532078,3.4761006516766453
0.28950994030437016,3.0597543170669446
0.7088790120455486,1.706125790077834
0.9506948351464697,0.16755736622715434
1.5210356266678882,3.6353493828020427
3.7888250890350323,3.91914827763465
0.15784661563892977,3.8090890501401047
1.6869047088396898,3.3818124971830628
3.391406107315377,0.558632450710236
1.3450424190575871,0.6957768766879058
2.012855054490339,1.542939954277617
2.746505723569746,0.5666858945690922
1.349799386358463,1.063706734050411
1.5303845410317227,0.9316410955275001
2.0388171103670536,0.5755308558759356
1.412709158395347,0.057972746064531844
3.2055155073996975,2.93286077877906
0.21803993463440063,1.9733092276841906
1.3271244552101158,3.92739651892159
3.997772031821583,0.47051016327422435
1.3666525392278852,2.113123921088429
1.96017688527987,1.5189197492684716
2.7006942692491545,2.836674394929783
3.2161013491253665,1.781102244869897
1.5500321746265033,0.31679773704759384
1.583709290681735,1.9167953771955335
3.510576600041149,2.930701671665232
3.021491769670244,0.7412978603812546
0.8360398430758549,0.4381750349502247
0.4859780882542175,1.1000092047895809
0.689058169037001,3.4255029571806834
1.9926639971524565,3.740622013383073
0.9220912116154829,1.3164787453395346
1.0666242903106196,0.18088161117345747
0.4950392844839939,3.0121265688155634
3.4099939002443636,3.1478150351745477
2.7083673823644108,3.7737858332435996
2.1905753789534526,1.6847895171591563
2.4818205952515484,0.46927585154799
0.9298159344327557,2.541675522841941
3.13595225739987,2.87868645746783
1.884342318644567,3.515506994187975
3.892850965838629,1.2072400185312198
1.904030969024248,1.5715543838373693
0.9612628627712989,3.1621214349997975
0.2515581214635878,0.48620368856898244
0.466734421796672,1.105443420553673
0.09030441881869766,3.6464980107718263
1.3735822612673592,0.724982072115905
0.9279355621485901,0.9755110369275983
2.731614988396144,0.49863251965725075
1.5855523046216646,0.1144733523858612
1.810693248711344,3.793229726377414
3.9652160278340154,2.397321911933524
0.33910020484803693,1.0771807694479567
3.7051961340660067,3.3585140984569932
2.207928994244255,1.4858543953326313
2.8041843190522475,3.307178345668401
0.680033801104722,1.677205654147727
1.9224407664124148,3.1134164374352467
1.1141620528624419,1.2033740178151762
2.620540442699826,0.9280552149402395
1.579825974893318,0.05547732975885733
0.40038975737212423,3.8827463697901745
3.4706013328727834,0.3244201775044968
2.3148573838695676,3.3572225063044736
2.024311565940089,3.681023094645339
3.2490828546597514,1.4566075073136235
3.8914670632879798,3.603587876181604
3.48351919042523,2.5285041659427216
2.5496661350636263,0.059290429403820344
1.4057256942730243,2.4793789162684394
