2.0,2.0
2.3380422197795028,2.8867289648828303
1.321483848973434,2.7213432682496936
2.5040088910661615,1.6752018452927127
1.209117657835439,3.556244666680214
2.6623390561872786,1.9966206814958078
2.6623390561872786,1.9966206814958078
2.6623390561872786,1.9966206814958078
1.4825276217331673,2.0564453109860716
1.4825276217331673,2.0564453109860716
1.7302781384681385,1.3231413950220974
1.7302781384681385,1.3231413950220974
1.7302781384681385,1.3231413950220974
1.7302781384681385,1.3231413950220974
1.4689656831351634,3.4273351824941365
1.4689656831351634,3.4273351824941365
2.026922493754564,1.6509141440339081
2.026922493754564,1.6509141440339081
2.026922493754564,1.6509141440339081
2.026922493754564,1.6509141440339081
2.026922493754564,1.6509141440339081
2.026922493754564,1.6509141440339081
2.026922493754564,1.6509141440339081
2.026922493754564,1.6509141440339081
2.026922493754564,1.6509141440339081
2.026922493754564,1.6509141440339081
2.026922493754564,1.6509141440339081
0.6604912111417414,1.5824725935239248
0.6604912111417414,1.5824725935239248
0.4442483544418523,3.4670549313137675
1.992475024937625,2.9837017737461995
1.992475024937625,2.9837017737461995
1.992475024937625,2.9837017737461995
1.992475024937625,2.9837017737461995
1.992475024937625,2.9837017737461995
1.992475024937625,2.9837017737461995
1.3974790690293446,1.8921371460692495
1.3974790690293446,1.8921371460692495
1.3974790690293446,1.8921371460692495
1.3974790690293446,1.8921371460692495
1.3974790690293446,1.8921371460692495
1.3974790690293446,1.8921371460692495
1.3974790690293446,1.8921371460692495
1.3974790690293446,1.8921371460692495
1.3974790690293446,1.8921371460692495
1.3974790690293446,1.8921371460692495
1.3974790690293446,1.8921371460692495
1.3974790690293446,1.8921371460692495
1.3974790690293446,1.8921371460692495
1.3974790690293446,1.8921371460692495
1.3974790690293446,1.8921371460692495
1.3974790690293446,1.8921371460692495
1.3974790690293446,1.8921371460692495
1.3974790690293446,1.8921371460692495
1.3974790690293446,1.8921371460692495
1.3974790690293446,1.8921371460692495
1.3974790690293446,1.8921371460692495
2.8209027689167825,2.236955551979331
2.8209027689167825,2.236955551979331
2.8209027689167825,2.236955551979331
2.8209027689167825,2.236955551979331
2.8209027689167825,2.236955551979331
2.8209027689167825,2.236955551979331
2.8209027689167825,2.236955551979331
2.8209027689167825,2.236955551979331
2.8209027689167825,2.236955551979331
2.8209027689167825,2.236955551979331
2.8209027689167825,2.236955551979331
2.8209027689167825,2.236955551979331
2.8209027689167825,2.236955551979331
2.8209027689167825,2.236955551979331
2.8209027689167825,2.236955551979331
2.8209027689167825,2.236955551979331
2.8209027689167825,2.236955551979331
3.280951026167046,2.2414436632311343
3.280951026167046,2.2414436632311343
3.280951026167046,2.2414436632311343
3.280951026167046,2.2414436632311343
3.280951026167046,2.2414436632311343
3.280951026167046,2.2414436632311343
3.280951026167046,2.2414436632311343
3.280951026167046,2.2414436632311343
3.280951026167046,2.2414436632311343
3.280951026167046,2.2414436632311343
3.280951026167046,2.2414436632311343
3.280951026167046,2.2414436632311343
3.280951026167046,2.2414436632311343
3.280951026167046,2.2414436632311343
3.280951026167046,2.2414436632311343
3.280951026167046,2.2414436632311343
3.280951026167046,2.2414436632311343
3.280951026167046,2.2414436632311343
3.280951026167046,2.2414436632311343
3.280951026167046,2.2414436632311343
3.280951026167046,2.2414436632311343
3.1661753561956307,1.502010067198814
3.1661753561956307,1.502010067198814
3.1661753561956307,1.502010067198814
3.1661753561956307,1.502010067198814
3.1661753561956307,1.502010067198814
3.1661753561956307,1.502010067198814
3.1661753561956307,1.502010067198814
3.1661753561956307,1.502010067198814
3.1661753561956307,1.502010067198814
3.1661753561956307,1.502010067198814
3.1661753561956307,1.502010067198814
3.1661753561956307,1.502010067198814
3.1661753561956307,1.502010067198814
3.1661753561956307,1.502010067198814
3.1661753561956307,1.502010067198814
3.1661753561956307,1.502010067198814
3.1661753561956307,1.502010067198814
3.1661753561956307,1.502010067198814
3.1661753561956307,1.502010067198814
3.1661753561956307,1.502010067198814
3.1661753561956307,1.502010067198814
3.1661753561956307,1.502010067198814
3.1661753561956307,1.502010067198814
3.1661753561956307,1.502010067198814
3.1661753561956307,1.502010067198814
3.1661753561956307,1.502010067198814
3.1661753561956307,1.502010067198814
3.1661753561956307,1.502010067198814
3.1661753561956307,1.502010067198814
3.1661753561956307,1.502010067198814
3.1661753561956307,1.502010067198814
3.1661753561956307,1.502010067198814
3.1661753561956307,1.502010067198814
3.1661753561956307,1.502010067198814
3.1661753561956307,1.502010067198814
3.1661753561956307,1.502010067198814
3.1661753561956307,1.502010067198814
3.1661753561956307,1.502010067198814
3.1661753561956307,1.502010067198814
3.1661753561956307,1.502010067198814
3.1661753561956307,1.502010067198814
3.1661753561956307,1.502010067198814
3.7448140201593363,1.7311298786860219
3.7448140201593363,1.7311298786860219
3.7448140201593363,1.7311298786860219
3.7448140201593363,1.7311298786860219
3.7448140201593363,1.7311298786860219
3.7448140201593363,1.7311298786860219
3.7448140201593363,1.7311298786860219
3.7448140201593363,1.7311298786860219
3.7448140201593363,1.7311298786860219
3.7448140201593363,1.7311298786860219
3.7448140201593363,1.7311298786860219
3.7448140201593363,1.7311298786860219
3.7448140201593363,1.7311298786860219
3.7448140201593363,1.7311298786860219
3.7448140201593363,1.7311298786860219
3.7448140201593363,1.7311298786860219
3.7448140201593363,1.7311298786860219
3.7448140201593363,1.7311298786860219
3.7448140201593363,1.7311298786860219
3.7448140201593363,1.7311298786860219
3.7448140201593363,1.7311298786860219
3.7448140201593363,1.7311298786860219
3.7448140201593363,1.7311298786860219
3.7448140201593363,1.7311298786860219
3.7448140201593363,1.7311298786860219
3.7448140201593363,1.7311298786860219
3.7448140201593363,1.7311298786860219
3.7448140201593363,1.7311298786860219
3.7448140201593363,1.7311298786860219
3.7448140201593363,1.7311298786860219
3.7448140201593363,1.7311298786860219
3.7448140201593363,1.7311298786860219
3.7448140201593363,1.7311298786860219
3.7448140201593363,1.7311298786860219
3.7448140201593363,1.7311298786860219
3.7448140201593363,1.7311298786860219
3.7448140201593363,1.7311298786860219
3.7448140201593363,1.7311298786860219
3.7448140201593363,1.7311298786860219
3.7448140201593363,1.7311298786860219
3.7448140201593363,1.7311298786860219
3.7448140201593363,1.7311298786860219
3.7448140201593363,1.7311298786860219
3.7448140201593363,1.7311298786860219
3.7448140201593363,1.7311298786860219
3.7448140201593363,1.7311298786860219
3.7448140201593363,1.7311298786860219
3.7448140201593363,1.7311298786860219
3.7448140201593363,1.7311298786860219
3.7448140201593363,1.7311298786860219
3.7448140201593363,1.7311298786860219
3.7448140201593363,1.7311298786860219
3.7448140201593363,1.7311298786860219
3.7448140201593363,1.7311298786860219
3.7448140201593363,1.7311298786860219
3.7448140201593363,1.7311298786860219
3.7448140201593363,1.7311298786860219
3.7448140201593363,1.7311298786860219
3.7448140201593363,1.7311298786860219
3.7448140201593363,1.7311298786860219
3.7448140201593363,1.7311298786860219
3.7448140201593363,1.7311298786860219
3.7448140201593363,1.7311298786860219
1.5246700194155358,1.7977426550452704
1.5246700194155358,1.7977426550452704
1.5246700194155358,1.7977426550452704
1.5246700194155358,1.7977426550452704
1.5246700194155358,1.7977426550452704
1.5246700194155358,1.7977426550452704
1.5246700194155358,1.7977426550452704
1.5246700194155358,1.7977426550452704
1.5246700194155358,1.7977426550452704
1.5246700194155358,1.7977426550452704
1.5246700194155358,1.7977426550452704
1.5246700194155358,1.7977426550452704
1.5246700194155358,1.7977426550452704
1.5246700194155358,1.7977426550452704
1.5246700194155358,1.7977426550452704
1.5246700194155358,1.7977426550452704
1.5246700194155358,1.7977426550452704
1.5246700194155358,1.7977426550452704
1.5246700194155358,1.7977426550452704
1.5246700194155358,1.7977426550452704
1.5246700194155358,1.7977426550452704
1.5246700194155358,1.7977426550452704
1.5246700194155358,1.7977426550452704
1.5246700194155358,1.7977426550452704
1.5246700194155358,1.7977426550452704
1.5246700194155358,1.7977426550452704
1.5246700194155358,1.7977426550452704
1.5246700194155358,1.7977426550452704
1.5246700194155358,1.7977426550452704
1.5246700194155358,1.7977426550452704
1.5246700194155358,1.7977426550452704
1.5246700194155358,1.7977426550452704
1.5246700194155358,1.7977426550452704
1.5246700194155358,1.7977426550452704
1.5246700194155358,1.7977426550452704
1.5246700194155358,1.7977426550452704
1.5246700194155358,1.7977426550452704
1.5246700194155358,1.7977426550452704
1.5246700194155358,1.7977426550452704
1.5246700194155358,1.7977426550452704
1.5246700194155358,1.7977426550452704
1.5246700194155358,1.7977426550452704
1.5246700194155358,1.7977426550452704
0.2945121105530437,1.8750909449115585
0.2945121105530437,1.8750909449115585
0.3897910670668199,1.7047645563672886
0.3897910670668199,1.7047645563672886
0.3897910670668199,1.7047645563672886
0.3897910670668199,1.7047645563672886
3.699161368623035,2.19828005541452
3.699161368623035,2.19828005541452
3.699161368623035,2.19828005541452
3.699161368623035,2.19828005541452
3.699161368623035,2.19828005541452
3.699161368623035,2.19828005541452
3.699161368623035,2.19828005541452
3.699161368623035,2.19828005541452
3.699161368623035,2.19828005541452
3.699161368623035,2.19828005541452
3.699161368623035,2.19828005541452
3.699161368623035,2.19828005541452
3.699161368623035,2.19828005541452
3.699161368623035,2.19828005541452
3.699161368623035,2.19828005541452
3.699161368623035,2.19828005541452
3.699161368623035,2.19828005541452
3.699161368623035,2.19828005541452
3.699161368623035,2.19828005541452
3.699161368623035,2.19828005541452
3.699161368623035,2.19828005541452
3.699161368623035,2.19828005541452
3.699161368623035,2.19828005541452
3.699161368623035,2.19828005541452
3.699161368623035,2.19828005541452
3.699161368623035,2.19828005541452
3.699161368623035,2.19828005541452
3.699161368623035,2.19828005541452
3.699161368623035,2.19828005541452
3.699161368623035,2.19828005541452
3.699161368623035,2.19828005541452
3.699161368623035,2.19828005541452
3.699161368623035,2.19828005541452
3.699161368623035,2.19828005541452
3.699161368623035,2.19828005541452
3.699161368623035,2.19828005541452
3.699161368623035,2.19828005541452
3.699161368623035,2.19828005541452
3.699161368623035,2.19828005541452
3.699161368623035,2.19828005541452
3.699161368623035,2.19828005541452
3.699161368623035,2.19828005541452
3.699161368623035,2.19828005541452
3.699161368623035,2.19828005541452
3.699161368623035,2.19828005541452
3.699161368623035,2.19828005541452
3.699161368623035,2.19828005541452
3.699161368623035,2.19828005541452
3.699161368623035,2.19828005541452
3.699161368623035,2.19828005541452
3.699161368623035,2.19828005541452
3.699161368623035,2.19828005541452
3.699161368623035,2.19828005541452
3.699161368623035,2.19828005541452
3.699161368623035,2.19828005541452
3.699161368623035,2.19828005541452
3.699161368623035,2.19828005541452
3.699161368623035,2.19828005541452
3.699161368623035,2.19828005541452
3.699161368623035,2.19828005541452
3.699161368623035,2.19828005541452
3.699161368623035,2.19828005541452
3.699161368623035,2.19828005541452
3.699161368623035,2.19828005541452
3.699161368623035,2.19828005541452
3.699161368623035,2.19828005541452
3.699161368623035,2.19828005541452
3.699161368623035,2.19828005541452
3.699161368623035,2.19828005541452
3.699161368623035,2.19828005541452
3.699161368623035,2.19828005541452
3.699161368623035,2.19828005541452
3.699161368623035,2.19828005541452
3.699161368623035,2.19828005541452
3.699161368623035,2.19828005541452
3.699161368623035,2.19828005541452
3.699161368623035,2.19828005541452
3.699161368623035,2.19828005541452
3.699161368623035,2.19828005541452
3.699161368623035,2.19828005541452
3.699161368623035,2.19828005541452
3.699161368623035,2.19828005541452
3.699161368623035,2.19828005541452
3.699161368623035,2.19828005541452
3.699161368623035,2.19828005541452
3.699161368623035,2.19828005541452
3.699161368623035,2.19828005541452
3.699161368623035,2.19828005541452
3.699161368623035,2.19828005541452
3.699161368623035,2.19828005541452
3.699161368623035,2.19828005541452
3.699161368623035,2.19828005541452
3.699161368623035,2.19828005541452
3.699161368623035,2.19828005541452
3.699161368623035,2.19828005541452
3.699161368623035,2.19828005541452
3.699161368623035,2.19828005541452
3.699161368623035,2.19828005541452
3.699161368623035,2.19828005541452
3.699161368623035,2.19828005541452
3.699161368623035,2.19828005541452
3.699161368623035,2.19828005541452
3.699161368623035,2.19828005541452
3.699161368623035,2.19828005541452
3.699161368623035,2.19828005541452
3.699161368623035,2.19828005541452
3.699161368623035,2.19828005541452
3.699161368623035,2.19828005541452
3.699161368623035,2.19828005541452
3.699161368623035,2.19828005541452
3.699161368623035,2.19828005541452
3.699161368623035,2.19828005541452
3.699161368623035,2.19828005541452
3.699161368623035,2.19828005541452
3.699161368623035,2.19828005541452
3.699161368623035,2.19828005541452
3.699161368623035,2.19828005541452
3.699161368623035,2.19828005541452
3.699161368623035,2.19828005541452
3.699161368623035,2.19828005541452
3.699161368623035,2.19828005541452
3.699161368623035,2.19828005541452
3.699161368623035,2.19828005541452
3.699161368623035,2.19828005541452
3.699161368623035,2.19828005541452
3.699161368623035,2.19828005541452
3.699161368623035,2.19828005541452
3.699161368623035,2.19828005541452
3.699161368623035,2.19828005541452
3.699161368623035,2.19828005541452
3.699161368623035,2.19828005541452
3.699161368623035,2.19828005541452
3.699161368623035,2.19828005541452
3.699161368623035,2.19828005541452
3.699161368623035,2.19828005541452
3.699161368623035,2.19828005541452
3.699161368623035,2.19828005541452
3.699161368623035,2.19828005541452
3.699161368623035,2.19828005541452
3.699161368623035,2.19828005541452
3.699161368623035,2.19828005541452
3.699161368623035,2.19828005541452
3.699161368623035,2.19828005541452
