2.0,2.0
1.6276683199977287,2.501302491717475
2.5600798731123904,2.802910346009414
1.094667537661373,2.566112039260494
1.4388103165837052,3.268938391493299
3.006894196577602,3.1938679564122423
2.402180554443389,2.042412688926542
2.033345964677003,1.969510495731296
2.0177063861017865,2.5908758702373507
2.5084520161693664,2.2264635213302473
1.5651028895321337,2.545362398626289
2.420296068112114,3.555075864900523
3.255453206239855,2.9247589887797223
2.3754559861213376,2.0986417930450023
3.4843047977261086,3.9906729913679193
0.9191685688737903,3.143647347177737
0.9021509240371999,2.82048977394538
1.6663761400176567,1.3711288189169935
0.5015172726707648,3.6901412635873023
3.310370246967851,2.1081562502640123
1.943463075462037,2.195087130120147
1.0903516534448725,0.6768797083635536
3.7273742409487696,2.4725988408918225
2.246332602887729,2.803552760948892
3.761015933890765,2.149669791963904
2.079355432076133,2.321650583132087
2.096137591960453,1.664415210858916
0.8199809567007468,1.259610841253716
0.7460873671201043,0.26683691911618945
0.25749863918643223,1.6017507679085647
3.092518703924414,3.8501262273485617
3.3823996985463736,2.033651392199371
0.07558517784672514,3.5011611572311345
1.1279757115351998,0.5805689776459269
0.7370503707617728,0.3280289949949666
2.620774171765602,0.9926529954110532
1.5494466971047873,2.4102823384334675
3.1636619333994997,3.126055527886395
1.9806301944295988,2.7584278646610203
3.9607419626747333,3.9247927304350196
2.196356650761377,2.3225914115032817
3.31685794115589,2.952278698852423
0.5828476369147775,0.2647228411144851
2.3009079348094854,1.8249189528570375
3.2398735630499322,3.536073172470746
1.3662931339042483,2.8496858775682274
2.653620661591312,2.0048079479058822
1.344236177369928,2.829233832354836
0.6375179982213597,2.481777345825583
3.738244505201133,1.1933373923863857
3.9597222354123636,1.1034685087859426
0.45409938473283296,0.9331669829095959
3.7663070573720456,1.202078315621125
1.3665007090970338,0.5848397357001383
1.258883589977676,1.2743778479462957
0.7863952190290839,0.28787783992047045
2.3987721165320997,1.1370845543858814
3.777390892809942,2.6559181070346476
1.0806699743666348,1.423727167621899
0.6609770803118029,1.6840085942049323
1.0483142110868928,3.0297251488300616
1.216336867405821,0.5201689844439614
0.24564714143150557,1.4131525125994
0.2514575713186602,3.832344817683189
0.9448408308052687,2.05045236955927
1.0378608908794131,3.4029750318722503
0.2552577556156619,0.6377470716429801
2.4758290312053757,2.009425588543119
0.16254665815168368,2.3831434416185924
1.8364438119050193,1.0745009598062727
0.6476488745946796,2.1835617201192354
0.733064372472692,2.519280936202582
0.13178307086182617,2.162986161873585
3.16564483004205,3.6864218056050437
1.951629172680375,2.380614767656247
1.1830238770331287,3.175200300662648
3.9498280783659308,1.1154239189710022
0.15570833310467203,1.7530504704952867
2.9105740937273348,3.328293536133646
1.208159955779292,1.9986481876935693
2.6834170621212974,1.3311936825097543
2.1020333064838095,3.388348592888643
3.343474192805581,3.532338121395231
0.33349510462015886,1.5624984579803427
1.9581181238323624,1.5067575470939683
0.963932645458982,0.04376888320540928
3.7445276847155955,0.364133751020717
1.8254046996287014,0.5310257550044324
0.8114558772104878,3.2367004103289014
3.680518508009867,1.2625363475411384
3.3256134275300258,3.91936199460985
2.4501901742448435,1.9680478637157814
2.2965310552917635,1.2662469846157594
3.5048592997941013,2.32297989736408
2.3114229265106485,3.025256659120285
1.7583417213167185,3.094513584781632
2.7307213944487905,3.2512210389276106
1.6668704323829302,3.9873778328001044
1.772136303177383,0.9387691884502241
0.028073831886152867,3.1339957447557847
3.093272459879612,0.9874713169649585
2.486248266161561,1.2427261734747583
0.8492919956783469,0.9032617699363517
1.543809691680769,0.6552746287560751
3.8512914880248936,1.8538336866933616
2.9404740504395894,2.1825958321699015
1.017870468776453,3.0137069478810217
1.3242365144694457,3.81009179520018
1.8556864414229834,1.09860058420487
0.4213121649139131,1.1556228492986933
2.784765572357372,2.312777681208779
3.5927440892482845,0.979966850016118
0.13831144687624297,1.5736955891411593
3.6377722630620997,1.204687236883041
3.8522587744955668,2.2322042894122145
0.3843025985757893,1.7534385926779983
2.8123365382287817,0.4552695972449503
1.474727681970109,0.49137188175825086
0.5013424892926968,2.1197162478331513
2.2265754759438257,0.21102812386840464
2.654687162132975,3.9416193775871977
0.7338114644271436,2.571352440509234
1.9073861931886094,3.627925059663746
1.604237273753227,2.395565611258399
1.6964148844214062,0.8846691007655121
0.31111413455442394,1.4436296934349508
0.4198523225821855,0.46341613992103703
1.5312654596814843,1.376387145063291
0.7796879125018856,1.3187527578899956
2.4450064766642687,1.645152538093746
1.5150553305190746,1.1135421083942778
0.419861294173824,2.313618310831217
1.1646614433013176,1.1846629994168274
0.6316354004330034,2.1546218525051364
3.405916219027412,2.8481195542335502
3.8325546617420496,2.388577884750817
3.000158938535485,2.41960127778699
3.684712207254363,3.8043688703432372
3.5685491742859443,1.5478172087023427
1.844037735492916,0.14124672697998886
1.4433862819541452,2.118595440827749
0.3443350582415099,1.295416221411866
1.164119760719259,3.2977319835549683
2.9391720362764993,1.008193130595311
1.1232597028985647,2.8732377851234037
2.825039494575276,0.8205025989331469
3.1984335985295616,0.0446691460797064
1.9707832496809017,0.8828943972729566
0.9978598333877389,0.8195775447507341
2.653941156506488,3.0770924682685377
2.939208132195696,1.003133125617408
2.2423433237474995,2.0929103623987957
2.6167231777653224,0.8394425665726408
2.2341042316911532,2.7123664545710215
0.8652049290635193,3.6511806507551126
0.8148742262678565,2.974669836857299
1.0535319470918907,1.4315698579483778
3.293442097757264,3.2586425009046156
1.1873705404223052,1.4141164801502524
3.4084958687285387,1.8859825885495125
0.09574797731236995,0.6245294780887116
1.1418016518712197,2.0222203747921
0.9897451582217096,0.2718137470863424
1.900986257275187,3.1203126674182684
2.8325176678802655,1.8222327783183694
2.884084277529485,1.853144008165866
3.155830878268956,0.5212902170035756
1.5352296458376244,3.369411058732425
1.426589642006344,1.0148082985629565
2.8835221079088456,0.8451972482495984
2.7889695553487126,0.06539223265753957
2.796848872652464,2.6813355709094413
2.1154637145087025,2.4992798541819834
1.9648673488562038,2.098837207442768
3.535236305333043,1.4429709287289962
3.11836184756385,2.336616932683748
2.763725962944154,1.3922546680784968
0.3064697186319747,0.11571087722671569
0.5639134643420411,1.136676842335791
0.8196266263028118,3.574492987085343
3.749641175753725,2.157823066748701
2.729321163478238,3.0937993924844926
0.16201953701647742,3.8388396817945813
0.6361143416466226,0.6037625331529264
0.6566654423719203,3.316592209139162
2.1561872926542525,1.702809533353705
1.0413026927216058,0.09251256090498039
1.6999700885038642,2.0070277216426913
3.9658705727957404,3.4757720124147538
3.9992281126872307,2.4583760818482037
1.5092217675359278,2.1164447977328065
2.01866943898247,3.714182830815544
3.43812672873202,2.6689748331423937
3.112709229725571,2.9680632217955765
3.8061371356440894,2.015752423405208
2.210457232263408,0.8418199025051312
0.9715950618253486,3.8731273960289907
1.420328457975517,1.6322601598013642
3.147344450863708,3.2526273469531852
3.248689221670626,1.8929933399769152
0.6525281451332163,2.2539984841726617
1.1127980654132497,0.8168383706463422
0.40157693239389003,1.9092224919607772
0.38351767242249757,0.46338376757821953
2.2773346263504703,3.347965342695117
3.221547846306784,2.559223471326943
2.1303407253329203,0.6534680300680962
2.861190617210812,1.0477461475924046
2.4002038308846676,3.0341938961979076
1.17672249429428,1.7168730470045643
2.607302894623046,2.466496305650867
3.2597770327173996,1.6636959772595272
1.5255213636524063,1.5569605069857757
2.067983995708836,2.922433185649109
3.0924037740918275,1.3677439880627884
3.769105023506664,1.0246747461941474
1.581401422542839,3.11247445092062
0.3766680533779829,1.294238750323252
2.344654404808332,1.7704549437532227
3.1181922984000883,0.4261873875142852
0.6592125066484056,0.3756365030836739
0.9015481209343101,2.065619840754087
3.2454783467524537,1.212903000932299
2.308924957119157,2.123440275590095
2.0566321849641533,2.6601942982475677
3.3661616924601283,3.4048864983183655
3.1749541992682304,0.7823745349176945
2.164901950438722,2.469166752078833
0.41796881768925687,2.2446924815013674
1.0130130637402228,0.8295980819360684
2.7339454084287866,3.2679433722662026
2.6567208583792827,3.4540729846872784
1.8314869783732521,2.697056625945803
1.9653446993114083,0.642036534889252
1.8078043460815074,2.982061420147272
0.19133905499065484,1.2813089173207168
3.554884227829383,1.5385989829202966
0.9098197906289043,2.271125710255245
3.009061642006776,3.2378287806535133
3.65360109044735,3.4452006691832686
1.9164639244777502,0.9434554268859681
1.4880133590225975,3.074436934319798
3.840530071256574,0.9576767285542034
2.098029775783199,2.121829816289318
3.470678724913272,1.1532078360261693
2.0013317342463113,1.9698860663079745
3.8128738195587353,1.5900699342038571
2.4571303722358486,1.1421704291981718
3.3964008130278662,3.212745417300093
0.5638218004653188,3.5394169111349036
0.07663549361620525,1.4511931027905138
0.6839631413622542,2.365931049933866
3.7328552906846526,0.9177716139001468
3.7295727529437586,0.41738036227250364
1.3463146333571587,2.3183914037223077
1.8392013242834135,3.1796421540569693
2.452988899293013,0.12210302759581193
1.0656376118249846,2.5599161027015915
1.9203578242678723,3.7793787978348314
0.07631632498422247,2.797879059151135
3.836810480953786,2.4202671146490924
2.6533914053416328,2.06046411998829
0.12345696971503983,0.06789243774949005
2.2881169541685664,2.104031378019233
1.9240602112834417,0.30590166665746477
0.05655651583433441,3.3310443350723395
0.1446668460231133,1.006469957057365
0.4726045960416654,2.3573574805682687
3.290936666491452,1.2711181643774623
0.7625454408205341,0.8766932989419032
1.6175384039652925,0.7509213413929707
2.013037299702321,2.0498207342737276
1.3623094692953743,1.5982057165601269
2.710506721029315,0.8041210338731695
1.9785364257855513,3.7017263722284137
3.1646546128636017,0.7134591496857285
3.5172691788512274,3.811885751210077
1.7834592570338628,1.1826353625930217
0.3272645828209777,3.9723699173243077
1.440139026050649,0.8636917006667102
3.1733058199437316,2.700832613232227
1.5170979549345187,0.6675775866136435
1.7114991474433667,3.6921790053250922
1.069700698238654,3.23556805151616
2.711813543441606,2.6302311127696067
3.503166834677028,2.977176286744787
1.8792546888104686,0.31913017100762175
2.0305228143191068,3.0959498274426966
2.102164884430498,1.1187318378389701
2.350120155684957,3.196154914979317
2.2612314812958023,2.8070098961177345
1.6684020072947288,0.5472307367523577
1.0090646753547023,1.515845414322189
3.517086811301562,1.926942029282781
3.1654187710728374,2.1857456379960047
2.7977879860336063,1.2699597839441257
2.3711395570228673,3.2628209733859594
1.6828626847964738,3.3572372435197493
0.8478109007658512,3.0719946174688704
3.862743105023834,3.6466168386277915
2.971966739447564,0.34082751525352206
1.0303041522036152,0.3088281268895958
2.5903734288318585,0.02946140375061601
3.5069042700253488,0.023306566742938184
1.3707618961137094,1.8229880433567525
1.6857864023709577,2.7229788533478003
2.302244216527451,1.4207933913089774
1.5821388860759429,1.1274212283950162
3.09577472998406,1.4488037957932782
1.7659546144025713,3.810237942158965
1.907962203541619,2.453160101439521
2.2171795007552024,2.819693947062332
0.6488077481843306,2.861882283683618
0.9713287939589095,3.4241467246675126
3.893342948172213,0.26431154105653754
3.8319475467839323,3.568742632506364
0.705608809780264,0.4497437874217205
3.977887159136015,1.4241267436247025
0.39612663874128407,0.19194301434197136
3.1566016645232966,1.585725922280795
1.9159463197141284,1.272767708613335
3.3783557735468834,0.8057666940435508
0.06399204594939256,3.0107673937640373
1.0622623202882107,0.5744663063803719
0.3816532060624396,3.0439794286701845
2.425230866505291,3.399332710293209
1.6309741110883649,0.0974471722669139
1.2692655886483033,3.8446018011339893
2.801143520594677,0.2644811000952729
2.1727223412673418,2.9064803948416866
1.3833124349830275,2.4859126084465153
