2.0,2.0
1.579387958304042,1.9853840192947798
1.6076512517535835,1.4919694354183473
1.6076512517535835,1.4919694354183473
2.867968034339694,1.727556891378775
3.5481313384725435,2.2946361686240286
2.532481091930408,1.6886293276228965
2.532481091930408,1.6886293276228965
2.532481091930408,1.6886293276228965
2.532481091930408,1.6886293276228965
2.532481091930408,1.6886293276228965
0.9640743880246121,1.8265543330758915
0.9640743880246121,1.8265543330758915
0.9640743880246121,1.8265543330758915
3.8371784993703186,1.3803620481724685
3.897707492017148,2.680660897100584
2.3745611039055063,2.6822830139843297
2.834937264053691,2.0793378120686503
2.834937264053691,2.0793378120686503
2.834937264053691,2.0793378120686503
2.834937264053691,2.0793378120686503
2.834937264053691,2.0793378120686503
2.834937264053691,2.0793378120686503
2.834937264053691,2.0793378120686503
2.834937264053691,2.0793378120686503
2.834937264053691,2.0793378120686503
0.7734148381726715,1.361861166634708
0.7734148381726715,1.361861166634708
0.7734148381726715,1.361861166634708
0.7734148381726715,1.361861166634708
0.7734148381726715,1.361861166634708
1.9070469306925637,2.1192157393841744
1.9070469306925637,2.1192157393841744
1.9070469306925637,2.1192157393841744
1.9070469306925637,2.1192157393841744
1.9070469306925637,2.1192157393841744
1.9070469306925637,2.1192157393841744
1.9070469306925637,2.1192157393841744
1.9070469306925637,2.1192157393841744
1.9070469306925637,2.1192157393841744
1.9070469306925637,2.1192157393841744
1.9070469306925637,2.1192157393841744
1.9070469306925637,2.1192157393841744
1.9070469306925637,2.1192157393841744
1.9070469306925637,2.1192157393841744
1.9070469306925637,2.1192157393841744
1.9070469306925637,2.1192157393841744
1.9070469306925637,2.1192157393841744
1.9070469306925637,2.1192157393841744
1.9070469306925637,2.1192157393841744
1.9070469306925637,2.1192157393841744
1.9070469306925637,2.1192157393841744
1.9070469306925637,2.1192157393841744
2.1223298267836608,2.073311659483418
2.1223298267836608,2.073311659483418
2.1223298267836608,2.073311659483418
2.1223298267836608,2.073311659483418
2.1223298267836608,2.073311659483418
2.1223298267836608,2.073311659483418
2.1223298267836608,2.073311659483418
2.1223298267836608,2.073311659483418
2.1223298267836608,2.073311659483418
2.1223298267836608,2.073311659483418
2.1223298267836608,2.073311659483418
2.1223298267836608,2.073311659483418
2.1223298267836608,2.073311659483418
2.1223298267836608,2.073311659483418
2.1223298267836608,2.073311659483418
2.1223298267836608,2.073311659483418
2.1223298267836608,2.073311659483418
2.1223298267836608,2.073311659483418
2.1223298267836608,2.073311659483418
2.1223298267836608,2.073311659483418
2.1223298267836608,2.073311659483418
2.1223298267836608,2.073311659483418
2.1223298267836608,2.073311659483418
2.1223298267836608,2.073311659483418
2.1223298267836608,2.073311659483418
2.1223298267836608,2.073311659483418
2.1223298267836608,2.073311659483418
2.1223298267836608,2.073311659483418
2.1223298267836608,2.073311659483418
2.1223298267836608,2.073311659483418
2.1223298267836608,2.073311659483418
2.1223298267836608,2.073311659483418
2.1223298267836608,2.073311659483418
2.1223298267836608,2.073311659483418
2.1223298267836608,2.073311659483418
2.1223298267836608,2.073311659483418
2.1223298267836608,2.073311659483418
2.1223298267836608,2.073311659483418
2.1223298267836608,2.073311659483418
2.1223298267836608,2.073311659483418
2.1223298267836608,2.073311659483418
2.1223298267836608,2.073311659483418
1.6918169585139222,2.628425156635285
1.6918169585139222,2.628425156635285
1.6918169585139222,2.628425156635285
1.6918169585139222,2.628425156635285
1.6918169585139222,2.628425156635285
1.6918169585139222,2.628425156635285
1.6918169585139222,2.628425156635285
1.6918169585139222,2.628425156635285
1.6918169585139222,2.628425156635285
1.6918169585139222,2.628425156635285
1.6918169585139222,2.628425156635285
1.6918169585139222,2.628425156635285
1.6918169585139222,2.628425156635285
1.6918169585139222,2.628425156635285
1.6918169585139222,2.628425156635285
1.6918169585139222,2.628425156635285
1.6918169585139222,2.628425156635285
1.6918169585139222,2.628425156635285
1.6918169585139222,2.628425156635285
1.6918169585139222,2.628425156635285
1.6918169585139222,2.628425156635285
1.6918169585139222,2.628425156635285
1.6918169585139222,2.628425156635285
1.6918169585139222,2.628425156635285
1.6918169585139222,2.628425156635285
1.6918169585139222,2.628425156635285
1.6918169585139222,2.628425156635285
1.6918169585139222,2.628425156635285
1.6918169585139222,2.628425156635285
1.6918169585139222,2.628425156635285
1.6918169585139222,2.628425156635285
1.6918169585139222,2.628425156635285
1.6918169585139222,2.628425156635285
1.6918169585139222,2.628425156635285
1.6918169585139222,2.628425156635285
1.6918169585139222,2.628425156635285
1.6918169585139222,2.628425156635285
1.6918169585139222,2.628425156635285
1.6918169585139222,2.628425156635285
1.6918169585139222,2.628425156635285
1.6918169585139222,2.628425156635285
1.6918169585139222,2.628425156635285
1.6918169585139222,2.628425156635285
1.6918169585139222,2.628425156635285
1.6918169585139222,2.628425156635285
1.6918169585139222,2.628425156635285
1.6918169585139222,2.628425156635285
1.6918169585139222,2.628425156635285
1.6918169585139222,2.628425156635285
1.6918169585139222,2.628425156635285
1.6918169585139222,2.628425156635285
1.6918169585139222,2.628425156635285
1.6918169585139222,2.628425156635285
1.6918169585139222,2.628425156635285
1.6918169585139222,2.628425156635285
1.6918169585139222,2.628425156635285
1.6918169585139222,2.628425156635285
1.6918169585139222,2.628425156635285
1.6918169585139222,2.628425156635285
1.6918169585139222,2.628425156635285
1.6918169585139222,2.628425156635285
1.6918169585139222,2.628425156635285
1.6918169585139222,2.628425156635285
1.6918169585139222,2.628425156635285
1.6918169585139222,2.628425156635285
1.6918169585139222,2.628425156635285
1.6918169585139222,2.628425156635285
1.4158045447155203,3.0575588400574767
1.4158045447155203,3.0575588400574767
1.4158045447155203,3.0575588400574767
1.4158045447155203,3.0575588400574767
1.4158045447155203,3.0575588400574767
1.4158045447155203,3.0575588400574767
1.4158045447155203,3.0575588400574767
1.4158045447155203,3.0575588400574767
1.4158045447155203,3.0575588400574767
1.4158045447155203,3.0575588400574767
1.4158045447155203,3.0575588400574767
1.4158045447155203,3.0575588400574767
1.4158045447155203,3.0575588400574767
1.4158045447155203,3.0575588400574767
1.4158045447155203,3.0575588400574767
1.4158045447155203,3.0575588400574767
1.4158045447155203,3.0575588400574767
1.4158045447155203,3.0575588400574767
1.4158045447155203,3.0575588400574767
1.4158045447155203,3.0575588400574767
1.4158045447155203,3.0575588400574767
1.4158045447155203,3.0575588400574767
1.4158045447155203,3.0575588400574767
1.4158045447155203,3.0575588400574767
1.4158045447155203,3.0575588400574767
1.4158045447155203,3.0575588400574767
1.4158045447155203,3.0575588400574767
1.4158045447155203,3.0575588400574767
1.4158045447155203,3.0575588400574767
1.4158045447155203,3.0575588400574767
1.4158045447155203,3.0575588400574767
1.4158045447155203,3.0575588400574767
1.4158045447155203,3.0575588400574767
1.4158045447155203,3.0575588400574767
1.4158045447155203,3.0575588400574767
1.4158045447155203,3.0575588400574767
1.4158045447155203,3.0575588400574767
1.4158045447155203,3.0575588400574767
1.4158045447155203,3.0575588400574767
1.4158045447155203,3.0575588400574767
1.4158045447155203,3.0575588400574767
1.4158045447155203,3.0575588400574767
1.4158045447155203,3.0575588400574767
1.4158045447155203,3.0575588400574767
1.4158045447155203,3.0575588400574767
1.4158045447155203,3.0575588400574767
1.4158045447155203,3.0575588400574767
1.4158045447155203,3.0575588400574767
1.4158045447155203,3.0575588400574767
1.4158045447155203,3.0575588400574767
1.4158045447155203,3.0575588400574767
1.4158045447155203,3.0575588400574767
1.4158045447155203,3.0575588400574767
1.4158045447155203,3.0575588400574767
1.4158045447155203,3.0575588400574767
1.4158045447155203,3.0575588400574767
1.4158045447155203,3.0575588400574767
1.4158045447155203,3.0575588400574767
1.4158045447155203,3.0575588400574767
1.4158045447155203,3.0575588400574767
1.4158045447155203,3.0575588400574767
1.4158045447155203,3.0575588400574767
1.4158045447155203,3.0575588400574767
1.4158045447155203,3.0575588400574767
1.4158045447155203,3.0575588400574767
1.4158045447155203,3.0575588400574767
1.4158045447155203,3.0575588400574767
1.222004693327564,3.4070477434127997
1.222004693327564,3.4070477434127997
1.222004693327564,3.4070477434127997
1.222004693327564,3.4070477434127997
1.222004693327564,3.4070477434127997
1.222004693327564,3.4070477434127997
1.222004693327564,3.4070477434127997
1.222004693327564,3.4070477434127997
1.222004693327564,3.4070477434127997
1.222004693327564,3.4070477434127997
1.222004693327564,3.4070477434127997
1.222004693327564,3.4070477434127997
1.222004693327564,3.4070477434127997
1.222004693327564,3.4070477434127997
1.222004693327564,3.4070477434127997
1.222004693327564,3.4070477434127997
1.222004693327564,3.4070477434127997
1.222004693327564,3.4070477434127997
1.222004693327564,3.4070477434127997
1.222004693327564,3.4070477434127997
1.222004693327564,3.4070477434127997
1.222004693327564,3.4070477434127997
1.222004693327564,3.4070477434127997
1.222004693327564,3.4070477434127997
1.222004693327564,3.4070477434127997
1.222004693327564,3.4070477434127997
1.222004693327564,3.4070477434127997
1.222004693327564,3.4070477434127997
1.222004693327564,3.4070477434127997
1.222004693327564,3.4070477434127997
1.222004693327564,3.4070477434127997
1.222004693327564,3.4070477434127997
1.222004693327564,3.4070477434127997
1.222004693327564,3.4070477434127997
1.222004693327564,3.4070477434127997
1.222004693327564,3.4070477434127997
1.222004693327564,3.4070477434127997
1.222004693327564,3.4070477434127997
1.222004693327564,3.4070477434127997
1.222004693327564,3.4070477434127997
1.222004693327564,3.4070477434127997
1.222004693327564,3.4070477434127997
1.222004693327564,3.4070477434127997
1.222004693327564,3.4070477434127997
1.222004693327564,3.4070477434127997
1.222004693327564,3.4070477434127997
1.222004693327564,3.4070477434127997
1.222004693327564,3.4070477434127997
1.222004693327564,3.4070477434127997
1.222004693327564,3.4070477434127997
1.222004693327564,3.4070477434127997
1.222004693327564,3.4070477434127997
1.222004693327564,3.4070477434127997
1.222004693327564,3.4070477434127997
1.222004693327564,3.4070477434127997
1.222004693327564,3.4070477434127997
1.222004693327564,3.4070477434127997
1.222004693327564,3.4070477434127997
1.222004693327564,3.4070477434127997
1.222004693327564,3.4070477434127997
1.222004693327564,3.4070477434127997
1.222004693327564,3.4070477434127997
1.222004693327564,3.4070477434127997
1.222004693327564,3.4070477434127997
1.222004693327564,3.4070477434127997
1.222004693327564,3.4070477434127997
1.222004693327564,3.4070477434127997
1.222004693327564,3.4070477434127997
1.222004693327564,3.4070477434127997
1.222004693327564,3.4070477434127997
1.222004693327564,3.4070477434127997
1.222004693327564,3.4070477434127997
1.222004693327564,3.4070477434127997
1.222004693327564,3.4070477434127997
1.222004693327564,3.4070477434127997
1.222004693327564,3.4070477434127997
1.222004693327564,3.4070477434127997
1.222004693327564,3.4070477434127997
1.222004693327564,3.4070477434127997
1.222004693327564,3.4070477434127997
1.222004693327564,3.4070477434127997
1.222004693327564,3.4070477434127997
1.222004693327564,3.4070477434127997
1.222004693327564,3.4070477434127997
1.222004693327564,3.4070477434127997
1.222004693327564,3.4070477434127997
1.222004693327564,3.4070477434127997
1.222004693327564,3.4070477434127997
1.222004693327564,3.4070477434127997
1.222004693327564,3.4070477434127997
1.222004693327564,3.4070477434127997
1.222004693327564,3.4070477434127997
1.222004693327564,3.4070477434127997
1.222004693327564,3.4070477434127997
1.222004693327564,3.4070477434127997
1.222004693327564,3.4070477434127997
1.222004693327564,3.4070477434127997
1.222004693327564,3.4070477434127997
1.222004693327564,3.4070477434127997
1.222004693327564,3.4070477434127997
1.222004693327564,3.4070477434127997
1.222004693327564,3.4070477434127997
1.222004693327564,3.4070477434127997
1.222004693327564,3.4070477434127997
1.222004693327564,3.4070477434127997
1.222004693327564,3.4070477434127997
1.222004693327564,3.4070477434127997
1.222004693327564,3.4070477434127997
1.222004693327564,3.4070477434127997
1.222004693327564,3.4070477434127997
1.222004693327564,3.4070477434127997
1.222004693327564,3.4070477434127997
1.222004693327564,3.4070477434127997
1.222004693327564,3.4070477434127997
1.222004693327564,3.4070477434127997
1.222004693327564,3.4070477434127997
1.222004693327564,3.4070477434127997
1.222004693327564,3.4070477434127997
1.222004693327564,3.4070477434127997
1.222004693327564,3.4070477434127997
1.222004693327564,3.4070477434127997
1.222004693327564,3.4070477434127997
1.222004693327564,3.4070477434127997
1.222004693327564,3.4070477434127997
1.222004693327564,3.4070477434127997
1.222004693327564,3.4070477434127997
1.222004693327564,3.4070477434127997
1.222004693327564,3.4070477434127997
1.222004693327564,3.4070477434127997
1.222004693327564,3.4070477434127997
1.222004693327564,3.4070477434127997
1.222004693327564,3.4070477434127997
1.222004693327564,3.4070477434127997
1.222004693327564,3.4070477434127997
1.7890676241478962,3.4684377594861013
1.7890676241478962,3.4684377594861013
1.7890676241478962,3.4684377594861013
1.7890676241478962,3.4684377594861013
1.7890676241478962,3.4684377594861013
1.7890676241478962,3.4684377594861013
1.7890676241478962,3.4684377594861013
1.7890676241478962,3.4684377594861013
1.7890676241478962,3.4684377594861013
1.7890676241478962,3.4684377594861013
1.7890676241478962,3.4684377594861013
1.7890676241478962,3.4684377594861013
1.7890676241478962,3.4684377594861013
1.7890676241478962,3.4684377594861013
1.7890676241478962,3.4684377594861013
1.7890676241478962,3.4684377594861013
1.7890676241478962,3.4684377594861013
1.7890676241478962,3.4684377594861013
1.7890676241478962,3.4684377594861013
1.7890676241478962,3.4684377594861013
1.7890676241478962,3.4684377594861013
1.7890676241478962,3.4684377594861013
1.7890676241478962,3.4684377594861013
1.7890676241478962,3.4684377594861013
1.7890676241478962,3.4684377594861013
1.7890676241478962,3.4684377594861013
1.7890676241478962,3.4684377594861013
1.7890676241478962,3.4684377594861013
1.7890676241478962,3.4684377594861013
1.7890676241478962,3.4684377594861013
1.7890676241478962,3.4684377594861013
1.7890676241478962,3.4684377594861013
1.7890676241478962,3.4684377594861013
1.7890676241478962,3.4684377594861013
1.7890676241478962,3.4684377594861013
1.7890676241478962,3.4684377594861013
1.7890676241478962,3.4684377594861013
1.7890676241478962,3.4684377594861013
1.7890676241478962,3.4684377594861013
1.7890676241478962,3.4684377594861013
1.7890676241478962,3.4684377594861013
1.7890676241478962,3.4684377594861013
1.7890676241478962,3.4684377594861013
1.7890676241478962,3.4684377594861013
1.7890676241478962,3.4684377594861013
1.7890676241478962,3.4684377594861013
1.7890676241478962,3.4684377594861013
1.7890676241478962,3.4684377594861013
1.7890676241478962,3.4684377594861013
1.7890676241478962,3.4684377594861013
1.7890676241478962,3.4684377594861013
1.7890676241478962,3.4684377594861013
1.7890676241478962,3.4684377594861013
1.7890676241478962,3.4684377594861013
1.7890676241478962,3.4684377594861013
1.7890676241478962,3.4684377594861013
1.7890676241478962,3.4684377594861013
1.7890676241478962,3.4684377594861013
1.7890676241478962,3.4684377594861013
1.7890676241478962,3.4684377594861013
1.7890676241478962,3.4684377594861013
1.7890676241478962,3.4684377594861013
1.7890676241478962,3.4684377594861013
1.7890676241478962,3.4684377594861013
1.7890676241478962,3.4684377594861013
1.7890676241478962,3.4684377594861013
1.7890676241478962,3.4684377594861013
1.7890676241478962,3.4684377594861013
1.7890676241478962,3.4684377594861013
1.7890676241478962,3.4684377594861013
1.7890676241478962,3.4684377594861013
1.7890676241478962,3.4684377594861013
1.7890676241478962,3.4684377594861013
1.7890676241478962,3.4684377594861013
1.7890676241478962,3.4684377594861013
1.7890676241478962,3.4684377594861013
1.7890676241478962,3.4684377594861013
1.7890676241478962,3.4684377594861013
1.7890676241478962,3.4684377594861013
1.7890676241478962,3.4684377594861013
1.7890676241478962,3.4684377594861013
1.7890676241478962,3.4684377594861013
1.7890676241478962,3.4684377594861013
1.7890676241478962,3.4684377594861013
1.7890676241478962,3.4684377594861013
1.7890676241478962,3.4684377594861013
1.7890676241478962,3.4684377594861013
1.7890676241478962,3.4684377594861013
1.7890676241478962,3.4684377594861013
1.7890676241478962,3.4684377594861013
1.7890676241478962,3.4684377594861013
1.7890676241478962,3.4684377594861013
1.7890676241478962,3.4684377594861013
1.7890676241478962,3.4684377594861013
1.7890676241478962,3.4684377594861013
1.7890676241478962,3.4684377594861013
1.7890676241478962,3.4684377594861013
1.7890676241478962,3.4684377594861013
1.7890676241478962,3.4684377594861013
1.7890676241478962,3.4684377594861013
1.7890676241478962,3.4684377594861013
1.7890676241478962,3.4684377594861013
1.7890676241478962,3.4684377594861013
1.7890676241478962,3.4684377594861013
1.7890676241478962,3.4684377594861013
1.7890676241478962,3.4684377594861013
1.7890676241478962,3.4684377594861013
1.7890676241478962,3.4684377594861013
1.7890676241478962,3.4684377594861013
1.7890676241478962,3.4684377594861013
1.7890676241478962,3.4684377594861013
1.7890676241478962,3.4684377594861013
1.7890676241478962,3.4684377594861013
1.7890676241478962,3.4684377594861013
1.7890676241478962,3.4684377594861013
1.7890676241478962,3.4684377594861013
1.7890676241478962,3.4684377594861013
1.7890676241478962,3.4684377594861013
1.7890676241478962,3.4684377594861013
1.7890676241478962,3.4684377594861013
1.7890676241478962,3.4684377594861013
1.7890676241478962,3.4684377594861013
1.7890676241478962,3.4684377594861013
1.7890676241478962,3.4684377594861013
1.7890676241478962,3.4684377594861013
1.7890676241478962,3.4684377594861013
1.7890676241478962,3.4684377594861013
1.7890676241478962,3.4684377594861013
1.7890676241478962,3.4684377594861013
1.7890676241478962,3.4684377594861013
1.7890676241478962,3.4684377594861013
1.7890676241478962,3.4684377594861013
1.7890676241478962,3.4684377594861013
1.7890676241478962,3.4684377594861013
1.7890676241478962,3.4684377594861013
1.7890676241478962,3.4684377594861013
1.7890676241478962,3.4684377594861013
1.7890676241478962,3.4684377594861013
1.7890676241478962,3.4684377594861013
1.7890676241478962,3.4684377594861013
1.7890676241478962,3.4684377594861013
1.7890676241478962,3.4684377594861013
1.7890676241478962,3.4684377594861013
1.7890676241478962,3.4684377594861013
1.7890676241478962,3.4684377594861013
1.7890676241478962,3.4684377594861013
1.7890676241478962,3.4684377594861013
1.7890676241478962,3.4684377594861013
1.7890676241478962,3.4684377594861013
1.7890676241478962,3.4684377594861013
1.7890676241478962,3.4684377594861013
1.7890676241478962,3.4684377594861013
1.7890676241478962,3.4684377594861013
1.7890676241478962,3.4684377594861013
1.7890676241478962,3.4684377594861013
1.7890676241478962,3.4684377594861013
1.7890676241478962,3.4684377594861013
1.7890676241478962,3.4684377594861013
1.7890676241478962,3.4684377594861013
1.7890676241478962,3.4684377594861013
1.7890676241478962,3.4684377594861013
1.7890676241478962,3.4684377594861013
1.7890676241478962,3.4684377594861013
1.7890676241478962,3.4684377594861013
1.7890676241478962,3.4684377594861013
1.7890676241478962,3.4684377594861013
1.7890676241478962,3.4684377594861013
1.7890676241478962,3.4684377594861013
1.7890676241478962,3.4684377594861013
1.7890676241478962,3.4684377594861013
1.7890676241478962,3.4684377594861013
1.7890676241478962,3.4684377594861013
1.7890676241478962,3.4684377594861013
1.7890676241478962,3.4684377594861013
1.7890676241478962,3.4684377594861013
1.7890676241478962,3.4684377594861013
1.7890676241478962,3.4684377594861013
1.7890676241478962,3.4684377594861013
1.7890676241478962,3.4684377594861013
1.7890676241478962,3.4684377594861013
1.7890676241478962,3.4684377594861013
1.7890676241478962,3.4684377594861013
1.7890676241478962,3.4684377594861013
1.7890676241478962,3.4684377594861013
1.7890676241478962,3.4684377594861013
1.7890676241478962,3.4684377594861013
1.7890676241478962,3.4684377594861013
1.7890676241478962,3.4684377594861013
1.7890676241478962,3.4684377594861013
1.7890676241478962,3.4684377594861013
1.7890676241478962,3.4684377594861013
1.7890676241478962,3.4684377594861013
1.7890676241478962,3.4684377594861013
1.7890676241478962,3.4684377594861013
1.7890676241478962,3.4684377594861013
1.7890676241478962,3.4684377594861013
1.7890676241478962,3.4684377594861013
1.7890676241478962,3.4684377594861013
1.7890676241478962,3.4684377594861013
1.7890676241478962,3.4684377594861013
1.7890676241478962,3.4684377594861013
1.7890676241478962,3.4684377594861013
1.7890676241478962,3.4684377594861013
1.7890676241478962,3.4684377594861013
1.7890676241478962,3.4684377594861013
1.7890676241478962,3.4684377594861013
1.7890676241478962,3.4684377594861013
1.7890676241478962,3.4684377594861013
1.7890676241478962,3.4684377594861013
1.7890676241478962,3.4684377594861013
1.7890676241478962,3.4684377594861013
1.7890676241478962,3.4684377594861013
1.7890676241478962,3.4684377594861013
1.7890676241478962,3.4684377594861013
1.7890676241478962,3.4684377594861013
1.7890676241478962,3.4684377594861013
1.7890676241478962,3.4684377594861013
1.7890676241478962,3.4684377594861013
1.7890676241478962,3.4684377594861013
1.7890676241478962,3.4684377594861013
1.7890676241478962,3.4684377594861013
1.7890676241478962,3.4684377594861013
1.7890676241478962,3.4684377594861013
1.7890676241478962,3.4684377594861013
1.7890676241478962,3.4684377594861013
1.7890676241478962,3.4684377594861013
1.7890676241478962,3.4684377594861013
1.7890676241478962,3.4684377594861013
1.7890676241478962,3.4684377594861013
1.7890676241478962,3.4684377594861013
1.7890676241478962,3.4684377594861013
1.7890676241478962,3.4684377594861013
1.7890676241478962,3.4684377594861013
1.7890676241478962,3.4684377594861013
1.7890676241478962,3.4684377594861013
1.7890676241478962,3.4684377594861013
1.7890676241478962,3.4684377594861013
1.7890676241478962,3.4684377594861013
1.7890676241478962,3.4684377594861013
1.7890676241478962,3.4684377594861013
1.7890676241478962,3.4684377594861013
1.7890676241478962,3.4684377594861013
1.7890676241478962,3.4684377594861013
1.7890676241478962,3.4684377594861013
1.7890676241478962,3.4684377594861013
1.7890676241478962,3.4684377594861013
1.7890676241478962,3.4684377594861013
1.7890676241478962,3.4684377594861013
1.7890676241478962,3.4684377594861013
1.7890676241478962,3.4684377594861013
1.7890676241478962,3.4684377594861013
1.7890676241478962,3.4684377594861013
1.7890676241478962,3.4684377594861013
1.7890676241478962,3.4684377594861013
1.7890676241478962,3.4684377594861013
1.7890676241478962,3.4684377594861013
1.7890676241478962,3.4684377594861013
1.7890676241478962,3.4684377594861013
1.7890676241478962,3.4684377594861013
1.7890676241478962,3.4684377594861013
1.7890676241478962,3.4684377594861013
1.7890676241478962,3.4684377594861013
1.7890676241478962,3.4684377594861013
1.7890676241478962,3.4684377594861013
1.7890676241478962,3.4684377594861013
1.7890676241478962,3.4684377594861013
1.7890676241478962,3.4684377594861013
1.7890676241478962,3.4684377594861013
1.7890676241478962,3.4684377594861013
