2.0,2.0
2.631262091985561,1.9756843455660005
1.292126050916409,2.5355828088648913
0.517237375859585,2.907542088856301
2.020129008476739,2.1271833046440514
1.5140316598886776,1.5361272813697804
0.9524424447308273,2.9650083310739235
0.12021376312596654,2.771228604115629
1.4071832216388276,2.668763287532741
2.2302223488168194,3.020978238077458
0.8916463585553132,3.5497024136327155
1.235684348788133,3.1440546346447524
1.555771079541726,0.8545959361646056
3.386908750597395,2.1129872585145373
3.125590329155715,2.748878384489417
1.2751151162705603,2.8401369663912814
2.6052226046450686,3.8703467325147107
3.6855092322621594,1.23352782496119
1.8388111194335695,1.6780435875904622
2.6959439265941034,2.435307211929999
1.7240094438740936,1.8680393674499216
2.297337366848529,1.7968284158406442
3.057059194250061,0.6864920169515707
1.668982745469695,0.46036713922633377
0.8933083285811576,1.300709075369256
0.25861373632062623,2.6144044681463945
3.0447520763225446,2.6719453787575027
0.8933779795321133,2.6923992190179074
3.0543517850557813,0.8014147259308135
3.6707592496677974,2.1297560324730647
0.9974957086968179,3.1973563974291137
1.5903409112235454,3.4099692949443514
1.1990484806337558,3.3749844934317212
0.7149072500570273,0.3893065242589113
2.082220546860408,1.0190679536879395
0.6678087737733458,1.2063995326570924
3.2001467497683804,0.09379791057153364
2.7407739843394303,1.584120237755572
0.6442298141071094,0.8478260693298334
1.8561295377458484,2.685498997689836
0.9932623906179527,1.1160984756622887
1.5146095737723027,1.2809448203562872
1.580768344605814,2.390577710014981
2.6520660161505254,3.889960862228366
2.581393404098674,3.358522607834355
0.189612337478676,1.5504007678006615
0.9670764163345722,2.4191026673646774
3.394961504774334,0.8388631337071213
2.3708698627336684,0.8222255776783811
2.5705614018234777,0.9405989525036689
0.8697281102567893,2.3284538691969647
1.7784091025246012,3.940578390086877
3.6325805956910115,0.1353250688173726
2.922946861967447,1.1499592868872228
0.3189563418354697,1.0930027194517646
1.8179606926907819,1.7637702854975097
1.9592640596085404,0.8313368934842433
0.04270193072871509,1.6732182410441272
1.0835227312848779,0.07250839568864142
3.4919348246769144,3.18032487233272
1.637629915927676,1.4804391005874593
2.7316417297432625,0.7589760360597708
0.11344393286179333,1.847419155225182
0.8275081349535691,0.5543092130166638
3.7274244105742906,2.044627482805231
3.8038227022373308,2.3785628786773048
0.9541135925437714,2.689513933286782
2.976765603463464,2.595838993954649
3.702372320761075,0.7449218997404166
0.9758081373687406,3.886867938910249
3.137500002790794,3.248223470109411
1.5912796167075571,1.3410879484255087
0.43604816956943315,2.2793446009224057
2.6481564390306938,0.27720057783571805
0.7792174339224047,0.17606369126360333
2.6538027270264224,2.0635232096559815
3.7401344888133563,3.237578359677134
3.0454397249266596,3.478542148322827
0.0655132738418418,0.3766002119156635
3.1503268118701837,2.871192708983452
1.917794946434063,2.8614139623654173
3.6108877627720197,2.971851757700571
3.750357586598642,0.04161505334836457
0.8805950809779906,2.9851053948341204
0.3138285972561179,2.1066365173992856
0.9133783912462943,1.4034053944214633
1.373661923338057,0.7146959428975821
2.876405632248085,1.423483858841073
2.3047580773457716,1.7211351084770694
3.6872629745634615,3.2233141138688
3.106734079045726,1.6263761445203793
2.2500485450074175,1.8370790766781235
1.5816643916193946,2.244584994282161
1.300403541879259,0.25320060270838995
1.5930936367181974,2.533775126243397
3.718935713480388,0.16487348936039936
2.4074723035744237,0.511974527315918
0.34475540410637784,2.8872222970080723
0.7737805872120975,2.080304002121465
0.22607521767873529,3.2492222563165667
3.5182530568538133,2.0774331549449228
2.1649362307340385,3.349170055765939
2.380495978751741,3.4784934221826456
0.914994886888894,0.37878595559096695
2.1089914756114165,3.093079147763695
1.1207411274513523,1.981805847179595
2.4972627777544463,2.0752521280971403
3.983915781734358,1.2639381695395997
0.6194311610453309,1.781574326976913
1.4309039023723757,3.2279551529519765
0.9666916690103777,0.08993152536978544
1.5091338526774116,2.626543252406744
3.390703378155979,2.3307510035895285
1.5734217521456708,2.1208631551116803
3.533072756808735,0.29870518864058315
2.180771434006297,1.2204613188323177
2.112100423892115,3.342979819657419
1.4261004869571625,2.7206025248997197
3.6132429155318793,0.27712721026548115
2.7283216199190474,3.4908330755132257
1.2276773085499042,2.092352357979838
0.7943760558727435,2.703645127589483
1.9973595726593478,3.3360577598626673
2.65583423868181,1.8889769988946403
2.5254226618495714,2.1557542862272427
0.9408548998468147,0.5955007005198953
1.5218211900216487,1.9483588642229543
3.915348071450587,1.5766756215939006
0.8707579410308908,2.124215477256486
1.6871377999901513,3.6241951495037608
0.0955071495372386,3.6546952825408208
3.949045892004918,0.552314866862782
2.467629996840556,1.9316396701453513
3.4391511742868905,0.30473695968385206
3.4704428119217248,3.5484199528262703
1.960631270483669,0.2993103495359568
2.4270034764743755,3.1680008048049513
0.8371216669940633,1.552830919230248
2.058580238057373,1.2282286449916184
1.3907784534104297,2.5871297342612363
0.020684732313752896,1.5519931713579833
0.2849516533258001,2.0429675188120284
0.8013086882562162,1.9666497246078238
2.2757793800671244,2.466396044389064
3.3968648247785054,1.740572845132021
0.7661700403436891,2.6666603241438818
0.755121728848104,3.9682949147122577
2.268673239793917,1.516922326699326
0.2637348049253605,2.435492593954744
2.907037939302324,3.805246113671406
2.7036136434862037,2.374052338825694
2.0155200165389355,1.5307727531134239
2.388340301044451,2.9457870217509834
2.399465978031008,1.4198115735895485
2.3962198937360664,1.3310871821895995
3.914015410395534,1.1495690943384402
2.1585388539825168,3.4081470217144836
0.5237259904237841,0.4149374342307204
3.2795541984813013,2.1527214164358432
1.2956087672676722,0.12384096343029771
3.5810226326413797,1.7910661039168043
1.8306463092628857,0.5343269385650071
2.258892984318983,3.100853256685803
0.9425792938426318,0.062310665602680615
1.864133100208461,2.4533557030773676
3.847431067201395,3.1839616375213398
0.8622268799662742,3.904954331705961
1.6764639347390715,2.567265719743918
3.1299952811210696,3.755548412159064
3.32430653052987,1.6456451969588333
3.968781709587468,1.6592154782895765
0.4342208948716295,1.8837305912675388
0.00832770268946259,0.20036048518607652
2.409775961382403,0.1463467842792987
1.5532475246881514,2.338631138894554
3.5660336915217483,2.7852995761969375
3.880416434963773,1.7551721926838373
0.71281709854351,0.5833049161510755
0.7104027968097251,0.5548059288918461
2.534430998946625,3.423831985467149
1.5670947714170236,0.8252889428727324
3.282119899571284,0.6719308532811024
1.6963309887703129,3.5746185826838492
1.9948962446544423,1.2860546858853836
3.1214854657108133,2.753952897511866
2.6850770181195305,3.1600247990968366
0.10013930170871221,1.6555598944791976
1.4838211989342391,0.09085019850075371
1.2506103806979674,3.8574552097796797
1.247360393409743,3.1467561823195553
2.598017678445571,2.3217589744756344
3.6856028390376316,2.740354400015336
1.0911296182053625,1.6996749816164534
1.0315138489583684,0.9098035887734244
1.3336849064220329,2.859374314858763
2.2083247692887142,0.40715699075590006
0.3352239002743662,2.3681940979216467
3.624441629769525,1.402860581506744
2.2626270477390142,1.5682477173216136
0.3339840298803116,1.4197565707118387
0.09995155795296684,0.8261922377757376
1.5699566406798753,1.7766856060575225
0.4732655313853531,0.7680842765388283
2.599643268825772,3.866324622850927
3.4682001855120057,1.3735602444322041
1.3778205975000923,3.118007344809262
3.2254468478634224,2.7474518675565665
1.8597585280201803,1.8575350997588385
1.903467867608296,0.007991147017560873
2.70998529592438,3.1603054866045808
0.7569289386943456,2.2955306852849344
3.7394734666561007,2.6527114705102344
3.3620271669383346,3.849468058449755
1.23119964351854,3.5133082667687194
3.7108720935585624,1.40286474808982
1.0577468888052293,2.7876888766520507
3.3895484409417276,2.4858005891197026
3.175961847270005,1.8314761639088295
1.4925573961439667,0.7600774601961549
2.0759168603407745,2.0466644564845593
2.2765387040827454,1.8147260325213357
2.558660456267848,2.983876697501668
3.003127814810043,1.8560311796822102
2.1879929415518076,2.8292114900900507
0.09380974674431153,2.8062756219656237
0.2121822602933663,1.6075500210822113
0.29150606302420634,1.291320636784878
1.5869477104212066,2.7598533712350473
3.0780645472166923,0.43126663616817273
1.0791306023221465,0.4438861394399516
0.6726773422033938,0.6236082710646582
0.07513586757405966,0.2511509126871392
1.2201105204078972,3.8975864218493985
0.2508906973737832,2.7996756492811814
0.32932889920920694,2.73130392664988
2.747376701846049,1.0024508794990656
2.7683751115754567,0.8142123844266362
0.5919973788113864,0.39472663246811024
0.5185047136624341,2.157135999968831
0.40760441107177714,1.4203692131541845
3.4309296767415827,3.6102925876748135
1.3538529649965478,2.9080369663690973
3.062020869125112,2.3601555406473924
1.1223928613019174,1.398465281417303
3.387373864839554,2.5027310283223545
2.6376235255170393,3.715072909977355
2.875646435034646,3.2803673156376276
3.505652391543451,0.9525516769548559
1.034896275632176,2.099653611935812
2.7447510297950237,3.9268312943089567
0.1470490686574708,0.03159397885372561
1.4590908146920922,3.2975090237264792
2.939231967875518,2.064599578407985
0.8075644220373528,3.9364302774563162
1.9532022596332732,2.603264069506458
2.5605429693679915,0.45676167998285333
2.331388031922569,2.076712485368072
1.3856921550258456,2.5127014606247933
0.2627383155170362,3.9017574438791143
3.924349872301636,2.985945741011046
3.9817419454998046,0.8966597965292085
0.09249768645120682,2.838228424281773
2.0492236810470374,1.9059074827902842
3.769265990422038,2.7525386918256807
0.8220835767023043,0.7914773722844797
0.3128687867799864,2.9816910612494025
2.9316481751345393,0.07363044325559809
1.769133657515555,3.255480951687698
1.7292030517842334,2.799981317929098
2.7551224955055207,0.8761839146975219
1.6741810248713804,2.904285785030458
3.4958056566363975,3.8768179733744774
3.6848323572707926,1.5465353528857482
2.955374252504543,0.9652978700343104
1.6033821383108524,1.2279352150827436
0.8382181468222214,1.8129861214584126
0.7259446445012827,2.6615885317508625
2.305531299552532,1.3831209878797543
3.5934994407418035,2.573542415049522
0.83763066696054,0.5912663139908352
2.38247026117497,2.6500205710402676
1.9326317533209352,0.12238671518962096
0.05974753064447791,1.1044908026612492
1.726322467664282,1.2986429282857181
1.7377471688255204,1.5280203702017943
2.1169241408879342,1.8026731574301866
1.2084101782817758,0.7943788592524079
1.2922006991442405,2.3538704002000053
2.1214941914828542,3.7245639268576585
1.1088707772706599,1.8983941615861268
3.114827520800512,1.1202659539000002
1.4001253309995363,0.1721100683556691
2.0305845027176295,1.8280966579628553
1.9779598214149017,2.473555133898502
0.567697512324576,3.4288101356823533
2.401268306016325,1.1118754115435592
1.2892256772351218,3.808157122451294
2.066130898947513,0.7223699603678182
2.909844730364469,0.05684561143421751
1.8844302022307398,3.9872766579860164
0.22123464025513728,0.34312425812767655
0.7733226070582231,2.8082330453334796
2.0407211551853073,1.8327959419562934
0.0022377867406424556,1.9109993431595576
1.9199136270558745,2.907035819550411
2.5383497696544164,3.86444530867444
0.15679001323312347,2.03248695426417
3.9142582095144856,0.6274257486508579
2.6713696345887548,1.7980809184162174
1.5947430868672074,1.2463417586746801
0.8876991255989792,1.9644023239712145
1.6614296655677503,0.7909262769972636
1.8835615738030942,1.3710004765134864
2.89841969232591,0.6893726439741181
3.692098431886167,1.2530033078566607
1.6865366331901996,1.4967926298277918
0.4376079152190817,1.1482572969524578
2.6509959823894356,2.1350880324220824
2.7024219265088365,0.031500321765052686
0.885398102881723,1.0856663767958517
0.7064010954579989,3.9347623711623125
1.7004717604118165,0.8817909223132214
1.396703967381625,1.823001268930605
0.6051956852275042,3.290121090871654
1.1563828028624146,2.79107934626635
0.5750438954337009,1.0518455183086526
0.5393319249669175,2.952308537284874
1.0545608444079182,0.060532380600081925
1.832324277976677,0.07301812475712222
0.15150962503672716,3.356354119600349
1.7126297909979837,3.4822524922660545
0.6529535746162152,1.2685431213426255
2.0543062575116076,1.3566661859992744
2.4779546982716267,1.839419740442478
3.742406885393735,0.33136512607010005
0.7456420838138542,0.8656251987036847
0.30336222377394906,1.2307432616542209
3.5215618889817657,2.9483541955676023
0.4703052735152231,3.182239643228905
2.026929596732451,1.9606540178667102
3.35327854652264,0.06860219779733079
2.768115390492788,0.03201332754105435
3.495371773872257,2.491307757323203
3.134779916135794,3.606559433156037
1.851597175489259,2.0955955178963634
3.6293282366679267,3.2380152161052194
0.12174774135603306,3.8430457783111716
0.8997735156291977,1.7228087010339608
1.6838352796082088,1.829227125613722
0.618849503329471,3.9729966615024193
2.468053182030209,2.3318358819707767
0.17338472088926649,1.7807171976500484
0.7514444329304264,1.6904110662286733
3.8852706228465657,2.0934199842588694
0.11227212298099021,2.4356060036240654
2.0271948255662178,3.5781317576668052
0.2121358269416822,3.548771043370709
0.5768307932423986,3.2202061876520154
0.9680306512542511,2.5916025037854697
2.444909218160314,2.4773713723453334
0.5708440837043693,0.7376067387882386
0.6393849808132073,3.370020458464801
1.8805851521076211,1.803510731852072
1.6583170196436914,0.6912729108011475
1.181346375237625,2.182935674886812
2.264197313163664,1.214564723082062
2.1424629051477435,2.1934545121981968
2.8976966277231666,1.9296562349007367
3.1676523538337102,2.998675366494568
1.3316711007129678,0.6052103839765892
3.225843838836483,0.3084305414161941
2.0018819285617986,2.4972935651240147
1.6400538861848162,3.17375886538403
0.00371147772720537,3.5900107941806354
0.4425263506515549,3.468930921016188
1.081165758177839,0.9850335852364287
0.4970990962273545,3.3523003094097774
0.21871657970229652,2.634199110484703
2.127840043904517,1.6824540647533985
0.36695506381231624,3.1796809910873383
2.491762950859592,1.431551818496367
