2.0,2.0
1.1469779117013328,1.571984168764716
1.4849973782157728,2.2997649485553593
2.0282484042271243,1.0662994888287454
2.5452422715912615,1.9204883451520014
0.9737130635904339,1.5983312067876043
1.927924494105984,2.823142836954144
2.6159986511334257,0.8395187839058948
0.02202263550782302,1.8917692766962633
2.5034588117303875,2.123900647809925
1.5385854971271735,2.8978388821350114
1.5267329491296064,2.061850361948646
3.326496031657617,0.608787978106343
2.0940688893532116,0.2522408182315661
0.0336931518701844,2.395791514087445
1.0524883912497733,2.939775911167999
0.2672389078021902,1.1725626435692793
1.2483430799946071,3.1630936967027647
3.426489619096428,2.1945454250147813
1.106540938486916,2.101671931117553
0.8761582540469832,3.472197355331746
2.060966078864018,2.2777106210298697
0.3284168338000448,1.9381129781108055
1.415617498344894,0.8867501467224446
2.5333338698505963,1.4623130006719611
2.3574644176852946,2.1710419951114277
1.843324832385476,0.16790824030919183
1.4904759497491833,1.3459286307517955
1.2250781615717243,2.4727223517363717
2.259191145752753,2.031916395359188
0.11066799115765491,0.3707133426799123
3.855782031719476,2.1549558591780005
0.3388323281157608,3.1843280386375166
1.0432984080331686,0.9738723734725987
2.465142735128417,0.2503820171764506
3.4399227252403373,0.45601134720706993
2.1787057220693553,2.02161990928022
2.6373937741124576,3.1712157445524976
2.9402410122812923,1.4498419152387076
2.2520857052364027,3.258127059208051
1.8726079109160954,3.3071127419611748
2.5097273364267196,2.9486209322295363
3.281510591642298,3.3238062020091474
1.2499373363754156,3.6318403532141925
3.286429545377588,1.84496403052069
1.522490749265541,0.04962238411555164
2.0250194330322144,1.0661171630798871
2.880727381660905,2.4816813754385163
2.0347452863914555,3.6004050535008902
3.908876452218088,3.6160141775661234
2.8798718518443756,2.959464897143838
0.36805489588790463,0.8758676498168851
0.6606078874881076,2.833585763852572
3.5688540825487554,2.923258298112029
3.512394830055292,0.3326362785491259
1.6832754586543133,2.446473950641966
3.85988201124337,0.1887828743686435
1.4167227334118562,0.948023151526344
1.896914661892008,2.731813647835768
3.977094257915326,0.13244757138176055
2.1697475338694128,1.9668718744075213
0.18894566377446775,1.8203639650943853
3.30738973724351,2.2292022202665254
0.5791831095126097,2.8177654389921996
1.943013608612346,1.8970234131026156
0.824052543932376,3.171525014859027
2.614504374026809,1.7276586808455265
3.7202205970031943,3.8362213211693614
1.6750962856810863,3.2152882676479333
1.4567422167813007,3.4046507808555204
1.9741811216265153,2.1487322666498474
1.1011265584265217,2.8458752377404717
0.25205294072666184,0.1531196365239298
2.8265881683812064,2.0162167307644174
3.5567420924825517,1.8565682062430313
2.9733877346540853,2.4563404978674783
0.9285268217180969,0.6289451195593032
2.8173632544264553,3.696272516879751
2.2699738305360464,0.5677883438478966
1.1793067331082732,3.427296151403861
3.6220302246834986,0.8142473550355169
2.1570550952142256,1.574797830247371
0.020963803571155015,3.121248081091072
3.933147913701764,3.173288681138604
2.0981017211495985,1.393416944425394
0.4295998738879274,0.5950734302820395
2.8271299290808933,3.7271102192868337
1.7331439787652738,1.6609336106509414
1.9375894977870258,1.0271130322713664
0.28412276595241304,2.511888942568594
3.966203970280583,2.991031920099789
1.8009119351120733,3.222493912151986
3.210097619592966,3.9420711273368494
3.3412648248977193,3.9115515638229774
3.0815473443985675,2.45641722817487
2.9724827360919495,1.528169501315467
0.24386875742437164,2.6991719885551695
3.945279682502042,1.351818994067115
3.4304036321992166,0.4862124371535015
3.660122723636035,2.0226519300744825
0.39508012026654393,2.583898875190217
1.7931490071968366,0.10592360834354508
3.8475653773072995,2.7249657268186205
3.0801586977434536,3.698212838819445
2.252042368154321,3.5519208172620824
1.1682641892997183,2.769007276285308
0.687245689237781,3.464705091807413
2.212328368512126,1.745721065078195
0.47327427350774665,3.6825410543772925
3.386429649427362,2.2587824414522255
0.444841619586533,2.6734949561364227
1.480813984828866,3.3015823144410015
3.7316728808844193,3.5132781327114753
2.304212768684305,0.46470098951807337
1.0354064640068446,1.5380474545318643
0.11177627493510744,0.9018127254037793
1.4263894676122386,3.3241118615808114
0.40004418201682235,3.2836016597326516
0.05263065883781337,0.529520979949408
1.154258187130695,3.062934843337188
3.7413362655949562,1.3492986522868398
2.8282054030922406,0.09234182257657864
0.18987761388397795,2.4130060140724394
3.4759032434417576,2.292410836966968
0.2470799919096085,3.524934107986477
2.207887387782885,0.2035261735915359
2.066124567491988,3.0814815930300212
3.121699860350459,1.8521390584656556
0.25471612473306227,2.824640363262523
1.8981395533564993,1.4947225936241773
1.2656682025667543,1.4442251307566591
3.5229051148632577,1.7330892787535102
1.3125280072885843,2.538501533662836
2.44042287627948,2.9790302969693725
3.5714514271216875,2.6644720537000333
1.6708968431290327,2.853916783762607
2.655768530048947,3.0178386442024903
2.270103854810913,3.0724925874672437
3.015266543454012,0.5404684125761574
3.749217413935511,2.355428926626425
1.624146570546937,2.348162717587171
1.6300113627162398,2.492308304654185
0.5354144420596523,3.6727906837644713
3.3525897929538004,0.5347423729699603
3.1496559133770328,3.1864620196059676
2.29033439052965,3.699751333166361
2.5561540286856554,1.3912847931979608
0.13950925244240597,0.9809343134241693
0.5587446182347637,3.679925016857422
3.462319589053379,0.68531201764953
1.0252680386407542,3.189486937007084
3.6493360929214287,3.7616436368965935
0.31817998980491513,2.79644643807721
0.956034064521659,1.5616651230302674
0.4413979971702271,3.855587054823124
0.7539541746550329,2.52370352579923
1.2255335606609408,3.421951219039318
1.7634540076043197,3.4499855626307045
0.16277151893729336,0.8632586090605954
3.392044514331188,2.3822511802538795
1.8115210074342816,2.390871882455131
0.37536147980801005,3.465847933970931
2.2577082285703614,3.0403318141704534
1.6763103147510656,2.2848362715186945
0.07968022658792595,0.7157120146105109
2.9011860412820387,0.26374218734067734
0.934115577592824,0.8260530416739176
2.683437773957344,0.1540483645031796
2.8834634432562,2.3215759239973144
2.5489278115848375,3.754094454503325
3.5462047212596612,2.980549906204902
1.3131688587337629,1.0255132684364243
3.207397523658682,0.44511479889366123
0.039889325436859746,1.8199395788799517
0.9183211123310513,0.7673146678985696
2.9129803436288024,2.1495448200692504
1.2253224003885754,1.1318282195801301
2.796850545318073,2.243609847664748
0.230634588212971,3.252461645626246
0.5605851798154635,2.285256653407465
1.5872174104185,0.5675441341168455
0.715869097726098,3.318946868501234
0.18461222959654,2.4052104638357195
0.48327807799106415,2.309163752473459
1.8510851815518041,1.3421181745061088
1.9172960789608906,1.5227874545797002
2.1986776036863542,0.5950263116955967
0.5702241360102178,0.7172339642533867
1.3573132478793193,0.8428186103715793
3.7845112503351004,1.3648053556284032
1.1157948801093918,0.8784260198656986
0.7038385750308356,3.1588211892293714
0.6155062572936401,2.2892773586237074
1.3780501183427885,2.1474758360174366
0.2417047885499226,0.3764039067596672
3.6083872801527965,2.5762220752053775
2.3728269522782135,2.8863272443604195
3.087289735662621,3.062874732437313
3.4920384698354576,3.298326152044167
1.9897408462802013,0.3017392664377083
0.3413423168501568,2.7409746240211263
0.43677549120723747,0.995391595024889
3.328498276653226,0.12572220663867117
0.32185739799269086,1.7229437147083293
1.054524986078739,2.8744005035824163
1.0374075252093893,2.4356593551968078
0.7363346525235244,0.6269617084418972
2.300610237084604,3.0920242124789947
3.9722490911509123,0.5595752812072168
2.3533321528357267,2.8812658533722613
1.0356010944590048,0.7615178298559551
3.0578304533622602,0.6142797465275049
1.0621896499543708,2.445828216133826
0.4402211957557709,0.34285903892250014
1.980837293869694,0.8586968094688237
3.301509058112144,2.3565595518931324
2.6362821239718337,1.7844178577884975
1.384400318351965,1.528880947289987
2.1013361269838478,0.5937137312950047
1.0093909603908706,0.8424465673554207
1.5936689293997168,0.45458935086285823
0.29631721462604466,0.780998504685027
3.589156351608322,1.3338423903797318
1.017768536711698,1.8125134837375048
3.212076016544882,0.6855403379458584
1.110646775700058,3.228853289932062
0.03293208256569802,1.9295186694055593
0.5000926274791664,1.8671004696302096
3.7794387458978003,0.7392165504616615
1.1797847654313198,2.4213474501703045
1.2910919706883957,3.2079127828330196
3.8827606721680668,2.7876294465380203
0.5540272557191948,2.0949185083530213
0.11035536388425671,3.3244520069669727
0.48717029372323495,1.3954446561223022
0.29439258827437564,2.1159884816557697
3.286061689911775,1.5449026498910183
2.9682476333825916,3.6729852191691257
3.057294748824979,0.010791237333747095
1.413177541146938,3.9267474536568248
2.0288325457848635,3.1242697826089287
1.7519492321643093,0.27152689082700476
2.2032460003848566,1.8388441314731199
3.2959592620469524,3.2258502407026683
0.2345634690613312,1.3853216730521098
3.086725035926373,1.4383922358818877
0.6181363109232487,1.6861682988119058
0.18627347298012165,3.436765145827998
1.1731007614102542,3.5470192250875776
0.8363960169567695,3.183155959255261
2.0559179234199636,3.0805883295906655
3.9006297406814974,3.7641475371905386
0.8309377677035918,1.4996135234771266
1.1296592186537815,3.230002888120774
1.1232302089166937,2.301272526707303
1.4144802561139964,1.4435176486196353
0.5059695646713491,0.5829351040161281
2.387900834878799,2.0072782119205357
3.3051293494303446,2.812314353869957
1.2047302711351704,0.8900573176025137
2.663364406074081,0.013238827273805764
0.9735879380306223,2.115766529840744
1.7316636490339365,2.5888488046368248
2.359660658645364,3.5062644127063645
0.21312729561265575,1.3440417307984984
0.2741727746796747,3.6811946750197984
1.9129195686587432,2.7044796047175623
3.8083217099568323,1.8606323408057173
1.862320308415002,3.4490744209965443
1.0154672618856688,3.94105509422989
2.627498741818332,3.4312111324704633
0.45509395342045433,3.65231892307955
0.567810101258496,0.7626301979517685
1.2817045806191043,3.846803378916241
2.378502230504448,3.9968770785064374
2.6920823730220165,2.3781418101501792
2.531978940764282,0.778014430861655
3.3234738991010677,1.5554574833454802
3.3763856106041015,2.871615721798391
3.5087860097894,1.093891063013253
1.9648183179061354,2.642199079656189
0.20278744194141085,2.436986680662766
2.730757959529784,3.87483010765988
1.767574232026634,3.2292654079850815
3.621941269135988,0.8453173309408291
3.6882408960241553,3.3762958578794153
2.835272354456924,3.903431936868544
2.6411758341065386,2.9376545997998074
3.7581408885382546,1.43949675415565
2.0013970313396796,3.417951324632065
3.397262448525491,0.8620966935220888
3.5983125542624848,2.7562718831289246
2.8329465879121276,0.48784033503618485
2.5222468786835397,1.0348367507904812
1.217596119451911,3.8529967491663974
3.366373270419545,0.31867688992491505
1.7953843249503927,3.100013606996122
1.742144467055057,0.11471121917523686
2.126415361235671,2.3673857403031207
3.0951471329139713,2.331399280001277
0.7470163256925,2.3514914626660004
2.2918811095963476,3.1449347468975657
3.631904393804007,2.0643154753612696
1.6991152550811832,1.3279435465847746
3.864314999109343,3.0554524910545435
0.27642431347918084,1.5956199015827481
3.9749059897984083,3.618287357744398
0.4287117353482701,0.4869887023727184
3.8178219710059786,3.085945376074617
1.9308133348821355,0.9683710007463313
0.5877019469079667,1.2578173277029947
3.9770962470777396,1.3945137522010045
3.0448416961874645,1.8194697072062702
0.7633769079776132,0.5749156970052582
1.6220217337491665,1.9117312899310668
0.5986985717139564,1.0075870492569745
2.8142146242049155,3.42095581483755
0.4779030089116967,2.0395396178984857
1.7450889971862966,2.4684521329048335
0.7108144056716914,0.2189531620864673
3.2576729206437856,3.735011452980559
2.0884134135327583,2.007578561561527
1.92742223167792,0.7711005842705272
2.9139352327227264,1.7473338801174512
0.3398225463388833,1.0231586627453035
3.0736332442418246,3.7412105701518112
3.8728902014750695,0.7808176401683165
0.5740836630055863,0.6115704485374502
0.25703040880292605,1.35387808653662
1.9577414734739893,2.8734363433990477
0.8049466667525467,3.318474322288256
3.4745561555073654,0.6059246897200059
0.6801504133994869,1.8164193884791828
0.36052462682920217,0.1591037968354012
0.6365157450694521,1.3636239138791266
2.6389018107129583,0.8655959341221142
3.611454210788186,0.3859400579078658
2.258206239825275,2.4120097022967895
0.7875504682913808,2.41444476380257
3.9458855251842953,0.18993487561232314
1.0194863229403377,3.1874823125142506
3.7099225289200497,2.6704005217271165
1.1184024429843094,1.7137326742192127
1.482371262036167,3.4373619213036712
3.126207791619939,1.4820455951871825
0.7291710028619955,3.9590404740215597
3.603221347972433,2.6411815146825277
0.880061468618059,1.2961050659103268
0.7363970347362372,3.254773381278347
0.6832241778362143,0.8232648029692169
1.5311067631375725,0.0964201425422444
2.9972366503136048,0.43634847069211835
0.5407513670082342,0.24279017633601718
2.0788487630842134,3.8670467813663554
2.1512209250506906,0.4121153350106308
1.7866933523900426,3.1145062699891413
2.883491268556513,3.2796930074176687
2.8564347388385203,2.1226525773895286
3.8175327250146482,1.1630662850354496
3.296605584803721,1.1535839545707747
0.6319578116930518,3.6156684563059565
0.819823373497004,1.3985267334533473
3.271070368163021,1.9642961404140649
0.8312976049956697,0.6324985620485881
0.8663444781046197,0.24925616160402253
0.9010930781807929,1.3690535410308535
1.7222607812809452,3.2257896467064837
3.00446204112317,2.1571920579463244
1.8423296065500985,1.9401057394888244
0.05294807194456874,3.9142906990751123
3.475125704967942,1.4126031626792255
0.12074699033428749,2.279869295727407
3.2126850236125253,2.745821047920459
2.784220789767806,2.4015693823127195
1.7842655049800653,1.0020791006829195
3.455714950880244,0.372840645271725
1.225218185463556,1.737202785802824
3.42368481494709,3.2102107928892742
2.168398144653847,1.6647838062168647
3.9414691493981295,2.2544170805332975
0.6482296059587802,1.2688583914626852
