2.0,2.0
2.376667879710699,1.2867050092964827
1.9963185213431904,1.4467939997931136
2.2780045771334096,1.3114098827902132
3.036027674048269,1.9940876368291183
3.801466571943225,2.3487318791251646
3.8645590581275218,2.4876119287965484
1.8326641677056417,1.9470516110327791
1.431677313203061,1.8953757313199797
3.7466407014376046,1.610328166194038
1.8952148168628273,1.9256534309951125
3.071731031548467,2.5210051916555156
3.00749973909442,0.5757280232676916
0.7988523938497205,1.1497910741881965
1.2575535867262517,2.7067993031068767
2.970593576585286,3.4807803911580235
3.422701971289496,2.4811306946646567
1.5513831010338088,1.513665714356383
3.478130476450582,0.0940152329445163
2.7703898345674616,3.427069920858091
2.239145321008159,3.4333436176730863
1.0020751590902774,3.3821875743713217
3.860293926983642,3.8599903771787663
2.4626745933603282,0.5508735716691029
1.5965391665584874,2.5289247846327183
2.328550811450877,1.7667009792666355
3.946554063808309,2.0390925778235616
2.07795941505235,1.5873963704774887
3.68146899314486,2.054471276910962
3.8749841258374316,3.7407501811259296
2.9489330397737805,1.8202473908375407
1.0463714114423017,1.8085824661109244
2.8032394148845157,0.24776592422175092
3.834383524269053,3.4402772231017944
2.614600977672834,2.768093646478221
2.862364858922646,2.471000890135102
0.7313256481885513,3.0446005740367754
1.1199184063715166,3.7980487838768697
0.55988554677407,0.7169550567824605
3.9689303244442504,3.370165494035178
2.936366091351079,1.108449636897236
3.237400316401701,1.2623902032412366
2.63694268833029,1.9592372607691453
2.797622374447925,0.03577827683965351
1.3061067468202041,0.45015924449637845
3.312913952351685,3.4944819072409374
2.812389534279102,0.21104068920053942
1.0073027763358708,2.354769048112842
3.223778603815287,2.86632172661157
2.42141789310099,1.9670723892785453
0.668823702592626,2.119596913761684
2.3310866409492004,3.422671653067095
3.498973759771461,2.9919117085095532
1.7386439666442035,1.0565072277177072
3.8210944325455896,2.9022554066778263
3.0021046741394133,3.2931870140864437
1.174225109257255,3.1527470454449045
1.9695680905491346,0.14606070264317594
3.8261393077138157,3.10581139119774
3.359254346719135,2.2099376128682593
1.0162804993671046,2.1517354416628205
2.0927235216585993,3.6511750543234545
3.5351427233857136,2.2153817710338237
3.165653670059975,2.9366777080738915
2.189836701942886,3.946485424144474
1.0608203533967955,3.21841784583737
3.5308815849673354,1.5906313004959456
1.4068494093134594,2.881225744387425
2.4593456732058083,3.1906730890107147
1.302647985663095,3.756547801086343
2.633738584521399,0.8954497050774042
3.9626622266854405,2.1032879504721156
3.2515677093444393,0.8663330797931006
2.1555957945863806,3.140030154703613
0.05556474284009738,0.11633338479587207
3.8261342611259024,0.8081553889397965
2.9326464301200885,1.5487631473924708
3.1428406089361105,2.10092139547605
2.550491088035839,1.4672452169347365
3.411772634963555,0.31623744590752434
0.318276298603529,1.146400747837042
0.1634057761490162,0.9547298681672802
0.5345273892059565,0.21829463619859046
1.4002255567849886,0.7709208075285998
3.562510944025822,3.9900297157320415
1.0102590519386028,0.29127001488620463
2.733314210174762,2.733178001800518
3.662697253635734,1.4153609780859768
0.21088562218168505,2.3224449818962905
2.986739061038442,3.4883519591611645
2.345590263839953,1.2982928333641692
1.8592744532605514,1.5574371944274819
2.983206625652634,3.5978884805098623
1.393603017957283,3.772265653572423
3.451298348939895,1.9633356151332184
0.14618105713917595,2.753601048842637
0.5284600142354932,0.3333663287646491
3.1393894228553907,0.8483681532293716
3.598928080602907,2.4597208145013494
1.3095339124241185,0.35857885740513185
0.5603235198709648,0.31116405148137805
2.604051900976469,2.247730383850148
0.1797380016261112,1.4185398507563032
0.9783734625952794,1.1149779800304094
3.727286465453532,1.7714129532267693
3.332383485789699,1.7901750379652088
0.4188162380818108,2.081348678809406
1.322439967279279,0.39595807320739196
2.9730993165369988,0.935484870770015
0.09332822400342611,3.222120147876745
1.8532306464500037,3.707531058974624
1.1852078698887727,0.16691107137366767
2.7845160187097604,3.8964570964577807
0.3456036287151316,1.9063386542628113
1.9818502821323674,2.4420881140777877
2.9585778053431437,1.9113562990258268
3.6566879451984398,3.3502059654412926
0.3984849837031468,1.8523765080306815
3.9033329750203425,3.6150038745448967
3.884628584612088,3.5650686715905815
1.5329772745702632,1.0070864943948172
2.0236855964269953,3.5511424520048402
3.0887445763475916,2.601387494758722
2.744470002316558,1.4132945483261978
1.2885761429063005,3.345602515295214
2.1049704816421726,1.17550047416431
1.424407698111326,3.976259826252442
3.6910907093881202,1.9640648384985187
2.3603793380132108,3.7762105318992627
3.2771076355820603,3.5697764636692506
2.302554690274862,2.831058985863286
3.538723693175038,2.633136125088421
1.7537420978993628,3.9373074980793756
1.5580727028530483,3.626873482324865
0.5416596020338638,2.3194092593384856
2.995143380141361,3.692760585516666
0.07912624907290722,2.1933995507501383
1.3487083687598438,1.7336334125250472
0.9543582154198051,0.8045405611302114
0.31499620318309596,0.503330868026342
2.549437287723206,3.4310999932043824
1.8387708692398363,1.7755831004727773
2.254654942718781,0.40584815186566914
2.016528559762743,2.8235248988064923
3.540842938485531,2.700068882628914
2.7595363844715695,1.633037100001395
2.2580358516357357,3.8905929604686453
1.1623325365522472,1.2376771283124919
3.649273348654737,3.3163093327653717
3.114709415081267,0.01826702785609058
2.6982339323991615,1.6918843731671185
1.512486247071911,0.024680213118332794
3.199153164923317,2.295229261491788
1.8214761620764732,2.834677791763159
2.8208320627756263,0.9716286695144261
1.1472796182718326,0.7497535165092519
0.6084048341886761,1.9990776863285857
3.829066202909788,2.1386213225547173
1.8338108719168869,0.33663127257302783
0.11376860060086313,3.78638544172328
1.1411043612154255,0.2899209077517142
3.9807113553064846,1.325872089179939
1.8128414688291983,0.46972202968999355
0.2355425568935976,3.2769791970366806
2.0009778110283034,3.332793403047183
2.435178864782318,1.7762403786028678
3.6315494871137544,3.274887758074883
1.815441865980271,3.4999423665338556
1.35415090372065,3.693695315613618
0.6241108219659579,2.062631956963111
0.05678587331049645,1.2101042901879215
2.392047133481717,1.0520811919119257
0.07460747848189353,3.3066899858455456
1.392615738403586,1.6772739829349894
1.9013335168594154,2.312407627559237
0.1940975674538441,3.808552689233311
2.082234421433942,2.5261462730325595
3.2198692640929263,0.1769408546839708
0.1958603466994897,0.9508813215101761
1.7746779225683316,3.780499759874136
0.07473258635062141,3.0920773366475256
0.3247852752627094,2.7735049121918625
2.889399344130586,1.7650640075866475
1.99269688809298,0.40475684697142533
0.8974747851790128,3.6928781692943926
2.2711430321985895,3.7689584196807844
3.621045974991463,2.3209495098005917
2.9580893908869146,2.4481873768635185
3.127966125687528,0.7666202477681945
0.9518662071419657,3.413782321441575
1.6068151634592742,2.276663411716288
3.419152621308123,2.2073244316757368
1.6282243053986103,2.520838466254448
0.5826659562079204,3.4063919408987853
2.1513285692383444,2.088274212946023
0.6145993598691031,0.8509222959362086
1.1409342179757407,0.4832460562715184
0.0019870946018252234,3.0317663730201883
3.7469307832904835,1.3863390910570388
0.36610796940635737,3.417236931311551
1.4977137368312659,3.8715385782362404
1.4406810730375033,0.7360576600349962
3.929254921651201,1.9182463983050138
3.3672256447548787,0.4532630802871851
0.7968295677817374,3.4956026980662824
3.7588649202666193,2.8428299851926098
3.8403637986562122,3.163613684600425
2.5733200543845567,1.5115696883244847
1.2418531695180173,3.0681238801684514
0.3901703046226168,0.024321049656209404
3.6952745461124117,0.7566148770565553
1.0940203135649158,3.411012259747522
0.7347993353728643,1.5983517349926561
3.1188992779327003,0.4639335054666689
3.20765860672375,0.0030446441078488817
2.06502186912798,2.715937489349914
0.040502544985447475,3.4350496345805492
0.5871184480959113,2.7352042323174484
3.643955428033593,1.4683206470573023
2.056197565889751,2.22419607888586
2.8492969943970747,2.4582037831803842
2.0333545477722383,2.314649887814911
1.877633989112209,1.4199741932642205
3.031472332254037,0.75448881007918
2.7341421301168167,0.1890128859073541
2.6699612080472432,1.0586979457288845
3.79042486741276,3.483205230460558
3.1169216036249714,3.3360205636864313
2.9258328300230505,3.9816965899517966
1.0566155502876726,2.8117793939622313
1.1850536673393743,1.0606035473580646
3.6297983201386197,1.3493271482457834
0.28400443970234157,3.0894524254242746
3.0936331358556295,3.95637358271776
3.3324560977590614,1.7681879704444312
0.9556309999545811,2.3895418734618343
2.8989637895039286,0.019650674972918836
2.904796452609184,2.5542447068440692
2.2045116957884123,0.015417224994539236
2.6980596748960908,0.602877298563385
0.08520346838482062,2.1931745735398884
2.0795374769489974,0.8729884398423966
1.4399861324006054,3.223140318840093
0.1847948201124865,1.0953311027531183
2.0104453243558003,2.1942969457942008
0.7523349120400371,2.210902502398299
3.1941315464979017,3.8178200009022576
0.47943488960016367,3.1392656617567303
1.2649800563128237,2.898037409803419
1.3203478893760692,3.9394372408741987
2.879781777738448,1.0481167342453364
2.866289944810736,0.2609827600089165
0.8182743595987612,2.734057525259009
0.17470043710938432,1.3948515944154822
1.5800343561044654,1.339379302314431
0.12929681698831752,1.4238407829520932
2.1946765093934824,1.2327925176451378
1.8553562290097068,0.3713124488748676
3.208862759933037,1.611620215274447
1.1644436658070556,0.8428992450881125
0.24145717582460247,1.7817168285780038
0.2868181303287263,0.16431042387552708
2.6549456894647356,3.824011011625813
0.5903751533414257,3.632716259180285
0.5240935135195595,0.4930415254173637
2.1996884492580477,2.09352310997132
0.2963004335911368,1.9178827742551516
0.04725662139265019,1.2981206010892596
1.7809488473805413,2.722829726995975
3.483840236996619,0.3043178169554168
1.4809366868860705,1.479755136344195
0.7618986323416186,2.5086277134414963
3.096804625346188,3.767167015483093
0.5934720193900156,0.2576309861001751
1.2329553610864892,0.654851427224961
1.8038361219313916,3.4592332943890804
1.821940851199586,1.4832880682598013
3.628469491389336,0.6654480720392186
1.276703637657842,2.417959673993997
0.2539612859560645,1.5094739770418655
2.1341174628356394,0.8787118502894815
0.3078705480996051,0.27922030101727113
1.963395666658326,0.45705584192567006
3.6641402811202743,2.0906697685423437
2.5728388777255584,3.3447946511093996
2.309078463591842,2.908832639929676
2.7210552379245865,1.5735012500599215
3.8480627125176343,3.672112157133812
2.081297306085617,3.0449199881934543
0.8547466636108116,3.935720036956711
1.3562771439836285,0.6498807405073115
2.58438831527406,2.985136166196861
2.602754674690142,1.7408931669662624
1.7861130451297331,0.34356521188980826
1.6694353371180601,1.6401935659346591
1.6350302840519753,3.8115144844835815
1.174992765763466,1.169332018790679
3.253627415963322,1.6866707505214933
3.5027256133129008,3.6189197095733783
2.637326316589006,3.8285690070327094
1.2849639138958668,2.5641442632350184
1.7192777106562827,0.6551067276094464
1.1393244787097356,2.8361284767837533
2.739886281834671,0.9953960731175293
3.0070811728040576,1.8186186116302276
2.757222621225698,3.655972940224047
1.2937655141925926,2.943466857834519
1.4247152383433943,2.21022644702295
3.696876690188635,0.5690584766763691
2.1191398086694178,0.2284446478096651
0.37318533742884874,2.78424014054721
3.924391298074576,2.2058459192549775
1.0253690743863828,0.03255975252703136
2.3276580466645034,2.2166704027691395
0.24374115146148734,2.9309771053297653
0.170418883529861,2.6110175961561684
2.1120043651698572,3.0559537176690346
0.8324096128747329,2.2342799812301606
0.8872216584487767,0.08726979032963644
0.14592290760522753,3.516630238771135
2.9597702250379974,1.1664450685736765
1.7930596861579007,1.8900893140643924
1.9794571813738595,3.4767118657421703
2.6814138361857327,3.4542883608227597
3.6106488040838465,3.0035166443866634
3.4396872712081517,0.8512602750113767
2.8388042436067398,0.25650624595334826
0.24100781711100616,3.7862486427469038
3.9536614588653967,3.770569187034172
3.6344575718251972,3.8414879239621573
3.671293479488142,2.532689102497014
0.6842848827937269,3.138905627604452
1.3467664122510299,0.9889289830480892
3.9594292858042444,1.7762888197556639
1.341398383686216,0.466136071553803
2.4974695688203035,1.0681772725333953
0.059186056026716116,3.8195584833955407
3.3048505170520133,3.332959036218769
1.2325224370309398,3.1712339741921136
2.6769313397609134,3.809625272305026
2.6487026131747937,1.5418991247541012
2.1702274013255285,1.832603971153985
3.4747921222298572,2.8077441033470527
0.14001070623365086,0.06208683463551434
1.5884654103234292,1.0418885959169728
0.8455972328918979,2.1350517631367087
0.8499247305869178,1.0490941896183417
1.0747343294988143,1.5167579217797589
2.61144726039857,0.7270003534131413
2.0279102583105857,1.5530988317142294
0.600973657423999,1.814659930246013
1.5740930602102128,0.8686080542161325
3.7694552547329128,2.9787828840288295
0.3193854514142336,3.205077910997666
1.8850927995458142,1.2975616550810938
3.0859355708577683,0.5033351849428054
0.36131626957377927,3.409311207882958
2.3798664203064255,2.2154965021880004
0.2827961897669664,3.5259146713193052
1.0512978019054993,1.0585187063972405
0.8737182106369179,3.3587980933069637
2.2917368073775335,2.70242463500241
2.6338640296282834,2.1982948760269165
0.28715914758105576,1.1923495346158859
2.8285670559570426,2.8858136663779277
1.1582240449265204,1.5062220079825819
3.1999325153120637,2.099348331938722
0.4673631969980554,2.926575632012685
2.3647083757346437,3.47613871516959
2.075475368330158,1.2536562985126571
2.4812677698736993,1.8797391846410658
1.4545087048722123,1.549290958302803
1.927659208785375,2.6824047937645594
0.6679333777355283,3.900911952870725
2.0724176346142267,1.6207094436355054
1.8052198376340094,2.20167528413622
3.734346945775908,2.842732157920769
0.35598425472848394,2.0232030526573945
1.26022482885489,2.545946489237251
0.7394527503147681,3.7155825631467763
0.9623701009352241,0.049085023522480675
