2.0,2.0
2.664190004912159,2.5645842504990783
1.2443151135905688,2.5801668702646707
1.0196772177368922,3.520949394592226
0.37104657621008386,2.4729882123914098
0.6269325628461355,1.6027871849643942
2.1180974470375546,2.010600104473841
0.9427326224003041,1.428455144736076
1.1593756944231641,2.221069099163135
1.2018571123504156,3.1255282491038145
3.0829463352336584,1.8882657872454445
3.033752562440838,2.4156216229141334
0.647971451513178,1.0962798980151414
1.6645013446459518,3.55672988550773
3.6696440927371143,1.084240456090006
3.8822093135778695,0.210508399369711
3.10132483005066,0.47672572839937866
3.9984669591749493,2.136679783568076
0.4742274854330266,2.7449328332378418
0.2947251230733401,1.7385207336339619
2.2921357184840923,0.5762071677900691
3.9582684009633837,2.6251729412742684
0.07291657386186934,0.5244729535246155
1.1696689105660467,1.8789676957967374
3.9401284904832914,2.247307302296698
2.562915459902147,3.6409179691422535
2.4723203019380255,3.1243759223512892
1.4869883621017617,3.2187906354139995
1.3405818766508992,2.6476830344438387
1.1573729185492088,2.9850843671913947
2.8258315633575246,0.8731480920278214
0.6965074177751736,1.9311472183077312
3.707678788198907,1.7959011651563328
0.9996483744578755,1.8351185396558911
1.6016474465368429,3.753249158746728
1.6367939809815244,1.641981679352674
2.6122929908608907,2.8222799649568096
0.7962914159557606,0.22839551544838832
1.794108250458902,2.2134153462534303
3.2164152438149998,3.8641246573865735
3.7470526403299904,3.6539976997574413
2.406960268309961,2.846986307122051
3.0941572855999175,1.3551041550973384
2.840458519327734,2.6788141463982904
3.631751078359723,0.6653244806967642
3.4388389423585006,0.9725069331513181
2.012051468446559,1.4616237448928202
0.7758170396276074,0.1183774560438775
2.529402956698233,3.031933589046882
1.3196023574899312,1.232178811323465
2.18769693790665,0.9170171791374861
1.6903463676139623,2.170059458915486
0.9002202813883637,2.206112166323843
2.0301901012082957,2.6540106380514517
0.18965910737327718,3.029699839474479
1.3148970659619499,3.480312810072388
1.232400037461853,0.52468053852773
3.386215535324102,2.2265188215829226
2.3951047643526073,0.8208356221133171
0.01855194408277594,2.855609213806772
2.659033514252634,3.1983447734559043
2.157408167055552,3.163775791091701
0.21722448398067407,3.4784928384277123
1.4767668000000245,1.138601260461019
0.08632912309569862,1.2303969046299272
0.4822110069519452,1.3826166339369759
3.4954973635115523,2.606558235095574
0.7464131902194215,0.7031543169336962
1.3647921134756813,1.4572519222729796
0.13306401485639707,2.7798553437278883
2.96756533482317,2.5631717557928027
1.9637226307792948,1.2950030099555216
1.9900539224420348,1.5106139836602481
3.5228814709353697,1.553996563194492
0.08386710394397845,3.731354446431952
1.0612989360224248,0.5536644996587721
0.1938811790209276,2.3003825227641133
0.015251263242852975,3.3230236968796554
3.586144535707452,3.9058895505733244
3.3931257442710394,0.8510213359318226
0.7012943382841743,2.10866499917856
1.8555943926056173,3.886922586720195
0.18764678266124202,1.2547053036798772
0.7764259868537593,2.2270647373600174
1.3665919507049828,3.3732325931344147
1.0667482820301721,0.2251335959715175
0.31396583497450825,2.7688237073405655
1.098591672589785,3.582724005358334
3.411554836802802,1.3581862748477231
3.2849786884126346,1.1319249339164115
0.595664747510328,1.9470793516784872
3.031724449845839,0.5833619185591719
0.47925600466642804,3.5439861061146796
0.3921294871988361,1.146788820710003
2.7046246637275173,1.4993881812557683
1.7171596271300924,2.033207346460035
3.399191466992032,2.7019768862395437
0.8159050645170662,1.505151934933258
2.9521994804097655,0.7478484741525913
3.500644966720366,3.5031712059881506
1.5391562468138948,0.9490021439458878
3.1647211266012008,1.103635860685229
1.5073993408257924,3.677250249889924
3.409551940116014,3.2213093852970203
2.6896632500737923,3.8382709089419933
1.120604057674678,1.0413563234763021
1.5400309732888169,1.688257989794955
0.1742939419465377,3.215762090252614
1.5872079105882255,3.520703261148672
3.2976781409452927,1.0698876048867212
0.1958407569124243,2.7136605560144145
2.0070659209213373,1.6905406750845118
2.992530497172358,1.4639163588571114
1.0350923612318312,2.474990799029482
3.656056718814818,3.0922990266048824
3.1522799852180126,1.7772765332598244
2.8044982787364043,2.7179767297742283
1.514522605379161,0.965536108086011
0.9947720715996851,0.14405706373645843
3.8003548739094586,2.975157341678874
0.7331002143273992,3.3767942573899026
2.745409031925428,2.002015104162135
3.7647573671743446,1.5803762855638874
0.13918597080328876,3.6104280085762883
0.8730952977291611,3.461683078532179
2.4134890456063975,2.552585549439384
0.6263215960397757,0.10032362584815901
0.785432370538854,1.1535159979677645
1.721135839537542,1.671726772582466
3.1936198942011056,3.7349705030096803
3.3576102229178,1.2063079651486044
1.9141015434355166,0.7892771188310439
2.75312715245664,0.11692164338560973
1.5072733858322014,2.5788353799351103
2.2483229781627565,1.8368132181546826
0.7951153652262413,2.704336209528532
2.6820585624727746,1.5664364230598462
3.36027141667553,3.6219953776810523
2.006542983719942,3.046100015670136
2.724940528464352,2.851657569294042
2.919232692962372,3.2351366812281412
2.479914192099132,2.087502893709139
3.6639128903825564,2.4360253688074054
3.3125700774659457,2.6593528801033064
0.9557996374487949,2.6495809903366263
2.687148072891424,2.5181365783236145
2.5624303740657988,3.0619869710893024
0.13960525577667404,2.6559161583174884
3.8318540099750815,2.4990382846954953
1.4353564432879544,3.9254114732590866
0.5012694285882406,1.2395042345911262
1.0319599711558944,2.5160217350741805
3.905361608554171,2.86706953863525
3.7484840518771505,1.76565039872672
3.9374935434101395,3.642302752040184
1.5474489014328592,1.7562352456793415
3.2629733955402096,1.3048707983977343
2.4490456704176635,2.7042361410530806
1.0566612322224271,1.226872344171463
0.886115154648933,0.14916794047622783
0.36607473376510047,3.5358721133341007
2.7017849938618825,3.098293294793043
0.8166365375656115,0.7155780139853172
1.1021460350421766,2.870905435606762
2.2844525419074064,3.629214157540603
3.4025440896164767,3.0857688170523163
1.6774700542688898,3.150830918669647
3.663364845685498,0.38530246899486276
1.1828531019666864,3.883752029206601
2.966095722569191,2.3712317890162713
3.979524241150811,0.5587130272364846
3.687630269625871,1.3636802376078867
2.740676753898088,1.091097002454549
0.87794956705573,0.15826994572613273
0.8219872879745225,2.6877403480545747
1.842028292466153,3.4994136261737427
2.2179845983974777,0.1633899749758938
3.261305287478222,1.9618495702370007
0.1503529509567838,1.5945308555524171
1.3366524159929827,3.9843828293379766
1.4548058168951878,0.9286975653957987
2.8808432857433446,1.1874942905164745
0.9203469306675776,1.5316342878036084
3.199844296816859,3.5075014872801775
0.15544871350508283,2.9714573615576048
0.03557291416719455,3.2302257975565944
0.7722067167694124,2.2878917414026922
0.07442000793713621,3.931946643013732
3.4027346416569237,2.058086270663341
0.8007931304604625,2.709393912527137
0.28074305891114903,3.2095220783654828
0.10364070395717073,2.576207425913859
0.9600721500798399,0.2544647632894472
1.3965203512307065,3.680357048054991
0.4892386982128687,3.442365115611135
3.003769621066804,1.8018764048086227
3.8761191803479838,3.9368618577572976
2.5404305729487215,0.37676894750982015
0.2989012155744346,3.4815132343464676
0.06485246575854386,3.448778487452461
0.4563929447258195,1.7621122270269427
2.2464298595320487,1.2145116298007066
2.636614787740266,0.43002019883455356
1.6778727168365974,2.6969592311071997
2.9621475339938943,2.237638453731068
2.974807874358867,3.571560091809292
0.31167660507935047,0.4117420334505537
2.157583734340922,0.12740297359382913
0.13996481190046417,1.6956161577804179
0.5816146225056333,2.9831501507563813
2.904950916488808,1.2640716024002892
0.2222375016217657,2.1190569213582475
0.4115666235563129,2.2583558577144327
3.351429818709123,3.6866294015012846
2.349926578625436,0.12493747915199727
2.6992721722113835,0.5818640315042711
2.379709788587355,3.55371274371513
1.30772079620861,0.504989627533821
1.6331841326637275,1.0639248001425532
1.7343145471098844,3.005289185691262
2.8292393427486475,0.9655504510405324
0.839970832781431,2.462756436582333
0.6078618584393722,2.8991994151879963
2.184677927648994,0.6584391330625139
2.1994829701770158,2.0606718409108176
3.5371598365549484,0.11887600890115557
2.0655269430088867,2.6085754657634994
1.104367623900751,2.3769031123450075
0.8422240305764652,0.10825742312629094
0.24254706341881072,0.22430650171155886
3.220369672453178,2.7673378143269085
1.5949641512482922,3.454212871539813
1.8635269877202032,0.055634038482689
1.4122813823351672,1.6441447315423514
2.776647376236228,2.3283551530062168
3.190762621504694,0.12672094314880056
1.5574033032769812,3.161060805506993
3.189964885327004,1.1050629599078907
3.28548867689457,2.499263006842482
3.1877494087802956,3.636653497244265
1.363891946096755,0.42986672247457225
0.6371891436139734,2.9687207740228025
3.148529269435131,2.647163645583262
1.306593900565277,3.8271927233100067
3.8094800426633366,2.7440377764284474
3.5977653039507005,2.166123766655685
3.592523806481624,0.16849277850087008
3.8044363064610556,2.4208810821145734
3.4340368943014723,1.9908557830916385
1.514447542188762,1.1930893565111211
2.5663567120564243,0.8560564255174903
2.9463790196586133,0.7537884128392314
0.725890640831397,1.3681014274891221
0.09275821968671316,3.6058427043682397
2.2360537148554713,3.398366371009203
3.925586271493805,3.7354469601336904
2.3268344275046875,2.262557141450052
2.551344483141683,1.7199332705220582
1.0873902197869225,0.6153850343097891
2.927557148821504,1.605257195297261
1.8397339091811094,3.0772241728907743
0.2767932816352161,3.8475322787664825
2.7499401330776436,2.918471790973832
1.0146497729686708,0.24937873161576452
1.309856902157453,1.4752367565440867
0.2530197725679013,2.897126622205394
2.063515971627312,3.2413682312578485
2.698119106874713,1.9746209691640488
2.2203076656936536,0.6697012425969007
2.113024294021245,2.067676903531653
1.542367839462297,1.6032068584939845
3.2739274230608784,1.2774743840174323
1.4741597316407433,0.06769300607362316
0.8280646076765494,2.105561780169462
1.3012319211682666,3.0089184404373026
1.9266396206091292,1.4460097102526825
1.8939404126050752,2.667954393642647
3.9825837999811813,3.4174383386269964
2.6898268101548717,1.2051325411053617
2.725779726522233,3.6550498297053604
1.075662574284308,0.9963334896716143
3.148252794837159,3.604778524297855
1.2776573326347096,0.9315606774557965
3.1945155247111576,3.3138724457161337
1.0592965589517975,2.2276149860401606
2.9629556127253385,1.851072484152383
1.263934761495118,0.6870682667847468
3.4600424757881685,2.1814753263622104
1.307312089931445,0.8129440180234782
1.1017041787648547,0.31137288443735534
2.8926355449845356,0.9733670821971812
3.3131738213703135,2.3929677678523835
3.47117736898629,3.172362955151151
0.5256832463340539,3.8964631690767817
3.524309759492711,3.9320109462676807
3.7839512700814137,2.6354357377489634
3.9688705596747327,1.0757592913683443
0.7238488191237411,2.0803619891387743
0.8366119417108329,2.1437009946852323
3.2165738123543006,0.2880606860460726
3.92819347006568,1.2235868553585094
1.1265534903035412,2.4205322232538182
2.002507748704295,0.4681833988181836
0.031089106164213565,0.2758849704173416
3.8559937613598696,0.7865454721237488
3.1202799132955343,0.15424894801259148
1.7338157976303115,0.03020419522011908
0.08229887205422548,3.4772677140505457
2.4876036695687014,0.7781569204351624
1.9691818080251373,3.9072569318108656
3.546433543071034,0.9201364548336715
3.9060441454593953,1.114862374927914
3.2434590238045637,2.923808931480001
1.9042251524042064,2.1934496454377874
2.532872320888124,3.5632887948326757
3.9117202679281236,0.9996095112945755
1.4314907345853198,3.290487433166082
0.4811295473532864,2.4300761767686763
0.8102125696832565,0.25518473372084305
2.5400711659776163,3.9184855455010696
1.4118628786240937,2.505068062529136
2.821863980477974,3.9850977601026676
3.346449435263013,1.2356043898973534
3.425592023489771,0.8982861286756751
1.3880015543880253,0.014861456506983117
2.1860273421903154,1.6484949050606015
0.29789492353156355,1.5225041288552723
1.535780282079331,3.9870956537817475
3.473375995629786,0.3590198383336225
0.975796039385207,2.7842753974974577
3.535352405995159,3.714920910478627
2.722445331969225,3.503978852137781
1.274043094557027,3.072636683977454
2.9234493431964803,0.7959665184732923
2.343840157482681,1.8854527976575715
1.2651658231605936,1.5052008385151048
1.635482440544736,0.7686623143296392
0.6946186810555806,2.553824896544757
3.433145831299072,2.865715547145635
3.8928646603245642,3.5777334465191504
3.1654982629350297,0.5593381116694753
3.3357401351129083,3.4892462603232213
0.3448409501939378,2.320934458328178
1.6275409843069175,3.418408194032118
2.8287052507320998,1.9072546902782723
0.4069979468436711,3.9612553026112334
2.50582317293633,2.9706240548887437
3.172761871405279,0.8838091964490951
3.439791348642864,1.2132273997724372
0.08445245791392697,2.803738446140368
1.7290097967669245,1.7249755257554913
1.554865524064346,1.980906652626004
2.239036821472239,3.6168001572326895
3.085265059788582,1.7528978854598827
2.6525280365938766,2.0004620610878976
0.31163141736760913,3.7280660924810807
3.9567634638048848,2.4888238484520824
1.212186445427446,3.1300091661624583
2.4429967023147814,0.048269247331536924
0.7231589587902354,0.8570534209835916
1.9439861931803644,0.8629053020191679
3.608638470347885,0.8643590750702019
0.5942160178586322,1.7019251628076284
3.6850358184103498,1.0117204183307802
0.44893297833652346,3.2432886668588914
3.753919756924993,3.4855807381810058
2.274211840927884,1.4912922581321681
0.03390958494934271,2.773585520434853
2.007187105410516,1.4076904640124135
1.8052939909068932,2.681190040671919
2.7985702087663,2.630022542787951
0.14263685416889738,1.0669514558957327
0.5394785394905273,0.9275719062922212
3.8755791938754904,1.890639863352983
3.804372789021613,3.392766336416439
0.28252642870365285,3.380023836123452
0.42623277381062774,3.7016199496275566
1.4511409779352205,2.9593823657515554
2.4583328504229476,2.4609231901428497
3.2583824807918966,2.953585481428723
3.857708900282297,1.8514601001362205
1.8424166722297346,2.693581063939246
1.2450985863124298,3.6634012482503433
3.9223349521199093,2.9118248249845142
3.4233329815205136,2.7596683348348447
2.4968711884414594,1.5139264672069541
0.11974394072815642,3.672284049526097
0.5779989464004691,1.7544137266350015
2.1897175005064735,1.2468071207680813
0.2345360764285207,0.9148109101761928
1.8253883526226709,1.2691031534638046
2.0716728853151176,2.8520565998598335
3.7229642827414344,3.9988547128596164
3.964560815270617,3.7351124849746866
0.6317992492061255,1.8272032784808365
3.471400957939893,0.689192650693434
1.1139973656784616,1.3843641323007998
0.9241571023438873,2.1852564911186088
3.9888850059910523,1.306010464429431
2.67694660065506,3.776234359306873
2.3250833969570617,0.3446019198612311
1.3939770231618995,1.817786264985409
0.7810603610528251,1.6522775010037667
2.9300551164737034,3.5389536136559183
3.754330420995252,3.008111502184208
1.4927789359333246,1.360231674235945
0.872312571410891,2.707358451699871
1.6943695632219407,1.8881207690861297
0.9406430234100664,0.9239385538202471
2.6558801231426403,2.758362541846557
1.417221215564647,0.7882625036911257
1.0929376033982208,0.6861863787138991
1.6682947058141697,0.20268279834226943
3.4121011304405666,1.9588597400527412
2.5516253685031525,0.003964168881509966
3.7018790272003907,0.7752518251703946
3.2430011677790955,3.2687750765304964
3.004140799106364,2.947430992360386
2.2833083443283475,1.9694604162983076
2.671236505564614,0.5253102551078159
2.6587349687871122,2.1677744229712137
2.693425245423511,0.231566942462615
2.087562015055804,2.811893029255583
1.0010940465213571,2.545346902844559
2.081499303509979,1.28982008535493
1.3467353288387311,2.8339474397092395
3.115885135890292,1.0829137263887039
1.3068945681785094,1.8984093903936672
1.711550010016139,0.7288990272637306
3.5713432305696236,0.6206548499781381
3.12453120914181,0.7436541258934173
2.229597881137141,2.3014063923809505
