2.0,2.0
2.2562632964343745,1.6472538795485505
1.3904945443111965,1.199265799121628
2.433878032236956,0.7169974910948644
0.8600284755206733,1.2445715778400044
0.6164223711432664,1.397351567187708
0.6164223711432664,1.397351567187708
2.831378777649748,1.1005859368247521
2.831378777649748,1.1005859368247521
2.5980469252815053,0.8813887049558424
2.5980469252815053,0.8813887049558424
2.5980469252815053,0.8813887049558424
2.5980469252815053,0.8813887049558424
1.4714123253672988,0.44483040270186214
0.19170057934982232,2.043486340413775
0.19170057934982232,2.043486340413775
2.583835329817534,0.5507412942193208
2.583835329817534,0.5507412942193208
2.583835329817534,0.5507412942193208
2.583835329817534,0.5507412942193208
2.583835329817534,0.5507412942193208
2.583835329817534,0.5507412942193208
2.583835329817534,0.5507412942193208
2.3195039501133703,0.8807973634894779
2.3195039501133703,0.8807973634894779
2.3195039501133703,0.8807973634894779
2.3195039501133703,0.8807973634894779
2.3195039501133703,0.8807973634894779
2.3195039501133703,0.8807973634894779
2.3195039501133703,0.8807973634894779
2.3195039501133703,0.8807973634894779
2.3195039501133703,0.8807973634894779
2.3195039501133703,0.8807973634894779
2.3195039501133703,0.8807973634894779
2.3195039501133703,0.8807973634894779
2.3195039501133703,0.8807973634894779
2.3195039501133703,0.8807973634894779
2.3195039501133703,0.8807973634894779
2.3195039501133703,0.8807973634894779
2.3195039501133703,0.8807973634894779
2.3545852200230164,1.121105443890174
2.3545852200230164,1.121105443890174
2.3545852200230164,1.121105443890174
2.3545852200230164,1.121105443890174
2.3545852200230164,1.121105443890174
2.3545852200230164,1.121105443890174
2.3545852200230164,1.121105443890174
2.3545852200230164,1.121105443890174
2.3545852200230164,1.121105443890174
2.3545852200230164,1.121105443890174
2.3545852200230164,1.121105443890174
2.3545852200230164,1.121105443890174
2.3545852200230164,1.121105443890174
2.3545852200230164,1.121105443890174
2.3545852200230164,1.121105443890174
2.3545852200230164,1.121105443890174
2.3545852200230164,1.121105443890174
2.3545852200230164,1.121105443890174
2.3545852200230164,1.121105443890174
2.3545852200230164,1.121105443890174
2.3545852200230164,1.121105443890174
2.3545852200230164,1.121105443890174
2.3545852200230164,1.121105443890174
2.3545852200230164,1.121105443890174
2.3545852200230164,1.121105443890174
2.3545852200230164,1.121105443890174
2.3545852200230164,1.121105443890174
2.3545852200230164,1.121105443890174
2.3545852200230164,1.121105443890174
2.3545852200230164,1.121105443890174
2.3545852200230164,1.121105443890174
2.3545852200230164,1.121105443890174
2.3545852200230164,1.121105443890174
2.3545852200230164,1.121105443890174
1.9694945473408572,1.5114431218586613
1.9694945473408572,1.5114431218586613
1.9694945473408572,1.5114431218586613
1.9694945473408572,1.5114431218586613
1.9694945473408572,1.5114431218586613
1.9694945473408572,1.5114431218586613
1.9694945473408572,1.5114431218586613
1.9694945473408572,1.5114431218586613
1.9694945473408572,1.5114431218586613
1.9694945473408572,1.5114431218586613
1.9694945473408572,1.5114431218586613
1.9694945473408572,1.5114431218586613
1.9694945473408572,1.5114431218586613
1.9694945473408572,1.5114431218586613
1.9694945473408572,1.5114431218586613
1.9694945473408572,1.5114431218586613
1.9694945473408572,1.5114431218586613
1.9694945473408572,1.5114431218586613
1.9694945473408572,1.5114431218586613
1.9694945473408572,1.5114431218586613
1.9694945473408572,1.5114431218586613
1.9694945473408572,1.5114431218586613
1.9694945473408572,1.5114431218586613
1.9694945473408572,1.5114431218586613
1.9694945473408572,1.5114431218586613
1.9694945473408572,1.5114431218586613
1.9694945473408572,1.5114431218586613
1.9694945473408572,1.5114431218586613
1.9694945473408572,1.5114431218586613
1.9694945473408572,1.5114431218586613
1.9694945473408572,1.5114431218586613
1.9694945473408572,1.5114431218586613
1.9694945473408572,1.5114431218586613
1.9694945473408572,1.5114431218586613
1.9694945473408572,1.5114431218586613
1.9694945473408572,1.5114431218586613
1.9694945473408572,1.5114431218586613
1.9694945473408572,1.5114431218586613
1.9694945473408572,1.5114431218586613
1.9694945473408572,1.5114431218586613
1.9694945473408572,1.5114431218586613
1.9694945473408572,1.5114431218586613
1.9694945473408572,1.5114431218586613
1.9694945473408572,1.5114431218586613
1.9694945473408572,1.5114431218586613
1.9694945473408572,1.5114431218586613
1.9694945473408572,1.5114431218586613
1.9694945473408572,1.5114431218586613
1.9694945473408572,1.5114431218586613
1.9694945473408572,1.5114431218586613
1.9694945473408572,1.5114431218586613
1.9694945473408572,1.5114431218586613
1.9694945473408572,1.5114431218586613
1.9694945473408572,1.5114431218586613
1.9694945473408572,1.5114431218586613
1.9694945473408572,1.5114431218586613
1.9694945473408572,1.5114431218586613
1.9694945473408572,1.5114431218586613
1.9694945473408572,1.5114431218586613
1.9694945473408572,1.5114431218586613
1.9694945473408572,1.5114431218586613
0.02397290145811848,1.4197998151731963
0.02397290145811848,1.4197998151731963
0.02397290145811848,1.4197998151731963
0.02397290145811848,1.4197998151731963
0.02397290145811848,1.4197998151731963
1.4715673123192978,2.8059789022852053
3.499974491605114,0.3343097687488972
3.499974491605114,0.3343097687488972
3.499974491605114,0.3343097687488972
3.499974491605114,0.3343097687488972
3.499974491605114,0.3343097687488972
3.499974491605114,0.3343097687488972
3.499974491605114,0.3343097687488972
1.3974644454404506,0.4602084824049939
1.3974644454404506,0.4602084824049939
1.3974644454404506,0.4602084824049939
0.17564533852580233,2.015777202732955
0.17564533852580233,2.015777202732955
0.17564533852580233,2.015777202732955
0.17564533852580233,2.015777202732955
0.17564533852580233,2.015777202732955
0.17564533852580233,2.015777202732955
0.17564533852580233,2.015777202732955
0.17564533852580233,2.015777202732955
0.17564533852580233,2.015777202732955
0.00236390095462502,1.0462605605707527
0.00236390095462502,1.0462605605707527
0.00236390095462502,1.0462605605707527
0.00236390095462502,1.0462605605707527
0.00236390095462502,1.0462605605707527
0.00236390095462502,1.0462605605707527
0.00236390095462502,1.0462605605707527
0.00236390095462502,1.0462605605707527
0.00236390095462502,1.0462605605707527
0.00236390095462502,1.0462605605707527
0.00236390095462502,1.0462605605707527
0.00236390095462502,1.0462605605707527
0.00236390095462502,1.0462605605707527
0.00236390095462502,1.0462605605707527
0.00236390095462502,1.0462605605707527
0.00236390095462502,1.0462605605707527
0.00236390095462502,1.0462605605707527
3.148930153335417,0.7894194509952537
3.148930153335417,0.7894194509952537
3.148930153335417,0.7894194509952537
3.148930153335417,0.7894194509952537
3.148930153335417,0.7894194509952537
3.148930153335417,0.7894194509952537
3.148930153335417,0.7894194509952537
3.148930153335417,0.7894194509952537
3.148930153335417,0.7894194509952537
3.148930153335417,0.7894194509952537
3.148930153335417,0.7894194509952537
3.148930153335417,0.7894194509952537
3.148930153335417,0.7894194509952537
3.148930153335417,0.7894194509952537
3.148930153335417,0.7894194509952537
3.148930153335417,0.7894194509952537
3.148930153335417,0.7894194509952537
3.148930153335417,0.7894194509952537
3.148930153335417,0.7894194509952537
3.148930153335417,0.7894194509952537
3.148930153335417,0.7894194509952537
3.148930153335417,0.7894194509952537
3.148930153335417,0.7894194509952537
3.148930153335417,0.7894194509952537
3.148930153335417,0.7894194509952537
3.148930153335417,0.7894194509952537
3.148930153335417,0.7894194509952537
3.148930153335417,0.7894194509952537
3.148930153335417,0.7894194509952537
3.148930153335417,0.7894194509952537
3.148930153335417,0.7894194509952537
3.148930153335417,0.7894194509952537
3.148930153335417,0.7894194509952537
3.148930153335417,0.7894194509952537
3.148930153335417,0.7894194509952537
3.148930153335417,0.7894194509952537
3.148930153335417,0.7894194509952537
3.148930153335417,0.7894194509952537
3.148930153335417,0.7894194509952537
3.148930153335417,0.7894194509952537
3.148930153335417,0.7894194509952537
3.148930153335417,0.7894194509952537
3.148930153335417,0.7894194509952537
3.148930153335417,0.7894194509952537
3.148930153335417,0.7894194509952537
3.148930153335417,0.7894194509952537
3.148930153335417,0.7894194509952537
3.148930153335417,0.7894194509952537
3.148930153335417,0.7894194509952537
3.148930153335417,0.7894194509952537
3.148930153335417,0.7894194509952537
3.148930153335417,0.7894194509952537
3.148930153335417,0.7894194509952537
3.148930153335417,0.7894194509952537
3.148930153335417,0.7894194509952537
3.148930153335417,0.7894194509952537
3.148930153335417,0.7894194509952537
3.148930153335417,0.7894194509952537
3.148930153335417,0.7894194509952537
3.148930153335417,0.7894194509952537
3.148930153335417,0.7894194509952537
3.148930153335417,0.7894194509952537
3.148930153335417,0.7894194509952537
3.148930153335417,0.7894194509952537
3.148930153335417,0.7894194509952537
3.148930153335417,0.7894194509952537
3.148930153335417,0.7894194509952537
3.148930153335417,0.7894194509952537
3.148930153335417,0.7894194509952537
3.148930153335417,0.7894194509952537
3.148930153335417,0.7894194509952537
3.148930153335417,0.7894194509952537
3.8681139931840285,1.1784684106720191
3.8681139931840285,1.1784684106720191
3.8681139931840285,1.1784684106720191
3.8681139931840285,1.1784684106720191
3.8681139931840285,1.1784684106720191
3.8681139931840285,1.1784684106720191
3.8681139931840285,1.1784684106720191
3.8681139931840285,1.1784684106720191
3.8681139931840285,1.1784684106720191
3.8681139931840285,1.1784684106720191
3.8681139931840285,1.1784684106720191
3.8681139931840285,1.1784684106720191
3.8681139931840285,1.1784684106720191
3.8681139931840285,1.1784684106720191
3.8681139931840285,1.1784684106720191
3.8681139931840285,1.1784684106720191
3.8681139931840285,1.1784684106720191
3.8681139931840285,1.1784684106720191
3.8681139931840285,1.1784684106720191
3.8681139931840285,1.1784684106720191
3.8681139931840285,1.1784684106720191
3.8681139931840285,1.1784684106720191
3.8681139931840285,1.1784684106720191
3.8681139931840285,1.1784684106720191
3.8681139931840285,1.1784684106720191
3.8681139931840285,1.1784684106720191
3.8681139931840285,1.1784684106720191
3.8681139931840285,1.1784684106720191
3.8681139931840285,1.1784684106720191
3.8681139931840285,1.1784684106720191
3.8681139931840285,1.1784684106720191
3.8681139931840285,1.1784684106720191
3.8681139931840285,1.1784684106720191
3.8681139931840285,1.1784684106720191
3.8681139931840285,1.1784684106720191
3.8681139931840285,1.1784684106720191
3.8681139931840285,1.1784684106720191
3.8681139931840285,1.1784684106720191
3.8681139931840285,1.1784684106720191
3.8681139931840285,1.1784684106720191
3.8681139931840285,1.1784684106720191
3.8681139931840285,1.1784684106720191
3.8681139931840285,1.1784684106720191
3.8681139931840285,1.1784684106720191
3.8681139931840285,1.1784684106720191
3.8681139931840285,1.1784684106720191
3.8681139931840285,1.1784684106720191
3.8681139931840285,1.1784684106720191
3.8681139931840285,1.1784684106720191
3.8681139931840285,1.1784684106720191
3.8681139931840285,1.1784684106720191
3.8681139931840285,1.1784684106720191
3.8681139931840285,1.1784684106720191
3.8681139931840285,1.1784684106720191
3.8681139931840285,1.1784684106720191
3.8681139931840285,1.1784684106720191
3.8681139931840285,1.1784684106720191
3.8681139931840285,1.1784684106720191
3.8681139931840285,1.1784684106720191
3.8681139931840285,1.1784684106720191
3.8681139931840285,1.1784684106720191
3.8681139931840285,1.1784684106720191
3.8681139931840285,1.1784684106720191
3.8681139931840285,1.1784684106720191
3.8681139931840285,1.1784684106720191
3.8681139931840285,1.1784684106720191
3.8681139931840285,1.1784684106720191
3.8681139931840285,1.1784684106720191
3.8681139931840285,1.1784684106720191
3.8681139931840285,1.1784684106720191
3.8681139931840285,1.1784684106720191
3.8681139931840285,1.1784684106720191
3.8681139931840285,1.1784684106720191
3.8681139931840285,1.1784684106720191
3.8681139931840285,1.1784684106720191
3.8681139931840285,1.1784684106720191
3.8681139931840285,1.1784684106720191
3.8681139931840285,1.1784684106720191
3.8681139931840285,1.1784684106720191
1.3498824586522682,2.9923828431517
2.0728303042124723,0.044336263853458124
2.0728303042124723,0.044336263853458124
2.0728303042124723,0.044336263853458124
2.0728303042124723,0.044336263853458124
2.0728303042124723,0.044336263853458124
2.0728303042124723,0.044336263853458124
2.0728303042124723,0.044336263853458124
2.0728303042124723,0.044336263853458124
2.0728303042124723,0.044336263853458124
2.0728303042124723,0.044336263853458124
2.0728303042124723,0.044336263853458124
2.0728303042124723,0.044336263853458124
2.0728303042124723,0.044336263853458124
2.0728303042124723,0.044336263853458124
2.0728303042124723,0.044336263853458124
2.0728303042124723,0.044336263853458124
2.0728303042124723,0.044336263853458124
2.0728303042124723,0.044336263853458124
2.0728303042124723,0.044336263853458124
2.0728303042124723,0.044336263853458124
2.0728303042124723,0.044336263853458124
2.0728303042124723,0.044336263853458124
2.0728303042124723,0.044336263853458124
2.0728303042124723,0.044336263853458124
2.0728303042124723,0.044336263853458124
2.0728303042124723,0.044336263853458124
2.0728303042124723,0.044336263853458124
2.0728303042124723,0.044336263853458124
2.0728303042124723,0.044336263853458124
2.0728303042124723,0.044336263853458124
2.0728303042124723,0.044336263853458124
2.0728303042124723,0.044336263853458124
2.0728303042124723,0.044336263853458124
0.9456456515952718,3.1726093398997888
0.9456456515952718,3.1726093398997888
0.026612142744393275,3.4355171122110417
0.026612142744393275,3.4355171122110417
3.224064573212754,1.968943865639241
3.224064573212754,1.968943865639241
2.6872380978613695,0.41152998730106205
2.6872380978613695,0.41152998730106205
2.6872380978613695,0.41152998730106205
2.6872380978613695,0.41152998730106205
2.6872380978613695,0.41152998730106205
2.6872380978613695,0.41152998730106205
2.6872380978613695,0.41152998730106205
2.6872380978613695,0.41152998730106205
2.6872380978613695,0.41152998730106205
2.6872380978613695,0.41152998730106205
2.6872380978613695,0.41152998730106205
2.6872380978613695,0.41152998730106205
2.6872380978613695,0.41152998730106205
2.6872380978613695,0.41152998730106205
2.6872380978613695,0.41152998730106205
2.6872380978613695,0.41152998730106205
2.6872380978613695,0.41152998730106205
2.6872380978613695,0.41152998730106205
2.6872380978613695,0.41152998730106205
2.6872380978613695,0.41152998730106205
2.6872380978613695,0.41152998730106205
2.6872380978613695,0.41152998730106205
2.6872380978613695,0.41152998730106205
2.6872380978613695,0.41152998730106205
2.6872380978613695,0.41152998730106205
2.6872380978613695,0.41152998730106205
2.6872380978613695,0.41152998730106205
2.6872380978613695,0.41152998730106205
2.6872380978613695,0.41152998730106205
2.6872380978613695,0.41152998730106205
2.6872380978613695,0.41152998730106205
2.6872380978613695,0.41152998730106205
2.6872380978613695,0.41152998730106205
2.6872380978613695,0.41152998730106205
2.6872380978613695,0.41152998730106205
2.6872380978613695,0.41152998730106205
2.6872380978613695,0.41152998730106205
2.6872380978613695,0.41152998730106205
2.6872380978613695,0.41152998730106205
2.6872380978613695,0.41152998730106205
2.6872380978613695,0.41152998730106205
2.6872380978613695,0.41152998730106205
2.6872380978613695,0.41152998730106205
2.6872380978613695,0.41152998730106205
2.6872380978613695,0.41152998730106205
2.6872380978613695,0.41152998730106205
2.6872380978613695,0.41152998730106205
2.6872380978613695,0.41152998730106205
2.6872380978613695,0.41152998730106205
2.6872380978613695,0.41152998730106205
2.6872380978613695,0.41152998730106205
2.6872380978613695,0.41152998730106205
2.6872380978613695,0.41152998730106205
2.6872380978613695,0.41152998730106205
2.6872380978613695,0.41152998730106205
2.6872380978613695,0.41152998730106205
2.6872380978613695,0.41152998730106205
2.6872380978613695,0.41152998730106205
2.6872380978613695,0.41152998730106205
2.6872380978613695,0.41152998730106205
2.6872380978613695,0.41152998730106205
2.6872380978613695,0.41152998730106205
2.6872380978613695,0.41152998730106205
2.6872380978613695,0.41152998730106205
2.6872380978613695,0.41152998730106205
2.6872380978613695,0.41152998730106205
2.6872380978613695,0.41152998730106205
2.6872380978613695,0.41152998730106205
2.6872380978613695,0.41152998730106205
2.6872380978613695,0.41152998730106205
2.6872380978613695,0.41152998730106205
2.6872380978613695,0.41152998730106205
2.6872380978613695,0.41152998730106205
2.6872380978613695,0.41152998730106205
2.6872380978613695,0.41152998730106205
2.6872380978613695,0.41152998730106205
2.6872380978613695,0.41152998730106205
2.6872380978613695,0.41152998730106205
2.6872380978613695,0.41152998730106205
2.6872380978613695,0.41152998730106205
2.6872380978613695,0.41152998730106205
2.6872380978613695,0.41152998730106205
2.6872380978613695,0.41152998730106205
2.6872380978613695,0.41152998730106205
2.6872380978613695,0.41152998730106205
2.6872380978613695,0.41152998730106205
2.6872380978613695,0.41152998730106205
2.6872380978613695,0.41152998730106205
2.6872380978613695,0.41152998730106205
2.6872380978613695,0.41152998730106205
2.6872380978613695,0.41152998730106205
2.6872380978613695,0.41152998730106205
2.6872380978613695,0.41152998730106205
2.6872380978613695,0.41152998730106205
2.6872380978613695,0.41152998730106205
2.6872380978613695,0.41152998730106205
2.6872380978613695,0.41152998730106205
2.6872380978613695,0.41152998730106205
2.6872380978613695,0.41152998730106205
2.6872380978613695,0.41152998730106205
2.6872380978613695,0.41152998730106205
2.6872380978613695,0.41152998730106205
2.6872380978613695,0.41152998730106205
2.6872380978613695,0.41152998730106205
2.6872380978613695,0.41152998730106205
2.6872380978613695,0.41152998730106205
2.6872380978613695,0.41152998730106205
2.6872380978613695,0.41152998730106205
2.6872380978613695,0.41152998730106205
2.6872380978613695,0.41152998730106205
2.6872380978613695,0.41152998730106205
2.6872380978613695,0.41152998730106205
2.6872380978613695,0.41152998730106205
2.6872380978613695,0.41152998730106205
2.6872380978613695,0.41152998730106205
2.6872380978613695,0.41152998730106205
2.6872380978613695,0.41152998730106205
2.6872380978613695,0.41152998730106205
2.6872380978613695,0.41152998730106205
2.6872380978613695,0.41152998730106205
2.6872380978613695,0.41152998730106205
2.6872380978613695,0.41152998730106205
2.6872380978613695,0.41152998730106205
2.6872380978613695,0.41152998730106205
2.6872380978613695,0.41152998730106205
2.6872380978613695,0.41152998730106205
2.6872380978613695,0.41152998730106205
2.6872380978613695,0.41152998730106205
2.6872380978613695,0.41152998730106205
2.6872380978613695,0.41152998730106205
2.6872380978613695,0.41152998730106205
2.6872380978613695,0.41152998730106205
2.6872380978613695,0.41152998730106205
2.6872380978613695,0.41152998730106205
2.6872380978613695,0.41152998730106205
2.6872380978613695,0.41152998730106205
2.6872380978613695,0.41152998730106205
2.6872380978613695,0.41152998730106205
2.6872380978613695,0.41152998730106205
2.6872380978613695,0.41152998730106205
2.6872380978613695,0.41152998730106205
2.6872380978613695,0.41152998730106205
2.6872380978613695,0.41152998730106205
2.6872380978613695,0.41152998730106205
2.6872380978613695,0.41152998730106205
2.6872380978613695,0.41152998730106205
2.6872380978613695,0.41152998730106205
2.6872380978613695,0.41152998730106205
2.6872380978613695,0.41152998730106205
2.6872380978613695,0.41152998730106205
2.6872380978613695,0.41152998730106205
2.6872380978613695,0.41152998730106205
2.6872380978613695,0.41152998730106205
2.6872380978613695,0.41152998730106205
2.6872380978613695,0.41152998730106205
2.6872380978613695,0.41152998730106205
2.6872380978613695,0.41152998730106205
2.6872380978613695,0.41152998730106205
2.6872380978613695,0.41152998730106205
2.6872380978613695,0.41152998730106205
2.6872380978613695,0.41152998730106205
2.6872380978613695,0.41152998730106205
2.6872380978613695,0.41152998730106205
2.6872380978613695,0.41152998730106205
2.6872380978613695,0.41152998730106205
2.6872380978613695,0.41152998730106205
2.6872380978613695,0.41152998730106205
2.6872380978613695,0.41152998730106205
2.6872380978613695,0.41152998730106205
2.6872380978613695,0.41152998730106205
2.6872380978613695,0.41152998730106205
2.6872380978613695,0.41152998730106205
2.6872380978613695,0.41152998730106205
2.6872380978613695,0.41152998730106205
2.6872380978613695,0.41152998730106205
2.6872380978613695,0.41152998730106205
2.6872380978613695,0.41152998730106205
