2.0,2.0
1.9819546875320593,1.5270332744429127
2.0983679537213926,1.2916170418521085
1.751741847076345,2.8380468121005658
2.9489183040521185,1.014377433465083
2.2045934178395172,0.9439467067827527
3.3874882362119605,0.788329791809415
3.404457182572204,0.7455122275621644
0.9091577286068167,2.7994842466352674
1.8479365738463498,0.12463742890399665
3.8201999569191925,0.4399640053349825
3.9863285275464384,0.2947354440568084
2.4659384622317426,3.446735309168239
1.7355130963691465,3.4007013676207976
2.0850908634189085,0.7371330681967678
1.4428979752571234,1.3788594697654717
1.289521401914154,2.0557178189178575
3.5592462484812555,0.6093676081143444
2.0146955938446465,0.22321707946561098
1.0575160071159013,0.22997238408653642
2.621385837636542,1.7616701868031406
1.656302299991868,0.7827111991141606
0.23676328362137555,0.38088272880432195
2.834824463067295,3.3494321800197464
0.5813276467720248,1.794050537602259
2.64819414088455,1.80503336894984
1.6991401426258372,2.3237790525174478
2.2352477947683864,0.15312476949668552
1.8362935548029933,2.4174946799618735
2.2004548557506483,3.1226818741153157
0.8482029829575382,3.0625469785975956
2.975349082422572,3.4730670042710026
1.229653023094266,3.3854732521572872
0.6895468415779633,0.08925764353265775
2.372504379420807,2.552577942928802
0.07055282590039758,1.6037681669277002
0.862566694431683,3.039733977003681
0.07441853351805738,0.7206253317285798
3.443664342749736,3.5406093980941713
1.205300436272053,1.9808498757306028
2.292501007866048,2.483747702154867
3.220490512484843,2.6276220990603774
0.8587214761102429,2.7778965075975965
2.4288948420748127,3.010463062970745
1.7913482171929118,1.4287339816732438
1.5414596354844408,1.8059890388091553
2.5651388235140717,2.607141738015074
3.6892104695684753,1.9029708553203464
1.861158434957432,3.2263460915086037
3.2555148232924447,2.583878449764733
2.3238773090712237,1.921262688520665
1.8492235417901406,0.9236841490062
1.0036703330617431,3.256549353309976
2.4148679210418544,0.1332731601490842
3.9888814150924614,2.4982895528465257
1.5821091095586364,2.31905126955391
2.430514402903008,0.19637510301167982
1.1381252942975668,1.757582750700104
0.4926827054954921,0.7487534033854915
0.6875233240055163,2.1239107580154233
2.0730154235164497,2.1107771172069634
0.10814466520473598,3.0637927939011873
2.8979434924016014,2.461170589706296
0.028983317898748417,0.4017913895766303
0.23265210255982982,2.5470267916645617
0.03599700306095999,2.410730829771386
3.1778277068231593,1.8824616799880145
2.704632632436819,0.6326887258219034
3.037967014630292,0.010066061276040372
1.9664555142599802,2.0511303836437045
2.459367354666478,2.7579377299407186
3.3330552564531284,2.630003779856078
2.627621832885659,3.392072811899687
3.162729635309975,0.20928777593668535
3.8479837446404264,2.3872478741252996
3.5900223885600053,1.2087856667655097
3.1072217095129444,0.5702980729448996
3.6025002099311356,3.546915984398689
1.895147044183378,2.5617366461567843
2.302525615579303,3.6680504648783065
3.495433963005355,1.5850830081284935
1.42713378909689,1.0303235716869503
3.6087278448748306,0.3599078232853934
2.397954750132134,2.3574124699296086
2.050830263267475,2.1994487797035767
3.910991084580006,3.348702702482837
3.1548740184799047,2.281859590471579
0.7084658647761932,3.2741206804117065
2.909004727996679,3.5574493790789075
3.8218376633158155,1.589031946754202
0.22605595471520346,0.44353579582313785
1.599696866684062,2.35097269924374
0.2791085096713175,0.4696489456804471
0.285509912184823,0.22192920048151876
3.6819216554282925,3.3267991986221044
0.6377226179918467,2.1615292656712195
0.5535854944946275,3.303031415635254
2.4927106631533005,1.36087130351082
0.8333163437568629,3.8783321598212317
3.9057174088053723,0.6716122279260199
3.944650977256536,3.1411162875711476
3.301465884447038,1.8053177089464443
3.989784003492426,3.5174370317572086
2.1497298169007113,0.42934469072194137
3.2054851897546457,2.6322518910077446
0.07849277852334646,3.077706612692436
0.34174562554912,2.7630743716665798
1.5060934378181141,1.622340535473195
2.6126992901326735,3.842971894720082
3.738632916875896,2.220912494556123
1.0967702140101885,3.2302301007492713
2.5620031051035035,3.5602217023484077
3.8826576102461448,2.5012455496215997
3.9690843753496257,0.3572124106381618
2.4293372812766845,1.145351582426632
1.0983765429779133,1.5545808801603611
3.4627095379700097,3.827756305333609
0.06405226432621225,2.38530012674301
3.45679365403924,1.4514382899857066
3.416122305903361,0.5592058031495086
3.665105507514923,2.1769697529234553
1.80466996887158,1.3582651671381019
0.8272363137448093,2.1311383018348136
1.302109278619533,2.470637443782167
0.7137744462168287,2.325399235508377
3.334025071674327,2.0999753151032325
1.2523771178931598,1.8403239321907852
0.03357020648682463,2.0340714080938507
3.889201943481348,3.4862793187739927
2.4272734344635385,3.81792375359791
1.9607037820154956,3.7671148399793704
0.013060874474088546,1.1022340435403781
2.8467009653825026,3.551632176083973
2.1265350692276974,2.468597529795333
3.3610386642736647,2.3322709536029755
0.8328249888364225,2.592846839105288
3.9606682977181764,1.1708463718469808
0.06438619691764469,1.6922235514830497
0.7753740270562433,1.5234759958333375
2.29826881768244,2.4177103061090177
3.527991715387499,3.6718848796005235
0.45537427494885874,3.7778347473142495
0.0423227217882598,1.9206387688663473
1.6862138196352725,2.198292831451304
0.9342593979057847,1.075462452651771
1.044423795403524,1.365536488651125
2.0693618522763804,0.31523725455375695
1.5557733777338636,1.4504342561377057
2.0994241107290854,1.5200311490190606
2.5091857508239555,3.3802825155789797
0.9812850704634606,2.4577746141468144
3.6727332318751285,0.5657042602775002
2.256808748570003,2.158276873899525
1.5182806165856575,2.7717178440680468
0.2853667223175651,2.3490736242944488
0.6283416597617757,2.0416965295713654
0.41775531111022435,3.847604231867601
2.1928599423229733,3.7662241651245485
1.4136463721651422,0.06921417992867696
1.5791017080922827,1.125070371965554
1.497775009003778,1.4357485779383414
1.801663498974003,3.3499160695141734
0.1816724174249016,2.502946697918056
1.9214453867437626,0.9276608030876097
3.5205349517125413,2.81420951999507
3.4149595256391896,3.4253393415744258
2.494369623979033,3.9601625240540232
1.591812888234423,1.7151587155528136
3.5091946296593406,2.3772641003371815
3.3560762293476794,2.8169518801411617
0.2562236276351557,1.1237106992302333
1.211549538110463,0.07692917275783184
0.6781540286623389,3.2524357470972247
3.5443157166827124,2.5853431264125226
0.7153728413437195,0.019028885610303803
3.873176555556665,2.5681971106267687
3.8196018454860026,2.0703466199038547
1.7821496250946662,1.0845524432785028
2.4378799584071595,3.2750604718180036
3.5465830951332546,0.06846830283256367
3.5480407532079346,3.684375063168552
0.43347844666551305,1.438005318214393
1.1653053072358746,1.254386466493616
0.907842722090376,3.8545175692724607
3.3605628060329096,2.743026606172894
0.6339138073394834,1.1783360506696732
0.7389037744917286,1.709046002025615
3.6665644685932834,1.2444063341132248
0.9594679589122106,0.9373501942970224
3.121767003803495,0.8607024784423736
1.7673503783974462,2.3569773533225247
1.7011364920976453,2.6297250418899156
0.3291491446255814,0.9770079288235984
1.1358200360003123,2.881714078199592
1.5313304239525367,3.1014997138327844
2.6667994442341616,0.35449865983728435
1.9396406243187831,1.9480446880112474
2.1817574373940904,2.195242332715615
3.2037371682494022,1.8829195091642323
1.3872529747876103,0.035021201328768736
3.569675859067864,2.593761362099259
0.04991577778016243,2.1792678105147627
0.8195171749582539,2.7549967278192407
2.4043800703480787,0.7775774933061097
2.0692717440550363,1.9802040002263923
3.182867285457732,1.8032844108763286
3.4291911576107017,2.33113989610427
1.643577786350276,1.3663956388009368
0.5202902042621855,3.3988128619149154
1.8201078538964102,3.1418099333065395
2.0604717141136137,2.6654541982967794
0.21548250461647367,3.669577248644454
1.60652833883705,0.8254910177304944
1.9150655985389804,0.7670577507411656
0.5084769020859485,2.9446689699092965
1.204933508611604,3.9596812791344913
2.104521215157898,0.038411463850212435
0.6193383015331193,1.0719476300800803
0.7393737479265576,3.3561748072788613
1.6546402828950928,0.1842263940411022
3.550284670288023,2.3372364048834324
3.733916615704022,2.2174430214105088
1.7912973698044494,3.13032258894165
1.4527130862719062,3.681283327604875
3.7286325482957907,0.35740104378607285
1.3011079616320922,2.8672537820477277
0.9329833480048926,2.8257952188727247
0.47731427020444395,1.457362199475245
1.668673330853538,2.11829227978309
2.8747357020364905,3.3272653991542094
2.753935756187475,2.946542392925928
0.48268337592885446,1.1661245749610099
2.5890889098333347,2.2250230769636725
3.1244801487370943,1.1435454501809796
2.417446493834212,1.6784563928611758
3.776615450204162,0.9285543157175016
2.35187888023954,1.4894771154772903
1.8619367494637729,1.743886770837102
2.663977667857456,0.7586394380997254
0.4756450587959735,2.98821272302897
0.6705579087237803,1.1471151529708679
1.103437416147667,0.8070356048772416
2.660077762386652,2.3949259252695225
1.4418508740664842,1.070981259810047
1.2350069126213694,3.411002877047001
3.337741648906134,0.7575194099249307
3.212244662006031,3.114762205678614
3.4390736043018815,1.6232040254864257
1.6755472747447144,0.35049444066375957
0.8706107764560538,3.961738459216232
1.6008469723296814,2.8234037952890154
1.2364338396623946,0.5048196781596639
2.071387822325092,1.6849916045475313
3.9372450659328346,3.0985730093511186
2.49511077939386,1.4409663591226063
2.1857159838647484,3.544433325808129
0.28225074860401556,2.960098518324807
1.4533076284198923,3.566675372802962
0.371858672474934,1.3416141662026888
3.6230705354836426,2.683129504061088
3.524614885120037,1.216803022634111
2.989807999356743,2.909329446827834
1.575012229572371,3.6982266572734077
1.0497716806977548,1.4793523710412568
1.4416279344122853,2.6796199536265815
1.4228039302911202,2.953028193287978
3.358302334195576,1.7822025710217058
2.716088528471426,0.8052595256522159
0.20201834774727478,0.7792752692936507
3.3543773901657747,0.18673136822143066
1.3344062110786914,3.409338290365315
0.9710810770733334,1.785312914815894
0.030607787024319766,0.10536594189233517
1.9581273695772907,2.882680170490513
3.131130646152109,1.943722397738691
0.9430027846607181,2.375905523192658
2.798016591142674,0.5877606072495651
3.964314689150131,3.867142172409656
0.9879689491120485,3.522153981734966
0.5148505807668471,2.384268548740115
0.9158785527034903,0.5936779926487397
3.8232725417550566,2.0742754165449706
2.5336884374004254,2.6357477723996987
2.4502348930188993,2.4259723378933447
1.5795601338182026,0.4966900370388667
0.5947946398515205,3.8878954814847586
0.1910931596402925,3.894295687709816
3.0764132738796457,2.190135075364453
1.3454686024759694,3.2800084119185287
1.9331803401467815,1.552971804094906
0.40914645793470683,0.9415553920922002
0.7946956083699384,1.7132494708350654
2.142220641490134,3.218338489152592
2.3941945059530747,1.9284221644075608
2.444505048934809,0.057478812074759134
1.0484695742791446,1.7905032627177238
2.9388777683300313,2.4790395903489206
3.0984897774842937,0.8747682126622949
3.932273042030575,1.2535474709609047
2.7814383629221893,1.4773914118237603
0.8856751321761309,1.5594442601470813
3.0469710415043028,1.605007569695414
2.5827834850802422,1.640698443857814
0.43573431680120267,0.23814870304838953
2.2265559258678,1.6729692391301803
1.493571107935534,1.0011100424836843
2.801352509622486,2.140494993565511
0.23009677468117795,0.9509779631413138
0.6824505208292191,0.5462766978256344
0.4154239946618099,1.4251974235342377
3.899100771366562,0.4233043565754109
2.9089041736655994,2.3678374055449467
2.335826014967787,2.3878251131811186
3.3778502110930706,1.572665070671719
1.5061781548045006,2.071179676709944
3.2609072587010632,0.7700792206318079
1.1255996187354813,2.1158684781169095
0.9886462753825582,3.375583379329297
2.062572274927733,0.8307042198586969
2.4915247331711905,2.308525487338519
0.899235563639674,0.9914814958528919
1.9228853757806608,0.5280409613079797
3.2329347854397983,3.0713625573332894
2.358220474876367,0.2898465014792597
1.616382659331991,2.089081937730411
2.0514181961355384,0.8330351539869847
0.9473629464352404,2.159781330226982
0.19969766617215434,2.8456486468811066
0.7826196245699117,2.48318338238092
2.138119427147897,2.1632097210702272
0.9390041819106796,1.3738954161247303
0.6923688523964322,1.553617149318114
3.335018435520673,0.16337959507077215
3.9238523164963404,2.687095132109996
0.48748871018584605,2.935606405959332
1.8250806734747296,3.412300089076048
0.4432958915412186,2.1249099254160644
2.6123400675606137,2.6065799744066656
3.024760519511424,2.8136819035608873
3.6598688732562015,1.9634728999097768
2.7269135980527683,1.4709632863373345
1.4164506848649276,0.7993303778175083
2.885659843238284,3.4271493931266033
1.3370811498041588,3.271810294739516
3.824663994327025,1.565180835591356
3.1568390283848102,1.8395283520590837
3.458273113003286,0.84295152033246
1.1461384185976211,2.591624842090775
1.3854834850430664,2.484715779804699
2.5549923005344617,3.45644160372909
0.9420671686399875,0.010027399551675309
0.9008675635584447,2.6871527034191183
2.8030774875392135,2.6200670088456564
1.9415983330414912,2.65226799868543
1.0413533900531489,3.648895748135256
0.5338252742950758,2.9592132329635694
1.0795356843220043,2.390104212805161
1.1903651783640576,3.7069683585817077
0.9309012978141995,2.94058874415587
1.2023446698858011,3.732876774280245
0.062080682053399006,2.665515664172291
1.2175448465045124,0.31682727829216484
0.29054149660140594,2.687443712027038
2.7878380894945547,0.8195263905878982
1.1649803201567548,0.16296207556789621
3.5997917246558435,2.7256269655335035
0.9994380733912984,3.648700349164381
0.08063616163855603,1.8140522459760766
0.32048061871346567,2.1549258513321745
3.338035791507448,0.6995524612881332
3.351485453332183,3.991765046353419
3.313247593058115,1.0686670107105396
3.809983381926143,1.7603240294513576
3.860106127400475,0.704866918385632
3.453845715817961,1.6152550973193818
0.822891135681802,0.7637277160181122
3.423563393062515,0.15564608813340142
2.013490917098033,1.2306537732863219
0.6332162320464034,3.1038593436353796
0.5722473495276823,3.6324848096886337
3.293460984367541,3.5501642569909517
2.964359278180619,0.796513196882088
3.399968899646517,0.07083629247264556
1.740967825928787,1.1014309487360405
2.155479661802099,1.828108911893
2.175660566142983,1.2503028116896742
2.5342140162021947,3.131678830421498
1.6260856863927953,3.3139100173192624
2.1713198049533764,3.099538937132996
0.07818969720551783,2.7158776558424678
0.4256051715454485,2.328990803416383
3.3360928316206246,2.6615465927575457
0.04590580193199889,2.3771625726046905
1.3859596044328746,0.0426079103034529
3.085517390248159,3.34873551302638
3.5865188115745976,1.2356683190182691
2.4197159066384475,1.3352811575639945
2.2982277401772895,2.953594327822103
3.2591434527741474,2.8634649761905764
0.8563978111499049,0.15843312686082411
2.5972588888093417,3.0441662101359697
0.6402362275336393,1.6091180512897676
3.1181218746174553,2.4907142727102585
0.3398972916768632,2.8708772278079877
0.12701526851234712,1.6957693088341017
0.05658925811360005,0.2021474164942032
0.4368837669293302,2.910856985430687
2.6252693011453827,3.897301045637361
1.0823526928782097,2.9594364751745235
1.7671660473513282,3.7538944789622275
2.3033743704353653,2.875335157397535
1.9001683612934515,0.24951170229074782
3.7465910284429547,1.0119471670301659
1.661898253276274,1.766373920402315
1.2979769348918628,2.7992603060674623
3.624453506652836,3.950757507689375
1.7435832974673473,3.5976229543005545
3.0667253077163665,1.2598180192892716
2.4966134166831986,2.967036493422158
1.7677106576511061,3.162847857525387
0.4909355068473791,2.5442037674880957
1.3803135586731536,1.0344719179918536
3.8391272549047497,2.784731883367613
2.9728938222932264,1.6480357144821318
0.2666305627344112,0.6015943418957796
0.2587265558403935,0.9201701788565644
1.7579077103066214,2.902915420199738
2.7032853634569083,2.320924964434409
1.5737268252593162,1.8374660988670564
2.184672414878558,0.09894469128342909
2.6477282771598447,1.6641091165072752
2.318589867804244,1.1883142158851934
