2.0,2.0
1.2247930808547038,2.427298652708096
2.4924865617078935,1.9204771162946432
2.6468666028937275,1.64721486826243
2.6468666028937275,1.64721486826243
1.512091332702378,3.260486593568664
2.198846386614487,3.2639958276359153
3.533771661475676,1.7632408961241182
3.533771661475676,1.7632408961241182
1.969138048736594,1.0100299486023667
1.969138048736594,1.0100299486023667
1.969138048736594,1.0100299486023667
2.719161785465727,3.133361317787142
0.9744802932670993,2.6367065434530494
0.9744802932670993,2.6367065434530494
1.8632290442793518,0.522531846464096
1.8632290442793518,0.522531846464096
1.8632290442793518,0.522531846464096
3.780595102018307,1.4665792893399834
3.780595102018307,1.4665792893399834
0.9776851215326752,1.8347375549466332
0.9776851215326752,1.8347375549466332
0.9776851215326752,1.8347375549466332
2.3057092906087675,3.0488750044725283
2.3057092906087675,3.0488750044725283
2.3057092906087675,3.0488750044725283
2.430683238789937,1.0334026704167005
2.430683238789937,1.0334026704167005
2.430683238789937,1.0334026704167005
2.430683238789937,1.0334026704167005
2.430683238789937,1.0334026704167005
2.430683238789937,1.0334026704167005
2.430683238789937,1.0334026704167005
2.430683238789937,1.0334026704167005
2.430683238789937,1.0334026704167005
1.7221188767691693,0.44573432665028756
1.7221188767691693,0.44573432665028756
1.7221188767691693,0.44573432665028756
1.7221188767691693,0.44573432665028756
1.7221188767691693,0.44573432665028756
1.7221188767691693,0.44573432665028756
1.7221188767691693,0.44573432665028756
1.7221188767691693,0.44573432665028756
1.7221188767691693,0.44573432665028756
1.7221188767691693,0.44573432665028756
1.7221188767691693,0.44573432665028756
1.7221188767691693,0.44573432665028756
1.7221188767691693,0.44573432665028756
1.7221188767691693,0.44573432665028756
1.7221188767691693,0.44573432665028756
2.758537403715447,3.269477857508447
2.758537403715447,3.269477857508447
2.758537403715447,3.269477857508447
2.758537403715447,3.269477857508447
2.758537403715447,3.269477857508447
1.845383477843764,1.6338530003960408
1.845383477843764,1.6338530003960408
1.845383477843764,1.6338530003960408
1.845383477843764,1.6338530003960408
1.845383477843764,1.6338530003960408
1.845383477843764,1.6338530003960408
1.845383477843764,1.6338530003960408
1.845383477843764,1.6338530003960408
1.845383477843764,1.6338530003960408
1.845383477843764,1.6338530003960408
1.845383477843764,1.6338530003960408
1.845383477843764,1.6338530003960408
1.845383477843764,1.6338530003960408
1.845383477843764,1.6338530003960408
1.845383477843764,1.6338530003960408
1.845383477843764,1.6338530003960408
1.845383477843764,1.6338530003960408
1.845383477843764,1.6338530003960408
1.845383477843764,1.6338530003960408
2.619291335654957,3.1531868791011703
2.619291335654957,3.1531868791011703
2.619291335654957,3.1531868791011703
2.619291335654957,3.1531868791011703
2.619291335654957,3.1531868791011703
2.619291335654957,3.1531868791011703
2.619291335654957,3.1531868791011703
2.619291335654957,3.1531868791011703
2.619291335654957,3.1531868791011703
2.619291335654957,3.1531868791011703
1.0825470023254327,1.6197327625079518
1.0825470023254327,1.6197327625079518
1.0825470023254327,1.6197327625079518
1.0825470023254327,1.6197327625079518
1.0825470023254327,1.6197327625079518
1.0825470023254327,1.6197327625079518
1.0825470023254327,1.6197327625079518
1.0825470023254327,1.6197327625079518
1.0825470023254327,1.6197327625079518
1.0825470023254327,1.6197327625079518
1.0825470023254327,1.6197327625079518
1.0825470023254327,1.6197327625079518
1.0825470023254327,1.6197327625079518
1.0825470023254327,1.6197327625079518
1.0825470023254327,1.6197327625079518
1.0825470023254327,1.6197327625079518
1.0825470023254327,1.6197327625079518
1.0825470023254327,1.6197327625079518
1.0825470023254327,1.6197327625079518
1.0825470023254327,1.6197327625079518
1.0825470023254327,1.6197327625079518
1.0825470023254327,1.6197327625079518
1.0825470023254327,1.6197327625079518
1.0825470023254327,1.6197327625079518
1.6697837294916273,2.2320238832186137
1.6697837294916273,2.2320238832186137
1.6697837294916273,2.2320238832186137
1.6697837294916273,2.2320238832186137
1.6697837294916273,2.2320238832186137
1.6697837294916273,2.2320238832186137
1.6697837294916273,2.2320238832186137
1.6697837294916273,2.2320238832186137
1.6697837294916273,2.2320238832186137
1.6697837294916273,2.2320238832186137
1.6697837294916273,2.2320238832186137
1.6697837294916273,2.2320238832186137
1.6697837294916273,2.2320238832186137
1.6697837294916273,2.2320238832186137
1.6697837294916273,2.2320238832186137
1.6697837294916273,2.2320238832186137
1.6697837294916273,2.2320238832186137
1.6697837294916273,2.2320238832186137
1.6697837294916273,2.2320238832186137
1.6697837294916273,2.2320238832186137
1.6697837294916273,2.2320238832186137
1.6697837294916273,2.2320238832186137
1.6697837294916273,2.2320238832186137
1.6697837294916273,2.2320238832186137
1.6697837294916273,2.2320238832186137
1.6697837294916273,2.2320238832186137
1.6697837294916273,2.2320238832186137
1.6697837294916273,2.2320238832186137
1.6697837294916273,2.2320238832186137
1.6697837294916273,2.2320238832186137
1.6697837294916273,2.2320238832186137
1.6697837294916273,2.2320238832186137
1.6697837294916273,2.2320238832186137
1.6697837294916273,2.2320238832186137
1.6697837294916273,2.2320238832186137
1.6697837294916273,2.2320238832186137
1.6697837294916273,2.2320238832186137
1.6697837294916273,2.2320238832186137
1.6697837294916273,2.2320238832186137
1.6697837294916273,2.2320238832186137
1.6697837294916273,2.2320238832186137
1.6697837294916273,2.2320238832186137
1.6697837294916273,2.2320238832186137
1.6697837294916273,2.2320238832186137
1.6697837294916273,2.2320238832186137
1.6697837294916273,2.2320238832186137
1.6697837294916273,2.2320238832186137
1.6697837294916273,2.2320238832186137
1.6697837294916273,2.2320238832186137
1.6697837294916273,2.2320238832186137
1.6697837294916273,2.2320238832186137
2.6688572160883064,3.788110480284784
2.6688572160883064,3.788110480284784
2.6688572160883064,3.788110480284784
2.6688572160883064,3.788110480284784
2.6688572160883064,3.788110480284784
2.6688572160883064,3.788110480284784
2.6688572160883064,3.788110480284784
2.6688572160883064,3.788110480284784
2.6688572160883064,3.788110480284784
2.6688572160883064,3.788110480284784
2.6688572160883064,3.788110480284784
2.6688572160883064,3.788110480284784
2.6688572160883064,3.788110480284784
2.6688572160883064,3.788110480284784
2.6688572160883064,3.788110480284784
2.6688572160883064,3.788110480284784
2.6688572160883064,3.788110480284784
2.6688572160883064,3.788110480284784
2.6688572160883064,3.788110480284784
2.6688572160883064,3.788110480284784
0.34459080290473887,1.2688414169771205
0.34459080290473887,1.2688414169771205
0.34459080290473887,1.2688414169771205
0.34459080290473887,1.2688414169771205
0.34459080290473887,1.2688414169771205
0.34459080290473887,1.2688414169771205
0.34459080290473887,1.2688414169771205
0.34459080290473887,1.2688414169771205
0.34459080290473887,1.2688414169771205
0.34459080290473887,1.2688414169771205
0.34459080290473887,1.2688414169771205
0.34459080290473887,1.2688414169771205
0.34459080290473887,1.2688414169771205
0.34459080290473887,1.2688414169771205
0.34459080290473887,1.2688414169771205
0.34459080290473887,1.2688414169771205
0.34459080290473887,1.2688414169771205
0.34459080290473887,1.2688414169771205
0.34459080290473887,1.2688414169771205
0.34459080290473887,1.2688414169771205
0.34459080290473887,1.2688414169771205
0.34459080290473887,1.2688414169771205
0.34459080290473887,1.2688414169771205
0.34459080290473887,1.2688414169771205
0.34459080290473887,1.2688414169771205
0.34459080290473887,1.2688414169771205
0.34459080290473887,1.2688414169771205
0.8702942867847439,1.6549864905142901
0.8702942867847439,1.6549864905142901
0.8702942867847439,1.6549864905142901
0.8702942867847439,1.6549864905142901
0.8702942867847439,1.6549864905142901
0.8702942867847439,1.6549864905142901
0.8702942867847439,1.6549864905142901
0.8702942867847439,1.6549864905142901
0.8702942867847439,1.6549864905142901
0.8702942867847439,1.6549864905142901
0.8702942867847439,1.6549864905142901
0.8702942867847439,1.6549864905142901
0.8702942867847439,1.6549864905142901
0.8702942867847439,1.6549864905142901
0.8702942867847439,1.6549864905142901
0.8702942867847439,1.6549864905142901
0.8702942867847439,1.6549864905142901
0.8702942867847439,1.6549864905142901
0.8702942867847439,1.6549864905142901
0.8702942867847439,1.6549864905142901
0.8702942867847439,1.6549864905142901
0.8702942867847439,1.6549864905142901
0.8702942867847439,1.6549864905142901
0.8702942867847439,1.6549864905142901
0.8702942867847439,1.6549864905142901
0.8702942867847439,1.6549864905142901
0.8702942867847439,1.6549864905142901
0.8702942867847439,1.6549864905142901
0.8702942867847439,1.6549864905142901
0.8702942867847439,1.6549864905142901
0.8702942867847439,1.6549864905142901
0.8702942867847439,1.6549864905142901
0.8702942867847439,1.6549864905142901
0.8702942867847439,1.6549864905142901
0.8702942867847439,1.6549864905142901
0.8702942867847439,1.6549864905142901
0.8702942867847439,1.6549864905142901
0.8702942867847439,1.6549864905142901
0.8702942867847439,1.6549864905142901
0.8702942867847439,1.6549864905142901
0.8702942867847439,1.6549864905142901
0.8702942867847439,1.6549864905142901
0.8702942867847439,1.6549864905142901
0.8702942867847439,1.6549864905142901
0.8702942867847439,1.6549864905142901
0.8702942867847439,1.6549864905142901
0.8702942867847439,1.6549864905142901
0.8702942867847439,1.6549864905142901
0.8702942867847439,1.6549864905142901
0.8702942867847439,1.6549864905142901
0.8702942867847439,1.6549864905142901
0.8702942867847439,1.6549864905142901
0.8702942867847439,1.6549864905142901
0.8702942867847439,1.6549864905142901
0.8702942867847439,1.6549864905142901
0.8702942867847439,1.6549864905142901
0.8702942867847439,1.6549864905142901
0.8702942867847439,1.6549864905142901
0.8702942867847439,1.6549864905142901
0.8702942867847439,1.6549864905142901
0.8702942867847439,1.6549864905142901
0.8702942867847439,1.6549864905142901
0.8702942867847439,1.6549864905142901
0.8702942867847439,1.6549864905142901
0.8702942867847439,1.6549864905142901
0.8702942867847439,1.6549864905142901
0.8702942867847439,1.6549864905142901
0.8702942867847439,1.6549864905142901
0.8702942867847439,1.6549864905142901
0.8702942867847439,1.6549864905142901
0.8702942867847439,1.6549864905142901
0.8702942867847439,1.6549864905142901
0.8702942867847439,1.6549864905142901
0.8702942867847439,1.6549864905142901
0.8702942867847439,1.6549864905142901
0.8702942867847439,1.6549864905142901
0.8702942867847439,1.6549864905142901
0.8702942867847439,1.6549864905142901
0.8702942867847439,1.6549864905142901
0.8702942867847439,1.6549864905142901
0.8702942867847439,1.6549864905142901
0.8702942867847439,1.6549864905142901
0.8702942867847439,1.6549864905142901
0.8702942867847439,1.6549864905142901
0.8702942867847439,1.6549864905142901
0.8702942867847439,1.6549864905142901
0.8702942867847439,1.6549864905142901
0.8702942867847439,1.6549864905142901
0.8702942867847439,1.6549864905142901
0.8702942867847439,1.6549864905142901
0.8702942867847439,1.6549864905142901
0.8702942867847439,1.6549864905142901
0.8702942867847439,1.6549864905142901
0.8702942867847439,1.6549864905142901
0.8702942867847439,1.6549864905142901
0.8702942867847439,1.6549864905142901
0.8702942867847439,1.6549864905142901
0.8702942867847439,1.6549864905142901
0.8702942867847439,1.6549864905142901
0.8702942867847439,1.6549864905142901
0.8702942867847439,1.6549864905142901
0.8702942867847439,1.6549864905142901
0.8702942867847439,1.6549864905142901
0.8702942867847439,1.6549864905142901
0.8702942867847439,1.6549864905142901
0.8702942867847439,1.6549864905142901
0.8702942867847439,1.6549864905142901
0.8702942867847439,1.6549864905142901
0.8702942867847439,1.6549864905142901
0.8702942867847439,1.6549864905142901
0.8702942867847439,1.6549864905142901
0.8702942867847439,1.6549864905142901
0.8702942867847439,1.6549864905142901
0.8702942867847439,1.6549864905142901
0.8702942867847439,1.6549864905142901
0.8702942867847439,1.6549864905142901
0.8702942867847439,1.6549864905142901
0.8702942867847439,1.6549864905142901
0.8702942867847439,1.6549864905142901
0.8702942867847439,1.6549864905142901
0.8702942867847439,1.6549864905142901
0.8702942867847439,1.6549864905142901
0.8702942867847439,1.6549864905142901
0.8702942867847439,1.6549864905142901
0.8702942867847439,1.6549864905142901
0.8702942867847439,1.6549864905142901
0.8702942867847439,1.6549864905142901
1.5957251969287602,3.3781777009390397
1.5957251969287602,3.3781777009390397
1.5957251969287602,3.3781777009390397
1.5957251969287602,3.3781777009390397
1.5957251969287602,3.3781777009390397
1.5957251969287602,3.3781777009390397
1.5957251969287602,3.3781777009390397
1.054584401621705,1.9039973444778204
1.054584401621705,1.9039973444778204
1.054584401621705,1.9039973444778204
1.054584401621705,1.9039973444778204
1.054584401621705,1.9039973444778204
1.054584401621705,1.9039973444778204
1.054584401621705,1.9039973444778204
1.054584401621705,1.9039973444778204
1.054584401621705,1.9039973444778204
1.054584401621705,1.9039973444778204
1.054584401621705,1.9039973444778204
1.054584401621705,1.9039973444778204
1.054584401621705,1.9039973444778204
1.054584401621705,1.9039973444778204
1.054584401621705,1.9039973444778204
1.054584401621705,1.9039973444778204
1.054584401621705,1.9039973444778204
1.054584401621705,1.9039973444778204
1.054584401621705,1.9039973444778204
1.054584401621705,1.9039973444778204
1.054584401621705,1.9039973444778204
1.054584401621705,1.9039973444778204
1.054584401621705,1.9039973444778204
1.054584401621705,1.9039973444778204
1.054584401621705,1.9039973444778204
1.054584401621705,1.9039973444778204
1.054584401621705,1.9039973444778204
1.054584401621705,1.9039973444778204
1.054584401621705,1.9039973444778204
1.054584401621705,1.9039973444778204
1.054584401621705,1.9039973444778204
1.054584401621705,1.9039973444778204
1.054584401621705,1.9039973444778204
1.054584401621705,1.9039973444778204
1.054584401621705,1.9039973444778204
1.054584401621705,1.9039973444778204
1.054584401621705,1.9039973444778204
1.054584401621705,1.9039973444778204
1.054584401621705,1.9039973444778204
1.054584401621705,1.9039973444778204
1.054584401621705,1.9039973444778204
1.054584401621705,1.9039973444778204
1.054584401621705,1.9039973444778204
1.054584401621705,1.9039973444778204
1.054584401621705,1.9039973444778204
1.054584401621705,1.9039973444778204
1.054584401621705,1.9039973444778204
1.054584401621705,1.9039973444778204
1.054584401621705,1.9039973444778204
1.054584401621705,1.9039973444778204
1.054584401621705,1.9039973444778204
1.054584401621705,1.9039973444778204
1.054584401621705,1.9039973444778204
1.054584401621705,1.9039973444778204
1.054584401621705,1.9039973444778204
1.054584401621705,1.9039973444778204
1.054584401621705,1.9039973444778204
1.054584401621705,1.9039973444778204
1.054584401621705,1.9039973444778204
1.054584401621705,1.9039973444778204
1.054584401621705,1.9039973444778204
1.054584401621705,1.9039973444778204
1.054584401621705,1.9039973444778204
1.054584401621705,1.9039973444778204
1.054584401621705,1.9039973444778204
1.054584401621705,1.9039973444778204
1.054584401621705,1.9039973444778204
1.054584401621705,1.9039973444778204
1.054584401621705,1.9039973444778204
1.054584401621705,1.9039973444778204
1.054584401621705,1.9039973444778204
1.054584401621705,1.9039973444778204
1.054584401621705,1.9039973444778204
1.054584401621705,1.9039973444778204
1.054584401621705,1.9039973444778204
1.054584401621705,1.9039973444778204
1.054584401621705,1.9039973444778204
1.054584401621705,1.9039973444778204
1.054584401621705,1.9039973444778204
1.054584401621705,1.9039973444778204
1.054584401621705,1.9039973444778204
1.054584401621705,1.9039973444778204
1.054584401621705,1.9039973444778204
1.054584401621705,1.9039973444778204
1.054584401621705,1.9039973444778204
1.054584401621705,1.9039973444778204
1.054584401621705,1.9039973444778204
1.054584401621705,1.9039973444778204
1.054584401621705,1.9039973444778204
1.054584401621705,1.9039973444778204
1.054584401621705,1.9039973444778204
1.054584401621705,1.9039973444778204
1.054584401621705,1.9039973444778204
1.054584401621705,1.9039973444778204
1.054584401621705,1.9039973444778204
1.054584401621705,1.9039973444778204
1.054584401621705,1.9039973444778204
1.054584401621705,1.9039973444778204
1.054584401621705,1.9039973444778204
1.054584401621705,1.9039973444778204
1.054584401621705,1.9039973444778204
1.054584401621705,1.9039973444778204
1.054584401621705,1.9039973444778204
1.054584401621705,1.9039973444778204
1.054584401621705,1.9039973444778204
1.054584401621705,1.9039973444778204
1.054584401621705,1.9039973444778204
1.054584401621705,1.9039973444778204
1.054584401621705,1.9039973444778204
1.054584401621705,1.9039973444778204
1.054584401621705,1.9039973444778204
1.054584401621705,1.9039973444778204
1.054584401621705,1.9039973444778204
1.054584401621705,1.9039973444778204
1.054584401621705,1.9039973444778204
1.054584401621705,1.9039973444778204
1.054584401621705,1.9039973444778204
1.054584401621705,1.9039973444778204
1.054584401621705,1.9039973444778204
1.054584401621705,1.9039973444778204
1.054584401621705,1.9039973444778204
1.054584401621705,1.9039973444778204
1.054584401621705,1.9039973444778204
1.054584401621705,1.9039973444778204
1.054584401621705,1.9039973444778204
1.054584401621705,1.9039973444778204
1.054584401621705,1.9039973444778204
1.054584401621705,1.9039973444778204
1.054584401621705,1.9039973444778204
1.054584401621705,1.9039973444778204
1.054584401621705,1.9039973444778204
1.054584401621705,1.9039973444778204
1.054584401621705,1.9039973444778204
1.054584401621705,1.9039973444778204
1.054584401621705,1.9039973444778204
1.054584401621705,1.9039973444778204
1.054584401621705,1.9039973444778204
1.054584401621705,1.9039973444778204
1.054584401621705,1.9039973444778204
1.054584401621705,1.9039973444778204
1.054584401621705,1.9039973444778204
1.054584401621705,1.9039973444778204
1.054584401621705,1.9039973444778204
1.054584401621705,1.9039973444778204
1.054584401621705,1.9039973444778204
1.054584401621705,1.9039973444778204
1.054584401621705,1.9039973444778204
1.054584401621705,1.9039973444778204
1.054584401621705,1.9039973444778204
1.054584401621705,1.9039973444778204
1.054584401621705,1.9039973444778204
1.054584401621705,1.9039973444778204
1.054584401621705,1.9039973444778204
1.054584401621705,1.9039973444778204
1.054584401621705,1.9039973444778204
1.054584401621705,1.9039973444778204
1.054584401621705,1.9039973444778204
1.054584401621705,1.9039973444778204
1.054584401621705,1.9039973444778204
1.054584401621705,1.9039973444778204
1.054584401621705,1.9039973444778204
1.054584401621705,1.9039973444778204
1.054584401621705,1.9039973444778204
1.054584401621705,1.9039973444778204
1.054584401621705,1.9039973444778204
1.054584401621705,1.9039973444778204
1.054584401621705,1.9039973444778204
1.054584401621705,1.9039973444778204
1.054584401621705,1.9039973444778204
1.054584401621705,1.9039973444778204
1.054584401621705,1.9039973444778204
1.054584401621705,1.9039973444778204
1.054584401621705,1.9039973444778204
1.054584401621705,1.9039973444778204
1.054584401621705,1.9039973444778204
1.054584401621705,1.9039973444778204
1.054584401621705,1.9039973444778204
1.054584401621705,1.9039973444778204
1.054584401621705,1.9039973444778204
1.054584401621705,1.9039973444778204
1.054584401621705,1.9039973444778204
1.054584401621705,1.9039973444778204
1.054584401621705,1.9039973444778204
1.054584401621705,1.9039973444778204
1.054584401621705,1.9039973444778204
1.054584401621705,1.9039973444778204
1.054584401621705,1.9039973444778204
1.054584401621705,1.9039973444778204
1.054584401621705,1.9039973444778204
1.054584401621705,1.9039973444778204
1.054584401621705,1.9039973444778204
1.054584401621705,1.9039973444778204
1.054584401621705,1.9039973444778204
1.054584401621705,1.9039973444778204
1.054584401621705,1.9039973444778204
1.054584401621705,1.9039973444778204
1.054584401621705,1.9039973444778204
1.054584401621705,1.9039973444778204
1.054584401621705,1.9039973444778204
1.054584401621705,1.9039973444778204
1.054584401621705,1.9039973444778204
1.054584401621705,1.9039973444778204
1.054584401621705,1.9039973444778204
1.054584401621705,1.9039973444778204
1.054584401621705,1.9039973444778204
1.054584401621705,1.9039973444778204
1.054584401621705,1.9039973444778204
1.054584401621705,1.9039973444778204
1.054584401621705,1.9039973444778204
1.054584401621705,1.9039973444778204
1.054584401621705,1.9039973444778204
1.054584401621705,1.9039973444778204
1.054584401621705,1.9039973444778204
1.054584401621705,1.9039973444778204
1.054584401621705,1.9039973444778204
1.054584401621705,1.9039973444778204
1.054584401621705,1.9039973444778204
1.054584401621705,1.9039973444778204
1.054584401621705,1.9039973444778204
1.054584401621705,1.9039973444778204
1.054584401621705,1.9039973444778204
1.054584401621705,1.9039973444778204
1.054584401621705,1.9039973444778204
1.054584401621705,1.9039973444778204
1.054584401621705,1.9039973444778204
1.054584401621705,1.9039973444778204
1.054584401621705,1.9039973444778204
1.054584401621705,1.9039973444778204
1.054584401621705,1.9039973444778204
1.054584401621705,1.9039973444778204
1.054584401621705,1.9039973444778204
1.054584401621705,1.9039973444778204
1.054584401621705,1.9039973444778204
1.054584401621705,1.9039973444778204
1.054584401621705,1.9039973444778204
1.054584401621705,1.9039973444778204
1.054584401621705,1.9039973444778204
1.054584401621705,1.9039973444778204
1.054584401621705,1.9039973444778204
1.054584401621705,1.9039973444778204
1.054584401621705,1.9039973444778204
1.054584401621705,1.9039973444778204
1.054584401621705,1.9039973444778204
1.054584401621705,1.9039973444778204
1.054584401621705,1.9039973444778204
1.054584401621705,1.9039973444778204
1.054584401621705,1.9039973444778204
1.054584401621705,1.9039973444778204
1.054584401621705,1.9039973444778204
1.054584401621705,1.9039973444778204
1.054584401621705,1.9039973444778204
1.054584401621705,1.9039973444778204
1.054584401621705,1.9039973444778204
1.054584401621705,1.9039973444778204
1.054584401621705,1.9039973444778204
