2.0,2.0
1.6687454359517004,1.8527373957517104
2.9579589236897865,2.1933571045892353
2.235985727490346,1.8118545060637445
2.235985727490346,1.8118545060637445
2.235985727490346,1.8118545060637445
3.769506756612537,1.6849587854169403
1.0381900537508892,1.1714512453498527
3.875585928189609,0.9071446256703788
1.8379614340703427,2.4312028629946667
1.8379614340703427,2.4312028629946667
1.8379614340703427,2.4312028629946667
1.8379614340703427,2.4312028629946667
1.8379614340703427,2.4312028629946667
3.899402856875284,0.4519758663298492
3.872861602021243,0.15871064145804992
3.872861602021243,0.15871064145804992
0.5607872197540558,1.5400017441627036
2.102516095575499,1.9931354178828755
2.102516095575499,1.9931354178828755
2.102516095575499,1.9931354178828755
2.102516095575499,1.9931354178828755
2.102516095575499,1.9931354178828755
2.102516095575499,1.9931354178828755
2.102516095575499,1.9931354178828755
2.102516095575499,1.9931354178828755
2.102516095575499,1.9931354178828755
2.102516095575499,1.9931354178828755
2.102516095575499,1.9931354178828755
1.5785622126202727,3.374075496699723
1.5785622126202727,3.374075496699723
1.5785622126202727,3.374075496699723
1.5785622126202727,3.374075496699723
1.5785622126202727,3.374075496699723
2.430627866861342,2.6301162093027974
2.430627866861342,2.6301162093027974
2.430627866861342,2.6301162093027974
2.430627866861342,2.6301162093027974
2.430627866861342,2.6301162093027974
2.430627866861342,2.6301162093027974
2.430627866861342,2.6301162093027974
2.430627866861342,2.6301162093027974
2.430627866861342,2.6301162093027974
2.430627866861342,2.6301162093027974
2.430627866861342,2.6301162093027974
2.430627866861342,2.6301162093027974
2.430627866861342,2.6301162093027974
2.430627866861342,2.6301162093027974
2.430627866861342,2.6301162093027974
2.430627866861342,2.6301162093027974
2.430627866861342,2.6301162093027974
2.430627866861342,2.6301162093027974
2.430627866861342,2.6301162093027974
2.430627866861342,2.6301162093027974
2.430627866861342,2.6301162093027974
3.0789771202178455,2.161837053603652
3.0789771202178455,2.161837053603652
3.0789771202178455,2.161837053603652
3.0789771202178455,2.161837053603652
3.0789771202178455,2.161837053603652
3.0789771202178455,2.161837053603652
3.0789771202178455,2.161837053603652
3.0789771202178455,2.161837053603652
3.0789771202178455,2.161837053603652
3.0789771202178455,2.161837053603652
3.0789771202178455,2.161837053603652
3.0789771202178455,2.161837053603652
3.0789771202178455,2.161837053603652
3.0789771202178455,2.161837053603652
3.0789771202178455,2.161837053603652
3.0789771202178455,2.161837053603652
3.0789771202178455,2.161837053603652
3.0789771202178455,2.161837053603652
3.0789771202178455,2.161837053603652
3.0789771202178455,2.161837053603652
3.0789771202178455,2.161837053603652
3.0789771202178455,2.161837053603652
3.0789771202178455,2.161837053603652
3.0789771202178455,2.161837053603652
3.0789771202178455,2.161837053603652
3.0789771202178455,2.161837053603652
3.0789771202178455,2.161837053603652
3.0789771202178455,2.161837053603652
3.0789771202178455,2.161837053603652
3.0789771202178455,2.161837053603652
3.0789771202178455,2.161837053603652
3.0789771202178455,2.161837053603652
3.0789771202178455,2.161837053603652
3.0789771202178455,2.161837053603652
3.0789771202178455,2.161837053603652
3.0789771202178455,2.161837053603652
3.0789771202178455,2.161837053603652
3.8422340703900604,0.2920785410199267
3.8422340703900604,0.2920785410199267
3.8422340703900604,0.2920785410199267
3.8422340703900604,0.2920785410199267
3.172111280630905,2.038631280829041
3.172111280630905,2.038631280829041
3.172111280630905,2.038631280829041
3.172111280630905,2.038631280829041
3.172111280630905,2.038631280829041
3.172111280630905,2.038631280829041
3.172111280630905,2.038631280829041
3.172111280630905,2.038631280829041
3.172111280630905,2.038631280829041
3.172111280630905,2.038631280829041
3.172111280630905,2.038631280829041
3.172111280630905,2.038631280829041
3.172111280630905,2.038631280829041
3.172111280630905,2.038631280829041
3.172111280630905,2.038631280829041
3.172111280630905,2.038631280829041
3.172111280630905,2.038631280829041
3.172111280630905,2.038631280829041
3.172111280630905,2.038631280829041
3.172111280630905,2.038631280829041
3.172111280630905,2.038631280829041
3.172111280630905,2.038631280829041
3.172111280630905,2.038631280829041
3.172111280630905,2.038631280829041
3.172111280630905,2.038631280829041
3.172111280630905,2.038631280829041
3.172111280630905,2.038631280829041
3.172111280630905,2.038631280829041
3.172111280630905,2.038631280829041
3.172111280630905,2.038631280829041
3.172111280630905,2.038631280829041
3.172111280630905,2.038631280829041
3.172111280630905,2.038631280829041
3.172111280630905,2.038631280829041
3.172111280630905,2.038631280829041
3.172111280630905,2.038631280829041
3.172111280630905,2.038631280829041
3.172111280630905,2.038631280829041
3.172111280630905,2.038631280829041
3.172111280630905,2.038631280829041
3.172111280630905,2.038631280829041
3.172111280630905,2.038631280829041
3.172111280630905,2.038631280829041
3.172111280630905,2.038631280829041
3.172111280630905,2.038631280829041
3.172111280630905,2.038631280829041
3.172111280630905,2.038631280829041
3.172111280630905,2.038631280829041
3.172111280630905,2.038631280829041
3.172111280630905,2.038631280829041
3.172111280630905,2.038631280829041
3.172111280630905,2.038631280829041
3.172111280630905,2.038631280829041
3.172111280630905,2.038631280829041
3.172111280630905,2.038631280829041
3.172111280630905,2.038631280829041
3.172111280630905,2.038631280829041
3.172111280630905,2.038631280829041
3.172111280630905,2.038631280829041
3.172111280630905,2.038631280829041
3.172111280630905,2.038631280829041
3.172111280630905,2.038631280829041
3.172111280630905,2.038631280829041
2.149395883821423,3.188835982458956
2.149395883821423,3.188835982458956
2.149395883821423,3.188835982458956
2.149395883821423,3.188835982458956
2.149395883821423,3.188835982458956
2.149395883821423,3.188835982458956
2.149395883821423,3.188835982458956
2.149395883821423,3.188835982458956
2.149395883821423,3.188835982458956
2.149395883821423,3.188835982458956
2.149395883821423,3.188835982458956
2.149395883821423,3.188835982458956
2.149395883821423,3.188835982458956
2.149395883821423,3.188835982458956
2.149395883821423,3.188835982458956
2.149395883821423,3.188835982458956
2.149395883821423,3.188835982458956
2.149395883821423,3.188835982458956
2.149395883821423,3.188835982458956
2.149395883821423,3.188835982458956
2.149395883821423,3.188835982458956
2.149395883821423,3.188835982458956
2.149395883821423,3.188835982458956
2.149395883821423,3.188835982458956
2.149395883821423,3.188835982458956
2.149395883821423,3.188835982458956
2.149395883821423,3.188835982458956
2.149395883821423,3.188835982458956
2.149395883821423,3.188835982458956
2.149395883821423,3.188835982458956
2.149395883821423,3.188835982458956
2.0692876385171854,1.9256133883294035
2.0692876385171854,1.9256133883294035
2.0692876385171854,1.9256133883294035
2.0692876385171854,1.9256133883294035
2.0692876385171854,1.9256133883294035
2.0692876385171854,1.9256133883294035
2.0692876385171854,1.9256133883294035
2.0692876385171854,1.9256133883294035
2.0692876385171854,1.9256133883294035
2.0692876385171854,1.9256133883294035
2.0692876385171854,1.9256133883294035
2.0692876385171854,1.9256133883294035
2.0692876385171854,1.9256133883294035
2.0692876385171854,1.9256133883294035
2.0692876385171854,1.9256133883294035
2.0692876385171854,1.9256133883294035
2.0692876385171854,1.9256133883294035
2.0692876385171854,1.9256133883294035
2.0692876385171854,1.9256133883294035
2.0692876385171854,1.9256133883294035
2.0692876385171854,1.9256133883294035
2.0692876385171854,1.9256133883294035
2.0692876385171854,1.9256133883294035
2.0692876385171854,1.9256133883294035
2.0692876385171854,1.9256133883294035
2.0692876385171854,1.9256133883294035
2.0692876385171854,1.9256133883294035
2.0692876385171854,1.9256133883294035
2.0692876385171854,1.9256133883294035
2.0692876385171854,1.9256133883294035
2.0692876385171854,1.9256133883294035
2.0692876385171854,1.9256133883294035
2.0692876385171854,1.9256133883294035
2.0692876385171854,1.9256133883294035
2.0692876385171854,1.9256133883294035
2.0692876385171854,1.9256133883294035
2.0692876385171854,1.9256133883294035
2.0692876385171854,1.9256133883294035
2.0692876385171854,1.9256133883294035
2.0692876385171854,1.9256133883294035
2.0692876385171854,1.9256133883294035
2.0692876385171854,1.9256133883294035
2.0692876385171854,1.9256133883294035
1.1488202892292256,1.7506795654981984
1.1488202892292256,1.7506795654981984
1.1488202892292256,1.7506795654981984
1.1488202892292256,1.7506795654981984
1.1488202892292256,1.7506795654981984
1.1488202892292256,1.7506795654981984
1.1488202892292256,1.7506795654981984
1.1488202892292256,1.7506795654981984
1.1488202892292256,1.7506795654981984
1.1488202892292256,1.7506795654981984
1.1488202892292256,1.7506795654981984
1.1488202892292256,1.7506795654981984
1.1488202892292256,1.7506795654981984
1.1488202892292256,1.7506795654981984
1.1488202892292256,1.7506795654981984
1.1488202892292256,1.7506795654981984
1.1488202892292256,1.7506795654981984
1.1488202892292256,1.7506795654981984
1.1488202892292256,1.7506795654981984
1.1488202892292256,1.7506795654981984
1.1488202892292256,1.7506795654981984
1.1488202892292256,1.7506795654981984
1.1488202892292256,1.7506795654981984
1.1488202892292256,1.7506795654981984
1.1488202892292256,1.7506795654981984
1.1488202892292256,1.7506795654981984
1.1488202892292256,1.7506795654981984
1.1488202892292256,1.7506795654981984
1.1488202892292256,1.7506795654981984
1.1488202892292256,1.7506795654981984
1.1488202892292256,1.7506795654981984
1.1488202892292256,1.7506795654981984
1.1488202892292256,1.7506795654981984
1.1488202892292256,1.7506795654981984
1.1488202892292256,1.7506795654981984
1.1488202892292256,1.7506795654981984
1.1488202892292256,1.7506795654981984
1.1488202892292256,1.7506795654981984
1.1488202892292256,1.7506795654981984
1.1488202892292256,1.7506795654981984
1.1488202892292256,1.7506795654981984
1.1488202892292256,1.7506795654981984
1.1488202892292256,1.7506795654981984
1.1488202892292256,1.7506795654981984
1.1488202892292256,1.7506795654981984
1.1488202892292256,1.7506795654981984
1.1488202892292256,1.7506795654981984
1.1488202892292256,1.7506795654981984
1.1488202892292256,1.7506795654981984
1.1488202892292256,1.7506795654981984
1.1488202892292256,1.7506795654981984
1.1488202892292256,1.7506795654981984
1.1488202892292256,1.7506795654981984
1.1488202892292256,1.7506795654981984
1.1488202892292256,1.7506795654981984
1.1488202892292256,1.7506795654981984
1.1488202892292256,1.7506795654981984
1.1488202892292256,1.7506795654981984
1.1488202892292256,1.7506795654981984
1.1488202892292256,1.7506795654981984
1.1488202892292256,1.7506795654981984
1.1488202892292256,1.7506795654981984
1.1488202892292256,1.7506795654981984
3.298629664451582,1.600939721805731
3.298629664451582,1.600939721805731
3.298629664451582,1.600939721805731
3.298629664451582,1.600939721805731
3.298629664451582,1.600939721805731
3.298629664451582,1.600939721805731
3.298629664451582,1.600939721805731
3.298629664451582,1.600939721805731
3.298629664451582,1.600939721805731
3.298629664451582,1.600939721805731
3.298629664451582,1.600939721805731
3.298629664451582,1.600939721805731
3.298629664451582,1.600939721805731
3.298629664451582,1.600939721805731
3.298629664451582,1.600939721805731
3.298629664451582,1.600939721805731
3.298629664451582,1.600939721805731
3.298629664451582,1.600939721805731
3.298629664451582,1.600939721805731
3.298629664451582,1.600939721805731
3.298629664451582,1.600939721805731
3.298629664451582,1.600939721805731
3.298629664451582,1.600939721805731
3.298629664451582,1.600939721805731
3.298629664451582,1.600939721805731
3.298629664451582,1.600939721805731
3.298629664451582,1.600939721805731
3.298629664451582,1.600939721805731
3.298629664451582,1.600939721805731
3.298629664451582,1.600939721805731
3.298629664451582,1.600939721805731
3.298629664451582,1.600939721805731
3.298629664451582,1.600939721805731
3.298629664451582,1.600939721805731
3.298629664451582,1.600939721805731
3.298629664451582,1.600939721805731
3.298629664451582,1.600939721805731
3.298629664451582,1.600939721805731
3.298629664451582,1.600939721805731
3.298629664451582,1.600939721805731
3.298629664451582,1.600939721805731
3.298629664451582,1.600939721805731
3.298629664451582,1.600939721805731
3.298629664451582,1.600939721805731
3.298629664451582,1.600939721805731
3.298629664451582,1.600939721805731
3.298629664451582,1.600939721805731
3.298629664451582,1.600939721805731
3.298629664451582,1.600939721805731
3.298629664451582,1.600939721805731
3.298629664451582,1.600939721805731
3.298629664451582,1.600939721805731
3.298629664451582,1.600939721805731
3.298629664451582,1.600939721805731
3.298629664451582,1.600939721805731
3.298629664451582,1.600939721805731
3.298629664451582,1.600939721805731
3.298629664451582,1.600939721805731
3.298629664451582,1.600939721805731
3.298629664451582,1.600939721805731
3.298629664451582,1.600939721805731
3.298629664451582,1.600939721805731
3.298629664451582,1.600939721805731
3.298629664451582,1.600939721805731
3.298629664451582,1.600939721805731
3.298629664451582,1.600939721805731
3.298629664451582,1.600939721805731
3.298629664451582,1.600939721805731
3.298629664451582,1.600939721805731
3.298629664451582,1.600939721805731
3.298629664451582,1.600939721805731
3.298629664451582,1.600939721805731
3.298629664451582,1.600939721805731
3.298629664451582,1.600939721805731
3.298629664451582,1.600939721805731
3.298629664451582,1.600939721805731
3.298629664451582,1.600939721805731
3.298629664451582,1.600939721805731
3.298629664451582,1.600939721805731
3.298629664451582,1.600939721805731
3.298629664451582,1.600939721805731
3.298629664451582,1.600939721805731
3.298629664451582,1.600939721805731
3.298629664451582,1.600939721805731
3.298629664451582,1.600939721805731
3.298629664451582,1.600939721805731
3.298629664451582,1.600939721805731
3.298629664451582,1.600939721805731
3.298629664451582,1.600939721805731
3.298629664451582,1.600939721805731
3.298629664451582,1.600939721805731
3.298629664451582,1.600939721805731
3.298629664451582,1.600939721805731
3.298629664451582,1.600939721805731
3.298629664451582,1.600939721805731
3.298629664451582,1.600939721805731
3.298629664451582,1.600939721805731
3.298629664451582,1.600939721805731
3.298629664451582,1.600939721805731
3.298629664451582,1.600939721805731
3.298629664451582,1.600939721805731
3.298629664451582,1.600939721805731
3.298629664451582,1.600939721805731
0.87219973006466,3.448309900737442
0.87219973006466,3.448309900737442
0.87219973006466,3.448309900737442
0.87219973006466,3.448309900737442
0.87219973006466,3.448309900737442
0.2598983540061224,1.5494064281719506
0.2598983540061224,1.5494064281719506
0.2598983540061224,1.5494064281719506
0.2598983540061224,1.5494064281719506
0.2598983540061224,1.5494064281719506
0.2598983540061224,1.5494064281719506
0.2598983540061224,1.5494064281719506
0.2598983540061224,1.5494064281719506
0.2598983540061224,1.5494064281719506
0.2598983540061224,1.5494064281719506
0.2598983540061224,1.5494064281719506
0.2598983540061224,1.5494064281719506
0.2598983540061224,1.5494064281719506
0.2598983540061224,1.5494064281719506
0.2598983540061224,1.5494064281719506
0.2598983540061224,1.5494064281719506
0.2598983540061224,1.5494064281719506
0.2598983540061224,1.5494064281719506
0.2598983540061224,1.5494064281719506
0.2598983540061224,1.5494064281719506
0.2598983540061224,1.5494064281719506
0.2598983540061224,1.5494064281719506
0.2598983540061224,1.5494064281719506
0.2598983540061224,1.5494064281719506
0.2598983540061224,1.5494064281719506
0.2598983540061224,1.5494064281719506
0.2598983540061224,1.5494064281719506
0.2598983540061224,1.5494064281719506
0.2598983540061224,1.5494064281719506
0.2598983540061224,1.5494064281719506
0.2598983540061224,1.5494064281719506
0.2598983540061224,1.5494064281719506
0.2598983540061224,1.5494064281719506
0.2598983540061224,1.5494064281719506
0.2598983540061224,1.5494064281719506
0.2598983540061224,1.5494064281719506
0.2598983540061224,1.5494064281719506
0.2598983540061224,1.5494064281719506
0.2598983540061224,1.5494064281719506
0.2598983540061224,1.5494064281719506
0.2598983540061224,1.5494064281719506
0.2598983540061224,1.5494064281719506
0.2598983540061224,1.5494064281719506
0.2598983540061224,1.5494064281719506
0.2598983540061224,1.5494064281719506
0.2598983540061224,1.5494064281719506
0.2598983540061224,1.5494064281719506
0.2598983540061224,1.5494064281719506
0.2598983540061224,1.5494064281719506
0.2598983540061224,1.5494064281719506
0.2598983540061224,1.5494064281719506
0.2598983540061224,1.5494064281719506
0.2598983540061224,1.5494064281719506
0.2598983540061224,1.5494064281719506
0.2598983540061224,1.5494064281719506
0.2598983540061224,1.5494064281719506
0.2598983540061224,1.5494064281719506
0.2598983540061224,1.5494064281719506
0.2598983540061224,1.5494064281719506
0.2598983540061224,1.5494064281719506
0.2598983540061224,1.5494064281719506
0.2598983540061224,1.5494064281719506
0.2598983540061224,1.5494064281719506
0.2598983540061224,1.5494064281719506
0.2598983540061224,1.5494064281719506
2.2013078350800956,1.2213687287233714
2.2013078350800956,1.2213687287233714
2.2013078350800956,1.2213687287233714
2.2013078350800956,1.2213687287233714
2.2013078350800956,1.2213687287233714
2.2013078350800956,1.2213687287233714
2.2013078350800956,1.2213687287233714
2.2013078350800956,1.2213687287233714
2.2013078350800956,1.2213687287233714
2.2013078350800956,1.2213687287233714
2.2013078350800956,1.2213687287233714
2.2013078350800956,1.2213687287233714
2.2013078350800956,1.2213687287233714
2.2013078350800956,1.2213687287233714
2.2013078350800956,1.2213687287233714
2.2013078350800956,1.2213687287233714
2.2013078350800956,1.2213687287233714
2.2013078350800956,1.2213687287233714
2.2013078350800956,1.2213687287233714
2.2013078350800956,1.2213687287233714
2.2013078350800956,1.2213687287233714
2.2013078350800956,1.2213687287233714
2.2013078350800956,1.2213687287233714
2.2013078350800956,1.2213687287233714
2.2013078350800956,1.2213687287233714
2.2013078350800956,1.2213687287233714
2.2013078350800956,1.2213687287233714
2.2013078350800956,1.2213687287233714
2.2013078350800956,1.2213687287233714
2.2013078350800956,1.2213687287233714
2.2013078350800956,1.2213687287233714
2.2013078350800956,1.2213687287233714
2.2013078350800956,1.2213687287233714
2.2013078350800956,1.2213687287233714
2.2013078350800956,1.2213687287233714
2.2013078350800956,1.2213687287233714
2.2013078350800956,1.2213687287233714
2.2013078350800956,1.2213687287233714
2.2013078350800956,1.2213687287233714
2.2013078350800956,1.2213687287233714
2.2013078350800956,1.2213687287233714
2.2013078350800956,1.2213687287233714
2.2013078350800956,1.2213687287233714
2.2013078350800956,1.2213687287233714
2.2013078350800956,1.2213687287233714
2.2013078350800956,1.2213687287233714
2.2013078350800956,1.2213687287233714
2.2013078350800956,1.2213687287233714
2.2013078350800956,1.2213687287233714
2.2013078350800956,1.2213687287233714
2.2013078350800956,1.2213687287233714
2.2013078350800956,1.2213687287233714
2.2013078350800956,1.2213687287233714
2.2013078350800956,1.2213687287233714
2.2013078350800956,1.2213687287233714
2.2013078350800956,1.2213687287233714
2.2013078350800956,1.2213687287233714
2.2013078350800956,1.2213687287233714
2.2013078350800956,1.2213687287233714
