2.0,2.0
2.630401402848821,1.3365465376883758
1.9561598369726245,0.8575807555403339
3.006755934662174,0.821410635846044
2.005334320808289,0.6669892441281449
2.005334320808289,0.6669892441281449
1.2473271014922975,0.6134939548717773
1.2473271014922975,0.6134939548717773
1.2473271014922975,0.6134939548717773
2.1536531674429495,1.520727938049594
2.1536531674429495,1.520727938049594
2.1536531674429495,1.520727938049594
2.1536531674429495,1.520727938049594
2.1536531674429495,1.520727938049594
2.6235363078255007,1.811964083041865
2.6235363078255007,1.811964083041865
2.6235363078255007,1.811964083041865
2.6235363078255007,1.811964083041865
2.6235363078255007,1.811964083041865
2.6235363078255007,1.811964083041865
2.6235363078255007,1.811964083041865
1.5869249233045197,0.23306334648837979
1.5869249233045197,0.23306334648837979
1.5869249233045197,0.23306334648837979
1.5869249233045197,0.23306334648837979
1.5869249233045197,0.23306334648837979
1.5869249233045197,0.23306334648837979
0.6956581625901053,0.9105863293517946
0.6956581625901053,0.9105863293517946
0.6956581625901053,0.9105863293517946
2.2777333580812575,1.6818588032979433
2.2777333580812575,1.6818588032979433
2.2777333580812575,1.6818588032979433
2.2777333580812575,1.6818588032979433
2.2777333580812575,1.6818588032979433
2.2777333580812575,1.6818588032979433
2.2777333580812575,1.6818588032979433
2.2777333580812575,1.6818588032979433
2.2777333580812575,1.6818588032979433
2.2777333580812575,1.6818588032979433
2.2777333580812575,1.6818588032979433
2.2777333580812575,1.6818588032979433
2.2777333580812575,1.6818588032979433
2.2777333580812575,1.6818588032979433
2.2777333580812575,1.6818588032979433
2.793490192578326,1.326972843963782
2.793490192578326,1.326972843963782
2.793490192578326,1.326972843963782
2.793490192578326,1.326972843963782
2.793490192578326,1.326972843963782
2.793490192578326,1.326972843963782
2.793490192578326,1.326972843963782
2.793490192578326,1.326972843963782
2.793490192578326,1.326972843963782
2.793490192578326,1.326972843963782
2.793490192578326,1.326972843963782
2.793490192578326,1.326972843963782
2.793490192578326,1.326972843963782
2.793490192578326,1.326972843963782
2.793490192578326,1.326972843963782
2.793490192578326,1.326972843963782
2.793490192578326,1.326972843963782
2.793490192578326,1.326972843963782
2.793490192578326,1.326972843963782
2.793490192578326,1.326972843963782
2.793490192578326,1.326972843963782
2.793490192578326,1.326972843963782
2.793490192578326,1.326972843963782
2.793490192578326,1.326972843963782
2.793490192578326,1.326972843963782
2.793490192578326,1.326972843963782
2.793490192578326,1.326972843963782
2.793490192578326,1.326972843963782
2.793490192578326,1.326972843963782
2.793490192578326,1.326972843963782
0.2858019118833717,1.6452668956255376
0.2858019118833717,1.6452668956255376
0.2858019118833717,1.6452668956255376
0.07566751222091872,0.4202998528562967
0.07566751222091872,0.4202998528562967
0.07566751222091872,0.4202998528562967
0.6384443537628122,0.835494314980969
0.6384443537628122,0.835494314980969
0.6384443537628122,0.835494314980969
0.6384443537628122,0.835494314980969
0.6384443537628122,0.835494314980969
0.6384443537628122,0.835494314980969
0.6384443537628122,0.835494314980969
0.6384443537628122,0.835494314980969
0.6384443537628122,0.835494314980969
0.6384443537628122,0.835494314980969
0.6384443537628122,0.835494314980969
0.6384443537628122,0.835494314980969
1.1361247405487416,0.8346008171606005
1.1361247405487416,0.8346008171606005
1.1361247405487416,0.8346008171606005
1.1361247405487416,0.8346008171606005
1.1361247405487416,0.8346008171606005
1.1361247405487416,0.8346008171606005
1.1361247405487416,0.8346008171606005
1.1361247405487416,0.8346008171606005
1.1361247405487416,0.8346008171606005
1.1361247405487416,0.8346008171606005
1.1361247405487416,0.8346008171606005
1.1361247405487416,0.8346008171606005
1.1361247405487416,0.8346008171606005
1.1361247405487416,0.8346008171606005
1.1361247405487416,0.8346008171606005
1.1361247405487416,0.8346008171606005
1.1361247405487416,0.8346008171606005
1.1361247405487416,0.8346008171606005
1.1361247405487416,0.8346008171606005
1.1361247405487416,0.8346008171606005
1.1361247405487416,0.8346008171606005
1.1361247405487416,0.8346008171606005
1.1361247405487416,0.8346008171606005
1.1361247405487416,0.8346008171606005
1.1361247405487416,0.8346008171606005
1.1361247405487416,0.8346008171606005
1.1361247405487416,0.8346008171606005
1.1991080103627607,1.1083377604251647
1.1991080103627607,1.1083377604251647
1.1991080103627607,1.1083377604251647
1.1991080103627607,1.1083377604251647
1.1991080103627607,1.1083377604251647
1.1991080103627607,1.1083377604251647
1.1991080103627607,1.1083377604251647
1.1991080103627607,1.1083377604251647
1.1991080103627607,1.1083377604251647
1.1991080103627607,1.1083377604251647
1.1991080103627607,1.1083377604251647
1.1991080103627607,1.1083377604251647
1.1991080103627607,1.1083377604251647
1.1991080103627607,1.1083377604251647
1.1991080103627607,1.1083377604251647
1.1991080103627607,1.1083377604251647
1.1991080103627607,1.1083377604251647
1.1991080103627607,1.1083377604251647
1.1991080103627607,1.1083377604251647
1.1991080103627607,1.1083377604251647
1.1991080103627607,1.1083377604251647
1.1991080103627607,1.1083377604251647
1.1991080103627607,1.1083377604251647
1.1991080103627607,1.1083377604251647
1.1991080103627607,1.1083377604251647
1.1991080103627607,1.1083377604251647
1.1991080103627607,1.1083377604251647
1.1991080103627607,1.1083377604251647
1.1991080103627607,1.1083377604251647
1.1991080103627607,1.1083377604251647
1.1991080103627607,1.1083377604251647
1.1991080103627607,1.1083377604251647
1.1991080103627607,1.1083377604251647
1.1991080103627607,1.1083377604251647
1.1991080103627607,1.1083377604251647
1.1991080103627607,1.1083377604251647
1.1991080103627607,1.1083377604251647
1.1991080103627607,1.1083377604251647
1.1991080103627607,1.1083377604251647
1.1991080103627607,1.1083377604251647
1.1991080103627607,1.1083377604251647
1.1991080103627607,1.1083377604251647
1.1991080103627607,1.1083377604251647
1.1991080103627607,1.1083377604251647
1.1991080103627607,1.1083377604251647
1.1991080103627607,1.1083377604251647
1.1991080103627607,1.1083377604251647
1.1991080103627607,1.1083377604251647
1.1991080103627607,1.1083377604251647
1.1991080103627607,1.1083377604251647
1.1991080103627607,1.1083377604251647
1.1991080103627607,1.1083377604251647
1.1991080103627607,1.1083377604251647
1.1991080103627607,1.1083377604251647
2.6606600507276217,2.24507575009207
2.6606600507276217,2.24507575009207
2.6606600507276217,2.24507575009207
2.6606600507276217,2.24507575009207
2.6606600507276217,2.24507575009207
2.6606600507276217,2.24507575009207
2.6606600507276217,2.24507575009207
2.6606600507276217,2.24507575009207
2.6606600507276217,2.24507575009207
2.6606600507276217,2.24507575009207
2.6606600507276217,2.24507575009207
2.6606600507276217,2.24507575009207
2.6606600507276217,2.24507575009207
2.6606600507276217,2.24507575009207
2.6606600507276217,2.24507575009207
2.6606600507276217,2.24507575009207
2.6606600507276217,2.24507575009207
2.6606600507276217,2.24507575009207
2.6606600507276217,2.24507575009207
2.6606600507276217,2.24507575009207
2.6606600507276217,2.24507575009207
2.6606600507276217,2.24507575009207
2.6606600507276217,2.24507575009207
2.6606600507276217,2.24507575009207
2.6606600507276217,2.24507575009207
2.6606600507276217,2.24507575009207
2.6606600507276217,2.24507575009207
2.6606600507276217,2.24507575009207
2.6606600507276217,2.24507575009207
2.6606600507276217,2.24507575009207
2.6606600507276217,2.24507575009207
2.6606600507276217,2.24507575009207
2.6606600507276217,2.24507575009207
2.6606600507276217,2.24507575009207
2.6606600507276217,2.24507575009207
2.6606600507276217,2.24507575009207
2.6606600507276217,2.24507575009207
2.6606600507276217,2.24507575009207
2.6606600507276217,2.24507575009207
2.6606600507276217,2.24507575009207
2.6606600507276217,2.24507575009207
2.6606600507276217,2.24507575009207
2.6606600507276217,2.24507575009207
2.6606600507276217,2.24507575009207
2.6606600507276217,2.24507575009207
2.6606600507276217,2.24507575009207
2.6606600507276217,2.24507575009207
2.6606600507276217,2.24507575009207
2.6606600507276217,2.24507575009207
2.6606600507276217,2.24507575009207
2.6606600507276217,2.24507575009207
2.6606600507276217,2.24507575009207
2.6606600507276217,2.24507575009207
2.6606600507276217,2.24507575009207
2.6606600507276217,2.24507575009207
2.6606600507276217,2.24507575009207
2.6606600507276217,2.24507575009207
2.6606600507276217,2.24507575009207
2.6606600507276217,2.24507575009207
1.257560071295544,2.3115187558926347
0.07200862088225923,1.118497593580409
0.07200862088225923,1.118497593580409
0.07200862088225923,1.118497593580409
0.07200862088225923,1.118497593580409
0.07200862088225923,1.118497593580409
0.07200862088225923,1.118497593580409
0.07200862088225923,1.118497593580409
0.07200862088225923,1.118497593580409
0.07200862088225923,1.118497593580409
0.07200862088225923,1.118497593580409
0.07200862088225923,1.118497593580409
0.07200862088225923,1.118497593580409
0.07200862088225923,1.118497593580409
0.07200862088225923,1.118497593580409
0.07200862088225923,1.118497593580409
0.07200862088225923,1.118497593580409
0.07200862088225923,1.118497593580409
0.07200862088225923,1.118497593580409
0.07200862088225923,1.118497593580409
0.07200862088225923,1.118497593580409
0.07200862088225923,1.118497593580409
3.756834614111019,1.5262800561747025
3.756834614111019,1.5262800561747025
3.756834614111019,1.5262800561747025
3.756834614111019,1.5262800561747025
3.756834614111019,1.5262800561747025
3.756834614111019,1.5262800561747025
3.756834614111019,1.5262800561747025
3.756834614111019,1.5262800561747025
3.756834614111019,1.5262800561747025
3.756834614111019,1.5262800561747025
3.756834614111019,1.5262800561747025
3.756834614111019,1.5262800561747025
3.756834614111019,1.5262800561747025
3.756834614111019,1.5262800561747025
3.756834614111019,1.5262800561747025
3.756834614111019,1.5262800561747025
3.756834614111019,1.5262800561747025
3.756834614111019,1.5262800561747025
3.756834614111019,1.5262800561747025
3.756834614111019,1.5262800561747025
3.756834614111019,1.5262800561747025
3.756834614111019,1.5262800561747025
3.756834614111019,1.5262800561747025
3.756834614111019,1.5262800561747025
3.756834614111019,1.5262800561747025
3.756834614111019,1.5262800561747025
3.756834614111019,1.5262800561747025
3.756834614111019,1.5262800561747025
3.756834614111019,1.5262800561747025
3.756834614111019,1.5262800561747025
0.22790617932099488,2.4971198831843058
0.22790617932099488,2.4971198831843058
0.22790617932099488,2.4971198831843058
2.9400565533548737,1.1008520911673765
2.9400565533548737,1.1008520911673765
2.9400565533548737,1.1008520911673765
2.9400565533548737,1.1008520911673765
2.9400565533548737,1.1008520911673765
2.9400565533548737,1.1008520911673765
2.9400565533548737,1.1008520911673765
2.9400565533548737,1.1008520911673765
2.9400565533548737,1.1008520911673765
2.9400565533548737,1.1008520911673765
2.9400565533548737,1.1008520911673765
2.9400565533548737,1.1008520911673765
2.9400565533548737,1.1008520911673765
2.9400565533548737,1.1008520911673765
2.9400565533548737,1.1008520911673765
2.9400565533548737,1.1008520911673765
2.9400565533548737,1.1008520911673765
2.9400565533548737,1.1008520911673765
2.9400565533548737,1.1008520911673765
2.9400565533548737,1.1008520911673765
2.9400565533548737,1.1008520911673765
2.9400565533548737,1.1008520911673765
2.9400565533548737,1.1008520911673765
2.9400565533548737,1.1008520911673765
2.9400565533548737,1.1008520911673765
2.9400565533548737,1.1008520911673765
2.9400565533548737,1.1008520911673765
2.9400565533548737,1.1008520911673765
2.9400565533548737,1.1008520911673765
2.9400565533548737,1.1008520911673765
2.9400565533548737,1.1008520911673765
2.9400565533548737,1.1008520911673765
2.9400565533548737,1.1008520911673765
2.9400565533548737,1.1008520911673765
2.9400565533548737,1.1008520911673765
2.9400565533548737,1.1008520911673765
2.9400565533548737,1.1008520911673765
2.9400565533548737,1.1008520911673765
2.9400565533548737,1.1008520911673765
2.9400565533548737,1.1008520911673765
2.9400565533548737,1.1008520911673765
2.9400565533548737,1.1008520911673765
2.9400565533548737,1.1008520911673765
2.9400565533548737,1.1008520911673765
2.9400565533548737,1.1008520911673765
2.9400565533548737,1.1008520911673765
2.9400565533548737,1.1008520911673765
2.9400565533548737,1.1008520911673765
2.9400565533548737,1.1008520911673765
2.9400565533548737,1.1008520911673765
2.9400565533548737,1.1008520911673765
2.9400565533548737,1.1008520911673765
2.9400565533548737,1.1008520911673765
2.9400565533548737,1.1008520911673765
2.9400565533548737,1.1008520911673765
2.9400565533548737,1.1008520911673765
2.9400565533548737,1.1008520911673765
2.9400565533548737,1.1008520911673765
2.9400565533548737,1.1008520911673765
2.9400565533548737,1.1008520911673765
2.9400565533548737,1.1008520911673765
2.9400565533548737,1.1008520911673765
2.9400565533548737,1.1008520911673765
2.9400565533548737,1.1008520911673765
2.9400565533548737,1.1008520911673765
2.9400565533548737,1.1008520911673765
2.9400565533548737,1.1008520911673765
2.9400565533548737,1.1008520911673765
2.9400565533548737,1.1008520911673765
2.9400565533548737,1.1008520911673765
2.9400565533548737,1.1008520911673765
2.9400565533548737,1.1008520911673765
2.9400565533548737,1.1008520911673765
2.9400565533548737,1.1008520911673765
2.9400565533548737,1.1008520911673765
2.9400565533548737,1.1008520911673765
2.9400565533548737,1.1008520911673765
2.9400565533548737,1.1008520911673765
2.9400565533548737,1.1008520911673765
2.9400565533548737,1.1008520911673765
2.9400565533548737,1.1008520911673765
2.9400565533548737,1.1008520911673765
2.9400565533548737,1.1008520911673765
2.9400565533548737,1.1008520911673765
2.9400565533548737,1.1008520911673765
2.9400565533548737,1.1008520911673765
2.9400565533548737,1.1008520911673765
2.9400565533548737,1.1008520911673765
2.9400565533548737,1.1008520911673765
2.487928847021445,2.5430441176654166
2.487928847021445,2.5430441176654166
2.487928847021445,2.5430441176654166
2.487928847021445,2.5430441176654166
2.487928847021445,2.5430441176654166
2.487928847021445,2.5430441176654166
2.487928847021445,2.5430441176654166
2.487928847021445,2.5430441176654166
2.487928847021445,2.5430441176654166
2.487928847021445,2.5430441176654166
2.487928847021445,2.5430441176654166
2.487928847021445,2.5430441176654166
2.487928847021445,2.5430441176654166
2.487928847021445,2.5430441176654166
2.487928847021445,2.5430441176654166
2.487928847021445,2.5430441176654166
2.487928847021445,2.5430441176654166
2.487928847021445,2.5430441176654166
2.487928847021445,2.5430441176654166
2.487928847021445,2.5430441176654166
2.487928847021445,2.5430441176654166
2.487928847021445,2.5430441176654166
2.487928847021445,2.5430441176654166
2.487928847021445,2.5430441176654166
2.487928847021445,2.5430441176654166
2.487928847021445,2.5430441176654166
2.487928847021445,2.5430441176654166
2.487928847021445,2.5430441176654166
2.487928847021445,2.5430441176654166
2.487928847021445,2.5430441176654166
2.487928847021445,2.5430441176654166
2.487928847021445,2.5430441176654166
2.487928847021445,2.5430441176654166
2.487928847021445,2.5430441176654166
2.487928847021445,2.5430441176654166
2.487928847021445,2.5430441176654166
2.487928847021445,2.5430441176654166
2.487928847021445,2.5430441176654166
2.487928847021445,2.5430441176654166
2.487928847021445,2.5430441176654166
2.487928847021445,2.5430441176654166
2.487928847021445,2.5430441176654166
2.487928847021445,2.5430441176654166
2.487928847021445,2.5430441176654166
2.487928847021445,2.5430441176654166
2.487928847021445,2.5430441176654166
2.487928847021445,2.5430441176654166
2.487928847021445,2.5430441176654166
2.487928847021445,2.5430441176654166
2.487928847021445,2.5430441176654166
2.487928847021445,2.5430441176654166
2.487928847021445,2.5430441176654166
2.487928847021445,2.5430441176654166
2.487928847021445,2.5430441176654166
2.487928847021445,2.5430441176654166
2.487928847021445,2.5430441176654166
2.487928847021445,2.5430441176654166
2.487928847021445,2.5430441176654166
2.487928847021445,2.5430441176654166
2.487928847021445,2.5430441176654166
2.487928847021445,2.5430441176654166
2.487928847021445,2.5430441176654166
2.487928847021445,2.5430441176654166
2.487928847021445,2.5430441176654166
2.487928847021445,2.5430441176654166
2.487928847021445,2.5430441176654166
2.487928847021445,2.5430441176654166
2.487928847021445,2.5430441176654166
2.487928847021445,2.5430441176654166
2.487928847021445,2.5430441176654166
2.487928847021445,2.5430441176654166
2.487928847021445,2.5430441176654166
2.487928847021445,2.5430441176654166
2.487928847021445,2.5430441176654166
2.487928847021445,2.5430441176654166
2.487928847021445,2.5430441176654166
2.487928847021445,2.5430441176654166
2.487928847021445,2.5430441176654166
2.487928847021445,2.5430441176654166
2.487928847021445,2.5430441176654166
2.487928847021445,2.5430441176654166
2.487928847021445,2.5430441176654166
3.4016057067261616,1.286860967044725
3.4016057067261616,1.286860967044725
3.4016057067261616,1.286860967044725
3.4016057067261616,1.286860967044725
3.4016057067261616,1.286860967044725
3.4016057067261616,1.286860967044725
3.4016057067261616,1.286860967044725
3.4016057067261616,1.286860967044725
3.4016057067261616,1.286860967044725
3.4016057067261616,1.286860967044725
3.4016057067261616,1.286860967044725
3.4016057067261616,1.286860967044725
3.4016057067261616,1.286860967044725
3.4016057067261616,1.286860967044725
3.4016057067261616,1.286860967044725
3.4016057067261616,1.286860967044725
3.4016057067261616,1.286860967044725
3.4016057067261616,1.286860967044725
3.4016057067261616,1.286860967044725
3.4016057067261616,1.286860967044725
3.4016057067261616,1.286860967044725
3.4016057067261616,1.286860967044725
3.4016057067261616,1.286860967044725
3.4016057067261616,1.286860967044725
3.4016057067261616,1.286860967044725
3.4016057067261616,1.286860967044725
3.4016057067261616,1.286860967044725
3.4016057067261616,1.286860967044725
3.4016057067261616,1.286860967044725
3.4016057067261616,1.286860967044725
3.4016057067261616,1.286860967044725
3.4016057067261616,1.286860967044725
3.4016057067261616,1.286860967044725
3.4016057067261616,1.286860967044725
3.4016057067261616,1.286860967044725
3.4016057067261616,1.286860967044725
3.4016057067261616,1.286860967044725
3.4016057067261616,1.286860967044725
3.4016057067261616,1.286860967044725
3.4016057067261616,1.286860967044725
3.4016057067261616,1.286860967044725
3.4016057067261616,1.286860967044725
3.4016057067261616,1.286860967044725
3.4016057067261616,1.286860967044725
3.4016057067261616,1.286860967044725
3.4016057067261616,1.286860967044725
3.4016057067261616,1.286860967044725
3.4016057067261616,1.286860967044725
3.4016057067261616,1.286860967044725
3.4016057067261616,1.286860967044725
3.4016057067261616,1.286860967044725
3.4016057067261616,1.286860967044725
3.4016057067261616,1.286860967044725
3.4016057067261616,1.286860967044725
3.4016057067261616,1.286860967044725
3.4016057067261616,1.286860967044725
3.4016057067261616,1.286860967044725
3.4016057067261616,1.286860967044725
3.4016057067261616,1.286860967044725
3.4016057067261616,1.286860967044725
3.4016057067261616,1.286860967044725
3.4016057067261616,1.286860967044725
3.4016057067261616,1.286860967044725
3.4016057067261616,1.286860967044725
3.4016057067261616,1.286860967044725
3.4016057067261616,1.286860967044725
3.4016057067261616,1.286860967044725
3.4016057067261616,1.286860967044725
3.4016057067261616,1.286860967044725
3.4016057067261616,1.286860967044725
3.4016057067261616,1.286860967044725
3.4016057067261616,1.286860967044725
3.4016057067261616,1.286860967044725
3.4016057067261616,1.286860967044725
3.4016057067261616,1.286860967044725
3.4016057067261616,1.286860967044725
3.4016057067261616,1.286860967044725
3.4016057067261616,1.286860967044725
3.4016057067261616,1.286860967044725
3.4016057067261616,1.286860967044725
3.4016057067261616,1.286860967044725
3.4016057067261616,1.286860967044725
3.4016057067261616,1.286860967044725
3.4016057067261616,1.286860967044725
3.4016057067261616,1.286860967044725
3.4016057067261616,1.286860967044725
3.4016057067261616,1.286860967044725
3.4016057067261616,1.286860967044725
3.4016057067261616,1.286860967044725
3.4016057067261616,1.286860967044725
3.4016057067261616,1.286860967044725
3.4016057067261616,1.286860967044725
3.4016057067261616,1.286860967044725
3.4016057067261616,1.286860967044725
3.4016057067261616,1.286860967044725
3.4016057067261616,1.286860967044725
3.4016057067261616,1.286860967044725
3.4016057067261616,1.286860967044725
3.4016057067261616,1.286860967044725
3.4016057067261616,1.286860967044725
3.4016057067261616,1.286860967044725
3.4016057067261616,1.286860967044725
3.4016057067261616,1.286860967044725
3.4016057067261616,1.286860967044725
3.4016057067261616,1.286860967044725
3.4016057067261616,1.286860967044725
3.4016057067261616,1.286860967044725
3.4016057067261616,1.286860967044725
3.4016057067261616,1.286860967044725
3.4016057067261616,1.286860967044725
3.4016057067261616,1.286860967044725
3.4016057067261616,1.286860967044725
3.4016057067261616,1.286860967044725
3.4016057067261616,1.286860967044725
3.4016057067261616,1.286860967044725
3.4016057067261616,1.286860967044725
3.4016057067261616,1.286860967044725
3.4016057067261616,1.286860967044725
3.4016057067261616,1.286860967044725
3.4016057067261616,1.286860967044725
3.4016057067261616,1.286860967044725
3.4016057067261616,1.286860967044725
3.4016057067261616,1.286860967044725
3.4016057067261616,1.286860967044725
3.4016057067261616,1.286860967044725
3.4016057067261616,1.286860967044725
3.4016057067261616,1.286860967044725
3.4016057067261616,1.286860967044725
3.4016057067261616,1.286860967044725
3.4016057067261616,1.286860967044725
3.4016057067261616,1.286860967044725
3.4016057067261616,1.286860967044725
3.4016057067261616,1.286860967044725
3.4016057067261616,1.286860967044725
3.4016057067261616,1.286860967044725
3.4016057067261616,1.286860967044725
3.4016057067261616,1.286860967044725
3.4016057067261616,1.286860967044725
3.4016057067261616,1.286860967044725
3.4016057067261616,1.286860967044725
3.4016057067261616,1.286860967044725
3.4016057067261616,1.286860967044725
3.4016057067261616,1.286860967044725
3.4016057067261616,1.286860967044725
3.4016057067261616,1.286860967044725
3.4016057067261616,1.286860967044725
3.4016057067261616,1.286860967044725
3.4016057067261616,1.286860967044725
3.4016057067261616,1.286860967044725
3.4016057067261616,1.286860967044725
3.4016057067261616,1.286860967044725
3.4016057067261616,1.286860967044725
3.4016057067261616,1.286860967044725
3.4016057067261616,1.286860967044725
3.4016057067261616,1.286860967044725
3.4016057067261616,1.286860967044725
3.4016057067261616,1.286860967044725
3.4016057067261616,1.286860967044725
