2.0,2.0
2.4902330693191828,1.755038110377333
1.0448559487320375,1.9017784758651657
1.7303559444890264,2.7767354392112655
0.6682842177020336,2.397039714556274
2.962942501253214,1.335271839681003
1.534619769527842,1.7631361134922199
1.534619769527842,1.7631361134922199
1.534619769527842,1.7631361134922199
0.3788321261244718,1.4663534238427052
0.3788321261244718,1.4663534238427052
3.534974980279519,1.3504191096657956
2.006526318339093,1.9117024725996905
2.006526318339093,1.9117024725996905
2.006526318339093,1.9117024725996905
2.006526318339093,1.9117024725996905
2.006526318339093,1.9117024725996905
2.006526318339093,1.9117024725996905
2.006526318339093,1.9117024725996905
2.1764117583145244,2.9376894635082498
2.1764117583145244,2.9376894635082498
1.4105640236340804,1.1251811303445534
1.4105640236340804,1.1251811303445534
1.4105640236340804,1.1251811303445534
1.4105640236340804,1.1251811303445534
1.4105640236340804,1.1251811303445534
1.4105640236340804,1.1251811303445534
1.4105640236340804,1.1251811303445534
1.4105640236340804,1.1251811303445534
1.4105640236340804,1.1251811303445534
1.4105640236340804,1.1251811303445534
1.4105640236340804,1.1251811303445534
0.9886654391499827,0.6307070692818986
0.9886654391499827,0.6307070692818986
0.9886654391499827,0.6307070692818986
0.9886654391499827,0.6307070692818986
0.9886654391499827,0.6307070692818986
0.9886654391499827,0.6307070692818986
0.9886654391499827,0.6307070692818986
0.9886654391499827,0.6307070692818986
0.9886654391499827,0.6307070692818986
0.9886654391499827,0.6307070692818986
0.9886654391499827,0.6307070692818986
0.14744942892787716,2.2131547741957975
0.14744942892787716,2.2131547741957975
0.14744942892787716,2.2131547741957975
0.14744942892787716,2.2131547741957975
3.0933248075537745,2.0325322449242544
3.0933248075537745,2.0325322449242544
3.0933248075537745,2.0325322449242544
1.875056496832737,1.705055692963823
1.875056496832737,1.705055692963823
1.875056496832737,1.705055692963823
1.875056496832737,1.705055692963823
1.875056496832737,1.705055692963823
1.875056496832737,1.705055692963823
1.875056496832737,1.705055692963823
1.875056496832737,1.705055692963823
1.875056496832737,1.705055692963823
1.875056496832737,1.705055692963823
1.875056496832737,1.705055692963823
1.875056496832737,1.705055692963823
1.875056496832737,1.705055692963823
1.875056496832737,1.705055692963823
1.875056496832737,1.705055692963823
1.875056496832737,1.705055692963823
1.875056496832737,1.705055692963823
1.875056496832737,1.705055692963823
1.875056496832737,1.705055692963823
1.875056496832737,1.705055692963823
1.875056496832737,1.705055692963823
1.875056496832737,1.705055692963823
1.875056496832737,1.705055692963823
1.875056496832737,1.705055692963823
2.405616729908704,2.246764714749414
2.405616729908704,2.246764714749414
2.405616729908704,2.246764714749414
2.405616729908704,2.246764714749414
2.405616729908704,2.246764714749414
2.405616729908704,2.246764714749414
2.405616729908704,2.246764714749414
2.405616729908704,2.246764714749414
2.405616729908704,2.246764714749414
2.405616729908704,2.246764714749414
2.405616729908704,2.246764714749414
2.405616729908704,2.246764714749414
2.405616729908704,2.246764714749414
2.405616729908704,2.246764714749414
2.405616729908704,2.246764714749414
2.405616729908704,2.246764714749414
2.405616729908704,2.246764714749414
2.405616729908704,2.246764714749414
2.405616729908704,2.246764714749414
2.405616729908704,2.246764714749414
2.405616729908704,2.246764714749414
2.405616729908704,2.246764714749414
2.405616729908704,2.246764714749414
2.405616729908704,2.246764714749414
2.405616729908704,2.246764714749414
2.405616729908704,2.246764714749414
2.405616729908704,2.246764714749414
2.405616729908704,2.246764714749414
2.405616729908704,2.246764714749414
2.405616729908704,2.246764714749414
2.405616729908704,2.246764714749414
2.405616729908704,2.246764714749414
2.405616729908704,2.246764714749414
2.405616729908704,2.246764714749414
2.405616729908704,2.246764714749414
2.405616729908704,2.246764714749414
2.405616729908704,2.246764714749414
2.405616729908704,2.246764714749414
2.405616729908704,2.246764714749414
2.405616729908704,2.246764714749414
2.405616729908704,2.246764714749414
2.405616729908704,2.246764714749414
