2.0,2.0
2.5799770085615745,1.3546261722796986
2.765787833281589,1.3155059762442782
2.671004408065459,1.3726491760471977
2.671004408065459,1.3726491760471977
2.671004408065459,1.3726491760471977
1.7996982311060261,1.1047669225034946
1.7996982311060261,1.1047669225034946
1.7996982311060261,1.1047669225034946
1.7996982311060261,1.1047669225034946
1.7996982311060261,1.1047669225034946
1.7996982311060261,1.1047669225034946
3.2378383336739587,0.958336332079543
3.2378383336739587,0.958336332079543
3.2378383336739587,0.958336332079543
3.2378383336739587,0.958336332079543
3.2378383336739587,0.958336332079543
1.6748246414632688,1.991543378521326
1.6748246414632688,1.991543378521326
1.6748246414632688,1.991543378521326
1.6748246414632688,1.991543378521326
1.6748246414632688,1.991543378521326
1.6748246414632688,1.991543378521326
1.6748246414632688,1.991543378521326
1.8789419335537598,2.0169740067294653
1.8789419335537598,2.0169740067294653
1.8789419335537598,2.0169740067294653
1.8789419335537598,2.0169740067294653
1.8789419335537598,2.0169740067294653
1.8789419335537598,2.0169740067294653
1.8789419335537598,2.0169740067294653
1.8789419335537598,2.0169740067294653
1.8789419335537598,2.0169740067294653
1.8789419335537598,2.0169740067294653
1.8789419335537598,2.0169740067294653
1.8789419335537598,2.0169740067294653
1.8789419335537598,2.0169740067294653
1.8789419335537598,2.0169740067294653
1.8789419335537598,2.0169740067294653
3.1176522090789986,0.16965130035479525
3.1176522090789986,0.16965130035479525
3.1176522090789986,0.16965130035479525
3.1176522090789986,0.16965130035479525
3.1176522090789986,0.16965130035479525
1.937573904613929,0.8607633420640926
1.937573904613929,0.8607633420640926
1.937573904613929,0.8607633420640926
1.937573904613929,0.8607633420640926
1.937573904613929,0.8607633420640926
1.937573904613929,0.8607633420640926
1.937573904613929,0.8607633420640926
1.937573904613929,0.8607633420640926
1.937573904613929,0.8607633420640926
1.937573904613929,0.8607633420640926
1.937573904613929,0.8607633420640926
3.7976294805490056,0.3501275432369688
3.7976294805490056,0.3501275432369688
3.7976294805490056,0.3501275432369688
3.7976294805490056,0.3501275432369688
3.7976294805490056,0.3501275432369688
3.7976294805490056,0.3501275432369688
3.7976294805490056,0.3501275432369688
3.7976294805490056,0.3501275432369688
3.7976294805490056,0.3501275432369688
3.7976294805490056,0.3501275432369688
1.8689308631219066,0.06874450373775032
1.8689308631219066,0.06874450373775032
1.8689308631219066,0.06874450373775032
1.8689308631219066,0.06874450373775032
1.8689308631219066,0.06874450373775032
1.8689308631219066,0.06874450373775032
1.8689308631219066,0.06874450373775032
1.8689308631219066,0.06874450373775032
1.8689308631219066,0.06874450373775032
1.8689308631219066,0.06874450373775032
1.8689308631219066,0.06874450373775032
