2.0,2.0
1.63167541581012,2.0986214995682553
1.1549756297294644,2.5112210449280234
1.8690020399438065,1.989012931035624
2.1699890096330736,2.827383195299925
1.2215560710811264,3.362656909722814
0.9089757985120723,2.7282299185963037
2.754065841752481,2.3920773665995254
1.1628475595543937,3.504350973315997
2.9520202359275953,3.279271266450774
2.694041289686648,2.779294113021393
2.4354665697886397,3.953436248338844
2.043147204809964,2.374144941447471
1.8114455775015443,2.9832160989924503
1.283764608202453,1.558156118830277
0.6375205873877987,1.1061300490125712
2.4409300626631505,1.3965571049664187
2.2769246416773536,1.2862179425220637
1.8415592832251173,2.6752590439499904
2.2273504759320244,2.454517045758656
0.4955479976713608,3.5990544716313377
1.359261745909894,1.77685961075146
2.4864323215878907,3.902337812885138
3.304145265150556,1.9268026936832237
3.8966691731188607,2.0364318162884656
1.6700178476145942,0.8673064527499124
2.834045012944872,1.5488729419971343
3.5058876938174124,2.0501812049563553
2.2967769250934085,3.010234523252481
0.7262119462452814,1.4738857689789064
1.2993402148313429,3.818296652973317
2.3231355965321914,1.8930178442489347
3.1261325684049126,1.2847711477339425
3.139396060646872,3.32265762763316
2.7569191483404447,2.295987801669118
3.540070279685601,1.7926901644246795
1.6356136324223236,3.8251293974430545
2.1815112177299123,2.203063354799102
0.6010224589434459,3.658106301803298
0.08478773969345355,2.297123827647648
3.543653847059673,1.3591624726857967
2.6550919133423183,3.521942067690483
3.2110436312200767,3.6094031171114893
3.114391155903895,3.7638385441384052
0.5200653210924653,3.9201690797930295
2.9523898617065836,2.653861364343553
2.7302763617207386,0.44294354777401423
0.9308646132913858,2.686269476217139
3.9492281384981758,0.694716150537491
1.3839420328240113,1.2678120306402203
2.762322400131227,1.0383823245699615
2.1953523808852795,1.8740413847054174
3.2204807893723237,1.635460266399492
1.4834826047659235,0.0987464513496854
0.788845055357557,1.1727200002446208
1.638092257137382,3.0493089427084525
1.4432527573222291,0.4789704418700502
3.5339632317689453,0.9416683328121622
1.5707968689133391,1.1226512380021916
3.1127070728753576,0.6316998553621112
3.652338930232328,3.4209978014223426
0.9553756092561358,3.3474470849710505
0.6960653495791189,1.223470079959477
2.798089269299192,2.359796366578127
0.4860751607564433,2.7658594101609935
2.374236891653768,1.0880617991531625
1.5320234148584295,1.4139337942301298
3.4023328697870276,1.3464920948856434
2.206672445459928,0.9635719778665663
0.7748492355839462,0.2576199434655231
0.7682673310594104,1.977491005104922
1.4421246686770468,3.903397688400321
1.4878613393020665,1.9348757638986918
0.4148329313397596,2.5349468495153724
0.3007502941491733,2.0193104536662876
0.05409124078373839,2.817061919821947
