2.0,2.0
2.2981481905152887,1.6114156335098815
2.2083386930148508,2.455009028942321
1.5362611867057154,3.12455199524512
1.4573801555650947,2.16366178220602
1.8680299005303804,0.9232348623309212
2.5028294013162244,2.015690964414707
2.340372545790601,1.6862215439608361
2.4517392271022276,2.2462176365219775
2.412930311453105,2.3089194837556164
3.0680109968387765,2.707050193073627
1.2792098557065277,1.7279328328955867
1.3901866184572396,1.145571500613745
1.8389713568148567,1.311736031955192
0.3998913814667264,1.119018273007161
0.8748018874639483,1.9966114649454192
2.6202662586439303,0.9568195778792306
3.802475545624784,3.131235313280632
2.3293929710481884,1.7535335955081797
2.2565778443753084,0.2826228534710329
0.32174969260679154,0.42356447185963875
1.049802077125808,1.7011872569343311
1.8891953807003974,1.2034819250249593
0.6590586621722094,0.6539634844548448
1.6295949237032925,3.4603658376113198
2.4064370088458507,3.3037869017150348
0.6931523311075249,0.060751918420616224
2.840316390682607,0.30540626824418293
0.9086729775932048,0.3509911913231831
2.7288300030429227,1.4504673571754405
2.982096919828085,0.6352638543794913
0.583176414701613,2.7526053047763663
2.9648082761566825,1.5915388994889432
3.5143321948005553,2.906153974463949
3.7638324860255272,3.177789354749166
2.3574518217730973,3.641212646814097
3.057612084050936,3.7006408327605094
2.4945714818474056,2.0482648585609757
1.794336743868786,3.874012889921653
3.822873734616746,3.56051459376753
3.0198674906716114,0.8189936209268436
2.0236296531497375,2.5047929796636024
0.35763170758559637,1.4755048815240617
2.6496842223386556,2.745041775703448
3.118594663100325,2.5931374159810163
2.1586272848443286,3.146055101826802
3.940352199579319,2.3486133572293917
2.570434843172314,0.25736000208043697
1.220414485475124,2.2873206763230063
3.557327266052683,0.09392162814136285
0.4981480083353884,0.28624707748520395
1.1026161189592938,1.9776551941933849
0.3514575123361485,0.5493027637715695
3.9724585474067324,1.6561331529476706
2.9829325961223807,0.2377535387444203
1.3270722487421525,3.3060521429071814
1.2569820022281792,0.09470854473048407
2.9420160155287145,0.9224954197012019
2.4472929645131343,3.9485797535840392
2.3906729471606485,0.4213140266739366
0.03872295348166244,0.8113591426216651
0.09973135163830849,1.621640999504515
2.267575460706064,0.8971553366827361
0.5409318854571956,3.0912986932631727
2.364863960725228,3.159810953559488
0.46294741923522365,3.253813842357952
1.0818768571165154,3.2080114079458997
0.1340569355136494,0.985493406452643
2.6278478141181147,2.2966763853903536
2.3920996373872585,1.4561291506681209
2.299423134779177,2.253437377127129
3.5364088240703837,3.5148810864395874
3.20247147794855,0.044099715540597106
3.394701186205882,2.428056234819072
2.9954960565355453,3.3401934124583117
1.538709421559382,0.5126547486515269
