1,66,156,118,0,
122,76,47,0,
152,0,
34,61,0,
137,43,5,0,
10,0,
0,
53,0,
93,101,0,
49,17,0,
71,0,
64,126,0,
29,0,
80,52,0,
145,0,
110,0,
15,0,
50,18,0,
44,143,0,
51,0,
120,79,0,
35,0,
26,95,0,
103,0,
69,0,
106,158,0,
37,0,
68,151,0,
0,
128,0,
0,
138,63,0,
140,0,
20,13,0,
0,
94,0,
40,60,0,
54,0,
65,90,0,
0,
62,70,0,
82,12,0,
39,0,
42,0,
59,0,
67,0,
0,
16,41,3,0,
0,
88,125,0,
148,117,0,
104,0,
0,
72,0,
0,
8,146,14,0,
112,19,21,0,
36,0,
132,0,
0,
107,0,
149,0,
0,
89,99,0,
113,116,0,
86,119,0,
4,22,55,0,
92,0,
46,0,
0,
81,0,
0,
0,
102,0,
0,
0,
24,2,0,
0,
115,0,
136,0,
0,
139,0,
133,0,
77,0,
121,0,
96,100,0,
142,0,
0,
0,
105,0,
75,0,
83,0,
0,
0,
0,
32,7,0,
111,0,
78,0,
0,
129,0,
141,0,
0,
0,
0,
0,
0,
97,0,
123,0,
0,
0,
124,0,
0,
84,45,0,
85,0,
0,
144,0,
74,0,
0,
27,25,11,0,
98,0,
28,0,
0,
57,31,0,
155,0,
0,
131,0,
73,134,0,
108,0,
0,
0,
114,0,
0,
130,0,
150,0,
87,0,
147,0,
157,0,
23,0,
0,
0,
0,
0,
0,
153,58,38,0,
0,
154,0,
48,0,
0,
30,0,
109,0,
0,
6,0,
0,
91,135,0,
0,
0,
56,33,9,0,
0,
127,0,
