35,21,3,109,0,
0,
122,12,0,
91,69,14,0,
65,139,0,
0,
16,0,
85,0,
154,0,
53,0,
74,76,0,
0,
96,6,0,
15,0,
24,13,0,
0,
81,30,0,
0,
41,75,0,
0,
39,0,
33,34,2,0,
50,0,
0,
141,0,
0,
140,22,0,
32,0,
0,
49,0,
28,0,
55,0,
48,0,
42,143,0,
88,47,0,
10,77,103,0,
120,105,0,
27,0,
153,78,0,
0,
0,
20,0,
106,54,0,
70,0,
73,45,0,
51,83,0,
0,
1,0,
0,
0,
40,0,
150,0,
99,0,
11,0,
148,0,
59,92,133,0,
18,0,
0,
80,0,
100,108,0,
25,0,
0,
58,0,
57,0,
134,0,
44,5,0,
0,
84,0,
0,
72,43,0,
0,
52,0,
0,
29,127,0,
101,0,
26,151,0,
36,0,
9,7,0,
0,
62,0,
0,
37,0,
0,
0,
129,102,0,
0,
0,
95,0,
0,
17,0,
64,0,
89,111,0,
123,156,0,
0,
0,
97,0,
56,137,0,
0,
66,0,
0,
61,0,
0,
114,131,0,
8,31,0,
87,0,
63,0,
67,0,
98,118,0,
135,0,
121,4,0,
0,
19,0,
115,0,
116,0,
126,0,
152,0,
117,0,
0,
132,0,
0,
128,0,
142,0,
79,0,
138,0,
86,0,
90,107,0,
155,0,
113,0,
149,0,
124,0,
0,
0,
136,0,
68,0,
0,
119,0,
0,
158,0,
93,0,
60,0,
130,0,
82,0,
157,71,0,
112,46,0,
147,0,
0,
0,
146,0,
0,
144,0,
0,
94,0,
0,
23,0,
125,38,0,
0,
145,0,
104,0,
110,0,
