112,73,12,55,0,
122,22,0,
13,0,
56,0,
0,
110,0,
0,
9,0,
17,119,0,
0,
40,5,86,0,
25,0,
10,69,125,0,
0,
2,118,0,
96,0,
18,0,
4,0,
0,
41,126,0,
137,67,0,
45,0,
60,0,
127,0,
57,146,0,
68,0,
19,23,0,
151,0,
58,107,0,
97,0,
142,0,
54,0,
59,0,
128,82,0,
135,0,
105,0,
51,0,
116,0,
115,0,
71,0,
113,0,
76,0,
121,0,
66,0,
0,
0,
72,88,30,0,
36,0,
0,
0,
52,21,0,
147,0,
150,0,
27,91,0,
49,0,
26,61,53,0,
0,
0,
104,90,0,
84,0,
0,
3,31,0,
0,
44,0,
34,131,0,
0,
65,0,
0,
78,0,
124,20,0,
83,156,0,
0,
153,0,
8,1,46,24,0,
154,0,
106,0,
140,85,0,
75,0,
80,0,
101,0,
98,0,
89,39,0,
43,38,0,
0,
100,0,
77,0,
42,0,
149,0,
11,0,
87,0,
133,0,
79,0,
0,
155,0,
129,0,
37,15,0,
29,0,
0,
114,0,
0,
93,109,0,
0,
0,
117,0,
143,0,
0,
0,
136,0,
0,
94,0,
0,
144,0,
138,14,95,0,
99,0,
0,
0,
0,
120,141,0,
16,0,
145,0,
70,0,
0,
6,0,
48,0,
157,0,
64,50,28,0,
81,123,0,
0,
35,63,0,
0,
0,
74,0,
0,
0,
0,
158,0,
0,
62,0,
33,103,7,0,
0,
108,0,
0,
47,0,
148,0,
0,
0,
32,0,
92,0,
0,
0,
132,0,
102,0,
111,0,
0,
0,
130,0,
139,0,
152,0,
134,0,
