9,443,37,246,0,
0,
377,30,0,
35,349,6,0,
0,
115,357,0,
29,22,0,
0,
0,
42,187,68,462,0,
285,0,
0,
282,13,279,0,
93,0,
107,0,
90,260,381,0,
154,436,0,
399,0,
127,0,
256,147,0,
41,375,0,
25,0,
110,0,
0,
11,0,
0,
7,0,
0,
0,
27,0,
235,308,0,
185,18,0,
108,0,
47,0,
0,
10,28,0,
45,62,0,
360,16,120,144,0,
200,0,
0,
32,0,
195,0,
88,445,0,
372,15,0,
178,0,
188,0,
0,
0,
0,
39,0,
123,236,0,
83,165,0,
146,164,21,0,
54,0,
0,
161,0,
0,
192,0,
362,183,0,
208,228,0,
0,
4,0,
0,
141,0,
173,0,
0,
0,
1,0,
72,217,223,0,
321,0,
177,77,0,
0,
380,423,0,
473,0,
209,0,
0,
48,0,
0,
138,0,
71,0,
0,
0,
8,78,0,
272,457,0,
297,155,273,203,0,
125,0,
163,0,
232,0,
31,0,
0,
413,0,
0,
91,0,
469,0,
99,0,
316,438,0,
0,
218,0,
0,
0,
0,
327,0,
233,182,0,
169,101,0,
441,0,
129,19,0,
311,0,
96,0,
0,
97,0,
432,0,
106,414,0,
456,57,0,
175,0,
385,0,
194,276,0,
176,0,
172,0,
330,151,0,
134,0,
348,157,76,0,
0,
326,0,
392,75,0,
328,58,0,
219,139,227,0,
320,0,
0,
398,0,
338,331,0,
400,0,
370,222,0,
0,
181,0,
397,0,
466,92,0,
199,0,
368,0,
0,
201,358,0,
329,0,
0,
378,0,
0,
448,43,148,0,
65,0,
167,111,0,
419,0,
248,0,
73,455,0,
0,
310,0,
59,0,
0,
393,213,0,
202,94,0,
403,0,
24,0,
0,
0,
388,0,
86,0,
343,0,
0,
49,130,0,
252,23,0,
291,396,287,0,
184,474,0,
0,
437,0,
64,0,
0,
0,
313,143,0,
0,
0,
288,0,
346,0,
0,
406,0,
0,
0,
356,0,
384,0,
0,
0,
0,
376,149,0,
0,
0,
189,0,
275,0,
468,87,0,
0,
345,0,
132,0,
40,82,472,0,
191,0,
253,0,
0,
0,
265,0,
89,465,0,
162,116,0,
415,0,
369,234,0,
121,355,0,
416,205,0,
447,0,
0,
0,
408,0,
361,239,0,
307,270,0,
238,0,
0,
299,0,
237,0,
242,0,
404,247,0,
0,
0,
243,0,
74,0,
302,0,
0,
0,
284,303,0,
382,0,
0,
334,206,0,
0,
0,
0,
0,
312,34,0,
109,0,
319,0,
405,0,
442,292,0,
215,0,
463,0,
0,
0,
0,
244,407,0,
2,196,166,430,0,
283,0,
126,0,
304,0,
0,
0,
335,0,
0,
339,0,
394,0,
383,0,
0,
306,0,
214,103,0,
193,0,
365,0,
337,332,0,
411,0,
117,0,
0,
0,
53,0,
179,446,0,
241,0,
266,0,
80,0,
0,
216,431,0,
0,
0,
434,60,0,
0,
0,
145,0,
0,
114,263,0,
122,453,0,
0,
158,0,
0,
314,0,
152,245,471,0,
0,
424,0,
418,0,
289,301,95,0,
426,0,
0,
258,0,
255,0,
159,0,
420,190,0,
428,0,
224,0,
0,
439,0,
347,422,0,
0,
0,
153,0,
387,0,
340,0,
268,142,0,
249,0,
0,
0,
171,0,
336,0,
0,
352,128,0,
63,0,
344,26,0,
0,
444,374,0,
118,230,0,
451,0,
290,0,
0,
0,
435,389,0,
433,0,
225,0,
131,459,0,
325,350,0,
395,0,
281,119,0,
212,0,
0,
257,0,
229,0,
0,
136,0,
33,204,0,
0,
412,0,
0,
363,102,0,
0,
0,
104,371,0,
364,0,
0,
56,67,0,
170,427,0,
0,
186,197,0,
0,
0,
0,
0,
300,0,
211,84,0,
220,0,
0,
440,124,55,0,
401,452,0,
0,
137,309,0,
0,
0,
0,
0,
0,
461,0,
0,
293,0,
278,0,
342,0,
254,0,
390,0,
69,85,0,
38,14,0,
322,0,
333,0,
113,0,
240,46,0,
0,
0,
475,0,
0,
0,
0,
323,0,
476,0,
0,
450,0,
429,207,0,
140,70,0,
0,
0,
409,267,36,0,
180,0,
391,0,
264,79,0,
210,0,
168,0,
470,0,
0,
0,
174,0,
250,0,
150,0,
261,269,0,
294,0,
0,
0,
0,
274,0,
277,0,
0,
296,0,
0,
354,0,
66,0,
221,0,
81,379,0,
353,0,
0,
366,0,
0,
0,
44,0,
359,0,
351,0,
12,52,317,0,
98,0,
421,0,
0,
198,0,
425,0,
324,0,
298,0,
160,0,
0,
417,0,
0,
0,
105,458,3,5,0,
305,133,0,
271,0,
410,0,
280,0,
449,50,20,0,
259,135,0,
0,
251,156,0,
318,0,
0,
286,0,
315,0,
100,0,
231,0,
51,61,295,0,
402,454,0,
341,0,
0,
112,262,0,
464,0,
0,
0,
367,0,
0,
0,
460,0,
0,
386,0,
17,373,0,
0,
226,0,
0,
467,0,
