64,35,93,239,0,
73,18,0,
253,0,
0,
81,0,
9,164,21,0,
378,0,
0,
2,142,0,
347,460,0,
0,
0,
32,135,0,
307,36,63,0,
61,0,
373,0,
264,31,0,
456,50,278,0,
193,0,
218,37,0,
327,0,
26,123,0,
390,0,
277,0,
30,0,
446,182,231,0,
7,0,
0,
472,0,
0,
42,0,
107,0,
138,0,
0,
76,0,
328,25,354,57,0,
349,45,0,
299,0,
399,0,
69,0,
102,0,
400,0,
0,
0,
20,0,
23,0,
297,0,
330,0,
217,0,
170,211,0,
443,0,
1,431,0,
209,0,
0,
468,0,
74,0,
305,261,0,
272,149,0,
168,171,0,
386,0,
0,
46,0,
353,195,0,
89,11,0,
72,17,51,5,0,
29,0,
114,348,0,
0,
225,0,
129,0,
0,
0,
450,84,62,0,
293,0,
0,
0,
0,
90,95,0,
0,
384,0,
0,
0,
70,0,
410,284,0,
146,140,0,
222,0,
0,
448,415,0,
166,0,
280,0,
98,333,0,
169,0,
204,0,
434,393,394,371,0,
461,319,0,
281,250,0,
314,103,0,
199,0,
112,117,0,
287,0,
191,343,0,
184,0,
392,0,
161,298,0,
465,66,406,0,
27,0,
0,
240,364,0,
236,438,0,
0,
0,
283,0,
176,0,
0,
260,0,
0,
303,0,
0,
0,
320,0,
0,
266,0,
259,71,0,
197,0,
0,
196,0,
269,0,
0,
0,
0,
338,0,
0,
0,
0,
0,
444,0,
188,398,0,
234,0,
441,255,0,
0,
227,0,
322,435,0,
0,
0,
65,346,0,
0,
263,359,0,
229,0,
101,310,0,
306,44,0,
0,
268,0,
447,0,
167,0,
181,0,
0,
336,0,
201,0,
262,0,
115,0,
208,0,
381,0,
432,0,
361,0,
4,0,
19,14,0,
0,
0,
162,0,
0,
3,0,
22,0,
100,0,
40,0,
148,367,0,
0,
395,420,0,
464,0,
424,0,
145,0,
0,
0,
273,454,0,
0,
0,
416,0,
58,85,0,
418,0,
122,0,
440,0,
308,0,
59,0,
387,0,
0,
55,0,
224,475,0,
200,0,
0,
137,0,
376,0,
402,0,
0,
110,0,
0,
0,
380,0,
0,
350,0,
274,0,
0,
219,0,
192,0,
344,88,0,
172,0,
0,
0,
0,
0,
54,0,
0,
368,0,
246,0,
413,0,
248,187,0,
0,
0,
237,0,
0,
325,159,0,
0,
0,
241,254,0,
75,0,
301,0,
0,
0,
467,0,
0,
289,0,
13,77,309,311,0,
351,0,
238,0,
185,155,0,
183,0,
6,0,
411,220,0,
179,116,0,
0,
397,0,
0,
104,294,0,
96,425,0,
436,0,
0,
286,0,
385,0,
0,
473,291,0,
0,
92,0,
150,0,
340,0,
143,0,
128,0,
445,0,
0,
139,0,
0,
124,0,
0,
41,396,317,0,
243,126,0,
352,38,0,
426,389,0,
0,
370,0,
106,0,
0,
48,28,0,
412,68,0,
0,
404,79,0,
94,0,
177,0,
15,0,
0,
0,
0,
363,0,
0,
0,
132,0,
409,469,0,
419,437,0,
313,0,
175,0,
265,0,
300,0,
91,0,
282,163,0,
0,
216,0,
249,0,
0,
0,
120,0,
173,0,
401,111,0,
0,
318,228,342,0,
316,0,
174,12,270,0,
0,
205,0,
82,189,0,
125,0,
267,0,
242,198,0,
34,332,0,
285,0,
47,0,
0,
326,0,
459,0,
0,
154,0,
127,0,
339,0,
16,194,388,0,
0,
0,
215,0,
10,0,
474,0,
0,
131,0,
235,0,
0,
0,
99,0,
0,
0,
105,53,0,
67,86,0,
153,439,0,
214,0,
233,451,0,
275,39,0,
178,247,0,
24,0,
0,
0,
391,0,
223,0,
8,251,463,0,
108,0,
0,
0,
466,0,
256,0,
383,0,
134,0,
345,0,
356,0,
0,
329,0,
0,
130,0,
0,
0,
0,
49,244,279,0,
160,210,0,
374,0,
180,0,
449,0,
206,0,
470,0,
78,0,
324,0,
382,0,
0,
0,
0,
408,141,0,
0,
0,
0,
202,0,
428,422,0,
458,0,
221,0,
0,
421,87,0,
144,83,212,0,
295,0,
457,362,0,
0,
0,
0,
60,0,
288,0,
0,
0,
0,
121,414,0,
471,0,
113,0,
207,0,
430,0,
0,
290,0,
433,358,0,
0,
118,0,
136,156,0,
0,
296,0,
304,0,
331,0,
366,0,
442,213,0,
80,0,
360,0,
0,
292,271,0,
429,0,
0,
403,0,
321,0,
0,
232,109,0,
423,151,0,
341,0,
186,476,165,0,
133,0,
453,0,
190,335,0,
417,0,
302,0,
0,
226,0,
152,379,0,
0,
0,
407,0,
43,52,0,
0,
315,119,0,
334,0,
355,427,0,
252,230,0,
0,
0,
323,455,0,
276,0,
56,97,0,
157,0,
0,
0,
377,245,0,
452,0,
365,0,
257,405,0,
0,
337,0,
357,0,
0,
147,0,
312,0,
258,0,
203,0,
0,
33,0,
372,158,0,
462,375,0,
369,0,
