1,12,370,308,61,0,
257,282,5,454,0,
8,0,
264,170,131,0,
163,260,0,
240,128,0,
177,0,
0,
0,
6,79,0,
290,253,0,
20,0,
408,21,110,87,0,
0,
30,0,
256,0,
331,0,
113,109,0,
89,0,
88,0,
0,
329,420,269,0,
53,0,
0,
241,2,305,0,
58,0,
16,346,0,
65,380,0,
214,0,
32,0,
138,0,
393,35,57,0,
0,
221,29,0,
436,76,0,
42,71,0,
0,
13,0,
77,383,0,
0,
137,74,0,
376,344,0,
123,0,
0,
82,238,0,
198,397,382,0,
325,0,
132,0,
174,0,
169,0,
0,
0,
273,0,
0,
428,0,
160,103,0,
81,0,
296,116,0,
0,
297,0,
85,421,0,
96,24,27,0,
381,239,0,
347,0,
462,0,
182,0,
333,351,455,0,
391,0,
114,0,
200,366,263,0,
409,34,93,41,0,
185,0,
245,0,
176,90,0,
244,0,
392,0,
18,0,
377,0,
0,
0,
449,463,0,
0,
259,0,
189,0,
0,
365,0,
153,154,0,
218,0,
442,197,0,
162,0,
94,431,0,
219,0,
191,0,
48,181,0,
212,0,
457,0,
474,451,14,0,
390,135,0,
0,
0,
104,0,
144,287,0,
315,0,
0,
0,
0,
419,0,
180,0,
210,165,0,
155,0,
56,33,348,0,
0,
117,0,
438,0,
0,
130,0,
91,227,0,
271,0,
265,167,0,
0,
0,
426,171,0,
0,
43,0,
0,
0,
0,
306,476,0,
73,388,0,
0,
367,0,
275,84,0,
0,
0,
424,216,0,
119,0,
0,
361,204,0,
0,
0,
149,0,
0,
301,0,
150,0,
195,0,
255,0,
473,0,
443,55,0,
358,0,
0,
190,0,
0,
242,0,
111,0,
250,407,0,
225,142,0,
0,
207,0,
284,0,
471,0,
337,0,
0,
223,0,
316,0,
0,
98,0,
235,0,
445,0,
0,
279,0,
205,319,0,
323,389,0,
122,307,0,
0,
124,0,
277,0,
28,295,0,
0,
230,0,
0,
0,
418,0,
97,0,
400,423,0,
368,0,
237,0,
394,0,
157,0,
194,0,
0,
0,
303,0,
363,203,0,
0,
0,
0,
0,
188,0,
92,268,0,
0,
208,126,0,
115,0,
136,0,
252,0,
156,0,
440,0,
125,0,
0,
0,
0,
101,0,
0,
328,0,
0,
0,
360,186,0,
106,175,0,
7,0,
0,
0,
404,26,4,9,0,
0,
434,0,
0,
78,0,
338,0,
262,0,
151,0,
0,
464,359,0,
314,0,
0,
0,
299,148,0,
206,0,
450,0,
247,0,
0,
317,159,0,
427,0,
10,15,0,
66,19,0,
0,
0,
300,0,
0,
140,0,
433,0,
0,
254,0,
139,0,
387,0,
0,
446,0,
468,166,0,
467,0,
0,
321,229,62,0,
313,267,0,
288,0,
0,
164,0,
0,
281,270,0,
201,145,0,
243,0,
0,
280,0,
47,0,
36,461,0,
51,0,
0,
355,0,
398,0,
0,
120,0,
293,0,
248,0,
209,0,
211,0,
0,
444,0,
448,108,38,0,
266,0,
0,
318,0,
158,0,
213,0,
0,
276,0,
0,
0,
226,228,0,
369,0,
217,402,0,
54,0,
234,332,0,
0,
0,
0,
466,0,
173,0,
285,0,
401,0,
0,
147,453,0,
452,0,
354,0,
69,3,220,437,0,
0,
0,
199,0,
470,0,
278,0,
374,0,
0,
0,
231,0,
232,0,
406,0,
456,0,
40,143,0,
0,
411,0,
352,0,
246,0,
233,17,0,
192,0,
0,
67,460,0,
312,298,0,
0,
222,0,
412,0,
425,0,
59,311,0,
63,0,
0,
310,0,
439,0,
0,
0,
72,0,
129,0,
105,0,
0,
357,0,
417,0,
224,193,0,
0,
339,334,0,
475,343,0,
0,
416,0,
283,0,
0,
141,0,
0,
102,0,
249,0,
50,0,
341,0,
386,23,0,
340,0,
0,
0,
152,49,0,
168,0,
309,0,
0,
326,45,70,31,0,
385,0,
121,0,
375,0,
0,
289,0,
107,0,
25,0,
196,0,
0,
64,0,
80,179,0,
178,134,0,
327,0,
0,
0,
112,396,0,
0,
75,302,0,
399,0,
364,0,
68,0,
0,
46,335,0,
0,
0,
261,0,
372,413,0,
0,
0,
422,0,
272,0,
0,
384,0,
202,414,0,
350,415,0,
0,
405,0,
342,172,86,0,
100,356,0,
0,
345,0,
378,0,
99,0,
291,0,
330,0,
0,
0,
447,0,
0,
362,44,0,
465,0,
0,
459,0,
0,
304,0,
435,324,0,
0,
395,0,
146,0,
371,0,
0,
441,0,
0,
0,
0,
60,0,
320,294,286,0,
0,
349,0,
258,429,0,
0,
251,0,
127,0,
0,
353,0,
187,0,
184,0,
83,95,0,
161,0,
0,
472,0,
410,0,
322,118,0,
458,292,215,0,
336,469,0,
0,
430,0,
11,39,0,
0,
236,0,
373,0,
0,
274,0,
183,0,
0,
0,
0,
379,0,
52,0,
0,
0,
0,
0,
37,22,0,
133,0,
432,403,0,
