135,119,134,295,0,
0,
0,
25,0,
45,405,0,
24,0,
68,0,
0,
194,0,
268,0,
0,
98,18,0,
154,42,270,0,
121,3,0,
393,364,0,
0,
23,0,
0,
17,0,
0,
0,
180,87,0,
94,0,
0,
0,
394,36,0,
44,79,0,
264,149,0,
46,0,
0,
107,38,0,
206,0,
56,59,0,
100,412,0,
0,
61,143,0,
39,0,
0,
316,0,
198,0,
187,469,142,0,
296,377,26,0,
323,157,0,
0,
20,0,
0,
0,
148,0,
229,238,0,
129,0,
77,0,
9,0,
33,278,0,
0,
47,0,
72,0,
211,0,
28,6,0,
354,155,191,0,
226,0,
195,0,
114,66,423,0,
32,273,471,0,
0,
0,
0,
184,105,0,
255,0,
0,
473,242,13,0,
247,0,
170,0,
0,
0,
0,
178,0,
288,356,0,
34,0,
253,0,
104,165,0,
313,0,
416,230,0,
102,0,
239,0,
89,0,
0,
137,0,
125,0,
0,
0,
131,0,
244,0,
0,
5,53,0,
0,
0,
399,0,
286,0,
136,262,0,
289,420,0,
113,0,
0,
0,
0,
347,0,
293,0,
0,
193,123,0,
305,0,
159,0,
27,307,0,
176,321,0,
0,
115,0,
371,380,0,
0,
338,330,0,
0,
140,0,
425,379,12,463,0,
0,
10,0,
0,
297,326,0,
335,0,
188,0,
287,0,
0,
202,467,0,
0,
0,
207,0,
205,0,
0,
41,266,388,69,0,
370,99,21,150,0,
197,71,0,
0,
221,311,0,
442,381,111,0,
351,0,
0,
91,0,
449,363,0,
294,0,
16,0,
259,0,
192,0,
0,
248,407,0,
48,40,317,0,
0,
103,0,
22,254,0,
368,186,0,
387,0,
37,0,
462,175,0,
0,
231,0,
395,446,0,
435,0,
0,
208,62,0,
455,0,
112,0,
470,0,
342,0,
245,0,
345,199,0,
0,
0,
64,0,
0,
200,0,
418,325,0,
182,0,
320,0,
0,
0,
172,0,
451,0,
101,0,
209,372,0,
132,0,
235,0,
476,0,
369,0,
73,0,
0,
166,0,
50,0,
357,0,
434,0,
0,
298,0,
0,
109,0,
0,
0,
86,0,
0,
0,
214,0,
0,
0,
256,0,
460,0,
7,0,
217,452,0,
0,
161,0,
144,31,0,
171,0,
389,0,
472,366,0,
0,
0,
189,0,
276,0,
329,0,
210,0,
301,0,
422,375,0,
0,
179,0,
279,319,0,
402,306,222,0,
0,
74,0,
97,203,0,
0,
0,
0,
281,0,
0,
414,0,
0,
269,0,
0,
0,
232,0,
1,70,0,
0,
0,
367,0,
310,0,
0,
382,0,
0,
465,0,
0,
440,0,
218,82,0,
0,
0,
458,0,
290,438,0,
19,0,
120,127,0,
183,0,
428,4,54,0,
219,174,0,
404,0,
147,0,
0,
145,341,93,0,
0,
0,
0,
146,76,0,
0,
0,
304,223,0,
95,0,
0,
0,
0,
436,324,0,
334,0,
0,
392,0,
374,0,
448,0,
212,190,52,0,
314,0,
426,0,
108,0,
274,0,
51,30,0,
340,0,
84,252,0,
353,156,0,
424,0,
430,0,
58,35,261,0,
80,419,0,
167,0,
0,
474,0,
0,
0,
65,0,
173,0,
88,0,
133,0,
271,0,
396,116,0,
220,398,0,
291,246,343,0,
359,0,
249,0,
2,0,
390,0,
0,
0,
160,0,
75,55,0,
0,
216,0,
365,0,
464,0,
237,0,
344,169,0,
336,397,0,
201,0,
130,0,
454,0,
277,391,0,
0,
386,0,
378,0,
384,0,
0,
158,0,
308,0,
0,
0,
141,0,
445,0,
272,0,
83,303,0,
0,
128,124,0,
164,117,0,
0,
331,349,0,
0,
453,78,0,
421,0,
0,
0,
0,
352,0,
8,204,0,
0,
322,0,
439,0,
337,0,
0,
267,0,
400,285,0,
385,0,
227,413,0,
151,0,
282,0,
431,0,
327,0,
433,0,
461,0,
81,139,309,0,
215,0,
236,0,
275,0,
0,
468,0,
410,67,0,
361,90,0,
450,0,
11,312,163,0,
332,181,0,
177,346,0,
0,
315,0,
355,0,
0,
432,0,
15,0,
376,126,14,0,
0,
241,243,0,
0,
0,
29,0,
441,0,
196,0,
429,0,
0,
350,0,
213,0,
408,0,
0,
401,228,0,
258,447,0,
0,
43,0,
0,
456,0,
0,
0,
0,
417,0,
362,0,
437,358,0,
0,
0,
168,260,0,
0,
0,
257,0,
96,348,0,
0,
328,411,0,
234,0,
0,
284,110,292,0,
339,0,
0,
302,0,
444,0,
427,0,
409,0,
0,
85,0,
0,
466,0,
360,138,0,
263,0,
240,475,0,
0,
92,0,
299,118,0,
185,250,0,
0,
0,
0,
233,0,
49,0,
280,0,
152,0,
265,0,
0,
224,0,
60,0,
0,
0,
0,
333,0,
0,
122,0,
300,0,
0,
162,383,0,
57,153,403,0,
251,0,
318,0,
0,
373,0,
457,0,
225,283,0,
415,0,
459,0,
443,0,
0,
0,
406,0,
106,63,0,
