96,299,102,15,0,
90,173,0,
44,0,
412,30,0,
0,
91,469,7,0,
235,0,
11,84,0,
17,450,0,
0,
157,0,
50,429,0,
346,333,0,
40,0,
33,243,358,0,
129,193,5,14,0,
116,54,0,
0,
63,0,
56,0,
135,0,
22,0,
0,
48,0,
177,20,0,
4,0,
49,363,0,
3,0,
468,0,
13,351,0,
85,0,
273,285,0,
221,145,301,0,
289,12,281,0,
176,0,
200,74,444,0,
320,0,
387,174,0,
99,0,
37,0,
0,
75,0,
225,0,
280,0,
130,0,
249,167,0,
0,
338,0,
405,0,
36,0,
182,0,
0,
181,0,
0,
241,0,
266,131,0,
0,
77,207,0,
315,0,
141,0,
104,0,
293,0,
92,0,
184,423,0,
434,316,0,
393,83,0,
137,0,
348,0,
209,223,0,
0,
204,127,0,
0,
0,
308,0,
472,115,0,
122,0,
274,0,
229,0,
448,120,0,
162,0,
0,
0,
179,0,
331,213,0,
233,399,0,
0,
332,142,0,
310,0,
0,
72,0,
101,0,
29,0,
146,0,
186,0,
43,76,0,
23,0,
425,35,228,0,
0,
97,0,
148,0,
61,0,
119,0,
283,65,123,133,0,
0,
288,0,
0,
418,0,
369,282,0,
106,0,
0,
0,
0,
342,0,
261,0,
0,
385,0,
126,0,
42,0,
154,0,
0,
81,0,
98,195,66,0,
377,0,
89,86,0,
113,0,
0,
364,0,
420,0,
321,0,
149,278,0,
0,
248,0,
376,47,0,
32,26,191,0,
0,
0,
114,0,
275,0,
0,
345,0,
139,325,0,
6,95,0,
370,0,
458,212,0,
272,0,
211,397,0,
0,
0,
0,
306,58,0,
0,
0,
0,
132,309,255,0,
0,
398,0,
171,0,
263,0,
0,
202,245,0,
0,
0,
0,
0,
382,0,
0,
161,0,
178,0,
0,
260,0,
457,327,0,
0,
244,0,
203,0,
460,0,
415,0,
319,0,
152,0,
353,0,
326,0,
381,0,
0,
416,0,
0,
447,0,
111,0,
0,
257,474,0,
0,
0,
0,
251,45,159,0,
0,
440,465,0,
246,0,
234,0,
168,0,
323,0,
446,0,
242,0,
28,439,0,
0,
170,324,68,0,
151,0,
163,0,
0,
0,
290,0,
206,0,
110,0,
0,
140,389,0,
467,287,0,
403,421,0,
0,
183,0,
250,0,
336,0,
64,262,0,
286,0,
192,0,
39,0,
0,
166,0,
220,0,
0,
252,367,0,
0,
464,27,406,0,
312,409,0,
0,
318,0,
0,
356,0,
424,0,
0,
355,0,
60,365,0,
347,78,0,
417,0,
402,0,
0,
277,0,
10,100,117,0,
0,
38,0,
51,0,
0,
0,
94,31,0,
0,
67,21,0,
473,0,
0,
0,
2,0,
380,269,0,
410,0,
317,0,
164,158,0,
0,
0,
155,430,0,
341,0,
118,0,
0,
294,0,
466,0,
359,0,
441,0,
0,
304,0,
297,0,
386,0,
185,198,0,
165,0,
0,
456,0,
124,422,0,
408,0,
343,0,
18,19,0,
432,0,
1,59,0,
454,0,
360,0,
0,
0,
227,0,
411,0,
160,0,
93,0,
240,0,
230,0,
0,
253,0,
0,
0,
0,
153,107,443,0,
208,451,0,
0,
449,0,
0,
169,0,
0,
0,
372,463,0,
0,
9,436,0,
0,
396,0,
138,0,
344,0,
57,226,0,
125,0,
0,
375,0,
190,0,
215,0,
0,
197,0,
0,
0,
328,194,0,
357,0,
268,0,
79,295,0,
73,0,
0,
0,
437,0,
334,0,
224,62,0,
87,0,
201,0,
0,
470,0,
53,0,
335,0,
222,0,
71,0,
88,0,
0,
144,0,
0,
70,0,
216,407,0,
0,
350,0,
0,
265,0,
401,0,
136,0,
0,
354,0,
379,0,
438,0,
8,247,0,
0,
0,
0,
462,0,
112,108,0,
391,0,
232,0,
0,
292,231,0,
82,237,0,
217,0,
0,
0,
267,471,0,
0,
0,
419,0,
337,313,0,
134,0,
0,
383,0,
284,0,
205,0,
0,
0,
400,0,
395,0,
0,
427,0,
34,239,0,
172,52,0,
0,
254,0,
0,
428,143,0,
0,
0,
413,0,
121,0,
476,0,
426,0,
0,
374,0,
0,
196,0,
307,187,0,
0,
25,0,
298,0,
303,0,
329,0,
361,0,
305,0,
147,0,
442,452,0,
302,0,
378,0,
392,105,0,
128,459,0,
300,0,
455,0,
322,0,
219,0,
394,0,
80,0,
270,0,
218,404,238,0,
0,
109,0,
352,258,199,0,
264,0,
175,0,
0,
296,0,
0,
330,0,
188,0,
46,0,
0,
276,0,
453,55,0,
349,0,
384,0,
373,0,
256,311,0,
368,314,388,0,
0,
0,
0,
362,0,
0,
0,
433,0,
461,0,
69,0,
431,0,
0,
445,0,
291,0,
156,103,0,
259,340,0,
214,0,
475,0,
339,435,0,
371,0,
24,0,
210,390,0,
414,0,
189,0,
0,
16,41,0,
150,0,
366,0,
180,0,
236,279,0,
271,0,
0,
0,
