70,423,109,237,149,0,
0,
0,
67,334,0,
0,
0,
169,111,0,
88,25,307,0,
43,411,0,
59,181,183,0,
313,476,0,
34,123,22,0,
130,453,0,
345,0,
0,
0,
309,0,
194,293,0,
152,403,200,0,
304,0,
353,0,
0,
28,95,0,
41,351,0,
341,0,
138,35,0,
327,0,
456,397,0,
151,0,
131,0,
424,143,0,
165,0,
121,0,
0,
80,234,0,
457,0,
137,1,0,
248,0,
371,53,0,
98,142,0,
306,0,
0,
87,0,
15,0,
0,
180,92,0,
154,0,
0,
14,0,
32,0,
203,0,
133,31,0,
451,0,
196,278,0,
219,0,
199,6,231,0,
465,0,
76,110,0,
464,217,0,
5,0,
64,0,
0,
113,438,0,
454,0,
404,0,
303,0,
356,0,
205,0,
94,0,
61,0,
104,8,190,0,
156,468,0,
362,0,
0,
147,0,
0,
162,0,
396,261,0,
0,
0,
120,0,
0,
329,0,
224,0,
283,0,
354,0,
258,0,
171,0,
112,420,238,0,
33,0,
0,
0,
366,0,
352,0,
348,0,
115,0,
21,0,
125,0,
116,0,
213,0,
0,
73,0,
0,
0,
225,10,71,0,
216,0,
16,0,
0,
160,0,
232,434,11,7,0,
185,0,
474,374,0,
243,0,
421,0,
201,0,
229,0,
20,0,
0,
0,
192,0,
254,0,
189,0,
0,
164,0,
317,38,0,
271,0,
0,
382,0,
0,
0,
50,0,
277,0,
314,0,
256,0,
466,0,
155,422,0,
170,0,
289,51,29,0,
159,0,
246,0,
0,
0,
312,415,0,
47,0,
257,0,
209,0,
265,0,
0,
469,262,0,
208,9,18,308,0,
0,
215,0,
105,364,0,
230,0,
0,
24,0,
122,0,
409,45,0,
323,227,0,
0,
0,
118,0,
296,0,
344,0,
44,0,
349,0,
0,
384,0,
0,
57,68,0,
463,0,
0,
127,0,
357,0,
450,0,
126,0,
328,83,0,
173,375,0,
141,0,
84,0,
336,0,
49,0,
282,0,
89,0,
179,0,
430,0,
0,
319,0,
370,0,
0,
417,36,77,0,
0,
145,268,0,
240,0,
0,
221,0,
361,363,0,
214,175,0,
0,
139,287,0,
418,62,0,
461,0,
394,0,
325,446,0,
0,
242,0,
0,
0,
436,12,0,
426,0,
66,0,
0,
473,358,0,
342,0,
302,0,
0,
0,
202,380,0,
0,
0,
182,0,
275,0,
218,0,
0,
390,0,
19,207,0,
267,0,
212,0,
0,
0,
439,0,
228,4,0,
408,148,0,
458,146,0,
338,0,
263,0,
332,0,
124,284,55,0,
65,295,0,
114,0,
0,
99,157,0,
0,
448,0,
0,
0,
339,0,
301,0,
401,0,
452,0,
158,0,
223,0,
413,0,
0,
444,0,
0,
269,0,
188,405,0,
75,0,
251,412,0,
428,0,
241,46,135,0,
260,0,
0,
79,0,
0,
388,276,0,
128,0,
0,
103,0,
419,174,0,
0,
0,
343,0,
410,0,
0,
204,0,
93,462,0,
82,132,0,
235,435,0,
0,
324,13,0,
193,0,
140,0,
360,86,39,0,
299,163,0,
253,0,
153,0,
0,
273,101,0,
0,
0,
0,
81,0,
129,0,
0,
369,0,
0,
449,0,
244,0,
443,0,
321,0,
0,
78,0,
0,
0,
427,0,
56,0,
48,17,387,0,
52,0,
144,416,0,
392,0,
134,0,
398,367,0,
378,0,
211,0,
0,
2,300,0,
0,
280,0,
0,
0,
0,
286,0,
395,372,0,
322,0,
335,0,
191,0,
274,0,
0,
0,
74,195,0,
447,0,
187,0,
210,0,
0,
316,0,
0,
475,0,
441,0,
0,
0,
0,
198,0,
0,
460,0,
0,
0,
186,0,
102,0,
0,
100,0,
288,0,
0,
0,
386,379,0,
266,414,279,0,
407,0,
0,
0,
69,389,0,
347,0,
117,0,
90,0,
250,0,
337,0,
297,0,
247,0,
0,
305,0,
291,0,
58,0,
311,0,
72,281,85,0,
97,23,0,
376,471,0,
391,455,0,
0,
0,
399,0,
368,0,
0,
330,0,
432,0,
0,
0,
406,0,
63,239,0,
377,0,
0,
0,
0,
0,
290,0,
350,0,
96,26,0,
184,310,0,
385,0,
346,0,
0,
0,
166,0,
470,0,
264,119,0,
0,
161,0,
429,0,
0,
177,355,0,
259,315,0,
245,0,
226,0,
440,0,
326,0,
294,167,0,
108,0,
37,0,
320,0,
249,236,0,
136,331,0,
150,0,
272,0,
42,0,
373,270,431,0,
0,
0,
255,0,
0,
425,0,
442,0,
445,0,
220,30,0,
0,
292,0,
106,3,0,
381,0,
40,27,0,
467,0,
178,298,0,
0,
0,
0,
0,
0,
168,0,
472,0,
340,0,
0,
402,0,
0,
0,
285,0,
91,0,
54,0,
433,0,
400,0,
365,0,
393,0,
0,
0,
0,
0,
206,0,
0,
252,0,
60,0,
107,0,
459,0,
176,0,
233,172,333,0,
0,
0,
0,
359,0,
197,437,0,
318,0,
222,383,0,
