389,361,105,45,207,0,
386,230,0,
416,0,
179,0,
339,140,0,
288,57,0,
100,0,
400,310,0,
242,0,
317,158,0,
253,164,5,0,
1,2,252,0,
459,380,0,
58,93,0,
0,
62,0,
0,
461,74,101,0,
0,
440,0,
0,
0,
23,47,0,
139,341,0,
49,447,0,
40,0,
151,0,
304,0,
0,
0,
232,330,0,
226,52,0,
0,
186,322,91,0,
65,203,0,
320,0,
16,0,
48,33,7,0,
115,0,
145,393,84,0,
0,
0,
27,0,
41,0,
0,
449,63,78,22,0,
71,0,
360,111,0,
42,155,0,
347,0,
176,0,
80,269,0,
282,0,
64,169,405,0,
0,
50,0,
135,0,
397,0,
109,0,
102,0,
0,
0,
0,
9,156,13,0,
137,373,0,
154,299,0,
131,387,0,
258,54,0,
129,0,
18,0,
182,0,
0,
0,
79,0,
435,157,0,
166,0,
349,0,
14,0,
472,278,311,0,
119,0,
192,0,
0,
323,0,
144,0,
3,6,0,
0,
0,
329,0,
463,0,
59,19,0,
147,0,
200,382,0,
143,0,
184,0,
127,0,
227,0,
0,
110,0,
374,0,
409,251,0,
0,
66,294,0,
0,
88,0,
415,0,
17,443,53,206,0,
60,0,
0,
0,
0,
0,
221,0,
296,4,454,0,
290,326,0,
241,0,
0,
0,
0,
171,0,
338,0,
0,
141,0,
0,
68,351,0,
87,0,
32,0,
289,0,
0,
412,0,
307,0,
0,
379,0,
431,0,
0,
0,
120,0,
297,468,0,
152,260,0,
475,190,0,
0,
148,20,0,
0,
274,0,
0,
0,
8,0,
0,
318,0,
82,0,
0,
264,0,
95,0,
259,0,
457,67,0,
281,172,0,
314,0,
128,423,0,
476,0,
134,0,
114,0,
0,
126,0,
464,12,0,
365,293,0,
56,219,0,
0,
302,0,
209,250,0,
222,0,
234,358,0,
0,
284,0,
350,0,
0,
263,0,
0,
0,
202,0,
334,0,
0,
448,217,0,
0,
160,0,
0,
0,
277,0,
113,0,
291,439,0,
215,239,0,
0,
170,0,
194,0,
0,
268,421,0,
0,
44,0,
0,
0,
364,174,0,
26,0,
0,
85,0,
236,0,
136,146,0,
75,0,
0,
24,153,30,0,
213,11,37,0,
104,0,
328,0,
175,0,
225,0,
0,
89,51,125,0,
381,0,
404,0,
196,0,
216,279,0,
0,
377,0,
218,0,
245,0,
376,337,0,
0,
130,335,0,
0,
118,103,0,
0,
455,0,
0,
38,0,
73,185,0,
243,452,0,
0,
345,70,0,
436,0,
0,
0,
0,
301,0,
422,0,
346,0,
0,
355,406,0,
212,0,
411,0,
0,
424,0,
0,
0,
220,0,
94,0,
384,77,0,
69,15,0,
0,
224,413,0,
466,403,0,
150,0,
223,0,
211,0,
177,0,
446,0,
97,427,0,
0,
375,0,
262,0,
76,0,
92,0,
271,0,
61,0,
188,471,0,
0,
181,0,
229,0,
0,
0,
344,0,
106,0,
266,31,0,
388,0,
321,451,0,
432,0,
369,0,
395,0,
0,
398,0,
0,
0,
305,0,
0,
428,0,
306,0,
408,0,
312,407,0,
96,371,0,
228,0,
257,0,
442,0,
0,
142,0,
0,
0,
0,
0,
0,
254,0,
366,0,
0,
122,0,
0,
348,0,
265,98,123,0,
414,0,
0,
0,
0,
233,0,
72,0,
0,
417,0,
29,0,
331,163,0,
267,0,
0,
313,0,
231,255,342,159,0,
244,0,
0,
191,0,
419,0,
276,308,0,
273,214,0,
372,0,
0,
0,
456,198,0,
0,
392,283,0,
359,0,
36,0,
189,0,
208,0,
195,437,199,0,
0,
354,391,0,
0,
0,
205,0,
0,
469,0,
173,0,
121,83,0,
0,
434,0,
248,0,
362,0,
235,319,0,
0,
433,465,0,
0,
430,0,
280,162,399,0,
303,0,
420,0,
0,
336,396,0,
0,
272,210,0,
298,292,0,
275,0,
324,0,
132,295,0,
0,
178,426,0,
0,
0,
401,0,
117,0,
237,0,
0,
0,
300,0,
0,
0,
116,0,
0,
107,0,
0,
0,
112,10,325,39,0,
0,
165,0,
0,
450,0,
204,0,
0,
333,0,
0,
0,
394,55,0,
183,0,
410,0,
81,474,138,0,
149,0,
0,
256,43,167,0,
473,247,0,
287,0,
0,
240,193,0,
0,
470,0,
0,
25,270,0,
0,
0,
21,0,
332,0,
385,261,0,
0,
168,0,
467,0,
340,462,0,
201,0,
0,
444,0,
90,0,
133,0,
0,
460,0,
0,
86,0,
0,
445,438,0,
425,0,
353,197,0,
309,0,
390,0,
316,0,
315,0,
0,
0,
238,0,
46,0,
327,0,
286,0,
0,
285,0,
418,453,0,
402,99,34,0,
28,0,
180,124,0,
343,0,
352,0,
458,0,
0,
378,0,
367,0,
368,0,
249,0,
0,
357,0,
441,0,
0,
383,0,
0,
356,0,
0,
0,
0,
0,
370,429,0,
161,35,0,
246,0,
363,187,0,
108,0,
0,
