581,9,11,314,700,0,
4,0,
3,0,
0,
0,
540,0,
441,716,0,
0,
64,351,0,
400,86,618,286,0,
35,0,
353,50,792,249,58,0,
24,177,0,
195,0,
184,20,0,
0,
0,
512,382,0,
0,
0,
649,0,
0,
0,
172,68,0,
97,0,
242,406,0,
122,0,
615,0,
100,0,
313,44,0,
665,0,
0,
91,467,0,
19,0,
764,0,
794,0,
378,461,0,
56,0,
0,
0,
1,654,0,
40,25,36,0,
329,0,
647,0,
0,
16,18,0,
342,0,
239,303,0,
782,0,
216,689,0,
17,206,63,0,
0,
643,0,
120,393,0,
84,0,
0,
0,
281,508,0,
161,350,663,0,
209,377,609,0,
409,0,
0,
257,731,0,
197,718,0,
129,0,
0,
359,87,0,
30,790,0,
328,42,0,
0,
167,0,
27,475,0,
85,0,
705,114,596,617,0,
252,0,
0,
230,0,
341,0,
786,0,
156,278,0,
553,0,
264,0,
668,0,
133,0,
0,
0,
729,562,182,0,
358,719,0,
0,
77,15,0,
0,
522,0,
0,
698,134,0,
69,0,
607,0,
168,479,0,
604,0,
571,637,0,
0,
0,
325,0,
550,0,
0,
0,
0,
265,539,118,0,
75,0,
219,0,
403,0,
767,0,
51,0,
272,0,
430,0,
348,789,519,0,
0,
294,0,
583,0,
366,23,0,
0,
215,0,
0,
741,0,
760,0,
459,0,
193,347,0,
0,
227,0,
48,0,
704,697,0,
198,0,
0,
754,0,
0,
680,0,
547,749,0,
695,0,
237,0,
99,0,
675,0,
343,0,
580,0,
0,
275,0,
0,
74,166,0,
0,
0,
0,
0,
0,
160,739,0,
751,0,
72,0,
0,
0,
258,0,
0,
162,334,0,
708,0,
203,509,723,0,
690,67,0,
218,725,0,
0,
312,0,
527,0,
0,
259,0,
778,691,335,0,
659,0,
157,0,
614,0,
758,511,0,
0,
0,
0,
0,
292,0,
0,
458,0,
0,
0,
116,253,0,
411,735,0,
576,22,0,
505,180,0,
563,0,
714,0,
435,0,
0,
759,0,
538,93,0,
147,0,
472,0,
295,0,
0,
229,0,
561,0,
109,279,0,
0,
785,0,
0,
0,
476,549,0,
660,0,
0,
586,251,0,
121,0,
0,
273,135,0,
326,0,
734,0,
363,0,
226,431,0,
598,0,
481,0,
732,0,
0,
404,0,
176,0,
0,
187,0,
357,0,
625,423,0,
0,
661,0,
33,605,0,
0,
631,0,
492,0,
344,0,
0,
316,0,
742,0,
650,0,
0,
0,
0,
417,380,0,
323,0,
0,
542,0,
80,13,0,
146,495,0,
489,0,
0,
386,0,
270,0,
673,0,
360,722,274,0,
256,0,
254,0,
0,
124,0,
0,
0,
0,
373,0,
491,0,
0,
692,0,
0,
633,0,
308,0,
362,0,
528,444,0,
186,26,0,
439,0,
0,
149,0,
0,
34,0,
0,
696,321,0,
2,319,327,0,
199,0,
371,0,
592,0,
0,
584,83,0,
546,0,
448,573,0,
648,266,531,0,
28,0,
337,0,
490,0,
145,622,0,
399,0,
282,6,183,0,
296,0,
426,0,
0,
768,0,
0,
318,0,
0,
0,
49,364,557,0,
681,127,0,
515,774,0,
374,0,
644,277,271,0,
432,642,499,0,
289,0,
635,0,
0,
211,0,
776,0,
291,0,
293,0,
0,
232,0,
144,0,
552,585,0,
288,297,59,12,0,
10,477,694,0,
0,
0,
567,0,
261,0,
170,446,0,
113,471,0,
262,0,
717,0,
568,220,0,
0,
390,0,
142,0,
90,255,0,
0,
753,0,
0,
636,556,0,
0,
513,449,0,
769,125,0,
263,0,
486,0,
416,0,
529,503,0,
679,0,
0,
530,733,0,
0,
0,
0,
0,
317,0,
152,388,0,
419,0,
611,0,
306,0,
545,0,
670,228,686,0,
96,320,724,0,
0,
425,123,0,
793,0,
105,0,
244,110,0,
744,453,0,
610,0,
493,0,
39,0,
212,445,0,
506,0,
47,0,
202,0,
595,0,
163,0,
482,0,
0,
0,
534,0,
770,0,
62,0,
544,111,0,
214,191,0,
494,0,
0,
336,322,0,
645,0,
175,0,
0,
0,
0,
0,
652,0,
140,0,
674,0,
0,
246,0,
0,
755,0,
333,0,
0,
188,165,0,
0,
0,
0,
376,158,407,0,
762,0,
507,0,
236,0,
422,0,
76,0,
130,0,
233,339,0,
737,0,
455,0,
192,0,
740,78,0,
0,
730,394,0,
0,
710,0,
0,
267,771,0,
535,0,
178,0,
137,0,
525,0,
0,
153,311,0,
548,0,
575,0,
613,0,
600,0,
473,221,0,
624,779,0,
0,
784,0,
706,711,0,
0,
657,194,0,
0,
0,
0,
0,
683,0,
0,
555,0,
0,
532,0,
55,0,
0,
634,38,0,
0,
777,783,0,
701,0,
0,
0,
541,0,
139,0,
309,0,
0,
117,0,
395,0,
0,
651,0,
619,420,0,
369,0,
287,0,
757,0,
414,0,
626,0,
412,0,
464,0,
629,0,
268,0,
638,0,
715,0,
0,
368,0,
61,0,
669,0,
463,0,
514,340,0,
456,82,0,
196,606,0,
0,
0,
0,
299,693,0,
396,524,0,
438,0,
465,0,
579,0,
103,0,
155,0,
0,
0,
0,
0,
0,
204,0,
185,0,
385,0,
331,0,
428,589,510,0,
0,
243,53,0,
0,
520,0,
687,0,
747,0,
0,
0,
370,703,0,
712,0,
210,756,0,
338,0,
599,0,
564,0,
627,0,
415,0,
276,0,
290,0,
0,
736,746,0,
0,
630,0,
402,0,
0,
401,462,0,
0,
773,0,
310,0,
620,0,
748,0,
533,0,
496,46,0,
653,0,
104,0,
0,
0,
0,
0,
108,0,
128,70,0,
0,
0,
0,
418,0,
387,0,
247,0,
588,0,
330,0,
720,0,
150,0,
641,260,0,
612,0,
0,
0,
106,356,213,0,
707,0,
656,523,0,
138,501,0,
0,
436,0,
487,0,
60,0,
29,79,0,
148,0,
424,0,
173,0,
0,
0,
502,0,
154,0,
0,
478,0,
248,516,0,
460,469,0,
0,
101,0,
346,0,
745,0,
632,0,
0,
0,
73,554,788,41,0,
92,0,
0,
0,
781,0,
21,0,
721,283,0,
0,
241,0,
0,
379,0,
0,
52,0,
0,
0,
410,484,405,0,
0,
225,250,0,
0,
0,
0,
569,0,
112,497,0,
391,0,
384,0,
300,0,
0,
709,0,
32,14,0,
0,
450,0,
0,
0,
0,
269,0,
791,0,
94,207,0,
352,298,238,0,
88,0,
37,0,
0,
483,189,0,
688,0,
171,0,
164,0,
0,
639,0,
537,0,
0,
0,
0,
0,
504,0,
355,0,
500,0,
560,616,0,
602,0,
0,
0,
98,676,726,0,
169,0,
324,772,0,
440,0,
372,31,0,
0,
738,0,
383,0,
304,671,0,
115,0,
727,0,
0,
543,0,
536,0,
566,0,
728,0,
126,231,0,
666,0,
628,0,
0,
0,
0,
421,0,
658,0,
0,
0,
0,
365,389,0,
570,0,
224,0,
5,45,0,
780,0,
765,0,
646,591,0,
208,0,
0,
667,662,0,
392,0,
574,0,
433,0,
131,0,
284,526,0,
0,
0,
65,0,
205,0,
349,0,
0,
682,0,
0,
457,0,
577,521,0,
0,
699,0,
375,223,0,
0,
427,0,
677,0,
518,0,
0,
354,332,302,0,
0,
623,0,
179,0,
245,0,
8,71,0,
608,750,0,
0,
517,0,
0,
0,
434,655,0,
468,685,0,
672,0,
0,
0,
174,0,
442,0,
713,43,0,
466,743,0,
0,
582,0,
107,684,0,
132,565,0,
89,102,0,
470,0,
454,95,0,
0,
664,0,
761,603,0,
590,0,
200,54,0,
0,
474,0,
0,
593,587,0,
0,
0,
0,
572,413,0,
234,0,
766,0,
480,0,
597,0,
7,0,
621,0,
451,0,
398,0,
763,0,
408,201,0,
702,0,
558,0,
307,0,
0,
0,
305,0,
361,498,0,
240,0,
190,0,
0,
345,0,
280,143,0,
0,
787,0,
0,
437,0,
217,0,
594,0,
181,0,
443,0,
0,
136,0,
452,559,0,
285,0,
485,678,0,
397,0,
0,
601,0,
752,775,0,
381,367,0,
119,0,
0,
0,
81,222,0,
488,0,
0,
141,0,
578,0,
640,57,315,0,
429,159,0,
0,
235,0,
66,301,151,0,
447,0,
551,0,
