3,420,6,490,479,0,
383,0,
458,0,
144,569,356,38,0,
14,0,
473,483,460,0,
143,209,629,239,0,
417,267,319,0,
231,0,
0,
0,
37,749,0,
10,0,
0,
159,0,
9,0,
411,0,
0,
0,
0,
0,
376,0,
425,325,0,
124,28,71,0,
32,0,
475,691,0,
0,
693,0,
72,650,0,
70,111,0,
20,0,
17,717,0,
0,
696,0,
412,0,
50,283,596,0,
0,
342,0,
754,725,359,0,
0,
0,
437,0,
392,468,301,0,
734,278,0,
541,0,
56,510,0,
746,0,
0,
352,526,615,0,
59,638,0,
792,4,0,
0,
226,277,0,
0,
245,0,
117,0,
378,0,
708,0,
183,0,
769,766,0,
114,0,
465,0,
595,0,
683,147,0,
41,374,0,
51,0,
561,0,
55,0,
434,0,
645,0,
636,0,
258,0,
661,0,
229,0,
129,588,0,
318,0,
474,0,
0,
146,27,0,
478,0,
98,0,
295,0,
214,0,
0,
450,0,
97,0,
0,
264,0,
429,0,
0,
363,550,0,
18,579,0,
0,
54,217,534,0,
11,533,0,
731,0,
432,82,0,
0,
0,
680,0,
477,0,
0,
736,517,0,
0,
0,
543,0,
509,750,0,
0,
39,0,
0,
275,670,0,
664,402,0,
440,414,0,
407,727,0,
85,639,0,
0,
0,
0,
29,316,637,0,
466,0,
560,227,0,
333,0,
445,0,
0,
672,244,0,
77,0,
0,
552,0,
511,0,
112,732,0,
0,
89,0,
0,
335,0,
724,0,
430,0,
705,0,
33,0,
454,0,
197,0,
684,767,0,
0,
90,188,0,
410,748,110,0,
573,142,351,0,
609,740,0,
83,0,
568,0,
170,634,0,
43,687,0,
338,101,0,
787,150,0,
0,
202,0,
0,
481,0,
624,0,
218,91,381,0,
0,
0,
156,0,
751,0,
279,287,0,
0,
125,0,
0,
521,0,
0,
689,771,0,
238,0,
232,175,0,
0,
590,0,
0,
501,0,
719,0,
332,0,
0,
655,0,
545,347,0,
80,0,
582,0,
0,
0,
346,422,0,
0,
34,69,0,
0,
200,640,0,
0,
0,
0,
131,0,
617,0,
610,757,0,
196,0,
0,
107,0,
423,0,
66,654,0,
681,87,0,
189,0,
0,
0,
177,0,
675,695,0,
0,
485,447,0,
540,0,
78,179,493,630,0,
632,0,
274,0,
0,
716,0,
0,
265,0,
176,0,
699,0,
139,0,
0,
0,
467,0,
380,0,
198,0,
660,0,
153,0,
326,782,0,
737,0,
168,0,
165,0,
74,0,
24,0,
391,0,
0,
575,0,
0,
0,
0,
0,
706,157,559,0,
0,
0,
0,
0,
182,0,
248,0,
201,0,
0,
185,0,
213,0,
608,0,
0,
0,
350,0,
0,
530,398,0,
388,0,
67,694,0,
446,0,
304,0,
641,0,
0,
532,0,
0,
0,
443,0,
729,663,0,
48,524,294,0,
539,0,
424,0,
426,0,
163,0,
723,0,
0,
0,
701,0,
401,0,
397,0,
653,0,
0,
57,428,0,
154,0,
0,
665,0,
243,0,
762,459,0,
128,713,0,
320,0,
0,
743,0,
8,581,0,
441,0,
0,
100,0,
785,357,0,
0,
261,0,
31,0,
742,271,0,
330,394,0,
152,0,
75,764,0,
253,0,
455,0,
247,0,
759,0,
0,
266,567,0,
0,
0,
0,
395,0,
250,607,0,
0,
0,
0,
73,137,0,
0,
337,0,
140,52,151,0,
0,
0,
449,0,
58,0,
711,0,
500,0,
413,606,0,
358,0,
484,0,
259,527,0,
178,0,
256,0,
0,
0,
0,
0,
515,0,
537,0,
671,0,
99,60,0,
0,
0,
399,0,
577,0,
0,
0,
362,0,
669,0,
134,0,
0,
0,
49,457,0,
586,323,0,
370,0,
0,
601,667,0,
480,364,631,0,
656,106,0,
0,
433,499,788,0,
0,
0,
360,0,
76,0,
462,790,0,
403,0,
504,0,
0,
507,0,
336,160,0,
518,0,
436,0,
225,604,68,0,
415,0,
309,0,
476,246,0,
379,0,
240,0,
0,
0,
334,0,
486,0,
516,0,
36,0,
252,0,
396,0,
0,
416,0,
0,
308,0,
531,0,
0,
390,79,0,
0,
704,284,0,
0,
0,
547,0,
269,519,0,
0,
625,0,
191,0,
123,0,
104,0,
322,254,0,
733,0,
288,674,679,0,
496,0,
780,0,
0,
744,714,735,0,
47,0,
0,
400,0,
692,0,
779,0,
0,
339,299,0,
0,
0,
584,23,583,63,0,
237,0,
385,0,
387,0,
651,0,
730,0,
763,0,
0,
0,
557,0,
673,0,
0,
40,0,
64,21,0,
166,0,
419,0,
770,0,
0,
169,642,0,
280,355,45,0,
130,0,
0,
0,
0,
0,
212,0,
0,
366,0,
666,0,
109,0,
760,0,
0,
662,0,
1,108,0,
384,0,
0,
0,
46,95,0,
0,
222,0,
348,44,0,
690,0,
600,312,789,0,
772,0,
745,773,0,
0,
512,0,
0,
138,0,
272,2,0,
126,0,
0,
0,
463,135,0,
0,
456,0,
181,0,
321,0,
613,0,
626,35,93,118,0,
84,174,791,0,
775,0,
618,0,
221,0,
0,
461,0,
0,
241,0,
491,0,
572,0,
720,497,698,7,0,
92,0,
0,
81,25,404,0,
703,0,
0,
513,0,
42,372,94,0,
777,0,
249,206,0,
597,0,
368,668,0,
314,0,
0,
0,
612,0,
0,
0,
558,0,
633,0,
173,0,
700,0,
0,
393,0,
628,0,
340,0,
0,
555,0,
0,
224,208,0,
598,0,
361,0,
317,0,
482,758,0,
184,781,199,0,
0,
448,697,0,
344,0,
0,
442,0,
293,375,0,
451,0,
768,0,
488,0,
536,16,230,0,
0,
88,343,0,
0,
0,
0,
529,644,0,
0,
210,0,
556,0,
747,0,
377,354,0,
418,0,
587,0,
712,678,0,
161,0,
263,0,
520,0,
761,0,
53,0,
0,
233,0,
535,0,
464,0,
0,
223,0,
514,452,0,
310,0,
373,0,
784,0,
341,0,
576,0,
345,0,
260,62,0,
158,0,
148,5,406,0,
0,
194,122,591,0,
0,
435,15,0,
13,0,
0,
0,
409,0,
623,0,
268,0,
635,0,
19,0,
0,
297,186,149,0,
741,285,0,
0,
603,0,
0,
331,0,
444,0,
0,
489,0,
0,
145,574,0,
282,0,
0,
204,119,0,
0,
544,783,0,
0,
643,438,0,
86,0,
0,
0,
522,0,
0,
389,0,
281,0,
677,0,
302,0,
525,0,
171,0,
0,
502,0,
0,
405,127,0,
566,0,
471,0,
755,0,
506,0,
627,0,
289,0,
0,
0,
0,
0,
120,113,0,
0,
710,0,
180,324,453,0,
307,571,12,0,
257,649,594,0,
715,0,
132,0,
793,22,0,
702,0,
0,
96,61,0,
778,133,0,
472,0,
421,0,
0,
0,
193,0,
0,
0,
291,0,
589,0,
0,
216,365,0,
190,0,
242,0,
0,
0,
794,0,
0,
236,0,
685,141,0,
562,0,
548,0,
431,0,
0,
492,0,
0,
427,0,
251,382,0,
220,0,
652,0,
614,0,
470,0,
164,0,
786,0,
494,0,
0,
276,0,
563,0,
155,0,
273,0,
620,0,
65,0,
303,0,
570,0,
538,0,
551,0,
286,0,
408,508,0,
554,0,
26,300,0,
585,0,
765,0,
0,
0,
0,
0,
105,621,0,
219,0,
0,
136,0,
593,498,255,0,
722,0,
0,
203,0,
0,
0,
327,0,
0,
658,234,0,
647,0,
0,
0,
0,
315,0,
528,0,
682,564,0,
371,0,
776,0,
0,
313,0,
0,
386,0,
290,469,439,0,
306,0,
718,0,
0,
0,
296,739,0,
580,549,686,0,
328,0,
659,676,0,
367,0,
0,
103,0,
487,0,
0,
0,
707,0,
709,0,
619,0,
0,
187,116,0,
311,0,
728,657,0,
602,0,
622,0,
172,167,0,
648,0,
0,
0,
162,523,542,0,
553,0,
262,0,
0,
0,
774,0,
753,611,228,0,
546,0,
0,
292,0,
215,0,
0,
578,0,
0,
688,0,
235,0,
505,0,
0,
605,0,
270,0,
0,
756,0,
752,0,
211,503,0,
592,0,
495,0,
195,0,
0,
0,
349,0,
305,0,
0,
599,0,
121,646,0,
721,298,0,
565,0,
0,
115,0,
0,
102,726,0,
192,369,0,
353,207,0,
329,205,0,
616,0,
30,0,
0,
738,0,
