137,235,53,670,0,
177,3,0,
63,0,
288,0,
108,157,0,
51,406,15,0,
50,134,0,
647,0,
0,
0,
253,0,
420,4,546,0,
477,0,
59,30,0,
438,0,
9,0,
17,14,0,
562,149,31,0,
536,78,0,
514,437,0,
28,0,
33,452,334,0,
138,766,0,
0,
0,
686,0,
192,0,
0,
141,0,
136,538,342,0,
48,598,0,
117,583,0,
0,
595,262,0,
663,223,0,
213,233,277,0,
93,214,0,
709,167,0,
151,0,
0,
99,0,
13,620,61,0,
0,
0,
231,0,
92,439,0,
0,
42,0,
720,697,0,
0,
199,0,
23,0,
225,658,0,
761,730,395,126,0,
453,45,0,
625,563,0,
0,
341,0,
0,
18,572,0,
160,0,
68,327,0,
344,559,0,
0,
541,0,
360,726,71,0,
488,186,381,0,
0,
594,0,
87,0,
0,
512,413,0,
751,0,
769,790,0,
0,
549,567,0,
0,
678,623,0,
274,98,0,
0,
324,0,
753,85,0,
653,0,
0,
0,
162,20,0,
196,0,
105,0,
0,
794,230,0,
629,0,
0,
232,0,
145,0,
0,
522,0,
95,0,
161,399,0,
0,
388,0,
72,407,0,
0,
374,0,
784,0,
249,0,
0,
642,0,
168,0,
571,564,5,0,
350,0,
100,54,0,
0,
430,0,
239,0,
210,0,
537,0,
67,47,0,
638,0,
408,0,
456,0,
0,
464,0,
476,205,0,
112,732,0,
757,0,
158,0,
363,203,348,0,
0,
146,565,0,
0,
97,86,0,
307,0,
611,309,0,
89,75,220,0,
0,
56,0,
705,628,0,
41,212,221,535,0,
736,0,
337,0,
0,
0,
454,0,
622,0,
465,0,
357,0,
494,575,0,
0,
268,118,0,
492,0,
787,0,
415,0,
703,0,
306,0,
280,0,
313,0,
0,
152,163,21,190,0,
156,0,
339,0,
70,0,
772,311,0,
747,365,0,
34,110,0,
665,0,
0,
201,0,
0,
669,0,
0,
0,
106,635,0,
259,0,
710,0,
289,527,0,
121,115,0,
582,0,
140,0,
297,0,
467,558,0,
412,0,
184,0,
209,226,0,
84,0,
170,0,
774,0,
792,656,0,
298,0,
0,
731,0,
737,410,0,
217,0,
139,0,
0,
281,0,
0,
169,0,
0,
513,270,0,
0,
445,0,
216,793,0,
293,0,
329,580,0,
604,0,
435,755,0,
0,
624,187,0,
634,671,0,
683,0,
234,0,
493,0,
600,434,392,0,
142,183,0,
245,0,
0,
574,0,
0,
593,83,0,
640,599,0,
666,166,0,
391,480,335,0,
164,0,
104,427,0,
82,0,
255,0,
778,684,0,
0,
0,
58,0,
404,0,
0,
0,
32,12,0,
0,
65,266,11,29,0,
528,676,0,
301,0,
577,770,0,
369,0,
0,
606,0,
76,0,
418,0,
0,
644,0,
0,
0,
0,
436,0,
269,0,
0,
510,0,
0,
0,
0,
498,0,
429,0,
568,0,
346,119,0,
520,0,
120,0,
373,0,
0,
532,0,
630,0,
657,179,548,0,
0,
641,0,
0,
501,0,
643,0,
338,531,0,
0,
241,0,
0,
349,0,
10,581,0,
759,0,
0,
91,0,
592,0,
251,0,
0,
0,
557,383,0,
305,0,
261,0,
0,
717,0,
94,0,
0,
0,
0,
207,0,
312,0,
613,591,0,
490,0,
111,0,
499,0,
677,0,
0,
148,175,0,
242,0,
0,
275,0,
621,0,
734,0,
8,0,
340,0,
783,0,
257,566,0,
0,
444,0,
440,248,0,
103,0,
725,0,
0,
0,
426,0,
484,0,
291,0,
0,
379,0,
0,
442,0,
328,579,0,
204,0,
791,0,
515,0,
668,316,0,
449,0,
0,
651,0,
44,292,0,
457,695,0,
202,0,
0,
318,0,
414,0,
400,0,
0,
502,0,
284,0,
389,0,
0,
626,0,
377,314,0,
2,0,
0,
610,0,
0,
218,26,0,
500,0,
682,0,
64,122,0,
246,0,
0,
0,
763,0,
25,411,0,
193,0,
321,0,
708,551,0,
473,0,
0,
789,0,
0,
690,173,0,
693,0,
343,0,
716,0,
0,
637,0,
0,
0,
749,0,
0,
0,
636,0,
0,
208,451,463,0,
0,
393,0,
733,0,
79,0,
722,0,
590,0,
0,
0,
172,775,0,
530,702,0,
200,486,0,
589,0,
0,
390,171,302,0,
416,0,
585,0,
740,0,
401,396,0,
0,
523,0,
534,0,
0,
471,0,
526,0,
43,0,
650,0,
0,
0,
303,0,
728,0,
188,0,
659,0,
90,0,
0,
403,0,
460,0,
521,0,
69,0,
81,49,0,
609,739,0,
0,
0,
664,0,
0,
215,0,
247,0,
0,
0,
0,
130,77,421,0,
673,290,0,
0,
569,762,0,
0,
0,
359,0,
211,39,0,
0,
0,
764,0,
0,
619,0,
0,
556,0,
645,0,
153,0,
394,0,
0,
260,735,0,
680,470,0,
96,36,0,
109,685,0,
0,
648,0,
143,0,
362,180,0,
0,
0,
323,0,
129,0,
588,0,
779,0,
0,
178,154,0,
0,
424,0,
361,0,
227,0,
0,
0,
714,0,
0,
602,0,
719,0,
545,785,0,
254,0,
608,0,
0,
461,367,0,
376,777,0,
0,
276,0,
0,
0,
561,0,
661,614,238,0,
330,652,0,
0,
0,
0,
243,0,
0,
0,
409,0,
0,
560,0,
0,
752,0,
332,0,
482,0,
198,0,
333,295,0,
0,
0,
773,0,
748,0,
256,570,0,
607,0,
0,
147,0,
768,0,
466,0,
128,107,0,
176,667,0,
0,
489,0,
345,0,
0,
165,0,
0,
0,
283,0,
506,631,0,
533,0,
0,
384,0,
760,0,
244,0,
144,286,0,
0,
743,0,
0,
0,
1,771,52,0,
113,0,
754,0,
603,326,0,
0,
267,0,
617,265,0,
649,0,
0,
0,
402,0,
16,675,0,
587,0,
299,767,0,
672,0,
351,0,
612,0,
0,
724,60,0,
576,0,
674,159,0,
331,0,
0,
263,0,
0,
729,0,
250,0,
715,125,0,
596,366,0,
781,38,287,0,
525,0,
322,0,
654,0,
0,
699,278,0,
504,0,
432,123,419,0,
240,40,0,
0,
0,
0,
317,0,
529,0,
353,478,0,
639,0,
19,355,0,
7,0,
0,
698,0,
0,
0,
0,
552,0,
405,0,
458,0,
662,0,
219,189,0,
88,0,
370,0,
358,0,
325,0,
742,0,
707,0,
73,62,0,
750,0,
285,182,0,
0,
0,
101,509,0,
0,
0,
0,
0,
573,0,
578,0,
0,
765,0,
0,
741,0,
319,0,
386,0,
687,0,
448,0,
0,
491,0,
627,555,0,
0,
0,
272,0,
354,0,
483,655,0,
282,0,
352,135,0,
696,294,0,
0,
701,0,
150,0,
485,0,
336,185,0,
356,503,0,
688,0,
479,0,
0,
0,
786,0,
0,
700,0,
197,0,
0,
0,
0,
788,0,
0,
0,
0,
459,0,
0,
155,0,
605,0,
0,
320,279,0,
475,487,0,
554,22,0,
236,0,
0,
0,
706,447,0,
0,
712,114,0,
304,0,
0,
744,0,
632,738,0,
347,507,0,
425,0,
66,35,133,431,0,
756,0,
692,0,
0,
462,0,
0,
441,0,
776,0,
181,0,
378,0,
508,0,
660,0,
0,
397,0,
540,0,
428,0,
780,37,0,
0,
258,0,
296,597,0,
46,0,
0,
382,0,
0,
124,0,
300,0,
782,0,
132,0,
364,0,
586,271,0,
495,0,
0,
375,0,
27,0,
519,0,
264,450,0,
547,469,0,
224,713,0,
24,0,
0,
0,
745,0,
371,0,
385,102,0,
691,0,
0,
0,
542,0,
646,550,0,
472,0,
694,0,
601,0,
496,0,
0,
539,0,
0,
689,387,0,
0,
0,
0,
553,116,55,0,
746,0,
0,
0,
127,0,
131,191,0,
80,315,0,
229,0,
0,
468,718,0,
0,
681,0,
544,0,
505,0,
0,
0,
206,0,
0,
422,0,
618,0,
0,
195,0,
372,0,
474,0,
517,222,0,
252,0,
584,0,
0,
0,
446,0,
0,
368,524,6,0,
616,0,
273,0,
758,0,
543,0,
633,194,0,
481,174,0,
679,0,
0,
511,0,
443,308,0,
398,615,0,
518,0,
310,0,
57,0,
516,0,
455,0,
497,0,
0,
704,0,
74,237,0,
228,0,
0,
0,
721,0,
723,0,
423,0,
433,0,
0,
711,0,
0,
417,0,
727,0,
380,0,
