3.5,3.5
3.381348363294398,2.8640787750009222
3.057108064700812,3.501264304287412
2.4676463591435827,3.765278311668773
2.8447011204416857,2.443825907523461
4.065228015577339,4.044409170506627
3.8971082366110776,4.472299798147392
2.379390090847231,1.6210505660346208
2.9614243500944557,3.01321225257283
2.6441710049982126,1.3776619716505882
4.21125323576667,5.2490976399674745
3.480735054118686,4.015993388151875
3.8298440369677094,2.548223169121199
3.137245560328514,1.8211471032469475
1.7279237584556206,3.283382956028369
2.485000223363766,2.178923598266072
1.274837688260896,3.6304286809320128
0.6794431044065993,4.241257244661953
4.511473353338613,3.8122929272628254
1.8648625272433392,2.194922067220916
3.8707421979391756,2.209673389258398
0.1847061310154834,4.676709708184717
1.6953898000200938,3.0819498925328483
4.847590114191813,4.506652741533886
2.0048285839557556,2.3858119510902793
1.2445604183595318,1.7849422911526287
1.5918949172088324,3.0036627768472886
1.6502859539664232,3.154727142181881
3.970247732973819,3.3702237565687754
4.282309773954462,5.610177448128956
1.05571129148104,4.956405780145784
2.382869274091716,3.90124515961888
2.2973476374373827,4.413407529440641
2.214253592267076,2.5817562251144732
0.09125424338117927,3.5024627246492788
0.8674887477584834,5.6850842320145585
0.6332221133194708,1.0656620596893571
2.43785223742926,4.122898281158668
0.1404580045680568,2.59440618402395
0.5353691725564793,6.103800858858199
4.0546964066093,3.47226729425226
0.011646164617267307,6.057462813795356
0.9055901649779474,1.800160340607647
4.726062941346771,5.117703873257886
1.1270119560383667,3.580396114753544
2.4087447675254556,1.862801651827672
2.2432290847002414,3.7218535541076783
2.544872522199349,4.86023727268167
1.7115479687862099,2.657661537255567
0.3648507078524136,0.3118308384704105
4.211028422308049,4.473649301600074
0.8903770012458966,6.214892919652225
0.11248608332237575,3.400749421549965
1.1777626651233501,0.48472718888609223
4.561617302766197,6.001773687684816
1.8793848422702895,4.077430768565663
0.10163167166064346,3.3011967516534875
3.116273370708951,1.0195827258299939
5.476598428051609,6.347410507102896
5.37919572944625,4.937520970635884
4.690049857682931,2.976914856932162
0.28393606279913175,1.0256205874128104
1.2969649058797477,4.265179532546439
2.6181929993529782,2.3002621619867343
4.139884900896541,6.8142829888652
2.751128990283599,1.791160394066957
4.921689744686394,2.5023543083501067
3.5082030212890727,1.975728960053781
3.623168897050465,3.313051670613866
3.2893878135451473,3.9930950714529314
2.4778924568783127,3.62313381937015
2.0293184210973148,0.11738904062391664
3.3626910663022582,6.2886124130738095
0.21636433958472412,4.118989844570935
3.539184791992114,3.6504754382077245
4.51418945151873,5.073218097692582
4.01342145119456,2.0361991601467992
2.6533521891698535,5.7469000474449965
3.6970739742429384,4.25645882212023
0.16361199066965726,4.322580270811476
3.014951374193636,1.6653688988822717
0.21060575904847334,4.165453584140164
0.33128822225602483,3.6022540441066804
4.237493878339888,4.445365319517176
2.2552202836674984,0.9322061229183846
2.3805168770815057,3.6818342014826166
3.5894373796708265,5.894286156527046
2.51066690267886,4.725881250419802
1.3121328005179766,6.133877320776978
4.057741473888835,4.946222031734948
3.9914584274760148,6.305475112795083
5.299261227154893,2.141243724089067
4.008005376937617,1.4067699931956534
2.0003292440597233,2.986088590900029
1.9460912539991404,1.8003221321653644
2.143632043824811,0.6730468471323509
1.0236510747874834,3.5176183319829057
3.8309472958686803,4.463514213127962
3.5880201228887527,5.170443079965979
6.123056555283813,2.004349271152136
1.9162195406080609,5.869137846869287
1.3761293676240949,0.8859177537275198
4.023212384845696,5.411625491430711
3.2748681331643534,6.156416776308072
4.685327447028914,4.358208283607189
0.9359019128859922,3.329869755909615
4.352349766705717,0.8733646568451935
0.6859862085775468,5.348765474629291
5.247127139663371,1.072313919439167
4.160105587583321,3.5221595484140686
3.9606649722753184,2.5525418538981586
3.8847334962492908,6.045775039911084
5.701013466327528,6.16224079560629
4.617086733804515,2.633223010847021
3.7394617796562937,0.996369643134385
4.832925811150621,1.1733845762950734
0.7716133574536334,4.86782197939464
4.976582015335698,3.5258365573852957
2.8725691606636574,4.7930203913186
4.901217467050489,4.7725176804307985
2.3093955455802755,5.995280689865071
3.548824738222528,3.58843259147086
2.249394400591868,3.1712916944883722
0.8279921984387265,0.44253427895068875
5.518856047464616,3.761211586022588
1.0384478156236787,0.8645972683521151
1.2944383586750863,2.529095028415851
0.478942090896296,0.45041161146128095
5.824444147819097,6.849612881614102
6.050505013507951,4.203183011831999
6.123174350964971,2.9342541002316525
3.246959898524841,3.5318451988246764
0.35386907303806914,6.516698895289074
6.6581927379094745,4.552797686697485
3.4038375941687207,4.921249600252038
6.638497882506055,6.793039160158091
2.6309779867874896,0.23164855036107102
1.0341386460923498,4.679271999646706
2.1188060047710566,0.08042648621424553
5.256792367841631,4.69871679845335
2.2721850038677758,0.811927384182502
0.8801152463972558,4.7408863672452695
0.13568667316044136,5.276708234108455
4.224083428333271,6.569061810915413
1.256461623953348,4.20715908828629
6.2465042587406865,6.122724273197589
6.567521256462095,4.6002335101521545
1.8846718766382962,2.883956786115233
3.5334661991963356,6.362820111998517
4.873400154603219,3.4215436429210637
2.505930814856977,5.978532731665365
2.106727041466002,5.705666966985554
5.930257345749012,5.1180523517600225
0.2233070830605205,0.22451548825938838
2.142972793137858,0.36488623095757733
2.3441122264722036,6.002029474101009
0.18262892508199036,3.0069353706303197
1.1235762479071254,1.3268291117823203
2.527097039836663,2.7811090748893887
6.923787747553933,5.225136480869846
0.37643723264622464,2.8728297396959275
0.023114570082814034,1.8702117702728478
5.3428028083859305,6.489212321976399
2.864099015228117,0.9090878907070771
5.707170895421538,5.928377195704383
2.4207120350703475,2.8405969227021575
4.008597810107929,0.8994411380446312
0.2951097862945843,2.7735958931691616
0.7958974640623395,5.997993374711182
0.6800587332847733,1.2998144707961563
0.04083097293183102,2.5173082596634075
2.3847850735163925,2.2238022931854537
0.5789639420197663,3.3373819587580593
6.155824301244296,2.3943358808998063
2.198199479101829,0.5603343861722572
2.3668103510758525,6.634136830549224
6.872066888158495,5.642363457653724
3.8718571498205105,2.165991759535131
2.913754563828655,1.8397953903427284
5.245760272419344,4.734528144855382
0.8651331159033309,1.6234686975339887
3.450721613089449,1.6719650660418228
3.2516925013421565,4.191386252038742
4.435125039716558,2.681167243425717
3.131797197949752,3.618283111942149
0.06009302472511846,3.1990220301725336
1.9498050258646005,1.0669470821911298
0.4207899037047238,4.379743017518063
4.443525864414083,0.367315596394325
2.501615986863156,3.7429184835652354
6.3572385512238405,4.988265454120244
5.148428434673959,5.878066255015735
0.09814107132693817,3.136051657257747
4.4582278128268005,6.587193844034046
3.379528729528281,3.6100876534019424
5.681737995680264,5.047456430138052
0.39015345188907113,0.7467563820347295
3.7238420469464812,6.531394514888987
5.760126794118096,2.64250369051034
4.32665668715452,1.2130128761026313
1.4539812180414975,5.091728889521367
4.900388611521475,4.119530418200631
1.3816916633800467,3.284798360974842
0.8779413593760578,0.9633098583420922
0.26089858098517005,2.19890556833241
3.94367470082641,4.550141762586421
6.781410392492613,3.6723514921402023
0.8094613928652283,5.83431812499725
6.830837504007556,5.972712310133799
4.747991947167178,3.165402221012258
4.454362202574121,3.199473529858844
1.943320090868949,2.883757274590219
6.8159313775724195,5.9639085468654045
4.85101787704431,3.9298972735939106
1.9543157125214843,3.2890879263537967
3.985422044138571,4.996280545750446
3.4286995002925997,3.8115463902746685
0.9991786290641301,0.2611719025687398
4.864348690337794,0.6625328095328687
1.013271062051568,4.558393835634251
2.5996482517489765,1.4311843953909007
3.654111872159011,4.16739011217425
4.8754295008622535,0.9610860447738122
5.401210647483168,3.9814387407262424
4.745551272416044,0.26118882585969794
1.098578010338123,2.6109640178630946
4.491114455851402,3.52158749784473
5.415795054827772,0.0018970427109095134
2.9623577954343636,6.040026220646418
6.2944018538961926,1.6264152586873935
1.2247607215158838,1.6416967118297743
3.3140417886148,4.263022831582474
3.718137354961354,1.4966074551027466
5.621773441938441,3.3236832457267553
1.3050617195436796,5.1524728004316325
1.5585235801092745,5.860994403417213
3.3682980252221313,2.0917466254083883
1.8770283572636082,3.5391900013122033
4.12120135910178,6.983996862252864
3.3045009951526234,6.241901963243212
1.1101217182253427,2.7976948728926
4.132301375020582,4.704483179780652
5.0022254813247615,3.8732148916394022
4.632730937037464,4.497420617194063
2.341343116668102,4.244651628334497
5.1924700502546255,5.511811588422213
2.877843544911217,3.2231648111132727
3.226923708965975,3.317732675255279
6.983450728305152,5.846124937472298
5.65667643419008,6.075765424344882
5.698149273681237,0.9743530391444076
6.556946671612141,2.2040805044559866
4.822230491347451,3.0215892308891155
2.84053647173255,4.488973948948396
6.462451126729069,0.4218906223473736
2.6266057767276836,1.9213459472141592
1.512655335394161,1.9411096285842173
5.920641880866402,4.597572515812343
6.259869541845371,5.428557796801902
5.174656387413163,2.0384631158209077
2.1322899174446897,0.9986589779579412
0.3726222332350524,2.2373174191911085
3.6729975096663816,2.6568522881857404
0.4752519474453135,0.8294627033909324
4.913280209641328,3.367578674132356
0.2716823006112875,0.5243719346771987
2.076797039653813,5.54946194456564
1.9294063759854283,3.0990970193377794
5.174374646877178,2.7846914839182624
4.0294376897314885,4.835002625024511
4.1486396738424265,4.425370102907008
1.8104805002134503,0.09024168550964495
1.7053893739923867,5.106931743552773
2.2265487219989324,2.984323837771813
2.015436755016159,4.864231470682756
0.5665742544431472,6.891845334487249
5.754976439800482,4.5839390915412705
6.154262053140178,4.031491676810508
2.5470853047550612,0.30955383486625665
1.2394177475522372,1.4280525176690095
4.402030802271556,1.5594506564299673
6.425246307487951,6.910294416410286
2.9203165453422915,0.9797368170586198
5.122016279052239,4.1559624954178
2.9392495017914246,0.5704714447913924
5.236296125848036,6.789230232747576
6.495257666950552,0.8239786397732662
6.7662446296637615,5.006057180559963
1.218519245844465,3.256159801079742
5.275758491085693,0.03730325624344111
2.1738924535119395,1.8573731585386284
1.6522313919747869,6.897569511045246
0.7304450998353368,1.3402385098635101
0.511977933072778,4.902494423571772
2.3153194465504807,3.941865771569771
1.6611801461128344,3.756602863889012
0.36991871180519087,6.232692236959821
4.665503440481127,3.304507916353865
6.565075823543624,5.760266350198636
6.5153397785184755,3.818916727329174
1.999483849705757,0.030638951749413557
2.6134951642598354,5.667393490666104
5.044132474274785,0.27764356306974824
5.283197508743587,3.3395528449452483
5.000560106224784,6.736314105098987
2.2946462224383026,3.2517179183877682
1.1640403657142078,0.2609535431723701
1.1601778860820877,5.308520987493813
6.7398637007282005,5.649548541929137
5.29787564527623,5.378333464339492
4.65503102268423,4.402406335180793
1.3240110263300204,3.5905938033862133
0.06270397949705919,1.5538183081286565
1.9056509267085375,3.513802204823854
4.588611094988247,6.012870814340192
3.117894118527369,6.39287986425915
4.5484557027398935,5.282568904667068
4.353655894918297,1.64162148777438
2.3357853767381838,1.3413804724872045
2.5039997429358927,1.511580340728646
6.9792544759799275,5.098046968426125
1.28374762315666,3.669581940657354
0.6898238449772139,0.6554216574660001
6.581013784521945,5.6158324834447315
0.4487671855599271,2.449742584344146
1.4356681049676614,2.3003970938708482
6.3216811514235225,4.3235820624627355
1.0463875497058677,0.08812679301623505
4.196976034738657,4.101558012157848
0.062199553677577124,6.023969049274407
4.36284787474891,6.925780386552175
0.5940166157056224,3.370642473016539
1.5760699602485082,5.789928936150883
1.996187844429893,0.24323933358267358
0.4469460503642638,4.496023681797676
1.285845861684452,0.7542951620405683
5.448377561419139,5.004605957933446
6.155421431038943,4.079646633845425
5.353397211997631,6.386912604379676
6.9879602233758265,1.1355759347426282
1.2230588172443762,2.4684327095704335
0.5381344614502214,6.364384303018211
1.3041592732966958,0.5940359260589824
3.143336347785116,1.196692655635117
1.1280434122393608,2.570782877251738
1.3155824041646322,2.3961537149228618
3.6226273145999714,0.7256704825593147
5.62111609145706,4.286204931688807
2.9138773345348485,4.966368487113353
3.634769430268266,4.1478200422525315
3.3585035082744135,4.282558514650289
1.2115269722877433,5.026884924071341
5.889833934101867,2.0375235762416324
0.9766550249274469,2.5120550589335293
0.35406257537618213,5.20297586432334
1.13658778742691,1.3574736413348178
3.996739605461915,3.557032461308795
5.328371137499156,5.5056442537926955
6.205739988866499,3.8746417253781007
1.4883032074229088,5.427263269072799
3.7887591613047897,0.30381489226599634
3.7889362385334917,4.810752081499123
1.162710769323315,0.4107335948338722
6.490147148134005,5.901891747787262
2.46975867440764,1.8657158812038572
2.420124458083561,5.573040807641201
1.7493570073538667,5.054245822686992
5.562039037479945,2.7882844300871374
5.789840573950019,0.8274448674827026
1.559175898985465,0.9774351177668483
2.868086558899867,4.951209670064146
3.863293300631493,1.5424122890722873
4.689829752248856,3.7687083273190107
2.9200389334953307,5.862275880706706
3.6103844327793855,1.3126604441896395
2.018749960759823,1.5354048827727127
3.803318071197637,4.369367613375603
5.680458417668473,6.935117125790978
1.275799440540978,1.1180764931516398
5.064785482402891,3.0311768905949172
4.4823056589911525,6.016550198644005
0.32108456905222305,5.357618208116908
5.087266150389815,0.6945337310565068
1.9276627995174294,3.524734699107119
2.8994258578480094,5.6987105072738675
4.109479525493175,3.131151827149604
5.232630242518935,0.7099860207416187
6.886441470636115,6.954788885065003
2.8416810070118976,2.438505017607214
4.1420209896313445,4.945139623848683
1.175999894656305,2.5870514481134235
3.228897421534584,5.766964769784456
3.1661091060494426,5.976801750833019
3.5971198492646055,3.2357477139698436
2.866417608329135,3.221390931761406
6.092721144829304,2.665349531859307
4.044610452222733,4.719779258959094
0.1110335362590873,2.7556751364953547
6.549630807369476,0.12033123283958391
2.1899652477048575,6.162946226124812
4.920443017645862,1.65597569820729
6.950556851906258,4.2345799910151065
4.8089941148236175,0.09527585857213894
6.0844138608636005,6.051241889243778
1.1410114422415845,4.109328487874441
5.506066191512973,4.420668455825121
0.7983249297942606,1.8885947090380615
6.503239234346318,4.727676792924684
0.04557988946678382,0.7140057580155427
1.1640066937559097,1.0428346973222908
4.0150771276345845,1.1325710259012605
3.1819933899673165,4.96547621151859
6.217620606195783,6.692026837986667
4.892871485584825,0.08749273155762605
5.081789331153944,5.537048273488318
6.126766518214028,1.7465352302515997
3.8319146891170455,5.891179876884279
3.5705362425751317,0.10061438410146584
3.437949211622155,6.815513322871228
2.0037021790919556,2.3794330677817976
1.7321196038291586,5.09136107174346
1.3526763738172343,1.4579934715301481
1.1043155224273158,2.5263454219069494
0.6144742224833527,1.8956581666948424
5.654995588277846,1.9942754525025939
4.271798904981569,2.7426385786393928
2.7316688346960802,1.5452373363443357
3.3799371271001597,2.0373097069539403
4.591133021718342,1.2041576193324142
6.658483941620125,4.5654131039412755
0.6696478148724816,0.6553273976327225
1.405093027082848,2.1283245564072693
0.6532790262007757,0.6684953004217855
5.879042995191098,2.038499177035467
6.581674516684349,4.238643362162086
5.550792018532209,6.016890424792143
6.270460435648811,2.149505345479668
4.06593027876022,5.737037017915947
0.7355771251916469,0.20232821010772062
3.492838724332445,1.8611796483835086
4.976014727564947,1.166887337257644
6.543188259381778,1.209709370191049
0.9445969764313994,6.064848142985824
2.324730999478425,5.2006631156330405
4.915541168204673,4.048059848753991
3.070395525139482,3.1047416388903413
5.337350549566976,4.044411659123176
0.8891930562123465,2.9957541513198436
5.980263303809679,4.9753489498634575
0.03717137730734943,3.251137786533772
3.5957152543428244,6.885895836038003
5.903463757611954,0.49370793545447544
3.9424800470084618,3.9040235649377237
2.7825320082852363,2.07870537086215
1.2279342167276537,4.1493012296063405
2.095528953311432,3.470216817378275
1.0437808393622652,0.7428184550909438
4.670988586713077,5.497122059602728
2.8099565366888335,5.886076369759999
2.5267751025357423,1.1286926173007028
4.937993036244855,1.6573119659202635
3.6325407957901557,0.1373232434948416
4.6280889550015365,5.488704808882958
0.7875585806954737,1.915111876036696
2.9316501344976285,6.925856971255849
6.268457334836931,6.337923827457708
6.642275598104527,2.8831847407818776
2.3538428023851625,5.98326043698052
4.643857882943797,4.151442677492021
3.473520599590388,1.5582614217640687
2.9761212384165345,2.6189197932141193
1.5088477407279783,3.94424075015215
3.4399579691793187,1.600900694842721
0.445130493461798,2.2578413182636443
3.061130386839954,4.933147338736242
5.401050816764272,4.244626528092226
6.124725485925422,4.636996051465686
5.436200421408811,5.70544997347963
6.116470122006468,2.5444003178062715
1.0229870618719907,0.9437991643972569
4.387105843734806,2.0243726828659874
6.759716542480818,0.7932674054369548
6.254329908334718,0.18373337540389345
1.0702469825476493,4.175538748297741
4.436432870001717,1.5175732750625244
1.1500690011623178,2.888939778725635
6.4234179252982635,4.502385109940252
6.222394710386608,4.726991044644083
2.2669820598825794,2.654509165188751
3.112971637567047,1.8343984102817639
5.577599586970861,4.885585465564902
6.2215330137697205,2.7699759025610264
1.3688719893371197,5.988428569438827
1.808458207510566,3.8222865657397103
6.551295864661036,4.178257043548253
1.6526823486807567,3.717608332422031
4.1927322819609865,6.44373357678863
4.056839494201341,6.756183298072674
1.776474087287479,4.442636216602221
6.142754598218881,2.5624875275989716
3.46558905807829,4.270390996848073
6.130940654841533,3.6693782505574886
1.9472518694358474,1.2076985577247443
3.7963719527470445,5.859302427413514
4.0282119877996125,6.923196122368651
2.853404056112997,0.944275536910648
3.636075182874573,5.991480772284966
0.6809712982563396,4.406562379087977
6.295738445992809,6.249752537197745
6.0115968850531445,0.8597143084438166
1.71253277729025,2.2899194672481924
0.7247586372088882,0.5926016966628341
0.7371354409934041,5.419167780744392
4.89790848827391,4.940295141263748
5.5773375647678085,4.630727300657986
6.383455672136175,6.772309601614806
3.1923875864994855,0.41958906828570497
4.782998001909173,0.12706946027192212
4.773942048864855,3.6113286789685786
3.5794808907704634,6.881315093561341
4.120223548819497,2.82271259290506
1.2463718964280504,2.996577310376595
3.9510827921247023,4.138529415128257
2.5562639182113562,5.429586604155156
6.497848900529258,6.231346715276915
3.119983400609653,0.9540861171758078
0.8760734103809608,3.7434326217189913
3.451387239023744,1.368927196868192
4.023222734879783,2.182995173986495
5.776679079247836,1.582024448278272
3.672695177158698,2.303788579487785
0.2779337914758834,4.3955387018880305
2.937930341507673,2.031883220313935
6.046342804095986,3.208844943884697
4.810220191305536,5.971210238776441
6.14107649348322,6.451765275623928
3.5468584047215836,5.967617862007894
3.5265130658806885,5.956520942592309
0.24309167805728904,3.7459358410795547
0.7368341063487885,4.697838144631385
1.7564271740740502,0.808014850616436
0.8791427376992994,1.9057035236787394
2.663203531781838,4.00105184618228
0.5725258572597965,5.908233011187969
2.8838516269966243,5.509223380697958
0.852032548073088,3.26681739252484
3.346388121282904,0.026323751299146103
4.826035209222662,4.853833139937409
6.24084266357807,3.7568862107982555
0.1114432198915426,1.259105287117476
6.759723588424661,5.783478811699005
2.3157233390673584,2.156705349593947
1.7035311271577467,5.41189763037851
6.950943153443855,3.5728528303675926
1.004400404179545,5.593969352199913
6.7258701944365455,3.44745699550876
4.222119519230555,6.7885564357235975
1.8438313507766293,0.32844592721363275
1.1358283123913502,1.9768278174184295
5.762105072607782,4.817095072725811
1.2132204164091824,1.1407127320823256
3.7875235889794157,4.85438165225252
5.064645515826251,6.882124047417985
6.999353545904015,4.561712981653878
1.118605663839788,1.5828111307825075
1.9263437762373856,1.173643709960619
0.2703513848263751,5.7178803359902854
4.246304710434629,5.61423408079992
2.146591724759409,5.323800812420034
5.181468051019797,6.002830732294081
2.2272732132890685,0.4173911823330074
2.6656886762218637,4.292000222800558
6.264078070580105,0.18655024227060413
0.0472903110728784,0.05339529131054688
1.6417907319824716,5.717584769946459
5.900683028127441,1.5117462405980897
3.320179556523935,5.321384960960632
1.4986300934081276,2.3155481323814353
4.82242950267039,0.07755153595308661
0.8145163693714945,4.814564335445665
0.6780535244774776,1.2784989824069608
1.1429504106155206,3.9271568712334632
5.7254549830060855,1.6251377514250889
1.25645845570815,2.020478322363325
1.4812815260009957,0.7713125085191791
6.337807707061907,6.047099693262976
3.535855506364781,4.132599028776713
2.3280121425444236,6.6017436884769305
0.2678185161948149,1.221193219137658
4.797363750706557,3.8313412579634947
2.0326626385640516,6.9320581104905825
2.5438822888171493,5.672026919482264
5.825104306622315,3.374021013898687
3.2807780706823975,6.8822839796160205
4.0812230005341394,3.7553381799485424
5.795473360349847,3.454753390118542
1.4525323757785356,6.10501926739513
4.604102909310834,4.9156684389439596
1.796906655636506,2.9906562524930402
3.9156755683230577,4.581586781002845
6.385284126741974,5.241459593647962
2.4150147607148047,3.5654897078303787
1.7446137966021398,4.067490880255367
1.7387780363831562,5.811340123934113
5.656854403618219,0.31717409563478627
5.286379298010276,0.876225578318611
5.630789368668464,3.208711306047382
3.699981643395161,0.7195865247889527
6.087082590504088,4.951929856590321
3.293703009487828,4.429299272699064
6.050478326863555,5.8801690622080685
5.192362159279357,6.586321293778184
1.2105680697462082,4.515446391998514
5.766725008501504,3.8023695311241643
6.949640940071241,1.7837017702839315
5.7365780381585445,2.4944354485178217
0.06547770362279481,6.676617924002313
3.053276883672106,2.827674090961612
6.152759553984524,0.036589058581843026
1.124106057032638,6.046365436920508
2.091368780655885,6.481439788695237
5.998395607453232,0.829296163707956
3.431902603689256,1.834890653212181
1.5852362038935381,0.5501581711897513
1.6902549773095261,2.1467436190688463
5.394937345162419,2.2549946173466693
6.62544722004616,6.427884507956849
1.5898879855067225,6.522503524264425
1.8629710333443925,4.637217548595371
1.4936419508341752,1.5550508058411412
3.7540144543619025,6.632736425658701
5.222762692916177,3.5029247618247674
5.448783573934853,0.6949980585812848
2.7235192264223493,3.9134832155496566
4.993250801400072,5.87426723398334
2.111824988614978,4.952289225796329
6.141941100166728,4.204555917373948
4.086951023494807,0.9507068920945876
2.0498172841273554,1.5991668055830974
2.4335897979205408,3.2245701472056183
2.4079170051020107,5.2993380741409295
6.674909775614175,1.5646959593358334
4.233016301549385,0.5854406111938327
0.7256155697060495,3.168619631405536
0.2868021432538892,6.535615082088777
5.774510109584531,6.191040102534185
3.2648333007439136,0.18648224863193008
2.995046257840342,6.615903366515324
4.06412542292174,2.186302313839625
1.5411384917150452,1.5170564084826272
3.1100304362471234,2.0503367716325975
0.5453974773887902,5.8389991025562535
4.3820548537252275,3.12498288305607
4.436660840042107,0.03517953159400233
6.212185937304964,5.256334649988015
5.095411633488481,1.4376199266330518
5.00931537725068,2.100509137919496
1.8119749678794828,2.0159052667002526
1.5280391653427414,3.330408556977493
3.44635961740422,1.0052201936753642
6.975640883889968,1.1701435114444054
1.6436973669201829,4.222987609431513
2.8613212419781915,4.637493678896321
4.364342364089287,4.514006728971509
0.14700108564742287,5.356827334297186
3.4414455655640874,2.5136874357056693
6.874474391146067,4.019500182644944
0.8547510975530037,0.1811328954938798
5.852362203122887,0.8628626840876884
2.8235727414290794,3.2240942225095646
0.03291846449554492,1.747545246309619
2.2520927366950825,5.796367942846748
2.2965478950971976,6.0192434857128045
2.840019327298677,6.1438562774767815
3.9194351278473354,5.879149312961238
3.675741564926618,1.9249440185627376
4.874716630669663,2.932046405271373
3.4017570565573836,1.931297864877507
1.8097026071255349,1.3098279685078558
4.193151172779764,0.19781712509605787
6.77017497187206,5.25807326602734
0.6281580906479249,1.3437109872354536
2.3044241855790344,4.149595748442576
1.9430080194780321,3.6209471179525194
5.890887737249623,6.855175870853026
1.1096947318994226,6.116440005439042
3.759137685907577,6.316200350211298
1.9122840770146228,4.402313017080463
2.650959077984827,0.90036853767823
5.140748665934203,6.1394231728964135
1.5959821254915918,0.48518487243202946
1.04551843954775,1.5777080077191938
3.49094530506588,5.0663179016993825
6.4062243093716145,3.5184902180690196
5.240292457058948,0.552851156314088
4.7949360389292135,0.301179002963158
1.5908455731409372,5.478388317754674
3.0730168431585474,0.01279020109047857
2.8108453842581764,3.9322646185364456
2.642808953078407,0.16707482903514304
3.359581327752328,0.9142444734436291
2.110105439185799,4.943917057953095
2.8885110833011844,3.6969768415745414
6.71440766365207,4.832147747866745
4.882926280479197,6.029636868879902
6.221810741000926,1.155855306191195
6.613941265641233,4.762310929795629
6.963340900451821,5.526368230032287
3.0949712450108677,1.5732994779223382
4.578693664214752,3.033809804296546
0.7692259903462383,4.910997214817772
1.2342144781478432,2.866559801054919
1.4241501285156835,6.836228612336587
1.8221220926252073,1.1649660032522464
3.0485700653413104,5.011824243936278
0.7201613874269001,3.4894917572784747
0.8821597113283777,1.9721674019591222
1.0101403470565546,0.47135774194158053
1.9394335630359616,1.7414967867963913
6.76594312199056,5.352000911326248
3.045771938137574,0.3690123911463543
1.0720106820874893,3.644605536975167
6.4897237399415095,5.127390055938058
6.296840898773613,1.8130424959053675
4.83487017784371,2.6099721941366814
4.43644361619996,6.947138220793294
5.587651833428963,6.141380091311241
6.451601841428816,1.0208241677080703
4.2497758032636685,2.5996357677411113
6.299405470840153,1.0274843384592598
2.405736715321207,4.408578243618457
4.019771077937105,0.9694477497032161
6.224922890618678,4.269828786710261
2.7987494595852995,4.9138078918522945
3.594833864998666,4.2030446213523085
4.279170512383986,4.855618782643311
5.063133970420475,0.27172949711945826
5.875786277499167,5.263615016142419
0.8898541818107967,3.8772876129017746
1.9696335572878763,3.580591893983285
2.109492087686361,5.391066203767601
5.59361202456784,3.4069297871971425
4.1898925241845015,6.758011077981373
1.2370859901894762,4.184362973735864
1.838311785279359,1.166384753386266
2.4692203666720935,2.7095959277009367
4.089864450171514,3.3375790982774936
3.9022333710407775,5.308110647124136
6.427066729840575,2.4504804820321757
2.1472002082049357,1.1593338645808846
2.5465444976826492,3.2248221241151223
0.8741947015493108,6.358803598862194
3.3600983427687687,1.883272958328311
1.3977846216717404,1.9630812453934676
4.367179174843519,0.8135989596852556
2.017236841886963,6.324316929805883
1.8301996400207137,0.07316994335450588
2.492002580231807,6.417295031064149
1.1387465658512912,5.843172583898829
0.5288474401277262,0.9059202642138082
5.2323656739994275,3.4149454713235516
3.467966268952773,4.168271541425643
6.06772256090654,4.54347649972736
6.012998362620619,4.270078141542897
2.7701505936614197,0.23910145146387052
1.5537110290233844,3.7700729886369397
4.785122847410101,4.139367648119938
6.568922517298695,0.876140980359037
0.204772475164951,0.6342574966029598
0.890489596001413,5.451804700919702
5.277526937280812,1.1538258763757228
4.586227702904634,0.13974489531262557
6.703334396379918,0.6548529855312984
0.2622530320091495,5.09439046900844
1.2285035927811316,1.533387682807127
2.269859519697405,1.2059501198764506
2.654783098958112,2.8251225513011073
0.8016522487559314,2.5787152327453704
3.4225171315287506,4.56031415039833
3.8219145859376593,5.866361777540491
3.3374557753317724,6.249682556014049
5.007603150560391,1.9605306078807203
0.7085907858964392,1.5798534247759404
4.065302401191018,2.935538597190952
2.6248490540385476,2.633665264409367
2.0860573829914655,5.221297701564854
4.096009689875532,1.9904372907490129
5.877662529179581,6.1035969450011995
5.334695475460162,0.724124774989099
0.900328784843443,2.3210476015448678
4.176584183628852,3.590368639049617
6.4814191686044,3.1435352480174474
3.050060779851832,0.183216246832422
4.29380128350928,5.556864806075237
4.787188062894435,2.7176345143655274
6.713121316147776,0.11513594857314657
3.429202433150199,1.628501281489102
1.4552998466400862,6.57414533296613
4.378198332361727,6.820057412699867
5.880460117431223,4.746982140790882
3.527890753817318,3.222342928268512
0.28102886650163716,0.627440992430169
6.9464603551277015,2.810389810363451
1.5905727198198503,2.5887612539329736
5.287475866377579,2.2066925580030516
4.158472538973835,4.302887418976053
3.1234835759518673,6.672685158553261
0.7313260904166898,1.2680704749078675
2.6845097418860124,4.692498108950435
3.194053530138788,0.9465982956729133
5.812303641762124,6.6293384513254665
5.9177029185554835,3.50616361305081
3.487677433368487,0.5699309855372354
3.245665546082194,0.16135553431482041
2.115783124537095,5.030100653456406
1.9491753966486227,2.878973286517689
4.875235902255729,5.106809328790595
5.000862333378107,5.738018111612302
0.3052931103375742,4.671645464002827
5.828577383120425,0.5901185404977186
6.78466048785833,4.293129739038999
4.816986502606016,3.6280388512036663
3.2674291178107757,0.14893587941399167
5.991064678324918,5.661360313551767
5.8062854569299756,1.7483045404630664
0.15351503420663193,3.836282118571425
3.979468187725807,3.39512145860123
0.7455105059044275,5.646722059815628
5.449732239012642,5.534743653818593
0.03535323872077989,5.999060000716142
5.249689884572085,2.6552266634991213
5.804151670904282,3.702785978072151
3.101829389665221,2.98930560702214
5.7218194330952015,0.16303567478374092
2.6263142428171626,5.2206287183713
4.061601299271954,5.117534279338666
1.0160994891300918,6.854581948127738
6.430327891456775,3.9585579576955494
6.203787773781319,3.043792598793627
3.483358080761797,5.001990893029975
5.674811273913563,6.393911138408537
6.2491154430540155,6.206545004588197
3.5597964971101175,1.146929709200882
1.3132064256955127,6.007735635017642
2.0969149177812323,6.591456082010489
5.186885723244062,1.7770845070142132
2.5710786054890162,1.5260550111347078
2.2398989558757862,1.5461554176737167
4.212714516994212,3.8819598105566575
0.8595300490526708,0.8840329613188511
1.8404382938128592,5.19852548622197
0.18926554044198995,6.503885301535897
0.08833995421311502,0.9265818530190253
2.8387940345222566,4.624110668054994
1.3368226185860124,0.3032940232886897
2.9217884136177132,1.664928050107802
1.8977876867331491,4.974441926334807
3.0199023015289526,0.8054022883016209
5.4131962481481,1.508469986644045
2.768836098321598,0.9955064024444302
3.5913929926967754,6.591286847314298
2.1812244548746866,4.413563758736682
5.508946611329245,4.9725127209664395
5.285980980943536,0.4187595705689312
0.34041214347699966,6.273975050540116
1.2271618315020794,5.743580781169683
5.0494083140973665,1.9346279618879954
5.100790991256387,6.668849455868274
0.529805867490755,0.8275701180119814
3.4950765942961906,0.8690172647005425
0.5274845939534742,5.114583405522146
4.117557565298083,6.625120394126068
0.726344996047711,1.3488432979367277
4.428415375988905,1.296716625771615
1.2500100090130997,0.02568014980934319
2.416982757235994,1.123393317146899
0.22340143492577413,3.285386819927165
2.483944056983603,6.421541973517066
6.018161438316372,0.8744182134483525
1.7977318788698486,5.129611168104906
0.5824404273051308,1.8806690154656212
5.245999169678976,5.419786890893848
5.667505723099378,6.227864634232523
5.481567228412478,3.426418719356397
5.866086346745392,6.347723911748347
3.3131331462358578,6.331994001726836
6.755638791086142,4.274527892230654
0.0696500532454658,5.214207798662722
4.061790573912003,4.795578272502481
5.2843639421482305,2.855811844615749
1.7140850117821427,6.180971290231939
4.750583922098487,5.76466363606924
4.177349609358439,4.485109553996242
4.526230171066207,6.215930177583044
4.405449930327013,1.7481784491953754
5.734069803278961,4.0041371107710475
6.610319946389186,4.696638877671944
5.796985669220922,2.138892693504146
6.970651980439971,5.382832900416558
5.9995535892510095,5.312543205043947
1.1989874084975316,1.2636230942289206
5.068379690132117,4.601193419246081
3.298794272563484,4.861438775579722
2.4868440916260433,5.186934735758277
0.6491748050835351,2.907702875822377
2.0496423281926988,1.1048998208274003
4.042285322596877,3.3260653752956433
2.248895329656146,2.286456761480605
3.3447200537415327,2.9844918788463883
0.5039690437765362,3.914430699479089
4.895146004294361,2.533071732539503
3.2693934330098076,0.6131932814300214
0.3101974247998903,4.46892027720349
0.34763877974206936,5.894710263190568
4.62849184247385,1.0476054869012683
1.9697143266106187,4.147942215675615
6.608135346617861,1.37383777226363
3.606845707414407,4.972460861342733
4.723201549797265,1.905483447897725
4.082654199666488,1.4217882047162433
5.885320908358265,3.276363737244075
5.129382811715381,4.491775197595771
3.655276772164194,2.770573565606821
3.672524468705675,2.5653409300820886
6.2457751772872605,3.8322698616628017
0.33883199371715855,1.4844467194080746
0.7589120462851379,1.6922248270505649
5.012018444353535,6.315250201059059
0.6926521928211916,4.033090305059689
1.5917339495971206,3.7328411670271304
3.130240755921816,1.8170956034314234
5.469984431630569,1.3385637705432896
4.700999078831406,5.793605270034847
4.432693680842104,0.8276655630697487
6.331942290233853,0.5770701993349885
6.591029579845797,0.6763832034408293
0.3114789628593603,2.589808389897079
2.4586432880782354,2.2845040900151763
2.8887025401942603,4.723589489458106
6.92775621844623,4.71891087731429
6.340495200419398,1.5576879939359527
2.9416417812564566,0.4790360223998583
4.650750151746595,6.764075954754929
1.7159597836353544,5.340421691252759
1.2616696986211746,3.305612921563865
6.041854208665169,1.3508103067905748
0.8994955905952791,1.7253830238728112
6.889341551843288,3.0128591276082433
4.876938776464805,3.081157709244576
6.731465966883598,1.5008270585369874
0.537636539057211,0.04075187333988817
1.2348853881383557,2.9142384437756608
1.7318661152991481,3.2273549680140565
6.698910940143886,3.2959092096548277
0.3546562623293388,3.433664468604413
3.3210363280802317,4.42042703770515
1.9728297006470554,0.3469473093519384
4.872767980028389,5.638423633805946
4.27421933494622,0.4285202956905674
6.7716155940693525,4.289591890194936
2.5389617047533903,6.864944449362909
0.8426206872802944,3.5541394512738
5.8107312504608775,2.60913740043281
2.8432800113640155,3.8843136914253833
0.4646646104744937,6.8511092763931565
5.2216340497807145,2.209290312988519
1.873873048066334,2.0598520667438773
4.649985670170012,2.2581887719797704
5.8665764902647775,5.411226111368011
5.868036746970933,1.0615807711227756
1.637403714533008,0.04651916979849646
0.5531751709875319,6.968121738046267
6.419541281371144,1.1769113588860112
0.8298792740060821,4.263946847372737
5.923390755931111,3.2992985067366334
3.690502627640872,2.155183190066137
2.2584221537417712,5.0752518290406305
0.819259413280103,4.601443769246871
6.084768637150209,3.725605790130536
0.7952174577411922,2.801474051743195
5.704987926055163,4.115751948516246
6.347302067941466,0.999563541884836
3.5719914256877674,0.7678777050660773
4.7755712137117925,6.863215834783578
0.7354381306697474,3.4620511488575687
0.5520859155596717,5.560870196991392
2.0448057437051816,0.2501239227746206
1.8819991632051862,1.4725437189472417
5.17065859469786,4.7159961331770335
0.07220905874352268,4.558723615946366
2.5074372029243523,4.509378960585511
6.1065582124985855,1.117999917521928
4.836463110529593,5.237928096464158
5.209858798226302,1.5643647178774513
4.426359834663607,6.744290788613077
5.85090659961616,1.7562928483561264
5.796347753742522,5.982352017769159
4.934729727175737,1.2298303325018407
2.4736285528462534,0.804126703603667
0.906069316827715,4.244577859693695
5.393120724593824,6.328516578070379
1.613768818536602,6.033535595324473
1.9231297950485082,2.815962155555514
2.4612626379486517,6.637714492354423
4.021808275215843,0.4778074156448314
2.5504280468865663,2.036272204528015
1.4812336270611335,0.4498736427656441
2.2644062533996174,2.4158908879034318
0.3912135062312184,3.3789034730967433
5.288852994423249,1.076975696879126
0.06150606541448311,3.1096382499900668
4.0266725543041355,5.855717627422755
3.9859996050142494,0.4319114790732095
