3.5,3.5
3.94325091084223,3.346115480058574
3.221621129577887,4.330885454835687
2.3958634560898777,4.8700737628837185
2.921246456471014,2.689902187570558
2.9299951255572565,2.8339395345825786
2.6227491644715832,2.765318838135543
2.2221198760553773,2.746756655266304
1.8184455770566759,2.4543951154192474
1.7147979479887832,3.257318899775116
2.729932981454943,2.3177906209137826
2.9997217919926866,4.82877245436659
4.005110789941992,2.5924489875255734
1.900125647760993,1.5339838649396738
1.5876145123220093,1.2612322632028459
4.919092581116843,2.79632808041539
2.1841424397173297,4.917739327616521
2.738505474435509,3.341371552300729
4.341722443593092,1.9742799254839647
3.975381849726621,3.614552012086149
5.467289971917191,2.6534030172231584
3.2643136690806447,5.231304887574332
6.3342911595918245,3.0862106386659387
1.6901775066655482,1.4504121333789128
0.8664490818509064,3.438079381643372
0.9065660449237595,3.805317534027845
5.460320714832738,2.5944769481964562
3.0397627333748813,2.6741340053332876
4.94651103047037,2.614970054978587
1.5792687853456369,1.060467319076245
0.9928244137596441,3.943183962856535
2.8617664580411173,3.725009119639825
0.9959834709432633,4.220978740912772
4.092177071632598,3.625944596729049
3.86178073800677,1.4017123148168684
1.2340820632440619,1.3025286974167045
3.2997594939949884,5.591613688753363
6.305816673909022,3.545678313424817
6.277580373257713,3.354386629180259
2.3604258429142773,2.9533429375248685
3.5150878543369615,1.5326262320124817
1.870794177957531,0.7303199928503087
0.5642046607898268,4.047676667498783
2.2624672282954497,4.7240702010173035
0.5307993196704515,3.2025340796752313
3.229280531854845,6.020692051855225
0.5617874632841001,3.406011380416673
2.061693702814417,4.197874713024721
2.549147181377085,2.418300304883913
1.1146811192500587,3.1991442433449313
0.5479080717945645,4.718536404065757
3.412419005620922,4.055310230200284
5.1373631772566855,2.1045563149345177
4.3130285215854025,2.3149810507917423
6.535079323044579,3.5141858750936272
2.8636526264605604,2.1525973839092307
0.5164007977406103,1.615203495614172
3.85439665290317,1.0760866105878795
1.746495644535492,4.462028015609322
3.9449774227186216,0.5639725332614403
2.169743347186408,0.42848027333088057
3.4003659574416205,6.898058710400039
3.366638191211315,0.9757198981608095
3.0390891311860946,2.731799493995012
0.4017722621725064,3.9059683784263095
4.023832242198945,2.591794633038989
0.003694944032242242,3.660954987583839
5.639148356287994,2.367531871746462
3.2931592876924842,0.32962842632124156
2.6905992996356347,4.374618875383163
3.2684777099780984,6.41636386190749
4.562641151970992,1.4287264930767418
4.697212419934532,0.3993288294358859
3.840749076369523,5.040307693642507
1.9611653320667484,1.802397148427412
1.2607833648720934,0.26779218262842863
2.1614809393176206,2.9981756858426207
1.5109437975585198,5.317203380014642
4.023224951787071,0.7889564785344825
2.055689389926652,2.840628292425763
0.37354350028971894,2.081620083790693
4.356296095604883,0.7955478690055737
3.1753131831118617,6.119341075857364
6.87743675186937,4.16046520269042
2.2076775530210884,4.959384500687419
4.5369565084662185,4.055637312714022
4.124067195165422,3.236790708050846
5.1823939113424204,1.982649734978303
2.550451850195851,3.8283988797545137
2.005964879585694,4.609794466699668
2.7383573723535637,5.481599729361575
0.39223062036742484,2.958298542480216
1.5108467824256844,1.4390972068633632
2.333543161628915,6.269271032577963
6.372764872514788,4.838198356465253
1.4017526705600862,6.51579013874273
2.0796941704709706,2.3049231768629035
2.714769297987293,0.3483378895803074
3.8611896006096,0.8049648073464286
4.35253783168023,2.461654003978443
2.1352438766062587,3.5287150434030483
2.9525718545742694,0.21040042895083733
1.312847710553796,6.15673424977093
5.130005586424183,2.900535852421312
3.5923401076420065,1.548643658367483
2.6023821439751758,6.863638326563004
4.64077107115174,0.17804157701693069
6.284570416810206,5.067539320671669
5.460851799986789,0.9868570970702846
0.9608116145372796,5.98835300628423
2.0417435695912447,0.2705895609711746
0.5646474388536691,3.2090903225757663
3.491731469655059,3.4338943124192474
6.043092259739383,1.5246492311711914
3.5032894638557313,1.5196221047144043
4.48014832747339,1.3557183865307079
6.808376355130822,1.763951992255838
4.7855370560095665,3.6700224720548915
6.324419237260691,2.4339192159539
2.8610793461439252,4.204442391539748
1.943323509710132,6.001242311360389
1.502681648621348,3.3929402694156217
3.3682805448901987,0.2125571609947966
4.8948789050172445,1.251077364521814
4.214173981314918,2.8353100583878774
0.5012447083593738,1.2848112347708818
2.5594740687401814,2.29407085713687
1.1372550106041177,0.2897593136806238
6.24718883302994,0.38637100605192676
2.862785485238576,0.22198568302630695
6.619244846781304,2.3965133945363597
0.9004170771567607,4.194098822627433
0.5218806429351611,5.026853012582988
0.47237202388500477,3.695237459659561
5.800156731784791,5.106447125045202
4.036919169071064,3.306525349078562
5.882609909270042,1.1088526125175784
2.815481700377064,2.833101210703996
1.3113135375552454,6.202179114761598
4.412454682511086,3.849883657321943
6.950809928113845,5.024547515750089
3.9945557663561795,2.5406336456149545
0.5566532424839272,0.9249424399604643
2.6516375614774814,2.5795776399896755
0.6723171547516098,0.8635818408488195
3.1372162809841058,1.9088841657570328
2.068576505653869,4.571081986664742
6.062483974013266,2.562625213107029
3.4890825813817106,0.40797907471922423
0.40994365058421856,3.2036254990633917
1.4332710991567643,0.4044302727737651
5.893083871927175,0.2207268218043421
2.3342657543083947,2.8456013049401445
6.42844144267734,0.010091109421526134
2.020081244164755,0.5569072246758502
4.1763335654078855,1.9196093499474345
1.6361756568485197,4.2453593924592665
1.1558319330172973,3.6689647913240075
2.298545485123515,6.5172702931376305
3.158276545847585,2.9141554327958503
4.253903708511412,4.101710341875574
4.735540328063711,4.859038362143051
4.771382248494882,5.748344069588469
6.6189812952711735,5.964118607921007
1.130375380591642,2.4144052112717898
0.29435508828538715,6.66202370301363
3.064597048235151,3.7231505431881287
3.0918911684727433,4.360966436165438
6.079109765537095,3.2055716393356355
4.338639347170531,5.468007552648676
4.402515692084827,0.6797011143413358
1.712822753499866,4.146722734769684
5.207171733346839,4.911951174881654
1.2285107194754419,3.5988495832258667
2.7954394080065064,4.579845844757988
5.561816218087079,0.41629804526781344
1.2183402537823718,1.2600967814658772
2.6402489841605363,6.397200386063409
5.041614097083545,0.7042341402268962
1.1066518812380002,6.441562106328693
4.845317940684039,6.507964972417373
5.203526147961405,1.0480926050325126
1.8719187960713635,4.900795226501909
0.2759881640015197,3.0850280770013674
6.534974535915505,5.716455861262832
6.10985890642235e-05,2.726382638446092
4.377720045249908,4.207540974938143
2.47178739268365,5.424537314122274
2.826118824767773,3.8400475063342787
1.3681265890406409,5.672751279940248
6.535849911143226,1.5838019097437606
0.9400532197249291,4.517391737097899
3.672077619431488,4.958604614393857
0.07888445792381871,6.552468881191385
6.363566163990784,6.486784827400782
1.6318072987179622,1.4592230610782992
4.0526476356429075,4.464287098794923
6.499463012343547,6.067319734428209
6.637793913161908,1.4522599359156683
2.5583859814668175,4.494848711426385
5.969203069692312,1.0910844845458716
0.3081753384026633,6.911881901656345
5.555349444210794,2.319530981966865
5.254267216271735,3.1177521317747456
6.707829333184625,2.7640139182170964
0.9348700209829198,6.943076477402268
3.042706250646602,2.912601589732361
3.7424236679079583,3.6084793257789896
1.6776849364614566,0.35363311552502996
1.602078461770431,5.300416611016212
5.917037198342949,0.8800972901483826
0.17107413372721092,3.4076053031711897
3.0417880254401495,5.819219854488723
4.382664950643568,6.953280258339398
1.722650321793264,4.9886448606257545
6.927479736904685,1.1517431558220235
1.381532654985695,4.443281860277447
3.753777561787844,5.306196589090882
0.31398732665012663,1.858100755013667
3.7978771808019074,6.320536726150633
1.0824761073928006,3.4973562350298275
1.9295451088401336,2.9729232858919343
3.1718262378715067,0.6015863144013602
1.3460870553891864,3.1551119383616952
2.0159009246247055,1.9966682123571604
3.1754047679207678,0.9439406543714162
4.321119672795547,2.4216587687721223
6.648823232245767,0.06049503396963973
6.601211412362423,5.708349266950965
2.184982907785628,4.956045777331146
3.8261011497914206,5.736758352677673
1.9706896388565036,3.9447115503480195
1.0444578748845625,6.202002380837992
0.031283147557413016,6.457491605027353
6.764906454953574,0.6959078029213807
2.9565747252195145,4.773632940049384
3.967772069262009,1.4773228027771776
0.8572651045289787,2.799029112954172
5.484942076733608,0.1368979677291674
6.328668053232211,3.6144169688306205
3.7000427705028036,0.6470416999708696
5.286960476112844,5.691714490216995
0.9104399619105886,1.5232052257978834
3.576894956901234,4.5387490081841815
4.274025832982237,1.6602062013808734
1.185509655933811,6.50203283128205
6.396492861561103,5.380710312793501
1.7112728841681526,1.5422576545623432
5.332355077867132,5.685957670572858
0.04229644789797671,6.238744118331671
5.449667098552372,0.593210849508629
1.1589579569393988,0.9343349953170463
3.4184453803127157,3.82781586676547
5.0243665397028785,0.8297188839220957
6.549708847167262,4.1379452925182685
6.471352729200133,0.11212927723714905
4.042560652612602,4.506332850110613
6.322074665592625,1.1975465938069207
5.115861680777326,3.2007121343659874
1.8216275993886764,1.1781630617758991
6.165626386225651,2.2828362997183946
5.951340126503153,2.8537474691975953
2.472832490392208,4.946417925543279
2.4114793603566427,4.671136198493171
4.7492199122808465,3.2065566109448898
2.562714527864622,3.423839923128979
3.0202820521863547,1.2923056150431198
1.7223821473457575,0.8908713872822323
3.261449529986102,1.2954797246357825
2.5141443503822103,3.865604236740843
6.449068749914381,2.6957295307862066
5.727951683444177,4.7819335519249035
6.091089863822438,1.6392728755329593
0.4214331937878304,6.079212082654416
5.907380113852504,4.3343058237967655
5.467852453929458,1.3829004067919324
1.8096557616541473,2.5195882517151604
6.336571776049835,5.261450534085245
1.588644770565154,2.3418029991271174
4.144471776890659,4.608476532496522
5.826180332276737,6.768219302988769
0.1900366705327542,3.404886928030248
2.5558088277605684,5.188697553998226
5.399608167321526,1.3683173865354195
5.787415861472521,4.597367584474483
5.674983794906817,0.9180587514705779
3.259301240584397,6.435475075730376
6.660695430711004,6.824041029708637
3.1373538451848852,2.8796789675460612
0.00600510009545796,1.5956902408472264
0.5558292409598775,1.7988632307310275
6.692011158622601,4.712398693527585
6.8248470230837714,0.12273340623321216
0.8111946248579426,1.130641704479705
0.710625359173581,6.14214754482763
2.4775595075648136,5.419775504599744
6.440913972860746,6.377848239703237
5.028661323779875,3.7780536346139324
4.509003215434186,3.070731255154524
4.77594397750546,4.085724528524887
0.7276645085208578,4.790972982597225
6.237673145253851,6.755419277474396
3.6316791600834204,0.5044405244410036
0.1083591814479149,6.135788423765995
5.893241667128391,4.517017837237281
3.470098157555867,0.8141061390452244
2.700137099008572,4.778972545946036
0.7705956992537517,2.3401906215668697
2.8950344659023717,6.5037770280505125
2.0484783749930373,0.7047979893782189
6.167555367183999,1.3122239686151416
2.0383139354596995,0.8054481209599335
2.392815904608247,3.8455457605458294
3.714256241863335,3.07493343988119
2.5230800703310314,1.3721197846039774
3.435271339950251,0.18538284513438685
5.969383319752538,3.8548691758902507
5.4589893406695085,6.869147318121946
4.970389655827073,3.2923226340422023
1.9157398329508575,3.00522881430593
5.367645604036854,2.501856482961485
1.6845312935875263,0.5174316613368154
0.6852037787734091,3.7251084516040183
1.8410586696479467,4.185583085298583
5.288607155842026,3.570692075888588
4.429202871116432,1.0904160675608399
4.352047328599295,5.1595515359999276
1.5374789556986361,3.061442476476574
5.718319897380705,0.45207529234187593
1.890075288299949,3.052331835038279
3.3839680600769046,0.13586178510372793
0.6217452062858357,4.067722763277946
5.55696863384847,0.7571626979874092
5.4396722317139385,2.289156010172343
3.600022349780123,0.27737758327103956
5.594574996155868,6.905160760374371
5.0470513301135975,3.946778338283411
6.3284122783198224,6.2954074600581285
2.1392399479271127,0.2647729619508502
1.0559722710510577,3.642960392126356
5.130687741115514,1.138409780691406
6.2849357586529555,6.137011582001766
1.5056596224226038,6.563066219528883
2.5581175863973473,1.613825341947788
2.1140312016620473,2.1817404730941616
2.1263820767884485,6.820743054203895
1.0043408031286365,5.737954545404992
1.6354796421376867,0.5690581364109382
4.7440184856216465,5.841236267574343
4.1414387159730826,2.5981776898063194
2.999185575710169,2.535440702857741
4.295009326877837,1.5024373076527344
5.626616414857331,4.3244783660226584
5.288198799319338,0.2423962442368156
0.8779853520797036,5.469967880358898
2.342187508052502,1.4798562445784584
2.8737415860446927,6.9633322077735755
3.4370545555290963,1.319770022646648
0.8983062025826266,0.9499753606164615
0.7614511623529092,5.659532101669026
2.0828448523766303,0.34168020326120374
5.508099918287,6.326738385985185
6.485881028011454,4.647432400688664
6.827548882935716,1.7763434476181086
2.3954000634665595,1.6864540071482639
0.011554961001713049,5.409641160172502
4.0208324484437075,3.125507302826824
6.5746078124112675,3.3481462793236676
3.967744251502614,1.58790761146606
3.532653943317017,2.281495802288612
2.982363300663006,5.628551175482939
1.0411807089090173,3.0923075771049753
4.669314604683521,2.7461167799159325
5.387600955141682,6.259016946125037
4.108606340116277,4.547288010727966
4.381926541659463,4.779324807502008
5.031080211484792,6.785481022182031
2.8186258988982282,6.910016085797947
1.6409893996455571,1.5340185518360419
4.7060249281820745,3.8091831468800357
5.796613266750667,4.433410446430904
4.413377229218995,2.0729113418182887
0.3499891444577595,0.5925409235361296
0.8063836939630153,6.7910468721462465
5.66271138853439,4.521304166219222
0.5658923332876699,3.2823484860201635
3.478643527943344,4.316405289354947
3.318095976259145,3.517824701381687
2.90606441009837,1.2006756007631907
0.235075152178171,6.328977682846199
3.1406595857621507,4.696898169032419
4.513650540082465,0.11519810177244605
2.4037356318175123,1.4925577458818498
2.235255338375423,6.989855096713185
4.9725147343396525,3.3080267044396523
1.8207475821677688,0.01836617726698353
1.9852999371663178,1.7212285797911933
5.651156508143529,2.55195423863502
5.567517495620455,2.2050213490186312
4.587523900749733,0.8074826235292217
4.041212304966827,4.003877990806195
4.297182218825654,4.714477132381596
6.40047978856898,0.21254672060980284
2.198590211763875,5.287285008258895
6.356977966031822,2.6731904716246166
1.7350809725039813,4.836910180960405
1.730689517633111,5.82402079804552
5.659241221280039,3.5195587850234347
1.6332888354774142,5.314024739504421
2.29156881262184,0.6122330163564131
0.05766798180150412,2.7633524718325555
0.8542422221668573,0.06517321449140334
6.108308741264659,4.960576607356682
4.888044264289744,5.240659302444547
2.678052590843874,1.8886222198422198
3.3535117409447035,4.599918967525904
4.415177011981729,4.421520103026488
0.9231898720414339,3.748730236235572
6.862837221128118,2.6208335399757527
6.059293979354697,1.765688279242661
0.7653016359133922,1.8246271739398674
3.3639600867825585,4.250179578590435
0.08772324106158236,0.6474522044212883
6.782965155324452,6.336762317912135
3.0981561488668468,1.6128253932420589
3.3797756161796086,6.536599485369723
0.05048627736331013,4.106125216082183
2.5307546010076956,6.375370976340083
6.038252789459747,0.41214392073776773
2.2241557820471782,4.433314465377211
1.6706455635124926,4.018738093042997
5.823233563500584,0.23880550086738217
3.4065422780135326,2.8741474399986977
0.9132338993269523,2.202502620789035
5.411215569547208,5.982613034857675
6.59059967187552,5.1153181858176575
0.833392670194556,5.383341009835849
4.111906579476525,6.088116660746309
2.9805555692064134,0.8611892252687632
3.1939851608597976,2.8921487047248746
5.286692782108343,2.772614526997321
0.8099470316094117,3.2683905736721326
1.3279590077815886,5.748104687657676
2.179425324576692,6.512184298640051
1.421978727709209,4.705451530394591
1.7260814146466072,0.6207223115880811
0.35567283224181157,3.5468829173893957
6.605403771358438,6.247749098356729
6.280387589563131,1.9347454516533689
6.6683242002827905,5.6449168313248546
0.9470538285007559,6.672275315378719
2.9703884729620755,2.9964812853169778
6.057632470845583,2.2534289601306563
5.2160945982459594,6.663521309272144
5.132970553599659,1.3388326197298825
4.625177287573703,4.939199552596861
2.7462582386764804,5.344740018826575
1.2844400105071014,2.1807253621489497
2.119758780648296,5.978908861235668
4.7807088483378335,3.9632478643661315
6.8046705457886265,5.191204237899734
4.31302471704111,4.9501202434452045
0.5212512220239233,0.42847973210792
3.257988960122295,3.9979401028341117
6.180387926902637,6.104660335719011
0.06710376392281803,2.921269569136135
3.197938967798486,1.487295821053235
5.026198424054652,2.2700204144654332
3.213970933422344,0.29924285214597435
6.194608270610582,2.3069357398591888
2.4398181715381497,0.5613437930099412
0.6408178099682396,2.1767542113918017
1.9010669231857702,5.75726352161372
4.483017258930401,6.981842845057903
0.7506493832684076,3.6458895920979963
4.075452548179648,0.16341619599241475
3.0832367770946463,6.855190463538939
5.940400005678598,5.046993376399629
6.749382075365348,3.0392661127558
6.571282256270825,2.4880434603698647
0.6666361188492662,0.932331090843038
5.284278922884705,1.099266892960745
4.6439916745734955,2.1982538330655133
3.1506374935464474,1.1525656044329469
4.142507465149455,0.8304214785490187
3.6181300581270284,5.360509809468764
3.350445993556547,2.9690929694827557
0.5102914169748052,2.272715853466776
0.03962595698626781,3.5258213390236546
3.705092408937146,5.736470237181691
0.13217592489084262,3.4927005828541664
0.152319470269921,5.780457592222513
4.1015363060057455,4.436318434381839
2.1175364952185536,0.6679889367747146
2.4996067333167327,6.731178000248324
3.675909291758292,4.062073177021713
6.7940645257159336,1.2404728913007723
5.969400695007263,6.602920511857843
3.9046493131334232,1.1246902760899204
1.1390703604586156,6.743014035676846
1.5551627103048618,2.5813143735488944
1.0121986241665697,4.488756778031155
1.7013475821269803,3.673128230545834
0.29645878024007055,2.421587262091813
6.435561927487384,6.82645574693235
1.3501035472582554,0.44030628276256956
6.962211621537403,0.7037014551776677
0.12332171816145776,1.021533015076592
3.3499383657456243,4.837658613003341
0.13416501952970405,0.4394802864831341
0.6355525873176165,3.1126306753126753
0.7554849590544324,6.817506187117159
2.9569199991894313,3.685066152999487
0.989335034924331,0.48999713215221263
1.8642378088281122,5.496126509111323
2.2700036302833277,2.082986870321165
5.379761009535177,6.3644770606072605
0.7471416940228243,0.8004208880550407
6.572219109942797,2.9083867536106975
6.197409821538401,3.0675025830497935
2.027812517776897,4.590033046808715
1.1081921032357545,3.889285105435123
5.614098225055766,6.297427168263165
3.893775190366787,0.5880960972319258
5.591097789293522,5.9275008444195105
1.262008173616659,1.6397705035900585
2.1639633181417577,1.5326007147457168
1.653951485897053,2.25938177217229
1.3503654709959805,3.5189436131281004
1.942601261643986,1.393061240356128
5.107495345167553,1.7183926739908915
5.296464495604262,1.255931820294372
2.458419690566976,4.051618846923806
1.518696843287045,4.683433915536422
3.1814760566580285,3.7350801570656023
6.39052400713227,3.0537986130874555
4.003196839712004,1.9793131924469103
3.593598095252573,2.1223323035755377
6.741661898096368,4.280901896620887
3.2181987785268165,2.741797333091349
4.35624771807482,6.9498321423391385
0.4854358734921932,1.7501570497973364
3.5079242733780602,4.876245901835728
5.128752957871715,1.3248245524955946
0.10649984327081485,1.5428246278700803
1.279831987739915,1.251748154198125
5.452662867846325,6.609375066026885
2.384879907202077,4.210330656932167
2.0259260062667854,3.8547411017926874
4.493944917586437,3.06613855158992
0.8127709235316397,6.484515646172331
4.7827443483277765,3.9979593003817957
3.3957606054952723,4.569944529378419
2.9921474656324816,5.160563032229376
5.089607653095401,2.666817142930003
1.933908355919903,4.7353992000049985
0.44236831022836365,6.556095304438303
6.432355603621007,6.739134710998155
3.017591301793311,5.74349081002493
2.714232352235716,0.4004304145009192
2.1472313226033046,5.61313493273242
2.7864324927855364,6.5744151170969385
2.741996507649616,6.5590081126833955
3.8286813809822213,4.134666207997052
0.41958298274537853,0.8540974195402523
0.4446741735562155,0.19308718306830874
3.891918100354035,4.51969305590809
2.5807665114905523,4.337098569522212
4.946069935667551,0.23565844426545413
0.7741428664357868,4.028338112727753
2.304560294163381,6.263374377990726
5.1536493600298074,5.638521330000057
3.1099811508859223,2.049197832988866
1.7384959483689817,2.48066073143149
2.791899943025832,0.24260674244095037
3.967518799901995,0.5827037273336965
6.637892337187633,2.152344491922932
0.3582241079357046,3.477623642395186
4.261771965054311,3.5344779618382125
1.572420662383229,6.797310861043596
3.0857340048823194,5.427146281319222
4.257329034759488,1.0764244682651916
5.968542203838554,2.874212834485943
5.652670426479088,1.6232849925415924
6.226181709039572,6.49267384967768
6.4112335369898314,5.7389918650249045
0.09261064152888154,3.1201263632318486
2.331021174409203,5.804676874421329
1.1875234347496535,1.3258571074493806
0.1736907252948967,0.8109034952466004
0.6497410309600201,2.94120950201341
1.3244825002225764,0.8589283921430986
4.6437958323639625,2.6956914648140398
0.3089395059158492,4.769491070103313
6.337816289655716,0.6155179603123827
2.5397767569037115,2.128597400417285
2.9264354260103835,3.5223434119229644
5.342845975304979,5.257652687906811
0.5603923727706116,2.0154303444230957
3.1374644590739678,1.1516556647562812
2.035148635677898,1.5410642098084368
2.383899948432498,2.4996584255621257
6.957055039496386,3.2814015413870505
1.0684841728909031,4.375432662031781
5.519843905728175,1.864633507987416
6.368109836617228,6.508165442280821
5.367541869548538,0.6579952576945493
1.8855927010615814,1.939419150793571
4.194370026675569,0.21027949684916036
1.0429319628954477,4.6874566434516
5.069895490343946,4.5159745996546246
3.43187553742724,5.3486804681217395
4.736275942913958,0.8460203403438655
1.2303494872245127,1.3846094754357234
3.595551906625456,3.708983443378424
6.843742363697274,5.084384549480532
5.204987765225631,3.3327902409303083
6.409706480120388,1.379598589022339
4.559744017115465,4.319225116984286
6.250110173287634,6.254418799905228
4.643119520858323,6.452425239833924
5.389729065140697,0.6267812865116456
1.6447549114763078,5.996849519084129
0.8442865441433012,5.49027964567385
4.306662998539746,0.49051959900960984
4.022701083906357,6.443569339959272
1.4004072585911191,0.3804126862641187
4.660815146526458,3.1275592754069517
0.5149639161110524,2.5073596859021947
0.171241489942085,4.808262796421819
3.069607555697668,5.4452984853772
0.7710173503642728,5.661111916560622
6.103240525451407,3.032040685743545
6.021250590204291,6.077469510976964
4.759185761032226,0.32526828258315876
1.929017950177795,3.2272179045639535
3.546136015794799,2.8371818033621503
0.7909256119792424,0.5344935180615075
6.562942001118291,4.87147951493387
3.8501047255987078,5.293791726405971
1.6653122284043627,5.594511365304548
2.292106392436248,4.378350378802976
2.743352069376184,5.549754255716489
4.714750428551937,1.3107229429009384
0.23861593431527017,4.229271005705922
3.7956431651986713,3.5090310142297163
0.8609983176193416,2.687792416213804
0.9649734081963146,6.07692722448973
1.3164945852850078,1.5131799219060262
1.0605150444219806,0.6538091173888714
3.3876419499576746,5.237221020868591
2.799917306694164,3.4188843655269947
6.334096531069377,1.2394892385670953
3.4975643131204475,0.3556056480875558
1.1137157322371076,5.57105805686611
4.167104188733822,2.8898947711445144
4.170015333391075,0.5313118195813318
0.6923300641658743,3.0254775735445922
3.486764155591403,2.4602760038864404
3.4909246787410324,2.1265586626312016
4.059488618350188,4.848981113106669
2.5015119590709003,1.6354502356447478
5.333558276182381,6.311446257119507
6.69862571331991,5.680411116648151
0.7149523121710908,2.171016733181519
3.0188869827648146,4.730876603217507
2.5519191217660224,1.4718168479301168
0.8723482815027308,2.114104687394785
0.3015269974795486,1.1057347053059867
4.72896565302619,4.00138812699216
3.4618969668984896,3.1733465880123655
2.826639395110975,1.3823130976639018
0.7410996038432132,5.435083500543962
6.307584311716786,3.108092022795771
0.06233084462414984,1.868307117188621
6.313841389449645,4.696124931612772
1.0177504953600658,4.214564929672914
2.8888656938352764,2.1983257533368996
0.5458774945960804,5.630947745423613
1.269175159068852,5.842611680536734
4.432782049516015,1.5352970993253523
4.047940395557996,6.137548237208246
0.6724325539955868,6.758303174725434
3.664985294650295,1.6080366544207159
4.656205732243534,3.5554840106617873
0.2911832169314862,2.035043001152076
0.25718988002924614,4.238817895146272
5.6124418254468225,5.178082262573755
2.204420263172733,3.521327632121706
1.9902238031018291,4.156891618892249
5.844334759977353,4.656871037940148
1.569693013912492,5.9877328198383335
0.2035141272570341,6.893803087970731
5.967508091131409,1.0451670099305712
4.669037395164565,4.627225614899854
6.562907622475593,1.583714501313619
5.5831900387445295,0.4016473660178621
1.2417780993329248,0.021653543296758726
4.658162274200608,5.7176707449892925
3.5153721890560905,3.3845905515938055
5.915218485071751,5.2199556567246965
2.413525535930045,0.6894773785533143
3.6851604800178768,2.5486553407581702
4.338357524272999,0.7506541650163691
1.1898388348380897,6.823951541761982
1.6705140975684203,5.189179873781727
0.7211347124082196,0.7935792288963323
4.527339929556045,3.0236919485733456
3.911856295633717,0.3111869578704911
2.413068734692972,5.300612082368499
0.8306307285489991,5.427617326646578
5.485526275624143,1.112517683206407
5.431997489974749,1.4066038139135106
1.8239088014289084,2.1011397200694324
4.647314747401441,6.282524204685009
4.621487655196061,5.219080694974953
6.038301641780192,5.501467631271298
0.4942723313318773,4.080823119427321
1.683104414558262,4.944206557393823
4.601631854163895,3.643148008227002
2.548285305942999,3.4555829852147695
6.5472493116878425,1.24193863829873
3.1667454418415937,1.6908909201201792
0.33600015670349825,5.252045892948191
5.476095259954537,5.118790890702906
1.85384770067968,0.06786447817594965
3.278747413292507,1.479687193932051
0.15280918426355128,4.389367905648144
5.961779423658951,1.5339996476310271
5.271236861323478,0.7391478262611983
0.9838089277824168,0.9246270509628862
3.1535602203024182,0.5777591762936163
3.7092839181529307,0.7540880970971523
4.986466969749351,5.046596772895862
6.695911489370988,2.911925262723204
5.817304364304873,6.683725275339958
4.476766610367631,5.587984973432499
0.29296258442074297,1.7409976048694233
5.100584298775224,6.770495280938643
0.7374492934805927,2.2281376606301078
1.5523435816885789,0.06988975148714205
2.9507951936217793,3.149272758353214
6.465740529902247,5.271065428154911
1.4970808771362165,1.1729058703804314
0.7940538152246054,2.5956932605202594
1.7476830236005039,4.960810844866346
3.9037807480953504,5.4413207594970325
2.749187431101544,0.9564434135344284
3.161387692027359,1.8439917556436785
5.95038025353784,3.643106168185423
1.1239949442177348,3.0031945976616163
0.12876882169647497,6.533881964311061
2.3749618371195944,4.785706436256621
4.7873533858241455,3.4345324578116925
4.936370873136034,5.244648601430904
2.1248569189857864,4.525777113771615
5.923690557800224,3.941802825195077
0.4578522306119236,0.8932124900948328
6.926145666410335,1.0270933652345968
1.5434462741206225,4.727336369332974
3.34109830095692,5.1037274312755185
2.090784857649415,1.8447501520565615
6.255207574627882,4.13411981995367
4.315020469607916,1.6690663771301235
6.901873650446711,0.34226045382333126
6.54774151296889,4.00444728596462
1.926563677703723,1.7358118719759768
5.48209121076242,6.29153175252442
5.7978502640603855,6.126099120655984
5.943049307658393,5.32030777534586
5.818466547112973,0.8033881057894366
5.299614658811349,5.5747066270935495
4.6693285016413135,5.296920965160792
1.5576028415517162,1.7478341151550127
1.9467295384859042,3.991407813862536
6.939385339959315,4.769017649255291
6.148753162008103,6.266865315603462
4.214542686402595,5.281151801467914
0.6692215477522345,6.299502337978905
1.597190620371924,2.1400500429299565
0.6601118264528512,0.8756505857594289
3.834740126160789,0.14531397016989145
6.390400026612328,0.13025574997070377
3.6256829177761,1.9392968051894095
5.4889024908341,1.8673075526116432
0.7942021173594956,3.359147221836693
4.99071209390425,2.2458148639841773
2.681303603190723,1.3257554390951993
0.12787322318778438,6.442830357658577
6.274337012601329,4.5598899973586935
6.8071973262250705,1.3851548841147658
5.398364951042091,5.690525889075127
3.4589403386147572,2.6415094120961946
6.997369390941384,0.4999444965384956
2.2381344992292203,5.520598784670762
5.890241206070377,5.911871862584298
6.251736786929154,5.6832045744540824
4.59809234989661,2.018595796140824
0.4876070124934143,1.975732962198046
1.9755959363609708,5.938522225152829
4.372992921242209,5.090060273815055
5.4043135425549105,5.11406480240534
3.1771786933309856,1.5692048691127296
4.079545255279612,6.84092060709029
0.1168053418277698,3.950128109244524
1.311571648400296,3.890629854402556
3.6972882640478035,6.221304667413372
4.545590965430273,5.302895101295677
3.4053334045064854,3.7126702182607456
3.744494762785509,6.137975369461638
3.1500012511876205,1.8369095164457252
5.887825472531284,5.910002282716727
6.175324938281991,3.574621264044302
1.5855186447447998,2.17119971479608
4.472687987569928,4.287447179380077
2.2848213209491135,6.667303369287846
6.847696617789471,4.498361866951546
1.708450410197261,4.105157679947831
5.427637622869451,5.411320743793962
5.129508671603799,4.666633451197515
4.800767185469714,3.3093512985087505
0.1954774692416329,6.365511305183814
6.738238467149063,1.4505566576560196
4.475646102604857,3.4109456504546842
0.5042505722954599,1.1259442066373317
5.717119914853315,0.13339863936071772
3.8557289685681004,0.8458390511667225
4.995251578381521,5.677194425881141
0.35209811957166215,1.8109864338709776
2.5348335066193575,1.7340970343586002
1.1121726876139497,5.360980958030812
2.63557436168274,3.7774839929448207
3.9119834728612384,2.8810421961951653
5.314622112743598,4.712606363146072
5.838463667745511,1.7245208021968064
0.10585229401140894,0.7133087647150489
2.3179435490740907,5.191577601087294
2.907808969436867,2.6386509960212927
3.8054268317910167,5.065590952369341
4.5275376370465334,5.293690691687628
2.0619259156959,0.6451145560407975
4.870454182372877,1.9524840443916522
0.02268963207976471,0.8304800317031455
0.7885927236341027,0.9768154961929927
2.854834577087101,1.5823627003725524
3.490558871799031,2.5026736658645676
6.52828452109872,0.7480270389387699
2.373105912458153,1.9657487338561843
5.669610871529582,0.7009945344308676
1.4947377388033554,0.9614900505664303
1.8191066095809354,0.023915685785664054
1.460501772328831,2.879512704093248
1.3170285137270445,4.143581497737971
1.739797430077625,4.865614648595748
3.981725197145969,0.5143814738165133
0.6639301735762695,6.7175224801098725
2.3884207003092377,1.4787112129413176
4.543941071861591,4.989781946154607
2.460552491322675,3.0566736366230005
2.219398143732284,4.026032297946485
3.185182160349318,4.8246474149222935
1.0957202091726468,1.7344958338307706
3.739524644791925,6.31565178937384
6.374946425763222,2.365060838123048
6.016657267729203,6.675390674249672
1.3699501625793973,6.445267460603777
2.4464015705458,3.9757867641806857
6.505753851814748,3.5046858520621673
6.048382788807091,2.431851366498292
5.247263085149809,5.543374185672805
3.0767264704452555,2.4189363192166926
5.939073597982237,5.792922652096589
0.8099305564245919,5.2934783127184675
0.689407649928927,2.988083128826684
0.43767874971414444,2.5421181679103126
6.335395115814495,0.0044026687964949796
3.249525546483351,5.314156464442523
0.1803459902045793,4.656430804926475
3.7391328461564433,1.0363691659828183
6.193209394226207,4.581317000231511
4.374579604011509,2.986949929640034
3.560885735299263,5.712024458374057
2.6996654606252783,6.9391956220012965
0.9566904764297683,0.5624419382691465
4.839487635987061,5.339067266408264
0.4661194923319991,4.064949752073191
5.733787610780997,4.085173118098396
3.4426035404549813,6.099452621168968
2.1306684259043016,1.0080202961606035
3.45056089415645,2.2104262272141293
5.673863049370363,3.5664452301107223
4.0806988470115115,0.2473776408884759
2.4776631087831302,3.9316959702785477
4.812379008782539,2.523970782585491
0.7523021428771107,1.9110930584774806
3.399899952201481,4.545717047468872
0.2339417755797636,3.359504159864496
1.0596571057111372,1.5007137941963493
4.421284973348604,4.9008377880011444
4.199635963503427,6.330035768444476
5.867487467102608,1.2975923179102589
2.367918511318203,3.6653451534860944
2.112542197270568,3.82699714278399
2.5770868285844495,0.6418212281261444
4.815532837882616,3.7721618668311323
1.9148291931760926,2.56028224018793
2.760167596448346,6.830636176118126
1.3078464935538496,0.11424143145153143
3.292550915512371,2.4228819480410744
0.3484940515615078,1.1336774616703957
1.9461813229660097,3.844367688363072
0.1980981078058619,0.15933342955997531
0.7750342837746296,3.700177297420743
5.989306243776046,5.043647481853259
3.9377767262200822,5.5787569875406815
3.641725109030235,2.269331462468265
4.842663723920436,4.599205780567175
5.116405377326808,6.451759354932407
5.151108078667587,5.366580571318973
3.901500739887385,3.6113919533663106
2.7119057116303473,0.3510290472860418
4.197867434204151,5.250743614381045
1.2960080387517587,4.313515621392296
0.6984311171289361,1.3652604574834777
3.3113008118931364,3.3935914293573783
6.37022982621858,0.39102587559922153
1.8793131510787182,5.933748701504061
5.332919773133996,2.75210859717577
4.4748046684985345,2.1973883580773568
3.4198508287957075,2.518219820974489
0.7409473615348497,4.825342239682963
1.8728572444002398,2.138146627814651
6.976272966116915,1.2774232833237535
2.744225627705029,1.7794997251417901
0.47766646760523646,0.20855581514751131
5.158311478636708,6.36020582498232
2.1385819832654316,6.379684590654627
5.508046841504443,3.3422913974018393
5.747413155807321,1.9750886882627012
3.0467445996948532,3.0781549834996578
6.333137201762879,3.3206178604352856
4.814936745936581,5.096187183979547
4.589671889208523,0.3824147176469247
5.413372209663666,1.9135710334166094
5.433542931949962,0.839558503122356
3.9840635270621747,5.162512814006995
5.542888022186472,4.341469056826709
6.972824720809024,5.729226757483557
2.147188410624638,2.8519147679998387
5.8149330986782,5.035363138004861
4.834747123991844,5.516543177670536
2.055153660508533,5.287783226629228
5.654106608596911,0.38729666381545336
4.771436824996537,2.062932757081842
3.6117517437326048,0.11352571657938992
0.9049046374781875,1.915778001136919
2.4118948026748663,5.665336954090052
2.8749760703621465,3.961329215520304
0.04658342797286619,4.205852322524144
6.089074625406932,5.941141565934962
4.544718478843352,5.658124600221762
4.244007222333694,4.3242930403534645
2.653720772852857,3.818662756640113
6.19273196068815,1.2478257117749356
2.3585032583966012,6.528760593831013
5.093970139242504,6.579101271926383
6.577141244176977,2.2725067083473123
3.1521672722598164,1.1938614695382346
6.9411133724253125,1.2174116877190913
5.849882558512688,1.2918421268811526
5.172564415639627,4.4565405117604975
6.890712978177554,6.951775184476342
1.7453378613603796,4.169171367375496
6.740629287016423,1.4375341555012806
3.3902758410959866,2.1126705374302035
5.6568453530679115,1.5134590981346827
0.6345078707434245,4.374987956014174
4.340460689807271,0.21502804706481993
3.533513867548325,6.915581351684178
2.277054831419839,3.2444831692930585
4.693955879679583,6.735001545786046
4.382878353812178,0.12601782319169397
2.915048188023627,4.400295759138321
1.3156442927460539,1.3402419213141585
6.093816529080506,1.1190360500839542
1.3300574327843748,5.953009717740491
5.244018375012549,5.34126996581473
2.9492074603445126,2.8089755786210393
5.152671706880084,0.015315158565818443
3.9487779321811667,6.87513531649898
1.8039868826458572,5.8521547869170005
5.823856827442278,4.635022088767496
5.188486638202792,4.734708618420034
1.0421763124392456,6.401287930891429
6.668029933691718,5.8809534326206325
0.1216951602045302,0.9538450436972934
5.093351521604736,3.3876635069514562
6.057834043781174,5.338742222011826
3.234248052138793,2.2936327200104474
3.250374652549467,0.28034386216332785
4.854715664532719,1.058438790591426
4.389805744497855,4.911468056344082
6.435073999070776,2.0996039624859053
4.593555497655661,5.486322976071138
6.430764854210297,5.1719029924826945
4.990782267799189,1.5724428234273042
3.076496479663933,3.050225530080162
2.3155551749575145,3.491414138429515
5.859099074176639,4.5443879086379875
6.612101219814707,3.6953177293941732
1.1515530533622753,4.139753295523306
0.7396694144822618,3.6978924899003274
6.04167992266155,6.9850111213539225
