3.5,3.5
3.297390697858925,3.5816699636689573
3.316731398271751,4.166838012045249
3.316731398271751,4.166838012045249
3.556105365365425,4.416202748966668
3.556105365365425,4.416202748966668
3.556105365365425,4.416202748966668
3.556105365365425,4.416202748966668
3.7776494482910383,3.0908699936799677
3.7776494482910383,3.0908699936799677
2.516465877986786,3.15601251149565
4.056616184676673,4.379173649864264
4.056616184676673,4.379173649864264
4.056616184676673,4.379173649864264
4.056616184676673,4.379173649864264
4.056616184676673,4.379173649864264
4.056616184676673,4.379173649864264
3.1180023243320805,3.0797362095526397
3.1180023243320805,3.0797362095526397
3.1180023243320805,3.0797362095526397
3.1180023243320805,3.0797362095526397
3.1180023243320805,3.0797362095526397
2.601604402564575,4.429079546741392
2.601604402564575,4.429079546741392
2.601604402564575,4.429079546741392
2.601604402564575,4.429079546741392
2.601604402564575,4.429079546741392
2.601604402564575,4.429079546741392
4.734981983235963,2.9397951883615074
4.734981983235963,2.9397951883615074
1.5669261317124725,2.961803110017926
1.686898580807147,4.277797966943751
1.686898580807147,4.277797966943751
1.686898580807147,4.277797966943751
1.686898580807147,4.277797966943751
1.686898580807147,4.277797966943751
1.686898580807147,4.277797966943751
4.631135628090325,2.5504716254669675
4.631135628090325,2.5504716254669675
2.9678459349748585,4.862549483967954
2.9678459349748585,4.862549483967954
2.9678459349748585,4.862549483967954
2.9678459349748585,4.862549483967954
2.9678459349748585,4.862549483967954
2.9678459349748585,4.862549483967954
2.9678459349748585,4.862549483967954
2.9678459349748585,4.862549483967954
2.9678459349748585,4.862549483967954
2.9678459349748585,4.862549483967954
2.9678459349748585,4.862549483967954
2.9678459349748585,4.862549483967954
2.7522185400298476,5.340322705244977
2.7522185400298476,5.340322705244977
2.7522185400298476,5.340322705244977
2.7522185400298476,5.340322705244977
2.7522185400298476,5.340322705244977
2.7522185400298476,5.340322705244977
2.7522185400298476,5.340322705244977
2.7522185400298476,5.340322705244977
2.7522185400298476,5.340322705244977
2.7522185400298476,5.340322705244977
2.7522185400298476,5.340322705244977
2.7522185400298476,5.340322705244977
2.7522185400298476,5.340322705244977
2.7522185400298476,5.340322705244977
2.7522185400298476,5.340322705244977
2.7522185400298476,5.340322705244977
2.7522185400298476,5.340322705244977
2.7522185400298476,5.340322705244977
2.676939462075027,6.144638525813521
2.676939462075027,6.144638525813521
2.676939462075027,6.144638525813521
2.676939462075027,6.144638525813521
2.676939462075027,6.144638525813521
2.676939462075027,6.144638525813521
2.676939462075027,6.144638525813521
2.676939462075027,6.144638525813521
2.676939462075027,6.144638525813521
2.676939462075027,6.144638525813521
2.676939462075027,6.144638525813521
2.676939462075027,6.144638525813521
2.676939462075027,6.144638525813521
2.676939462075027,6.144638525813521
2.676939462075027,6.144638525813521
2.676939462075027,6.144638525813521
2.676939462075027,6.144638525813521
2.676939462075027,6.144638525813521
2.051613780470882,5.509253822025029
2.051613780470882,5.509253822025029
2.051613780470882,5.509253822025029
2.051613780470882,5.509253822025029
2.051613780470882,5.509253822025029
2.051613780470882,5.509253822025029
2.051613780470882,5.509253822025029
2.051613780470882,5.509253822025029
2.051613780470882,5.509253822025029
2.051613780470882,5.509253822025029
2.051613780470882,5.509253822025029
2.051613780470882,5.509253822025029
2.051613780470882,5.509253822025029
2.051613780470882,5.509253822025029
2.051613780470882,5.509253822025029
2.051613780470882,5.509253822025029
2.051613780470882,5.509253822025029
2.051613780470882,5.509253822025029
2.051613780470882,5.509253822025029
2.051613780470882,5.509253822025029
2.051613780470882,5.509253822025029
2.051613780470882,5.509253822025029
2.051613780470882,5.509253822025029
2.051613780470882,5.509253822025029
2.051613780470882,5.509253822025029
2.051613780470882,5.509253822025029
2.051613780470882,5.509253822025029
2.051613780470882,5.509253822025029
2.051613780470882,5.509253822025029
2.051613780470882,5.509253822025029
2.051613780470882,5.509253822025029
2.051613780470882,5.509253822025029
2.051613780470882,5.509253822025029
2.051613780470882,5.509253822025029
2.051613780470882,5.509253822025029
2.051613780470882,5.509253822025029
2.29815385389005,3.3444241202446534
2.29815385389005,3.3444241202446534
2.29815385389005,3.3444241202446534
2.29815385389005,3.3444241202446534
2.29815385389005,3.3444241202446534
2.29815385389005,3.3444241202446534
2.29815385389005,3.3444241202446534
2.2415436160215823,2.555128413882377
2.2415436160215823,2.555128413882377
2.2415436160215823,2.555128413882377
2.2415436160215823,2.555128413882377
2.2415436160215823,2.555128413882377
2.2415436160215823,2.555128413882377
2.2415436160215823,2.555128413882377
2.2415436160215823,2.555128413882377
2.2415436160215823,2.555128413882377
1.184732336662615,3.488906609857074
1.184732336662615,3.488906609857074
1.184732336662615,3.488906609857074
1.184732336662615,3.488906609857074
1.184732336662615,3.488906609857074
1.184732336662615,3.488906609857074
1.184732336662615,3.488906609857074
1.9139183708548835,6.665549797407183
1.9139183708548835,6.665549797407183
1.9139183708548835,6.665549797407183
1.9139183708548835,6.665549797407183
1.9139183708548835,6.665549797407183
1.9139183708548835,6.665549797407183
1.9139183708548835,6.665549797407183
1.9139183708548835,6.665549797407183
1.9139183708548835,6.665549797407183
1.9139183708548835,6.665549797407183
1.9139183708548835,6.665549797407183
1.9139183708548835,6.665549797407183
1.9139183708548835,6.665549797407183
1.9139183708548835,6.665549797407183
1.9139183708548835,6.665549797407183
1.9139183708548835,6.665549797407183
1.9139183708548835,6.665549797407183
1.9139183708548835,6.665549797407183
4.753448961781352,3.5135071268193645
4.753448961781352,3.5135071268193645
4.753448961781352,3.5135071268193645
4.753448961781352,3.5135071268193645
4.051299132200032,3.8747630824039483
4.051299132200032,3.8747630824039483
4.051299132200032,3.8747630824039483
4.051299132200032,3.8747630824039483
4.051299132200032,3.8747630824039483
4.051299132200032,3.8747630824039483
4.051299132200032,3.8747630824039483
4.051299132200032,3.8747630824039483
4.051299132200032,3.8747630824039483
4.051299132200032,3.8747630824039483
4.051299132200032,3.8747630824039483
4.051299132200032,3.8747630824039483
4.051299132200032,3.8747630824039483
4.051299132200032,3.8747630824039483
4.051299132200032,3.8747630824039483
4.051299132200032,3.8747630824039483
4.051299132200032,3.8747630824039483
4.051299132200032,3.8747630824039483
4.051299132200032,3.8747630824039483
4.051299132200032,3.8747630824039483
2.3589753607996986,4.233231892210209
2.3589753607996986,4.233231892210209
2.3589753607996986,4.233231892210209
2.3589753607996986,4.233231892210209
2.3589753607996986,4.233231892210209
2.3589753607996986,4.233231892210209
2.3589753607996986,4.233231892210209
2.3589753607996986,4.233231892210209
2.3589753607996986,4.233231892210209
2.3589753607996986,4.233231892210209
2.3589753607996986,4.233231892210209
2.3589753607996986,4.233231892210209
2.3589753607996986,4.233231892210209
2.3589753607996986,4.233231892210209
2.3589753607996986,4.233231892210209
2.3589753607996986,4.233231892210209
2.3589753607996986,4.233231892210209
2.3589753607996986,4.233231892210209
2.3589753607996986,4.233231892210209
2.3589753607996986,4.233231892210209
2.3589753607996986,4.233231892210209
2.3589753607996986,4.233231892210209
2.3589753607996986,4.233231892210209
2.3589753607996986,4.233231892210209
2.3589753607996986,4.233231892210209
2.3589753607996986,4.233231892210209
2.3589753607996986,4.233231892210209
2.3589753607996986,4.233231892210209
2.3589753607996986,4.233231892210209
2.3589753607996986,4.233231892210209
2.3589753607996986,4.233231892210209
2.3589753607996986,4.233231892210209
2.3589753607996986,4.233231892210209
1.2259702253426976,4.834412088244244
1.2259702253426976,4.834412088244244
1.2259702253426976,4.834412088244244
1.2259702253426976,4.834412088244244
1.2259702253426976,4.834412088244244
1.2259702253426976,4.834412088244244
0.7714814496662472,5.476488451727051
0.7714814496662472,5.476488451727051
0.7714814496662472,5.476488451727051
0.7714814496662472,5.476488451727051
0.7714814496662472,5.476488451727051
0.7714814496662472,5.476488451727051
2.2644294391435826,4.229192426920558
2.2644294391435826,4.229192426920558
2.2644294391435826,4.229192426920558
2.2644294391435826,4.229192426920558
2.2644294391435826,4.229192426920558
2.2644294391435826,4.229192426920558
2.2644294391435826,4.229192426920558
2.2644294391435826,4.229192426920558
2.2644294391435826,4.229192426920558
2.2644294391435826,4.229192426920558
2.2644294391435826,4.229192426920558
2.2644294391435826,4.229192426920558
2.2644294391435826,4.229192426920558
2.2644294391435826,4.229192426920558
2.2644294391435826,4.229192426920558
2.2644294391435826,4.229192426920558
2.2644294391435826,4.229192426920558
2.2644294391435826,4.229192426920558
2.2644294391435826,4.229192426920558
2.2644294391435826,4.229192426920558
2.2644294391435826,4.229192426920558
2.2644294391435826,4.229192426920558
2.2644294391435826,4.229192426920558
2.2644294391435826,4.229192426920558
2.2644294391435826,4.229192426920558
2.2644294391435826,4.229192426920558
2.2644294391435826,4.229192426920558
2.2644294391435826,4.229192426920558
2.2644294391435826,4.229192426920558
2.2644294391435826,4.229192426920558
2.2644294391435826,4.229192426920558
2.2644294391435826,4.229192426920558
2.2644294391435826,4.229192426920558
2.2644294391435826,4.229192426920558
2.2644294391435826,4.229192426920558
2.2644294391435826,4.229192426920558
2.2644294391435826,4.229192426920558
2.2644294391435826,4.229192426920558
2.2644294391435826,4.229192426920558
2.2644294391435826,4.229192426920558
2.2644294391435826,4.229192426920558
2.2644294391435826,4.229192426920558
2.2644294391435826,4.229192426920558
2.2644294391435826,4.229192426920558
2.2644294391435826,4.229192426920558
2.2644294391435826,4.229192426920558
2.2644294391435826,4.229192426920558
2.2644294391435826,4.229192426920558
2.2644294391435826,4.229192426920558
2.2644294391435826,4.229192426920558
2.2644294391435826,4.229192426920558
2.2644294391435826,4.229192426920558
2.2644294391435826,4.229192426920558
2.2644294391435826,4.229192426920558
2.2644294391435826,4.229192426920558
2.2644294391435826,4.229192426920558
2.2644294391435826,4.229192426920558
2.2644294391435826,4.229192426920558
2.2644294391435826,4.229192426920558
2.2644294391435826,4.229192426920558
2.2644294391435826,4.229192426920558
2.2644294391435826,4.229192426920558
2.2644294391435826,4.229192426920558
2.2644294391435826,4.229192426920558
3.261541957126979,5.840309704842856
3.261541957126979,5.840309704842856
3.261541957126979,5.840309704842856
3.261541957126979,5.840309704842856
3.261541957126979,5.840309704842856
3.261541957126979,5.840309704842856
3.261541957126979,5.840309704842856
3.261541957126979,5.840309704842856
3.261541957126979,5.840309704842856
3.261541957126979,5.840309704842856
3.261541957126979,5.840309704842856
3.261541957126979,5.840309704842856
3.261541957126979,5.840309704842856
3.261541957126979,5.840309704842856
3.261541957126979,5.840309704842856
3.261541957126979,5.840309704842856
3.261541957126979,5.840309704842856
3.261541957126979,5.840309704842856
3.261541957126979,5.840309704842856
3.261541957126979,5.840309704842856
3.261541957126979,5.840309704842856
3.261541957126979,5.840309704842856
3.261541957126979,5.840309704842856
3.261541957126979,5.840309704842856
3.261541957126979,5.840309704842856
3.261541957126979,5.840309704842856
3.261541957126979,5.840309704842856
3.261541957126979,5.840309704842856
3.261541957126979,5.840309704842856
3.261541957126979,5.840309704842856
3.261541957126979,5.840309704842856
3.261541957126979,5.840309704842856
3.261541957126979,5.840309704842856
3.261541957126979,5.840309704842856
3.261541957126979,5.840309704842856
3.261541957126979,5.840309704842856
3.479160677038524,6.242490694899088
3.479160677038524,6.242490694899088
3.479160677038524,6.242490694899088
3.479160677038524,6.242490694899088
3.479160677038524,6.242490694899088
3.479160677038524,6.242490694899088
3.479160677038524,6.242490694899088
3.479160677038524,6.242490694899088
3.479160677038524,6.242490694899088
3.479160677038524,6.242490694899088
3.479160677038524,6.242490694899088
3.479160677038524,6.242490694899088
3.479160677038524,6.242490694899088
3.479160677038524,6.242490694899088
3.479160677038524,6.242490694899088
3.479160677038524,6.242490694899088
3.479160677038524,6.242490694899088
3.479160677038524,6.242490694899088
3.479160677038524,6.242490694899088
3.479160677038524,6.242490694899088
3.479160677038524,6.242490694899088
3.479160677038524,6.242490694899088
3.479160677038524,6.242490694899088
3.479160677038524,6.242490694899088
3.479160677038524,6.242490694899088
3.479160677038524,6.242490694899088
3.479160677038524,6.242490694899088
3.479160677038524,6.242490694899088
3.479160677038524,6.242490694899088
3.479160677038524,6.242490694899088
3.479160677038524,6.242490694899088
3.479160677038524,6.242490694899088
3.479160677038524,6.242490694899088
3.479160677038524,6.242490694899088
3.479160677038524,6.242490694899088
3.479160677038524,6.242490694899088
3.479160677038524,6.242490694899088
3.479160677038524,6.242490694899088
3.479160677038524,6.242490694899088
3.479160677038524,6.242490694899088
3.479160677038524,6.242490694899088
3.479160677038524,6.242490694899088
3.479160677038524,6.242490694899088
3.479160677038524,6.242490694899088
3.479160677038524,6.242490694899088
3.479160677038524,6.242490694899088
3.479160677038524,6.242490694899088
3.479160677038524,6.242490694899088
3.479160677038524,6.242490694899088
3.479160677038524,6.242490694899088
3.479160677038524,6.242490694899088
3.479160677038524,6.242490694899088
3.479160677038524,6.242490694899088
3.479160677038524,6.242490694899088
0.20618761285223508,5.0652845121288195
0.20618761285223508,5.0652845121288195
0.20618761285223508,5.0652845121288195
0.20618761285223508,5.0652845121288195
0.20618761285223508,5.0652845121288195
0.20618761285223508,5.0652845121288195
1.2807200442076296,5.5745778929396135
1.2807200442076296,5.5745778929396135
1.2807200442076296,5.5745778929396135
1.2807200442076296,5.5745778929396135
1.2807200442076296,5.5745778929396135
1.2807200442076296,5.5745778929396135
1.2807200442076296,5.5745778929396135
1.2807200442076296,5.5745778929396135
1.2807200442076296,5.5745778929396135
1.2807200442076296,5.5745778929396135
1.2807200442076296,5.5745778929396135
1.2807200442076296,5.5745778929396135
1.2807200442076296,5.5745778929396135
1.2807200442076296,5.5745778929396135
1.2807200442076296,5.5745778929396135
1.2807200442076296,5.5745778929396135
1.2807200442076296,5.5745778929396135
1.2807200442076296,5.5745778929396135
1.2807200442076296,5.5745778929396135
1.2807200442076296,5.5745778929396135
1.2807200442076296,5.5745778929396135
1.2807200442076296,5.5745778929396135
1.2807200442076296,5.5745778929396135
1.2807200442076296,5.5745778929396135
1.2807200442076296,5.5745778929396135
1.2807200442076296,5.5745778929396135
1.2807200442076296,5.5745778929396135
1.2807200442076296,5.5745778929396135
1.2807200442076296,5.5745778929396135
1.2807200442076296,5.5745778929396135
1.2807200442076296,5.5745778929396135
1.2807200442076296,5.5745778929396135
1.2807200442076296,5.5745778929396135
1.2807200442076296,5.5745778929396135
1.2807200442076296,5.5745778929396135
1.2807200442076296,5.5745778929396135
1.2807200442076296,5.5745778929396135
1.2807200442076296,5.5745778929396135
1.2807200442076296,5.5745778929396135
1.2807200442076296,5.5745778929396135
1.2807200442076296,5.5745778929396135
1.2807200442076296,5.5745778929396135
1.2807200442076296,5.5745778929396135
1.2807200442076296,5.5745778929396135
1.2807200442076296,5.5745778929396135
1.2807200442076296,5.5745778929396135
1.2807200442076296,5.5745778929396135
1.2807200442076296,5.5745778929396135
2.1167222958166905,2.144460679754198
2.1167222958166905,2.144460679754198
2.1167222958166905,2.144460679754198
2.1167222958166905,2.144460679754198
2.1167222958166905,2.144460679754198
2.1167222958166905,2.144460679754198
2.1167222958166905,2.144460679754198
2.1167222958166905,2.144460679754198
2.1167222958166905,2.144460679754198
2.1167222958166905,2.144460679754198
4.561839475936647,4.82509163929059
4.561839475936647,4.82509163929059
4.561839475936647,4.82509163929059
4.561839475936647,4.82509163929059
4.561839475936647,4.82509163929059
4.561839475936647,4.82509163929059
1.5491554611452918,2.8991429776105653
1.5491554611452918,2.8991429776105653
1.5491554611452918,2.8991429776105653
1.5491554611452918,2.8991429776105653
1.5491554611452918,2.8991429776105653
1.5491554611452918,2.8991429776105653
1.5491554611452918,2.8991429776105653
1.5491554611452918,2.8991429776105653
1.5491554611452918,2.8991429776105653
1.5491554611452918,2.8991429776105653
1.5491554611452918,2.8991429776105653
1.5491554611452918,2.8991429776105653
1.5491554611452918,2.8991429776105653
1.5491554611452918,2.8991429776105653
1.5491554611452918,2.8991429776105653
1.5491554611452918,2.8991429776105653
1.5491554611452918,2.8991429776105653
1.5491554611452918,2.8991429776105653
1.5491554611452918,2.8991429776105653
1.5491554611452918,2.8991429776105653
1.5491554611452918,2.8991429776105653
1.5491554611452918,2.8991429776105653
1.5491554611452918,2.8991429776105653
1.5491554611452918,2.8991429776105653
1.5491554611452918,2.8991429776105653
1.5491554611452918,2.8991429776105653
1.5491554611452918,2.8991429776105653
1.5491554611452918,2.8991429776105653
1.5491554611452918,2.8991429776105653
1.5491554611452918,2.8991429776105653
1.5491554611452918,2.8991429776105653
1.5491554611452918,2.8991429776105653
1.5491554611452918,2.8991429776105653
1.5491554611452918,2.8991429776105653
4.713206048843983,5.1025884181491445
4.713206048843983,5.1025884181491445
4.713206048843983,5.1025884181491445
4.713206048843983,5.1025884181491445
4.713206048843983,5.1025884181491445
4.713206048843983,5.1025884181491445
4.713206048843983,5.1025884181491445
4.713206048843983,5.1025884181491445
4.713206048843983,5.1025884181491445
4.713206048843983,5.1025884181491445
4.713206048843983,5.1025884181491445
4.713206048843983,5.1025884181491445
1.004684652875044,2.3223094311557952
1.004684652875044,2.3223094311557952
1.004684652875044,2.3223094311557952
1.004684652875044,2.3223094311557952
1.004684652875044,2.3223094311557952
1.004684652875044,2.3223094311557952
1.004684652875044,2.3223094311557952
1.004684652875044,2.3223094311557952
1.004684652875044,2.3223094311557952
1.004684652875044,2.3223094311557952
1.004684652875044,2.3223094311557952
1.004684652875044,2.3223094311557952
1.004684652875044,2.3223094311557952
1.004684652875044,2.3223094311557952
1.004684652875044,2.3223094311557952
1.004684652875044,2.3223094311557952
1.004684652875044,2.3223094311557952
1.004684652875044,2.3223094311557952
1.004684652875044,2.3223094311557952
1.004684652875044,2.3223094311557952
1.004684652875044,2.3223094311557952
1.004684652875044,2.3223094311557952
1.004684652875044,2.3223094311557952
1.004684652875044,2.3223094311557952
1.004684652875044,2.3223094311557952
1.004684652875044,2.3223094311557952
1.004684652875044,2.3223094311557952
1.004684652875044,2.3223094311557952
1.004684652875044,2.3223094311557952
1.004684652875044,2.3223094311557952
1.004684652875044,2.3223094311557952
1.004684652875044,2.3223094311557952
1.004684652875044,2.3223094311557952
1.004684652875044,2.3223094311557952
1.004684652875044,2.3223094311557952
1.811849439878603,6.068144501891048
1.811849439878603,6.068144501891048
1.811849439878603,6.068144501891048
1.811849439878603,6.068144501891048
1.811849439878603,6.068144501891048
1.811849439878603,6.068144501891048
1.811849439878603,6.068144501891048
1.811849439878603,6.068144501891048
1.811849439878603,6.068144501891048
1.811849439878603,6.068144501891048
1.811849439878603,6.068144501891048
1.811849439878603,6.068144501891048
1.811849439878603,6.068144501891048
1.811849439878603,6.068144501891048
1.811849439878603,6.068144501891048
1.811849439878603,6.068144501891048
1.811849439878603,6.068144501891048
1.811849439878603,6.068144501891048
1.811849439878603,6.068144501891048
1.811849439878603,6.068144501891048
1.811849439878603,6.068144501891048
1.811849439878603,6.068144501891048
1.811849439878603,6.068144501891048
1.811849439878603,6.068144501891048
1.811849439878603,6.068144501891048
1.811849439878603,6.068144501891048
1.811849439878603,6.068144501891048
1.811849439878603,6.068144501891048
1.811849439878603,6.068144501891048
1.811849439878603,6.068144501891048
1.811849439878603,6.068144501891048
1.811849439878603,6.068144501891048
1.811849439878603,6.068144501891048
1.811849439878603,6.068144501891048
1.811849439878603,6.068144501891048
1.811849439878603,6.068144501891048
1.811849439878603,6.068144501891048
1.811849439878603,6.068144501891048
1.811849439878603,6.068144501891048
1.811849439878603,6.068144501891048
1.811849439878603,6.068144501891048
1.811849439878603,6.068144501891048
1.811849439878603,6.068144501891048
1.811849439878603,6.068144501891048
1.811849439878603,6.068144501891048
1.811849439878603,6.068144501891048
1.811849439878603,6.068144501891048
1.811849439878603,6.068144501891048
1.811849439878603,6.068144501891048
1.811849439878603,6.068144501891048
1.811849439878603,6.068144501891048
1.811849439878603,6.068144501891048
1.811849439878603,6.068144501891048
1.811849439878603,6.068144501891048
1.811849439878603,6.068144501891048
1.811849439878603,6.068144501891048
1.811849439878603,6.068144501891048
1.811849439878603,6.068144501891048
1.811849439878603,6.068144501891048
1.811849439878603,6.068144501891048
1.811849439878603,6.068144501891048
1.811849439878603,6.068144501891048
1.811849439878603,6.068144501891048
1.811849439878603,6.068144501891048
1.811849439878603,6.068144501891048
1.811849439878603,6.068144501891048
1.811849439878603,6.068144501891048
1.811849439878603,6.068144501891048
1.811849439878603,6.068144501891048
1.811849439878603,6.068144501891048
1.811849439878603,6.068144501891048
1.811849439878603,6.068144501891048
1.811849439878603,6.068144501891048
1.811849439878603,6.068144501891048
1.811849439878603,6.068144501891048
1.811849439878603,6.068144501891048
1.811849439878603,6.068144501891048
1.811849439878603,6.068144501891048
1.811849439878603,6.068144501891048
1.811849439878603,6.068144501891048
1.811849439878603,6.068144501891048
1.811849439878603,6.068144501891048
1.811849439878603,6.068144501891048
1.811849439878603,6.068144501891048
1.811849439878603,6.068144501891048
1.811849439878603,6.068144501891048
1.811849439878603,6.068144501891048
1.811849439878603,6.068144501891048
1.811849439878603,6.068144501891048
1.811849439878603,6.068144501891048
1.811849439878603,6.068144501891048
1.811849439878603,6.068144501891048
1.811849439878603,6.068144501891048
1.811849439878603,6.068144501891048
1.811849439878603,6.068144501891048
1.811849439878603,6.068144501891048
1.811849439878603,6.068144501891048
1.811849439878603,6.068144501891048
1.811849439878603,6.068144501891048
1.811849439878603,6.068144501891048
1.811849439878603,6.068144501891048
1.811849439878603,6.068144501891048
1.811849439878603,6.068144501891048
1.811849439878603,6.068144501891048
1.811849439878603,6.068144501891048
1.811849439878603,6.068144501891048
1.811849439878603,6.068144501891048
1.811849439878603,6.068144501891048
1.811849439878603,6.068144501891048
1.811849439878603,6.068144501891048
1.811849439878603,6.068144501891048
1.811849439878603,6.068144501891048
1.811849439878603,6.068144501891048
1.811849439878603,6.068144501891048
1.811849439878603,6.068144501891048
1.811849439878603,6.068144501891048
1.811849439878603,6.068144501891048
1.811849439878603,6.068144501891048
1.811849439878603,6.068144501891048
1.811849439878603,6.068144501891048
2.323654290363661,2.906293730753458
2.323654290363661,2.906293730753458
2.323654290363661,2.906293730753458
2.323654290363661,2.906293730753458
2.323654290363661,2.906293730753458
2.323654290363661,2.906293730753458
2.323654290363661,2.906293730753458
2.323654290363661,2.906293730753458
2.323654290363661,2.906293730753458
2.323654290363661,2.906293730753458
2.323654290363661,2.906293730753458
2.323654290363661,2.906293730753458
2.323654290363661,2.906293730753458
2.323654290363661,2.906293730753458
2.323654290363661,2.906293730753458
2.323654290363661,2.906293730753458
2.323654290363661,2.906293730753458
2.323654290363661,2.906293730753458
2.323654290363661,2.906293730753458
2.323654290363661,2.906293730753458
2.323654290363661,2.906293730753458
2.323654290363661,2.906293730753458
2.323654290363661,2.906293730753458
2.323654290363661,2.906293730753458
2.323654290363661,2.906293730753458
2.323654290363661,2.906293730753458
2.323654290363661,2.906293730753458
2.323654290363661,2.906293730753458
2.323654290363661,2.906293730753458
2.323654290363661,2.906293730753458
2.323654290363661,2.906293730753458
2.323654290363661,2.906293730753458
2.323654290363661,2.906293730753458
2.323654290363661,2.906293730753458
2.323654290363661,2.906293730753458
2.323654290363661,2.906293730753458
2.323654290363661,2.906293730753458
2.323654290363661,2.906293730753458
2.323654290363661,2.906293730753458
2.323654290363661,2.906293730753458
2.323654290363661,2.906293730753458
2.323654290363661,2.906293730753458
2.323654290363661,2.906293730753458
2.323654290363661,2.906293730753458
2.323654290363661,2.906293730753458
2.323654290363661,2.906293730753458
2.323654290363661,2.906293730753458
2.323654290363661,2.906293730753458
2.323654290363661,2.906293730753458
2.323654290363661,2.906293730753458
2.323654290363661,2.906293730753458
2.323654290363661,2.906293730753458
2.323654290363661,2.906293730753458
2.323654290363661,2.906293730753458
2.323654290363661,2.906293730753458
2.323654290363661,2.906293730753458
2.323654290363661,2.906293730753458
2.323654290363661,2.906293730753458
2.323654290363661,2.906293730753458
2.323654290363661,2.906293730753458
2.323654290363661,2.906293730753458
2.323654290363661,2.906293730753458
2.323654290363661,2.906293730753458
2.323654290363661,2.906293730753458
2.323654290363661,2.906293730753458
2.323654290363661,2.906293730753458
2.323654290363661,2.906293730753458
4.150433768205736,5.425169190421518
4.150433768205736,5.425169190421518
4.150433768205736,5.425169190421518
4.150433768205736,5.425169190421518
4.150433768205736,5.425169190421518
4.150433768205736,5.425169190421518
4.150433768205736,5.425169190421518
4.150433768205736,5.425169190421518
4.150433768205736,5.425169190421518
4.150433768205736,5.425169190421518
4.150433768205736,5.425169190421518
4.150433768205736,5.425169190421518
4.150433768205736,5.425169190421518
4.150433768205736,5.425169190421518
4.150433768205736,5.425169190421518
4.150433768205736,5.425169190421518
4.150433768205736,5.425169190421518
4.150433768205736,5.425169190421518
4.150433768205736,5.425169190421518
4.150433768205736,5.425169190421518
4.150433768205736,5.425169190421518
4.150433768205736,5.425169190421518
4.150433768205736,5.425169190421518
4.150433768205736,5.425169190421518
4.150433768205736,5.425169190421518
4.150433768205736,5.425169190421518
4.150433768205736,5.425169190421518
4.150433768205736,5.425169190421518
4.150433768205736,5.425169190421518
4.150433768205736,5.425169190421518
4.150433768205736,5.425169190421518
4.150433768205736,5.425169190421518
4.150433768205736,5.425169190421518
4.150433768205736,5.425169190421518
4.150433768205736,5.425169190421518
4.150433768205736,5.425169190421518
4.150433768205736,5.425169190421518
4.150433768205736,5.425169190421518
4.150433768205736,5.425169190421518
4.150433768205736,5.425169190421518
4.150433768205736,5.425169190421518
4.150433768205736,5.425169190421518
4.150433768205736,5.425169190421518
4.150433768205736,5.425169190421518
4.150433768205736,5.425169190421518
4.150433768205736,5.425169190421518
4.150433768205736,5.425169190421518
4.150433768205736,5.425169190421518
4.150433768205736,5.425169190421518
4.150433768205736,5.425169190421518
4.150433768205736,5.425169190421518
4.150433768205736,5.425169190421518
4.150433768205736,5.425169190421518
4.150433768205736,5.425169190421518
0.09922482458323201,1.9073090016042227
0.09922482458323201,1.9073090016042227
0.09922482458323201,1.9073090016042227
0.09922482458323201,1.9073090016042227
0.09922482458323201,1.9073090016042227
0.09922482458323201,1.9073090016042227
0.09922482458323201,1.9073090016042227
0.09922482458323201,1.9073090016042227
0.09922482458323201,1.9073090016042227
0.09922482458323201,1.9073090016042227
0.09922482458323201,1.9073090016042227
0.09922482458323201,1.9073090016042227
0.09922482458323201,1.9073090016042227
0.09922482458323201,1.9073090016042227
0.09922482458323201,1.9073090016042227
0.09922482458323201,1.9073090016042227
0.09922482458323201,1.9073090016042227
0.09922482458323201,1.9073090016042227
0.09922482458323201,1.9073090016042227
0.09922482458323201,1.9073090016042227
0.09922482458323201,1.9073090016042227
0.09922482458323201,1.9073090016042227
0.09922482458323201,1.9073090016042227
0.09922482458323201,1.9073090016042227
0.09922482458323201,1.9073090016042227
0.09922482458323201,1.9073090016042227
0.09922482458323201,1.9073090016042227
0.09922482458323201,1.9073090016042227
0.09922482458323201,1.9073090016042227
0.09922482458323201,1.9073090016042227
0.09922482458323201,1.9073090016042227
0.09922482458323201,1.9073090016042227
0.09922482458323201,1.9073090016042227
0.09922482458323201,1.9073090016042227
0.09922482458323201,1.9073090016042227
4.974216610486303,2.7672112492124388
4.974216610486303,2.7672112492124388
4.974216610486303,2.7672112492124388
4.974216610486303,2.7672112492124388
4.974216610486303,2.7672112492124388
4.974216610486303,2.7672112492124388
4.974216610486303,2.7672112492124388
4.974216610486303,2.7672112492124388
0.7536129555450882,6.42632114708826
0.7536129555450882,6.42632114708826
0.7536129555450882,6.42632114708826
0.7536129555450882,6.42632114708826
0.7536129555450882,6.42632114708826
0.7536129555450882,6.42632114708826
4.427130899005633,5.591943526310445
4.427130899005633,5.591943526310445
4.427130899005633,5.591943526310445
4.427130899005633,5.591943526310445
4.427130899005633,5.591943526310445
4.427130899005633,5.591943526310445
4.427130899005633,5.591943526310445
4.427130899005633,5.591943526310445
4.427130899005633,5.591943526310445
4.427130899005633,5.591943526310445
4.427130899005633,5.591943526310445
4.427130899005633,5.591943526310445
4.427130899005633,5.591943526310445
4.427130899005633,5.591943526310445
4.427130899005633,5.591943526310445
4.427130899005633,5.591943526310445
4.427130899005633,5.591943526310445
4.427130899005633,5.591943526310445
4.427130899005633,5.591943526310445
4.427130899005633,5.591943526310445
4.427130899005633,5.591943526310445
4.427130899005633,5.591943526310445
4.427130899005633,5.591943526310445
4.427130899005633,5.591943526310445
4.427130899005633,5.591943526310445
4.427130899005633,5.591943526310445
4.427130899005633,5.591943526310445
4.427130899005633,5.591943526310445
4.427130899005633,5.591943526310445
4.427130899005633,5.591943526310445
4.427130899005633,5.591943526310445
4.427130899005633,5.591943526310445
4.427130899005633,5.591943526310445
4.427130899005633,5.591943526310445
4.427130899005633,5.591943526310445
4.427130899005633,5.591943526310445
4.427130899005633,5.591943526310445
4.427130899005633,5.591943526310445
4.427130899005633,5.591943526310445
4.427130899005633,5.591943526310445
4.427130899005633,5.591943526310445
4.427130899005633,5.591943526310445
4.427130899005633,5.591943526310445
4.427130899005633,5.591943526310445
4.427130899005633,5.591943526310445
4.427130899005633,5.591943526310445
4.427130899005633,5.591943526310445
4.427130899005633,5.591943526310445
4.427130899005633,5.591943526310445
4.427130899005633,5.591943526310445
4.427130899005633,5.591943526310445
4.427130899005633,5.591943526310445
4.427130899005633,5.591943526310445
4.427130899005633,5.591943526310445
4.427130899005633,5.591943526310445
4.427130899005633,5.591943526310445
4.427130899005633,5.591943526310445
4.427130899005633,5.591943526310445
4.427130899005633,5.591943526310445
4.427130899005633,5.591943526310445
4.427130899005633,5.591943526310445
4.427130899005633,5.591943526310445
4.427130899005633,5.591943526310445
4.427130899005633,5.591943526310445
4.427130899005633,5.591943526310445
4.427130899005633,5.591943526310445
4.427130899005633,5.591943526310445
4.427130899005633,5.591943526310445
4.427130899005633,5.591943526310445
4.427130899005633,5.591943526310445
4.427130899005633,5.591943526310445
4.427130899005633,5.591943526310445
2.56893261139614,3.645240220332103
2.56893261139614,3.645240220332103
2.56893261139614,3.645240220332103
2.56893261139614,3.645240220332103
2.56893261139614,3.645240220332103
2.56893261139614,3.645240220332103
2.56893261139614,3.645240220332103
2.56893261139614,3.645240220332103
2.56893261139614,3.645240220332103
2.56893261139614,3.645240220332103
2.56893261139614,3.645240220332103
2.56893261139614,3.645240220332103
2.56893261139614,3.645240220332103
2.56893261139614,3.645240220332103
2.56893261139614,3.645240220332103
2.56893261139614,3.645240220332103
2.56893261139614,3.645240220332103
2.56893261139614,3.645240220332103
2.56893261139614,3.645240220332103
2.56893261139614,3.645240220332103
2.56893261139614,3.645240220332103
2.56893261139614,3.645240220332103
2.56893261139614,3.645240220332103
2.56893261139614,3.645240220332103
2.56893261139614,3.645240220332103
2.56893261139614,3.645240220332103
2.56893261139614,3.645240220332103
2.56893261139614,3.645240220332103
2.56893261139614,3.645240220332103
2.56893261139614,3.645240220332103
2.56893261139614,3.645240220332103
2.56893261139614,3.645240220332103
2.56893261139614,3.645240220332103
2.56893261139614,3.645240220332103
2.56893261139614,3.645240220332103
2.56893261139614,3.645240220332103
2.56893261139614,3.645240220332103
2.56893261139614,3.645240220332103
2.56893261139614,3.645240220332103
2.56893261139614,3.645240220332103
2.56893261139614,3.645240220332103
2.56893261139614,3.645240220332103
2.56893261139614,3.645240220332103
2.56893261139614,3.645240220332103
2.56893261139614,3.645240220332103
2.56893261139614,3.645240220332103
2.56893261139614,3.645240220332103
2.56893261139614,3.645240220332103
2.56893261139614,3.645240220332103
2.56893261139614,3.645240220332103
2.56893261139614,3.645240220332103
2.56893261139614,3.645240220332103
2.56893261139614,3.645240220332103
2.56893261139614,3.645240220332103
2.56893261139614,3.645240220332103
2.56893261139614,3.645240220332103
2.56893261139614,3.645240220332103
2.56893261139614,3.645240220332103
2.56893261139614,3.645240220332103
2.56893261139614,3.645240220332103
2.56893261139614,3.645240220332103
2.56893261139614,3.645240220332103
2.56893261139614,3.645240220332103
2.56893261139614,3.645240220332103
2.56893261139614,3.645240220332103
2.56893261139614,3.645240220332103
2.56893261139614,3.645240220332103
2.56893261139614,3.645240220332103
2.56893261139614,3.645240220332103
2.56893261139614,3.645240220332103
2.56893261139614,3.645240220332103
2.56893261139614,3.645240220332103
2.56893261139614,3.645240220332103
2.56893261139614,3.645240220332103
2.56893261139614,3.645240220332103
2.56893261139614,3.645240220332103
2.56893261139614,3.645240220332103
2.56893261139614,3.645240220332103
2.56893261139614,3.645240220332103
2.56893261139614,3.645240220332103
2.56893261139614,3.645240220332103
2.56893261139614,3.645240220332103
2.56893261139614,3.645240220332103
2.56893261139614,3.645240220332103
2.56893261139614,3.645240220332103
2.56893261139614,3.645240220332103
2.56893261139614,3.645240220332103
2.56893261139614,3.645240220332103
2.56893261139614,3.645240220332103
2.56893261139614,3.645240220332103
2.56893261139614,3.645240220332103
2.56893261139614,3.645240220332103
2.56893261139614,3.645240220332103
2.56893261139614,3.645240220332103
2.56893261139614,3.645240220332103
2.56893261139614,3.645240220332103
2.56893261139614,3.645240220332103
2.56893261139614,3.645240220332103
2.56893261139614,3.645240220332103
2.56893261139614,3.645240220332103
2.56893261139614,3.645240220332103
2.56893261139614,3.645240220332103
2.56893261139614,3.645240220332103
2.56893261139614,3.645240220332103
2.56893261139614,3.645240220332103
2.56893261139614,3.645240220332103
2.56893261139614,3.645240220332103
2.56893261139614,3.645240220332103
2.56893261139614,3.645240220332103
2.56893261139614,3.645240220332103
2.56893261139614,3.645240220332103
2.56893261139614,3.645240220332103
2.56893261139614,3.645240220332103
2.56893261139614,3.645240220332103
2.56893261139614,3.645240220332103
2.56893261139614,3.645240220332103
2.56893261139614,3.645240220332103
2.56893261139614,3.645240220332103
2.56893261139614,3.645240220332103
2.56893261139614,3.645240220332103
2.56893261139614,3.645240220332103
2.56893261139614,3.645240220332103
2.56893261139614,3.645240220332103
2.56893261139614,3.645240220332103
2.56893261139614,3.645240220332103
2.56893261139614,3.645240220332103
2.56893261139614,3.645240220332103
2.56893261139614,3.645240220332103
2.56893261139614,3.645240220332103
2.56893261139614,3.645240220332103
2.56893261139614,3.645240220332103
2.56893261139614,3.645240220332103
2.56893261139614,3.645240220332103
2.56893261139614,3.645240220332103
2.56893261139614,3.645240220332103
2.56893261139614,3.645240220332103
2.56893261139614,3.645240220332103
2.56893261139614,3.645240220332103
2.56893261139614,3.645240220332103
2.56893261139614,3.645240220332103
2.56893261139614,3.645240220332103
2.56893261139614,3.645240220332103
2.56893261139614,3.645240220332103
2.56893261139614,3.645240220332103
2.56893261139614,3.645240220332103
2.56893261139614,3.645240220332103
2.56893261139614,3.645240220332103
2.56893261139614,3.645240220332103
2.56893261139614,3.645240220332103
2.56893261139614,3.645240220332103
2.56893261139614,3.645240220332103
2.56893261139614,3.645240220332103
2.56893261139614,3.645240220332103
2.56893261139614,3.645240220332103
2.56893261139614,3.645240220332103
2.56893261139614,3.645240220332103
2.56893261139614,3.645240220332103
2.56893261139614,3.645240220332103
2.56893261139614,3.645240220332103
2.56893261139614,3.645240220332103
2.56893261139614,3.645240220332103
2.56893261139614,3.645240220332103
2.56893261139614,3.645240220332103
2.56893261139614,3.645240220332103
2.56893261139614,3.645240220332103
2.56893261139614,3.645240220332103
2.56893261139614,3.645240220332103
2.56893261139614,3.645240220332103
2.56893261139614,3.645240220332103
2.56893261139614,3.645240220332103
2.56893261139614,3.645240220332103
2.56893261139614,3.645240220332103
2.56893261139614,3.645240220332103
2.56893261139614,3.645240220332103
2.56893261139614,3.645240220332103
2.56893261139614,3.645240220332103
2.56893261139614,3.645240220332103
2.56893261139614,3.645240220332103
2.56893261139614,3.645240220332103
2.56893261139614,3.645240220332103
2.56893261139614,3.645240220332103
2.56893261139614,3.645240220332103
2.56893261139614,3.645240220332103
2.56893261139614,3.645240220332103
2.56893261139614,3.645240220332103
2.56893261139614,3.645240220332103
2.56893261139614,3.645240220332103
