3.5,3.5
3.9069024071160685,2.8241970897007875
4.118391942329271,2.180275899970767
4.162319141077093,2.99430083501741
4.162319141077093,2.99430083501741
4.162319141077093,2.99430083501741
3.248422673215262,2.0798949363295276
3.248422673215262,2.0798949363295276
2.4018964845564335,1.8153768525100005
2.4018964845564335,1.8153768525100005
4.184372725538931,1.7229146880325927
2.174222645527079,1.2024539692307623
2.174222645527079,1.2024539692307623
4.02889755658404,2.389663170547359
4.02889755658404,2.389663170547359
4.02889755658404,2.389663170547359
4.02889755658404,2.389663170547359
4.02889755658404,2.389663170547359
4.02889755658404,2.389663170547359
4.02889755658404,2.389663170547359
4.02889755658404,2.389663170547359
2.201655482257946,1.4255350133195623
2.201655482257946,1.4255350133195623
2.201655482257946,1.4255350133195623
2.201655482257946,1.4255350133195623
2.9166226309028276,3.3660004157534145
3.4098984127531935,3.636238911271282
3.4098984127531935,3.636238911271282
3.4098984127531935,3.636238911271282
3.4098984127531935,3.636238911271282
3.4098984127531935,3.636238911271282
3.4098984127531935,3.636238911271282
2.0590698354278474,1.483192131323686
2.0590698354278474,1.483192131323686
2.0590698354278474,1.483192131323686
2.0590698354278474,1.483192131323686
2.0590698354278474,1.483192131323686
2.0590698354278474,1.483192131323686
2.0590698354278474,1.483192131323686
2.0590698354278474,1.483192131323686
3.0841038534180036,1.2083027011731686
3.0841038534180036,1.2083027011731686
3.0841038534180036,1.2083027011731686
3.0841038534180036,1.2083027011731686
3.0841038534180036,1.2083027011731686
3.0841038534180036,1.2083027011731686
3.0841038534180036,1.2083027011731686
3.0841038534180036,1.2083027011731686
3.0841038534180036,1.2083027011731686
3.0841038534180036,1.2083027011731686
4.6660455725554435,1.5910794706709415
4.6660455725554435,1.5910794706709415
2.125701045063492,0.2922991142865272
2.125701045063492,0.2922991142865272
2.02683086049952,1.8843389005134619
2.02683086049952,1.8843389005134619
2.02683086049952,1.8843389005134619
2.02683086049952,1.8843389005134619
2.02683086049952,1.8843389005134619
2.02683086049952,1.8843389005134619
2.02683086049952,1.8843389005134619
2.02683086049952,1.8843389005134619
2.02683086049952,1.8843389005134619
2.02683086049952,1.8843389005134619
2.02683086049952,1.8843389005134619
2.02683086049952,1.8843389005134619
2.02683086049952,1.8843389005134619
2.02683086049952,1.8843389005134619
2.02683086049952,1.8843389005134619
2.02683086049952,1.8843389005134619
4.766328704492212,2.798946007390593
4.766328704492212,2.798946007390593
4.766328704492212,2.798946007390593
4.766328704492212,2.798946007390593
4.766328704492212,2.798946007390593
4.766328704492212,2.798946007390593
4.766328704492212,2.798946007390593
4.766328704492212,2.798946007390593
4.766328704492212,2.798946007390593
4.766328704492212,2.798946007390593
4.766328704492212,2.798946007390593
4.766328704492212,2.798946007390593
4.766328704492212,2.798946007390593
1.9711344536702982,0.7582192244277816
1.9711344536702982,0.7582192244277816
1.9711344536702982,0.7582192244277816
1.9711344536702982,0.7582192244277816
1.9711344536702982,0.7582192244277816
1.9711344536702982,0.7582192244277816
1.9711344536702982,0.7582192244277816
1.9711344536702982,0.7582192244277816
1.9711344536702982,0.7582192244277816
1.9711344536702982,0.7582192244277816
1.9711344536702982,0.7582192244277816
1.9711344536702982,0.7582192244277816
1.9711344536702982,0.7582192244277816
1.9711344536702982,0.7582192244277816
1.9711344536702982,0.7582192244277816
1.9711344536702982,0.7582192244277816
4.60440385586016,1.1046462549132032
4.60440385586016,1.1046462549132032
4.60440385586016,1.1046462549132032
2.8928438393198297,3.5996854495497312
2.8928438393198297,3.5996854495497312
2.8928438393198297,3.5996854495497312
2.8928438393198297,3.5996854495497312
2.8928438393198297,3.5996854495497312
2.8928438393198297,3.5996854495497312
2.8928438393198297,3.5996854495497312
2.8928438393198297,3.5996854495497312
4.28484732448258,1.0957394871163375
4.28484732448258,1.0957394871163375
4.28484732448258,1.0957394871163375
4.28484732448258,1.0957394871163375
4.28484732448258,1.0957394871163375
4.28484732448258,1.0957394871163375
1.633018887730862,2.586139516352236
1.633018887730862,2.586139516352236
1.633018887730862,2.586139516352236
1.633018887730862,2.586139516352236
1.633018887730862,2.586139516352236
1.633018887730862,2.586139516352236
1.633018887730862,2.586139516352236
1.633018887730862,2.586139516352236
1.633018887730862,2.586139516352236
1.633018887730862,2.586139516352236
1.633018887730862,2.586139516352236
1.633018887730862,2.586139516352236
1.633018887730862,2.586139516352236
1.633018887730862,2.586139516352236
1.633018887730862,2.586139516352236
1.633018887730862,2.586139516352236
5.457451450110927,1.847143868570881
5.457451450110927,1.847143868570881
2.1491266379442377,3.3082647335208826
2.1491266379442377,3.3082647335208826
2.1491266379442377,3.3082647335208826
2.1491266379442377,3.3082647335208826
2.1491266379442377,3.3082647335208826
2.1491266379442377,3.3082647335208826
2.1491266379442377,3.3082647335208826
2.1491266379442377,3.3082647335208826
2.1491266379442377,3.3082647335208826
2.1491266379442377,3.3082647335208826
2.1491266379442377,3.3082647335208826
2.1491266379442377,3.3082647335208826
2.1491266379442377,3.3082647335208826
2.1491266379442377,3.3082647335208826
2.1491266379442377,3.3082647335208826
2.1491266379442377,3.3082647335208826
2.1491266379442377,3.3082647335208826
2.1491266379442377,3.3082647335208826
2.1491266379442377,3.3082647335208826
2.1491266379442377,3.3082647335208826
2.1491266379442377,3.3082647335208826
2.1491266379442377,3.3082647335208826
2.1491266379442377,3.3082647335208826
2.1491266379442377,3.3082647335208826
2.1491266379442377,3.3082647335208826
3.527455714875763,1.3115327486007387
3.527455714875763,1.3115327486007387
3.527455714875763,1.3115327486007387
3.527455714875763,1.3115327486007387
3.527455714875763,1.3115327486007387
3.527455714875763,1.3115327486007387
3.527455714875763,1.3115327486007387
3.527455714875763,1.3115327486007387
3.527455714875763,1.3115327486007387
3.527455714875763,1.3115327486007387
3.527455714875763,1.3115327486007387
3.527455714875763,1.3115327486007387
3.527455714875763,1.3115327486007387
3.527455714875763,1.3115327486007387
3.527455714875763,1.3115327486007387
3.527455714875763,1.3115327486007387
3.527455714875763,1.3115327486007387
3.527455714875763,1.3115327486007387
3.527455714875763,1.3115327486007387
1.8681539064020831,2.656295902840225
1.8681539064020831,2.656295902840225
1.8681539064020831,2.656295902840225
1.8681539064020831,2.656295902840225
1.8681539064020831,2.656295902840225
1.8681539064020831,2.656295902840225
1.8681539064020831,2.656295902840225
1.8681539064020831,2.656295902840225
1.8681539064020831,2.656295902840225
1.8681539064020831,2.656295902840225
1.8681539064020831,2.656295902840225
1.8681539064020831,2.656295902840225
1.8681539064020831,2.656295902840225
1.8681539064020831,2.656295902840225
1.8681539064020831,2.656295902840225
1.8681539064020831,2.656295902840225
1.8681539064020831,2.656295902840225
1.8681539064020831,2.656295902840225
1.8681539064020831,2.656295902840225
1.8681539064020831,2.656295902840225
1.8681539064020831,2.656295902840225
1.8681539064020831,2.656295902840225
1.8681539064020831,2.656295902840225
1.8681539064020831,2.656295902840225
1.8681539064020831,2.656295902840225
1.8681539064020831,2.656295902840225
1.8681539064020831,2.656295902840225
1.8681539064020831,2.656295902840225
1.8681539064020831,2.656295902840225
1.8681539064020831,2.656295902840225
1.8681539064020831,2.656295902840225
1.8681539064020831,2.656295902840225
1.8681539064020831,2.656295902840225
1.8681539064020831,2.656295902840225
1.8681539064020831,2.656295902840225
1.8681539064020831,2.656295902840225
1.8681539064020831,2.656295902840225
1.8681539064020831,2.656295902840225
1.8681539064020831,2.656295902840225
1.8681539064020831,2.656295902840225
1.8681539064020831,2.656295902840225
1.8681539064020831,2.656295902840225
1.8681539064020831,2.656295902840225
1.8681539064020831,2.656295902840225
1.8681539064020831,2.656295902840225
1.8681539064020831,2.656295902840225
1.8681539064020831,2.656295902840225
1.8681539064020831,2.656295902840225
1.8681539064020831,2.656295902840225
1.8681539064020831,2.656295902840225
1.8681539064020831,2.656295902840225
1.8681539064020831,2.656295902840225
1.8681539064020831,2.656295902840225
1.8681539064020831,2.656295902840225
1.8681539064020831,2.656295902840225
1.8681539064020831,2.656295902840225
1.8681539064020831,2.656295902840225
1.8681539064020831,2.656295902840225
1.8681539064020831,2.656295902840225
2.5565115687703632,2.3632291135288854
2.5565115687703632,2.3632291135288854
2.5565115687703632,2.3632291135288854
2.5565115687703632,2.3632291135288854
2.5565115687703632,2.3632291135288854
2.5565115687703632,2.3632291135288854
2.5565115687703632,2.3632291135288854
2.5565115687703632,2.3632291135288854
2.5565115687703632,2.3632291135288854
2.5565115687703632,2.3632291135288854
2.5565115687703632,2.3632291135288854
2.5565115687703632,2.3632291135288854
2.5565115687703632,2.3632291135288854
2.5565115687703632,2.3632291135288854
2.5565115687703632,2.3632291135288854
2.5565115687703632,2.3632291135288854
2.5565115687703632,2.3632291135288854
2.5565115687703632,2.3632291135288854
2.5565115687703632,2.3632291135288854
2.5565115687703632,2.3632291135288854
2.5565115687703632,2.3632291135288854
2.5565115687703632,2.3632291135288854
2.5565115687703632,2.3632291135288854
2.5565115687703632,2.3632291135288854
2.5565115687703632,2.3632291135288854
2.5565115687703632,2.3632291135288854
2.5565115687703632,2.3632291135288854
2.5565115687703632,2.3632291135288854
2.5565115687703632,2.3632291135288854
2.5565115687703632,2.3632291135288854
2.5565115687703632,2.3632291135288854
2.5565115687703632,2.3632291135288854
2.5565115687703632,2.3632291135288854
2.5565115687703632,2.3632291135288854
2.5565115687703632,2.3632291135288854
2.5565115687703632,2.3632291135288854
2.5565115687703632,2.3632291135288854
2.5565115687703632,2.3632291135288854
2.5565115687703632,2.3632291135288854
2.5565115687703632,2.3632291135288854
2.5565115687703632,2.3632291135288854
2.5565115687703632,2.3632291135288854
2.5565115687703632,2.3632291135288854
2.5565115687703632,2.3632291135288854
2.5565115687703632,2.3632291135288854
2.5565115687703632,2.3632291135288854
2.5565115687703632,2.3632291135288854
2.5565115687703632,2.3632291135288854
2.5565115687703632,2.3632291135288854
2.5565115687703632,2.3632291135288854
2.5565115687703632,2.3632291135288854
2.5565115687703632,2.3632291135288854
2.5565115687703632,2.3632291135288854
2.5565115687703632,2.3632291135288854
2.5565115687703632,2.3632291135288854
2.5565115687703632,2.3632291135288854
2.5565115687703632,2.3632291135288854
2.5565115687703632,2.3632291135288854
2.5565115687703632,2.3632291135288854
2.5565115687703632,2.3632291135288854
2.5565115687703632,2.3632291135288854
2.5565115687703632,2.3632291135288854
2.5565115687703632,2.3632291135288854
2.5565115687703632,2.3632291135288854
2.5565115687703632,2.3632291135288854
2.5565115687703632,2.3632291135288854
2.5565115687703632,2.3632291135288854
2.5565115687703632,2.3632291135288854
2.5565115687703632,2.3632291135288854
2.5565115687703632,2.3632291135288854
2.5565115687703632,2.3632291135288854
2.5565115687703632,2.3632291135288854
2.5565115687703632,2.3632291135288854
2.5565115687703632,2.3632291135288854
2.5565115687703632,2.3632291135288854
2.5565115687703632,2.3632291135288854
2.5565115687703632,2.3632291135288854
2.5565115687703632,2.3632291135288854
2.5565115687703632,2.3632291135288854
2.5565115687703632,2.3632291135288854
2.5565115687703632,2.3632291135288854
2.5565115687703632,2.3632291135288854
2.5565115687703632,2.3632291135288854
2.5565115687703632,2.3632291135288854
2.5565115687703632,2.3632291135288854
2.5565115687703632,2.3632291135288854
2.5565115687703632,2.3632291135288854
2.5565115687703632,2.3632291135288854
2.5565115687703632,2.3632291135288854
2.5565115687703632,2.3632291135288854
2.5565115687703632,2.3632291135288854
2.5565115687703632,2.3632291135288854
2.5565115687703632,2.3632291135288854
2.5565115687703632,2.3632291135288854
2.5565115687703632,2.3632291135288854
3.1968097868311602,2.980470081424604
3.1968097868311602,2.980470081424604
3.1968097868311602,2.980470081424604
3.1968097868311602,2.980470081424604
3.1968097868311602,2.980470081424604
3.1968097868311602,2.980470081424604
3.1968097868311602,2.980470081424604
3.1968097868311602,2.980470081424604
3.1968097868311602,2.980470081424604
3.1968097868311602,2.980470081424604
3.1968097868311602,2.980470081424604
3.1968097868311602,2.980470081424604
3.1968097868311602,2.980470081424604
3.1968097868311602,2.980470081424604
3.1968097868311602,2.980470081424604
3.1968097868311602,2.980470081424604
3.1968097868311602,2.980470081424604
3.1968097868311602,2.980470081424604
3.1968097868311602,2.980470081424604
3.1968097868311602,2.980470081424604
3.1968097868311602,2.980470081424604
3.1968097868311602,2.980470081424604
3.1968097868311602,2.980470081424604
3.1968097868311602,2.980470081424604
3.1968097868311602,2.980470081424604
3.1968097868311602,2.980470081424604
3.1968097868311602,2.980470081424604
3.1968097868311602,2.980470081424604
3.1968097868311602,2.980470081424604
3.1968097868311602,2.980470081424604
3.1968097868311602,2.980470081424604
3.1968097868311602,2.980470081424604
3.1968097868311602,2.980470081424604
3.1968097868311602,2.980470081424604
3.1968097868311602,2.980470081424604
3.1968097868311602,2.980470081424604
3.1968097868311602,2.980470081424604
3.1968097868311602,2.980470081424604
3.1968097868311602,2.980470081424604
3.1968097868311602,2.980470081424604
3.1968097868311602,2.980470081424604
3.1968097868311602,2.980470081424604
3.1968097868311602,2.980470081424604
3.1968097868311602,2.980470081424604
3.1968097868311602,2.980470081424604
3.1968097868311602,2.980470081424604
3.1968097868311602,2.980470081424604
3.1968097868311602,2.980470081424604
3.1968097868311602,2.980470081424604
3.1968097868311602,2.980470081424604
3.1968097868311602,2.980470081424604
3.1968097868311602,2.980470081424604
3.1968097868311602,2.980470081424604
3.1968097868311602,2.980470081424604
3.1968097868311602,2.980470081424604
3.1968097868311602,2.980470081424604
3.1968097868311602,2.980470081424604
3.1968097868311602,2.980470081424604
3.1968097868311602,2.980470081424604
3.1968097868311602,2.980470081424604
3.1968097868311602,2.980470081424604
3.1968097868311602,2.980470081424604
3.1968097868311602,2.980470081424604
3.1968097868311602,2.980470081424604
3.1968097868311602,2.980470081424604
3.1968097868311602,2.980470081424604
3.1968097868311602,2.980470081424604
3.1968097868311602,2.980470081424604
3.1968097868311602,2.980470081424604
3.1968097868311602,2.980470081424604
3.1968097868311602,2.980470081424604
3.1968097868311602,2.980470081424604
3.1968097868311602,2.980470081424604
3.1968097868311602,2.980470081424604
3.1968097868311602,2.980470081424604
3.1968097868311602,2.980470081424604
3.1968097868311602,2.980470081424604
3.1968097868311602,2.980470081424604
3.1968097868311602,2.980470081424604
3.1968097868311602,2.980470081424604
3.1968097868311602,2.980470081424604
3.1968097868311602,2.980470081424604
3.1968097868311602,2.980470081424604
3.1968097868311602,2.980470081424604
3.1968097868311602,2.980470081424604
3.1968097868311602,2.980470081424604
3.1968097868311602,2.980470081424604
3.1968097868311602,2.980470081424604
3.1968097868311602,2.980470081424604
3.1968097868311602,2.980470081424604
3.1968097868311602,2.980470081424604
3.1968097868311602,2.980470081424604
3.1968097868311602,2.980470081424604
3.1968097868311602,2.980470081424604
3.1968097868311602,2.980470081424604
3.1968097868311602,2.980470081424604
3.1968097868311602,2.980470081424604
3.1968097868311602,2.980470081424604
3.1968097868311602,2.980470081424604
3.1968097868311602,2.980470081424604
3.1968097868311602,2.980470081424604
3.1968097868311602,2.980470081424604
3.1968097868311602,2.980470081424604
3.1968097868311602,2.980470081424604
3.1968097868311602,2.980470081424604
3.1968097868311602,2.980470081424604
3.1968097868311602,2.980470081424604
3.1968097868311602,2.980470081424604
3.1968097868311602,2.980470081424604
3.1968097868311602,2.980470081424604
3.1968097868311602,2.980470081424604
3.1968097868311602,2.980470081424604
3.1968097868311602,2.980470081424604
3.1968097868311602,2.980470081424604
3.1968097868311602,2.980470081424604
3.1968097868311602,2.980470081424604
3.1968097868311602,2.980470081424604
5.003568977234498,2.2484513073568517
5.003568977234498,2.2484513073568517
5.003568977234498,2.2484513073568517
5.003568977234498,2.2484513073568517
5.003568977234498,2.2484513073568517
5.003568977234498,2.2484513073568517
5.003568977234498,2.2484513073568517
5.003568977234498,2.2484513073568517
5.003568977234498,2.2484513073568517
5.003568977234498,2.2484513073568517
5.003568977234498,2.2484513073568517
5.003568977234498,2.2484513073568517
5.003568977234498,2.2484513073568517
5.003568977234498,2.2484513073568517
5.003568977234498,2.2484513073568517
5.003568977234498,2.2484513073568517
5.003568977234498,2.2484513073568517
5.003568977234498,2.2484513073568517
5.003568977234498,2.2484513073568517
5.003568977234498,2.2484513073568517
5.003568977234498,2.2484513073568517
5.003568977234498,2.2484513073568517
5.003568977234498,2.2484513073568517
5.003568977234498,2.2484513073568517
5.003568977234498,2.2484513073568517
5.003568977234498,2.2484513073568517
5.003568977234498,2.2484513073568517
5.880764784614622,2.7024868752373847
5.880764784614622,2.7024868752373847
5.880764784614622,2.7024868752373847
5.880764784614622,2.7024868752373847
5.880764784614622,2.7024868752373847
5.880764784614622,2.7024868752373847
5.880764784614622,2.7024868752373847
5.880764784614622,2.7024868752373847
5.880764784614622,2.7024868752373847
5.880764784614622,2.7024868752373847
5.880764784614622,2.7024868752373847
5.880764784614622,2.7024868752373847
5.880764784614622,2.7024868752373847
5.880764784614622,2.7024868752373847
5.880764784614622,2.7024868752373847
5.880764784614622,2.7024868752373847
5.880764784614622,2.7024868752373847
5.880764784614622,2.7024868752373847
5.880764784614622,2.7024868752373847
5.880764784614622,2.7024868752373847
5.880764784614622,2.7024868752373847
5.880764784614622,2.7024868752373847
5.880764784614622,2.7024868752373847
5.880764784614622,2.7024868752373847
5.880764784614622,2.7024868752373847
5.880764784614622,2.7024868752373847
5.880764784614622,2.7024868752373847
5.880764784614622,2.7024868752373847
5.880764784614622,2.7024868752373847
5.952651343889232,1.2812160671538932
5.952651343889232,1.2812160671538932
1.46050721549997,1.5219723093807178
1.46050721549997,1.5219723093807178
1.46050721549997,1.5219723093807178
1.46050721549997,1.5219723093807178
1.46050721549997,1.5219723093807178
1.46050721549997,1.5219723093807178
1.46050721549997,1.5219723093807178
1.46050721549997,1.5219723093807178
1.46050721549997,1.5219723093807178
1.46050721549997,1.5219723093807178
1.46050721549997,1.5219723093807178
1.46050721549997,1.5219723093807178
1.46050721549997,1.5219723093807178
1.46050721549997,1.5219723093807178
1.46050721549997,1.5219723093807178
1.46050721549997,1.5219723093807178
1.46050721549997,1.5219723093807178
1.46050721549997,1.5219723093807178
1.46050721549997,1.5219723093807178
1.46050721549997,1.5219723093807178
1.46050721549997,1.5219723093807178
1.46050721549997,1.5219723093807178
1.46050721549997,1.5219723093807178
1.46050721549997,1.5219723093807178
1.46050721549997,1.5219723093807178
1.46050721549997,1.5219723093807178
1.46050721549997,1.5219723093807178
1.46050721549997,1.5219723093807178
1.46050721549997,1.5219723093807178
1.46050721549997,1.5219723093807178
1.46050721549997,1.5219723093807178
1.46050721549997,1.5219723093807178
1.46050721549997,1.5219723093807178
1.46050721549997,1.5219723093807178
1.46050721549997,1.5219723093807178
1.46050721549997,1.5219723093807178
1.46050721549997,1.5219723093807178
1.46050721549997,1.5219723093807178
1.46050721549997,1.5219723093807178
1.46050721549997,1.5219723093807178
1.46050721549997,1.5219723093807178
1.46050721549997,1.5219723093807178
1.46050721549997,1.5219723093807178
1.46050721549997,1.5219723093807178
1.46050721549997,1.5219723093807178
1.46050721549997,1.5219723093807178
1.46050721549997,1.5219723093807178
1.46050721549997,1.5219723093807178
6.14122607105015,3.530024240597266
6.14122607105015,3.530024240597266
6.14122607105015,3.530024240597266
6.14122607105015,3.530024240597266
6.14122607105015,3.530024240597266
6.14122607105015,3.530024240597266
6.14122607105015,3.530024240597266
6.14122607105015,3.530024240597266
6.14122607105015,3.530024240597266
6.14122607105015,3.530024240597266
6.14122607105015,3.530024240597266
6.14122607105015,3.530024240597266
6.14122607105015,3.530024240597266
6.14122607105015,3.530024240597266
6.14122607105015,3.530024240597266
6.14122607105015,3.530024240597266
6.14122607105015,3.530024240597266
6.14122607105015,3.530024240597266
6.14122607105015,3.530024240597266
6.14122607105015,3.530024240597266
6.14122607105015,3.530024240597266
6.14122607105015,3.530024240597266
6.14122607105015,3.530024240597266
6.14122607105015,3.530024240597266
6.14122607105015,3.530024240597266
6.14122607105015,3.530024240597266
6.14122607105015,3.530024240597266
6.14122607105015,3.530024240597266
6.14122607105015,3.530024240597266
4.209022533045355,2.4180480469670975
4.209022533045355,2.4180480469670975
4.209022533045355,2.4180480469670975
4.209022533045355,2.4180480469670975
4.209022533045355,2.4180480469670975
4.209022533045355,2.4180480469670975
4.209022533045355,2.4180480469670975
4.209022533045355,2.4180480469670975
4.209022533045355,2.4180480469670975
4.209022533045355,2.4180480469670975
4.209022533045355,2.4180480469670975
4.209022533045355,2.4180480469670975
4.209022533045355,2.4180480469670975
4.209022533045355,2.4180480469670975
4.209022533045355,2.4180480469670975
4.209022533045355,2.4180480469670975
4.209022533045355,2.4180480469670975
4.209022533045355,2.4180480469670975
4.209022533045355,2.4180480469670975
4.209022533045355,2.4180480469670975
4.209022533045355,2.4180480469670975
4.209022533045355,2.4180480469670975
4.209022533045355,2.4180480469670975
4.209022533045355,2.4180480469670975
4.209022533045355,2.4180480469670975
4.209022533045355,2.4180480469670975
4.209022533045355,2.4180480469670975
4.209022533045355,2.4180480469670975
4.209022533045355,2.4180480469670975
4.209022533045355,2.4180480469670975
4.209022533045355,2.4180480469670975
4.209022533045355,2.4180480469670975
4.209022533045355,2.4180480469670975
4.209022533045355,2.4180480469670975
4.209022533045355,2.4180480469670975
4.209022533045355,2.4180480469670975
4.209022533045355,2.4180480469670975
4.209022533045355,2.4180480469670975
4.209022533045355,2.4180480469670975
4.209022533045355,2.4180480469670975
4.209022533045355,2.4180480469670975
4.209022533045355,2.4180480469670975
4.209022533045355,2.4180480469670975
4.209022533045355,2.4180480469670975
4.209022533045355,2.4180480469670975
4.209022533045355,2.4180480469670975
4.209022533045355,2.4180480469670975
4.209022533045355,2.4180480469670975
4.209022533045355,2.4180480469670975
4.209022533045355,2.4180480469670975
4.209022533045355,2.4180480469670975
4.209022533045355,2.4180480469670975
4.209022533045355,2.4180480469670975
4.209022533045355,2.4180480469670975
4.209022533045355,2.4180480469670975
4.209022533045355,2.4180480469670975
5.77042187688588,3.360293385146691
5.77042187688588,3.360293385146691
5.77042187688588,3.360293385146691
5.77042187688588,3.360293385146691
5.77042187688588,3.360293385146691
5.77042187688588,3.360293385146691
5.77042187688588,3.360293385146691
5.77042187688588,3.360293385146691
5.77042187688588,3.360293385146691
5.77042187688588,3.360293385146691
5.77042187688588,3.360293385146691
5.77042187688588,3.360293385146691
5.77042187688588,3.360293385146691
5.77042187688588,3.360293385146691
5.77042187688588,3.360293385146691
5.77042187688588,3.360293385146691
5.77042187688588,3.360293385146691
5.77042187688588,3.360293385146691
5.77042187688588,3.360293385146691
5.77042187688588,3.360293385146691
5.77042187688588,3.360293385146691
5.77042187688588,3.360293385146691
5.77042187688588,3.360293385146691
5.77042187688588,3.360293385146691
5.77042187688588,3.360293385146691
5.77042187688588,3.360293385146691
5.77042187688588,3.360293385146691
5.77042187688588,3.360293385146691
5.77042187688588,3.360293385146691
5.77042187688588,3.360293385146691
5.77042187688588,3.360293385146691
5.77042187688588,3.360293385146691
5.77042187688588,3.360293385146691
5.77042187688588,3.360293385146691
5.77042187688588,3.360293385146691
5.77042187688588,3.360293385146691
5.77042187688588,3.360293385146691
5.77042187688588,3.360293385146691
5.77042187688588,3.360293385146691
5.77042187688588,3.360293385146691
5.77042187688588,3.360293385146691
5.77042187688588,3.360293385146691
5.77042187688588,3.360293385146691
5.77042187688588,3.360293385146691
5.77042187688588,3.360293385146691
5.77042187688588,3.360293385146691
5.77042187688588,3.360293385146691
5.77042187688588,3.360293385146691
5.77042187688588,3.360293385146691
5.77042187688588,3.360293385146691
5.77042187688588,3.360293385146691
5.77042187688588,3.360293385146691
5.77042187688588,3.360293385146691
5.77042187688588,3.360293385146691
5.77042187688588,3.360293385146691
5.77042187688588,3.360293385146691
5.77042187688588,3.360293385146691
5.77042187688588,3.360293385146691
3.254508743803444,0.5197439687038823
3.254508743803444,0.5197439687038823
3.254508743803444,0.5197439687038823
3.254508743803444,0.5197439687038823
3.254508743803444,0.5197439687038823
3.254508743803444,0.5197439687038823
3.254508743803444,0.5197439687038823
3.254508743803444,0.5197439687038823
3.254508743803444,0.5197439687038823
3.254508743803444,0.5197439687038823
3.254508743803444,0.5197439687038823
3.254508743803444,0.5197439687038823
3.254508743803444,0.5197439687038823
3.254508743803444,0.5197439687038823
3.254508743803444,0.5197439687038823
3.254508743803444,0.5197439687038823
3.254508743803444,0.5197439687038823
3.254508743803444,0.5197439687038823
3.254508743803444,0.5197439687038823
3.254508743803444,0.5197439687038823
3.254508743803444,0.5197439687038823
3.254508743803444,0.5197439687038823
3.254508743803444,0.5197439687038823
3.254508743803444,0.5197439687038823
3.254508743803444,0.5197439687038823
3.254508743803444,0.5197439687038823
3.254508743803444,0.5197439687038823
3.254508743803444,0.5197439687038823
3.254508743803444,0.5197439687038823
4.17337702754214,1.1200935617202925
4.17337702754214,1.1200935617202925
4.17337702754214,1.1200935617202925
4.17337702754214,1.1200935617202925
4.17337702754214,1.1200935617202925
4.17337702754214,1.1200935617202925
4.17337702754214,1.1200935617202925
4.17337702754214,1.1200935617202925
4.17337702754214,1.1200935617202925
4.17337702754214,1.1200935617202925
4.17337702754214,1.1200935617202925
4.17337702754214,1.1200935617202925
4.17337702754214,1.1200935617202925
4.17337702754214,1.1200935617202925
4.17337702754214,1.1200935617202925
4.17337702754214,1.1200935617202925
4.17337702754214,1.1200935617202925
4.17337702754214,1.1200935617202925
4.17337702754214,1.1200935617202925
4.17337702754214,1.1200935617202925
4.17337702754214,1.1200935617202925
4.17337702754214,1.1200935617202925
4.17337702754214,1.1200935617202925
4.17337702754214,1.1200935617202925
4.17337702754214,1.1200935617202925
4.17337702754214,1.1200935617202925
4.17337702754214,1.1200935617202925
4.17337702754214,1.1200935617202925
4.17337702754214,1.1200935617202925
4.17337702754214,1.1200935617202925
4.17337702754214,1.1200935617202925
2.3577608713420877,4.3923127816214045
2.3577608713420877,4.3923127816214045
2.3577608713420877,4.3923127816214045
2.3577608713420877,4.3923127816214045
2.3577608713420877,4.3923127816214045
2.3577608713420877,4.3923127816214045
2.3577608713420877,4.3923127816214045
2.3577608713420877,4.3923127816214045
6.507180284215455,3.954511158432145
6.507180284215455,3.954511158432145
6.507180284215455,3.954511158432145
6.507180284215455,3.954511158432145
6.507180284215455,3.954511158432145
6.507180284215455,3.954511158432145
6.507180284215455,3.954511158432145
6.507180284215455,3.954511158432145
6.507180284215455,3.954511158432145
6.507180284215455,3.954511158432145
6.507180284215455,3.954511158432145
6.507180284215455,3.954511158432145
6.507180284215455,3.954511158432145
6.507180284215455,3.954511158432145
6.507180284215455,3.954511158432145
6.507180284215455,3.954511158432145
6.507180284215455,3.954511158432145
6.507180284215455,3.954511158432145
6.507180284215455,3.954511158432145
6.507180284215455,3.954511158432145
6.507180284215455,3.954511158432145
6.507180284215455,3.954511158432145
6.507180284215455,3.954511158432145
6.507180284215455,3.954511158432145
6.507180284215455,3.954511158432145
6.507180284215455,3.954511158432145
6.507180284215455,3.954511158432145
6.507180284215455,3.954511158432145
6.507180284215455,3.954511158432145
6.507180284215455,3.954511158432145
6.507180284215455,3.954511158432145
6.507180284215455,3.954511158432145
6.507180284215455,3.954511158432145
6.507180284215455,3.954511158432145
6.507180284215455,3.954511158432145
6.507180284215455,3.954511158432145
6.507180284215455,3.954511158432145
6.507180284215455,3.954511158432145
6.507180284215455,3.954511158432145
6.507180284215455,3.954511158432145
6.507180284215455,3.954511158432145
6.507180284215455,3.954511158432145
6.507180284215455,3.954511158432145
6.507180284215455,3.954511158432145
6.507180284215455,3.954511158432145
6.507180284215455,3.954511158432145
6.507180284215455,3.954511158432145
6.507180284215455,3.954511158432145
6.507180284215455,3.954511158432145
6.507180284215455,3.954511158432145
6.507180284215455,3.954511158432145
6.507180284215455,3.954511158432145
6.507180284215455,3.954511158432145
6.507180284215455,3.954511158432145
6.507180284215455,3.954511158432145
6.507180284215455,3.954511158432145
6.507180284215455,3.954511158432145
6.507180284215455,3.954511158432145
6.507180284215455,3.954511158432145
6.507180284215455,3.954511158432145
6.507180284215455,3.954511158432145
6.507180284215455,3.954511158432145
6.507180284215455,3.954511158432145
6.507180284215455,3.954511158432145
6.507180284215455,3.954511158432145
6.507180284215455,3.954511158432145
6.507180284215455,3.954511158432145
6.507180284215455,3.954511158432145
6.507180284215455,3.954511158432145
6.507180284215455,3.954511158432145
6.507180284215455,3.954511158432145
6.507180284215455,3.954511158432145
6.507180284215455,3.954511158432145
6.507180284215455,3.954511158432145
6.507180284215455,3.954511158432145
6.507180284215455,3.954511158432145
6.507180284215455,3.954511158432145
6.507180284215455,3.954511158432145
6.507180284215455,3.954511158432145
6.507180284215455,3.954511158432145
6.507180284215455,3.954511158432145
6.507180284215455,3.954511158432145
6.507180284215455,3.954511158432145
6.507180284215455,3.954511158432145
6.507180284215455,3.954511158432145
6.507180284215455,3.954511158432145
6.507180284215455,3.954511158432145
5.658082185085448,4.101147444927375
5.658082185085448,4.101147444927375
5.658082185085448,4.101147444927375
5.658082185085448,4.101147444927375
5.658082185085448,4.101147444927375
5.658082185085448,4.101147444927375
5.658082185085448,4.101147444927375
5.658082185085448,4.101147444927375
5.658082185085448,4.101147444927375
5.658082185085448,4.101147444927375
5.658082185085448,4.101147444927375
5.658082185085448,4.101147444927375
5.658082185085448,4.101147444927375
5.658082185085448,4.101147444927375
5.658082185085448,4.101147444927375
5.658082185085448,4.101147444927375
5.658082185085448,4.101147444927375
5.658082185085448,4.101147444927375
5.658082185085448,4.101147444927375
5.658082185085448,4.101147444927375
5.658082185085448,4.101147444927375
5.658082185085448,4.101147444927375
5.658082185085448,4.101147444927375
5.658082185085448,4.101147444927375
5.658082185085448,4.101147444927375
5.658082185085448,4.101147444927375
5.658082185085448,4.101147444927375
5.658082185085448,4.101147444927375
5.658082185085448,4.101147444927375
5.658082185085448,4.101147444927375
5.658082185085448,4.101147444927375
5.658082185085448,4.101147444927375
5.658082185085448,4.101147444927375
5.658082185085448,4.101147444927375
5.658082185085448,4.101147444927375
5.658082185085448,4.101147444927375
5.658082185085448,4.101147444927375
5.658082185085448,4.101147444927375
5.658082185085448,4.101147444927375
5.658082185085448,4.101147444927375
5.658082185085448,4.101147444927375
5.658082185085448,4.101147444927375
5.658082185085448,4.101147444927375
5.658082185085448,4.101147444927375
5.658082185085448,4.101147444927375
5.658082185085448,4.101147444927375
5.658082185085448,4.101147444927375
5.658082185085448,4.101147444927375
5.658082185085448,4.101147444927375
5.658082185085448,4.101147444927375
5.658082185085448,4.101147444927375
5.658082185085448,4.101147444927375
5.658082185085448,4.101147444927375
5.658082185085448,4.101147444927375
5.658082185085448,4.101147444927375
5.658082185085448,4.101147444927375
5.658082185085448,4.101147444927375
5.658082185085448,4.101147444927375
5.658082185085448,4.101147444927375
5.658082185085448,4.101147444927375
5.658082185085448,4.101147444927375
5.658082185085448,4.101147444927375
5.658082185085448,4.101147444927375
5.658082185085448,4.101147444927375
5.658082185085448,4.101147444927375
5.658082185085448,4.101147444927375
5.658082185085448,4.101147444927375
5.658082185085448,4.101147444927375
5.658082185085448,4.101147444927375
5.658082185085448,4.101147444927375
5.658082185085448,4.101147444927375
5.658082185085448,4.101147444927375
5.658082185085448,4.101147444927375
5.658082185085448,4.101147444927375
5.658082185085448,4.101147444927375
5.658082185085448,4.101147444927375
5.658082185085448,4.101147444927375
5.658082185085448,4.101147444927375
5.658082185085448,4.101147444927375
5.658082185085448,4.101147444927375
5.658082185085448,4.101147444927375
5.658082185085448,4.101147444927375
5.658082185085448,4.101147444927375
5.658082185085448,4.101147444927375
5.658082185085448,4.101147444927375
5.658082185085448,4.101147444927375
5.658082185085448,4.101147444927375
5.658082185085448,4.101147444927375
5.658082185085448,4.101147444927375
5.658082185085448,4.101147444927375
5.658082185085448,4.101147444927375
5.658082185085448,4.101147444927375
5.658082185085448,4.101147444927375
5.658082185085448,4.101147444927375
5.658082185085448,4.101147444927375
5.658082185085448,4.101147444927375
5.658082185085448,4.101147444927375
5.658082185085448,4.101147444927375
5.658082185085448,4.101147444927375
5.658082185085448,4.101147444927375
5.658082185085448,4.101147444927375
5.658082185085448,4.101147444927375
5.658082185085448,4.101147444927375
5.658082185085448,4.101147444927375
5.658082185085448,4.101147444927375
5.658082185085448,4.101147444927375
5.658082185085448,4.101147444927375
5.658082185085448,4.101147444927375
5.658082185085448,4.101147444927375
5.658082185085448,4.101147444927375
5.658082185085448,4.101147444927375
5.658082185085448,4.101147444927375
5.658082185085448,4.101147444927375
5.658082185085448,4.101147444927375
5.658082185085448,4.101147444927375
5.658082185085448,4.101147444927375
5.658082185085448,4.101147444927375
5.658082185085448,4.101147444927375
5.658082185085448,4.101147444927375
5.658082185085448,4.101147444927375
5.658082185085448,4.101147444927375
5.658082185085448,4.101147444927375
5.658082185085448,4.101147444927375
5.658082185085448,4.101147444927375
5.658082185085448,4.101147444927375
5.658082185085448,4.101147444927375
5.658082185085448,4.101147444927375
5.658082185085448,4.101147444927375
5.658082185085448,4.101147444927375
5.658082185085448,4.101147444927375
5.658082185085448,4.101147444927375
5.658082185085448,4.101147444927375
5.658082185085448,4.101147444927375
5.658082185085448,4.101147444927375
5.658082185085448,4.101147444927375
5.658082185085448,4.101147444927375
5.658082185085448,4.101147444927375
5.658082185085448,4.101147444927375
5.658082185085448,4.101147444927375
5.658082185085448,4.101147444927375
5.658082185085448,4.101147444927375
5.658082185085448,4.101147444927375
5.658082185085448,4.101147444927375
5.658082185085448,4.101147444927375
5.658082185085448,4.101147444927375
5.658082185085448,4.101147444927375
5.658082185085448,4.101147444927375
5.658082185085448,4.101147444927375
5.658082185085448,4.101147444927375
5.658082185085448,4.101147444927375
5.658082185085448,4.101147444927375
5.658082185085448,4.101147444927375
5.658082185085448,4.101147444927375
5.658082185085448,4.101147444927375
5.658082185085448,4.101147444927375
5.658082185085448,4.101147444927375
5.658082185085448,4.101147444927375
5.658082185085448,4.101147444927375
5.658082185085448,4.101147444927375
5.658082185085448,4.101147444927375
5.658082185085448,4.101147444927375
5.658082185085448,4.101147444927375
5.658082185085448,4.101147444927375
5.658082185085448,4.101147444927375
5.658082185085448,4.101147444927375
5.658082185085448,4.101147444927375
5.658082185085448,4.101147444927375
5.658082185085448,4.101147444927375
5.658082185085448,4.101147444927375
5.658082185085448,4.101147444927375
5.658082185085448,4.101147444927375
5.658082185085448,4.101147444927375
5.658082185085448,4.101147444927375
5.658082185085448,4.101147444927375
