3.5,3.5
3.4440117412547915,3.7262899635357
3.113964665582426,3.6243039422135994
3.4757114759014076,4.197119917152606
2.2695377583190743,3.988038046683587
3.9442233640812017,3.465374906940277
2.5735403786420896,4.466255775963181
2.402626220382948,3.7308063333696744
4.553567055666596,3.180819830215515
4.037290403024592,3.398644891678307
2.5844597333246124,5.314829697279991
4.317795462459384,3.632216932070334
1.9145911920245713,3.97214724019844
5.014461403452462,3.3404792254930573
2.546980112446607,5.479388009763516
3.9052775363584864,5.0440587803498405
1.8335297605736054,4.194904542114324
2.9387726058540116,5.871647798161498
4.326738880620235,3.055009771778491
3.3028031058714173,2.570130865148654
3.3753443930874423,4.028593144393545
1.7953780539443616,3.6977964780851345
3.2212381043596974,4.249042991417739
4.003146420876638,2.860486061702188
4.271830829159596,4.239219302674522
2.1780673122562444,5.405453776669251
3.2348625228890007,5.852544324381799
1.9034430265052602,5.660466451754388
4.241311037645217,3.38864201970553
2.806774571701326,2.8022764329146104
4.248625074751515,5.968748852419706
4.788713327254265,5.550222097482987
5.481932362626797,5.515479386237275
1.9911639979585636,2.657992277618215
1.3844126039580131,4.834857466895506
5.0660430032968895,3.417538940289432
2.383255079531037,5.5881841152456335
3.3336259568762108,4.645260020178297
4.691104568501989,4.868466452089564
1.284755995003374,3.176359378343504
6.4064398617316325,5.560954434082377
3.2105242926260664,3.7153962536332745
4.012116111360687,3.167260776165272
4.137893074487201,4.407671282283267
0.8852718618313179,5.1751969444559585
2.7484069437982317,6.091013128753836
3.9371160838172385,3.647088076882808
3.5123107831652427,2.648030215865381
4.746259663843325,3.8975532028867685
1.1438699467831621,3.335503330711439
5.035535304862759,2.3082650772183295
2.34349995822075,5.341891021977606
5.295418906626558,6.188097604790538
6.556424046734683,5.966555182717012
3.475143445372324,3.737800571560329
1.0051268866993501,2.6999482587288024
5.187271783736218,5.241980207457252
3.77588663901952,4.639667317038565
3.64484620714424,3.738981580520517
6.722379607128701,6.811527111502579
5.787346815893794,1.7754981182554481
4.533316693344446,6.180082332253138
3.958357328711209,3.2662116106091466
6.234012928646071,4.879358164329763
2.8801764190466868,6.750074325184725
5.819745419138786,6.941577955802716
1.6088284806451316,6.158018096443515
3.2691321160583313,6.938522466718956
2.4038884425002514,2.0831401106235736
6.060879002457913,6.3564820496119285
5.955124588394096,5.33331827298139
2.4800230214046084,2.7270607683593693
4.8337703818308695,4.60599380868708
3.323463438585326,4.363288716227923
0.3771641234557005,5.832104981927883
5.562252662836587,4.773372409682304
5.700771345381181,6.5265219156682335
5.664903044084942,4.985656957577984
6.556180118151502,4.796938643208967
0.37944717255840554,2.830571789739998
1.7905490812585296,5.324160502846198
4.059608414175969,5.158724025576029
3.2088684690920712,6.093263765969287
2.8906182593402354,1.51011340869657
2.153950343198025,1.916858323958016
3.7566562148519855,4.982938857515691
4.321642586371988,3.1353378211971243
4.7914494114915955,2.1428660341868397
2.481582379991319,6.478793157707003
1.1129657271541895,3.4669782572898002
1.6095582236543802,6.0001260982200355
6.866882915374983,4.701026838599767
0.336314366258043,3.854875364894738
1.1896993174290618,6.180659905846166
4.9931946084139955,2.3457363847100425
4.4789509961414815,2.2513279526363412
1.953553146806577,2.374168577085819
3.8951862679309786,6.713527234738383
3.4976421030761085,1.1433078498815883
3.04386239058851,0.29630304728514656
2.2963099994293144,1.2639570469725199
2.1227859218920058,3.337472913661049
5.095085803007504,3.654341083564415
5.336371923465766,3.650586858917725
4.553392224274407,1.649860952708707
1.914228986261397,5.448201376403781
5.944017430375469,2.7224646153352454
1.4967317759144465,2.805337823175851
3.8914151348205426,0.922575856874943
0.8253479624218528,2.6574323336151346
5.058726672357202,2.99665605127112
5.991708889847155,2.9517159171613017
3.455925319924124,6.348944947521249
0.7002732050960814,5.936570872929766
3.590558766071142,6.970178110418503
6.2879894010561665,1.4086928161829202
5.351667284392932,3.945886442436867
3.4922750860031107,1.3388799194145187
4.656789760387017,2.10492197006176
5.693066860776334,6.699274019921425
3.208461236782054,6.324088955084246
0.20411883184087143,3.9803460030109687
5.100840889864118,6.195393263079013
0.22282057281650203,2.5902955977111257
6.371273223204298,1.3467449844719594
4.541587270797603,5.782750511379538
1.52764571627492,2.248389223693728
6.61021916647346,6.56381546067281
6.722222705807857,6.053679303311348
2.4173675488030293,4.990664455000777
3.3766920965661527,1.7959592033574687
5.9538887484741565,6.1437555349193556
0.9772573482396576,6.010508506231044
1.026577727039961,3.402885904122364
5.107849315426974,6.73478746472057
5.607979471723235,6.460090936776861
6.163893361737852,4.111624766085802
5.441359997831544,3.7467488995828564
1.7502505151616703,1.0317829796772147
6.636375662074435,4.002463707089958
3.9936335827246676,1.5329003002672386
6.656679685624843,6.176715044064341
6.326194440988931,4.265875058930842
1.8217818520480278,3.3688523193211886
6.394430722540342,0.767556338170639
1.815918857839597,1.2599477270967696
1.589566447619775,1.0747189047138352
0.48348061663448194,1.9416848185462898
6.766137795280681,5.624925552436801
1.92614087762678,3.24548126639593
5.911746014044174,4.840907453474578
5.990363150030747,0.5230537332867636
3.6851359663977616,5.859059447923706
2.8202682552055673,3.2667723129523245
0.9521864560714555,3.927469849584822
2.815412982797988,5.527394906095035
6.678524206959337,0.24061545450461086
3.808020017163924,1.2026819965438151
2.742903378145696,5.397946403758811
5.897297037642522,6.492436180325666
4.797310001511128,3.9409997702309734
4.283252031723394,1.0202993903785025
0.2546042810696749,6.356179688266116
2.379149387021135,4.16586958899048
4.451075496075922,1.1274692018021204
3.891700208942293,4.166821124458313
0.5603142457345245,3.393027897939697
4.980235629441318,1.4171157464729802
2.8678468405161217,0.6188248863168232
2.1119350887625656,0.6169553202876307
0.5714247702028807,5.1299177692304605
5.94137110322516,1.240862925708834
5.66026434824241,3.152932437671775
6.14400670836705,1.2295565207436687
0.9287696291664893,5.870661328268693
5.546755111670189,2.180837879269394
0.9411697471885202,6.379289932833722
1.6386412797843217,3.8243896423118007
3.747148789769394,1.2233851303027075
0.5311589464819151,4.425857834912211
4.959756955034647,5.544802922379564
1.0120108400183625,3.5379830986556517
1.7249738475926721,1.9076511864873162
6.125845071273353,1.9653734570154522
0.31720053945343385,6.6278925053215625
3.320099031478497,4.831676069917136
5.0194364039531,4.831436614520143
2.9303395571018256,0.06711549583871579
0.09468792576281648,5.537169299446837
1.8870332489913766,5.407531501986832
4.458675119693187,4.17681083257757
6.2074941721697385,2.0197187595388257
5.8391099214626525,6.830970256529798
0.17818987571297973,4.992064034672359
3.1130784113326024,5.030288038493684
3.564330592809934,2.3345614595410025
6.830370841884319,2.9792791730023374
4.621636421969323,2.0880484423984282
6.517571064249154,5.153559932085785
4.330284416081055,6.890131440754212
5.201926532860289,6.529671262674206
5.509091153925846,1.8697811103738802
0.6400726199827415,4.809771996805811
4.87236015472477,6.637817008152678
1.7726852288132415,6.977637013378404
1.8325610360310767,2.7213739623542392
2.531815960701326,5.00032129316524
4.258899131567854,2.8447306691396714
2.476895747794777,1.1837358113250702
2.4339259788170096,3.9657463299773665
3.570080453124673,3.915268286360523
3.9793305760306374,5.322792674741186
4.348898138404771,0.6453683156051099
6.882312175678414,2.413008212502945
2.324507725765586,5.934230345163803
2.4272866226241905,3.854631230583599
3.1143996168071895,5.7766716523419595
0.01748206029784327,4.971172712499072
5.752883413287663,6.8251931258981555
2.079403170355036,3.545092858034267
2.720481292379669,2.712548546811969
2.4761924915712243,4.630623830689416
2.9529630805755693,0.7499878282959075
1.474182428265691,4.187486277747267
6.220629197074561,1.4375413145217943
1.5151462582378739,6.490044132912876
0.18215867028152732,4.555250169586859
0.6558763651033325,3.278354417017261
6.718142867944092,2.0684553498748333
2.684319411567156,6.487423175018311
1.2886582079978743,0.9326713589563773
5.080085672998015,2.0933186557113164
1.9109802368361133,6.0163217443569685
2.1421773461490528,6.762996177835912
1.5535538857070412,6.717480430957062
2.849812140274077,2.152234849029824
6.006203907364663,1.728778729352427
3.0574949000769056,1.7978813260249904
2.4281290652538647,6.904691884467152
5.001126457218003,2.0111232154556715
2.127303408679119,2.4223291814794026
1.5368834969186698,5.2003027742187005
3.3538182316118164,2.9678278094456036
2.5893130327700478,2.308840242633382
3.0165190374791186,3.254349670778098
5.754900099694401,0.18376583703561433
4.043749427972983,0.15407046536988878
1.1592213491765058,6.521855461528975
1.3726692239547162,6.992777427439797
4.708964876954524,2.022903632585304
5.70901963044958,1.2571720271351783
5.578190905672127,6.211757590621412
5.55405952953908,4.856078752717789
6.490235879426072,4.10076653817061
5.503451683730942,2.818268440880096
0.4369333051181099,1.7090666068595168
6.757685021183352,0.4445103969881167
3.362205706064857,1.0442900964281434
0.34975797139035547,5.970964487401011
6.24783538049707,2.619820157562802
6.694022716888444,3.804490836136924
2.8591993154294877,5.026253035727864
0.9427093675586876,0.8901711861761753
4.57710901380794,3.3882631284881417
4.825922266727966,5.846417664818233
4.24888594359436,0.5772739157639072
4.085160432417421,5.453309764908531
5.975847711039483,1.8245990707660922
2.7285311901353904,0.25719070604931926
0.45157324275865585,2.3564564290810965
3.6378310196495107,0.7260487768621019
6.943168167622194,1.971137245998436
0.4963506751383673,4.533581148809132
5.07967889936937,3.561874689952371
3.3402830170313065,5.478781028874353
0.9784827547049997,2.15280016109045
0.07617047381932318,3.187966308422151
3.057465305668269,0.8709183650053652
0.2642671650620281,1.2346171911679835
3.136162315759761,0.9694984480120192
1.2887035104434075,6.850170608074011
6.003745182507524,5.366133905342162
2.0417499996799915,5.758359157189266
2.5700454991171355,3.9236617058562775
4.568098716441096,6.896248450128047
5.145996665743399,1.9255623072401935
4.890608737029693,2.04672846929664
2.691081529713096,3.2104840077398524
5.872178693231811,5.687239635374202
4.062183751431991,4.2156085408754045
0.4323867628010052,6.087772194980423
3.1380802869906326,1.0399622285466474
3.529104461729755,3.149235849391872
0.5185508011090317,4.146229206490461
2.4718503502969633,3.0191615120822854
2.871393889067554,0.7424733753720806
6.177335956310542,6.488378700227319
4.632658383374224,0.2788371004866147
5.48379214665205,1.2052761389032773
4.6343524701777,4.075763800803549
4.518263416509871,3.7173021528935366
0.8808061879449995,6.400337782258871
6.162144550369263,4.8786767244096785
2.031530161198037,0.6447511122243968
3.7262938912642496,6.87959896189296
6.764708100483559,3.207289508180529
4.033708528965541,1.3684522150635987
0.008985711403654784,2.9771245899433607
4.651024212065307,2.8307590274692322
5.293552644629629,1.061393833447853
1.5394277942779093,6.714605125598102
4.896816198482661,3.8137430627632094
0.5125240143501499,0.44382894435804865
3.1594391633509034,3.629420719058404
1.0010384444853684,5.063028762107905
2.8983222633433057,6.463190515693977
6.34292555208738,3.845790607938583
0.0874365445760682,1.8073255567731619
3.1989361043815547,1.1838577488865691
0.6427591378825194,1.6974205442771457
2.288201675207703,6.776172467207218
3.750316050003417,3.062781848758508
3.4240954852329737,1.7584958740930399
6.195512853297861,2.8350363556380236
1.7163198213974542,6.4635974044696125
6.121003693441486,3.7098202439386023
6.5087579788303325,0.8252495629023316
0.8635075614968405,2.8836640609550352
4.650746165626454,0.22816671665177768
5.957039349264026,0.37462866951261686
2.599262226246546,5.954747286470889
1.358271090641368,4.266977008184891
3.346673302852455,3.2094512238501225
3.3233656844808035,4.294781760254492
4.988640874129105,1.663882138728181
1.4303641473254318,0.3500457170967378
4.1006666522929756,1.7070924379603598
0.27164002520177666,0.47533676509196243
1.492465851404627,2.8376257051836475
1.186290278057091,1.8123316774632643
0.7229633082455371,1.557184355542311
5.313618934114359,6.103235899668585
2.0748030477596133,1.299498342410554
4.303185405391997,1.0422291791523692
1.814237956884377,1.207869093201369
2.2794934793068213,5.083666225496645
2.7517858409647413,1.4639386053183054
3.2935940825249976,2.5291535753045986
2.2639571883295853,4.512909684019182
4.302250992284964,1.3126155498572716
2.3207530107908116,5.053593644769602
6.375755299527288,0.49083980465172683
4.235700023739948,3.3683600672753444
0.503065495387397,4.0017792776470476
4.215760931592176,6.864684661586156
2.1294166445379763,2.0022392317898245
5.269152326849981,6.012569846230097
3.721103812195517,0.8250788889452626
5.119547410908069,6.295162629750689
0.34809374718306785,0.390754981048953
0.9399359334985022,6.301249707966921
2.026601344496714,1.8348296144822283
5.353228331839371,4.091646041406838
1.414528561309113,6.542306262639508
5.826219610459507,2.7524563149256935
4.094721984424449,5.583866896545556
3.656160823337218,5.417068909265252
6.479976542131007,4.793090012609121
5.460003803128726,2.389962079787975
4.799808380893552,0.8436704280590344
0.8688172077893033,6.749373000326001
4.454084756635796,0.4265519433988223
4.168824069498015,3.9682397170142063
1.1395933501871303,5.313217038263996
0.2891266142583162,4.747277462209594
2.8064777067561346,0.7436462235942071
0.8717462301555402,1.2947999123580545
1.1737075009197075,2.8692248439727126
5.229688406322628,2.841731479735768
0.8676676440057277,3.390047378116367
2.3815995469025006,3.7405057765102505
5.665123065909423,6.400491220139104
3.2027315899025353,3.1752784119580646
1.147042182909996,0.5248140642775236
1.5913998557206601,4.358425247170411
3.938000025164885,5.542443624811349
2.0239926339272603,6.282137768432225
1.2615373827530774,3.172971158621969
6.83805151992947,6.396285319964926
1.256791058533981,2.45415744730422
3.0106588757096935,6.992163590942895
3.884037053206372,5.716356355960434
4.009685762377048,4.468070061055799
5.734273903535006,1.2494332684867144
6.418420348427704,1.3808606442186757
2.312945467410539,1.6095595322257563
1.4973542448936659,6.409268494031455
5.89142630781563,3.043548633309302
5.080913139854878,0.8135901995177512
3.4650353017596003,0.40523478994210205
3.56299589322333,0.8300118390861287
6.224520164609759,4.492783020523649
0.9288129929866411,2.473814667930445
2.9138027279230734,1.982564220149893
4.416746348110607,1.303923122882138
1.9080273138234465,6.722595000813919
3.3673842356611092,2.000343322743331
2.5475706202347217,4.337618681589925
4.054041923345574,0.47946805322147
0.4875429701783023,0.7718182366802536
5.080141313235566,6.16767654851639
6.963787302117843,0.835510000346509
4.980829987080841,2.9109223149378964
0.4243124799412732,5.091754252548061
0.3368846077728266,4.362774296393332
1.8862882175484914,3.8486619757130125
2.465622301899919,6.027573163294579
4.791107296748246,3.898806573348402
6.959114643440671,4.550005584415477
6.973546055643111,0.20754562384530983
4.910533981148527,6.612680337920721
5.444416571447262,3.38583418069354
6.28172976173377,0.6758573355249394
4.53632324106872,4.077004820637933
0.23406086998518405,1.0668263823046207
3.2226372332607434,6.835921953533066
6.172434689894955,4.530486096720644
2.7322614061665718,6.594048403675513
0.3132859722347977,0.5269478824473915
2.376294181972695,1.6437853571018974
1.0505738720089743,0.7283801151724464
4.242929905870067,4.216530477592444
5.614396151880595,3.513160597464151
6.638886509063806,6.620460052979319
4.832648281276829,6.880199944572584
6.877946575409789,1.5837593362265365
2.0256602104337302,0.0022471553966704194
2.9501215507430816,4.010867420380044
0.6415286898097569,3.5870346695278155
5.3039700247461505,0.28202384119751644
3.1031683678467186,1.5621342438485049
4.307510389077314,6.840035898170509
3.9610100598037974,4.651373886220568
4.148172038668209,3.354817866844335
3.223430651418037,4.785336946420404
2.5343213643707303,4.745745697089621
4.035094056138757,0.5287242642012657
1.3293407055775437,0.43005793690471805
2.386294800119614,1.4332278728683274
4.756264933963281,3.257496817254089
6.903566599554606,1.195554389900476
0.2560174292312938,4.88941564393625
4.7141905674053275,4.318718657108115
3.352600519499983,5.432242798760734
6.1523301041204705,6.741700918918494
6.196432303486374,6.735609162263048
3.835636244399061,0.48667146500582104
6.816433383406375,3.3666585737130394
3.113677406264088,6.805759342364285
6.249531830545701,5.0684895213116805
1.0424447874879623,2.460514040642042
0.13024029470481824,1.5362160459353351
0.7036765950554232,2.6524512874222683
2.1873256801981062,2.0262187500805933
3.371026533996816,4.457229881366107
1.6068713354537647,2.5113637977359407
4.910061261946726,2.4483718452296985
3.343874398748072,3.700255220293148
2.2531253099622415,6.9165972349059945
3.579199206261015,3.605805835970037
6.4549079825858,1.4320505041535578
2.334149956898812,6.1130862630814065
5.747107570409323,1.436706631423717
2.887574254138459,0.7968392673871534
5.887597073767115,1.261535167192432
3.3425131252969753,3.084670883695221
2.0739264169284977,1.9276299388343605
1.233198308941934,1.558491359718333
2.0269378599659964,1.7506641736727695
5.614146926414828,6.410368965073396
0.9899566146581612,2.0084273531590213
1.6124115937683399,4.980560882221168
2.6746689189436776,0.29402736274346974
3.780939837645833,5.207546278708157
4.854352150164155,0.4772997215323671
0.5645761907411052,1.6906981885431756
1.8749291514570627,6.411515130806662
3.3397931848467044,4.10816198369558
0.3305436901787314,4.437043816784134
4.455631690415213,6.30496202359544
4.631662432623721,0.9233571413190884
2.6280718633205002,2.3663933374152846
4.3118335464096536,6.396608164217076
4.785086468656109,1.330612945826109
4.99644755659756,3.943126837398488
5.0731869665994545,4.205649746520674
0.031125066649089317,1.2043203757494614
6.668697979901746,3.1408764930308433
6.678216019370262,6.146413021843871
2.2940907003568287,3.6932995509475286
6.8838532707138835,0.6092377864275137
0.9095361803513501,0.2669632186266345
2.0451903745697337,6.29317737456608
2.3246292979583485,3.6474904934938457
4.120380585588027,5.407984305387874
2.2036458836266872,3.067273245548092
4.6168742773969065,4.5567940167369505
6.1046585915921385,6.374565257167073
1.5045731300452472,4.675072022607384
6.460662509192302,1.059964738736988
6.482594292654539,2.3827400788503854
2.694291902532716,0.9172659150942626
2.698498561088939,5.74986974579832
6.808980580339713,2.445441716773115
6.416510423390757,6.117991456459455
6.690892447007803,3.9744590788545895
3.7109184504729464,2.2820468412683033
6.089473105375566,5.7022190899608
5.573406596612723,4.65768630005695
4.075108170400818,1.1329924649735315
2.4110579647836436,1.321161195568624
0.28078907196073954,6.890112916858294
4.308562058670622,2.5913774053444723
0.06322978006063096,6.051644023629348
1.3673192409580484,1.9649788351223663
5.13762030145496,3.6033462268927967
2.1656476145845036,0.730180671693338
2.7245098497568745,6.617508942694246
0.4663185804483263,4.3773785446807105
2.474119265374128,2.458212724342167
3.8664770376829725,5.988896390644397
3.207863274635889,5.383073567367225
6.664972864027915,0.30661959073130995
2.872150823449397,0.912954288935421
4.552232999287377,1.3541394488004337
1.614807720587442,0.5129875338093659
4.941958311299461,0.5920225076916208
4.258083505177922,5.996431398927549
2.9469038874829585,1.256037934054796
4.446908312846524,0.8996606599265842
3.2199496605614004,4.8424465138940365
3.808796199715348,5.327237144546182
2.692346686605109,6.619901258791899
5.217786234424025,4.020374877712856
0.4341288076932598,3.3671836247832796
2.2064747601255728,3.343655228346661
5.26797975626153,4.086781912103379
0.8846832190777851,0.44759092418272306
4.701040700075384,3.5757311717251374
6.161997008914967,2.704347635783927
6.056431023030166,1.3477534207656725
4.302456579384702,3.7497614373191785
0.2998272150100233,4.292161475046134
5.493258341620883,1.2981799734639956
2.4773143569304543,2.5952153535433675
4.035958552425599,6.324730008259191
0.7049102818097099,4.1346601671176435
1.5006766591651375,6.337872874227459
0.6206028766671335,0.17928115188227767
5.844979885273938,1.2873196013239183
4.644181634574673,5.735582971924555
5.1538613897126435,0.5576336189784868
6.223154062072059,1.808434135899305
5.199740536551099,3.4648207545231613
4.795599689648531,3.5705041273298077
6.629624292836455,1.3942184598840788
0.41826427407677025,1.129714119052855
5.280470851592058,3.725459117426062
4.678010487624716,0.12646992806760937
3.3858700156622663,6.946133126132702
5.739023136184946,1.4366203045370618
0.5170131970757379,3.5150467701981487
6.542692577609241,0.7696536172066332
2.23121900917599,3.5695570314721268
0.45392258712450195,2.503113371423734
6.346754187370478,4.103710894190882
5.316288571322452,3.5011967606654535
3.0071077811348705,1.5587310393160665
2.6070197530730272,0.08139623491003434
2.707381711081397,5.422123321536274
2.16768625641725,5.347603730584002
0.9533833908570863,5.979958382933817
0.9857724584255614,6.360977528367647
3.078196385447851,4.668098667929877
6.479778247096317,1.9123241576425944
0.1826489933510841,1.7554741694157916
2.652555306943238,3.3062582205409567
4.648631671030849,6.656720204430008
0.25617604220016776,5.419651925796432
4.793755310784744,0.505909780967641
3.3857554356189423,1.6590175735897443
3.2264701668933924,4.5298136568604495
5.7478542393822325,5.400925100881375
6.810108265658158,4.663619701186363
3.7683940918147094,6.751592537809384
5.611176589261649,2.486731532433829
1.354660748770136,3.6281139956285755
2.205421813349946,5.189287748891319
1.5661580930154262,0.444104460193926
4.397367308416989,6.73267156395908
6.500210974063552,0.4508816224856925
2.692908094413421,0.7344626871534701
1.6915412433040071,1.4979222989316048
3.77298888002493,5.013667410166204
0.33260735009011566,0.9357650304917652
1.2255631806355707,2.759115890064846
4.081161565914435,0.5907750935329646
5.716331417143004,4.241680853562592
0.6532168265097886,4.957278143010995
4.775359580047477,1.4806519189563696
2.3971348261200855,3.798487358990001
0.26471219466201035,1.14122651316826
6.271996246180108,4.537846755570451
0.9575336175255841,4.443946266122177
0.8003891806990463,6.051573873776498
1.6692165980063065,5.326957248642659
6.915956970665265,0.36599216686727876
4.009216016336309,6.57906781663673
0.005849737778470532,1.7995821132620904
0.8448800651218931,1.4515440576980305
4.935504882550386,6.006572503924206
0.4306527597283152,4.377188843697855
4.372977630761907,1.321015209217009
0.21228697954812437,2.4433696724564737
6.328324178771309,3.754553567253543
2.124305340612642,3.2780784984462246
2.9262346115201345,2.0432515440287427
6.933352671717627,1.301854566439939
1.019044589183475,1.7277315425889168
3.2327370918838625,0.08270312567492955
2.4223853971296134,3.6245781437019726
5.8464762247885975,0.3784165553856669
2.9395741025594018,1.0124942681568287
5.421821479748743,0.32671730175499836
1.044337123463135,3.314395594279608
5.769288701898865,4.707643474702693
4.505233121528127,1.731444260046953
3.2441696260328965,0.9999017328840866
3.9743303330515407,5.675520668936646
6.997905963088308,3.1940942405924053
6.78365984455013,6.510822515353442
6.224417453112371,3.1113257436942754
4.000735352139754,3.0713704500728816
4.222843088018257,4.07850634219669
6.968508131201663,4.133473564158665
0.2841011146031627,5.398561777205503
0.3150803362414717,3.4026032931760035
0.5960896098414836,0.5794613237630729
1.4203115304217304,2.6917041294322144
1.1510697479956955,4.308961364773651
1.6385180720495522,6.8606812328232305
3.0354239899571818,6.345013000884951
0.35855119838747396,6.865051283007878
6.152832688403579,6.78301551474759
0.3753815878724709,1.1693462161064088
1.5577707500171103,2.350045606998661
1.4086089082519173,1.6300090155963607
6.552544477744291,0.8050008247905794
1.8675169598878196,5.879056901599395
3.103378848375158,2.060825159564561
1.1481376986149958,3.4432128610801453
4.854002059253289,6.9224067548376835
3.127147229043845,5.936319242148475
0.15388682142768695,2.1721228980934786
6.244209231565033,4.672281766469954
5.534438676736848,4.637219417809176
2.8546577967990334,0.1631124031294907
0.8997656031139213,5.893712998367677
3.5532840279815945,4.4520450877440165
6.551164477047784,6.774933739078099
0.5954928139587147,2.7425446704779706
3.800155332049453,1.0201512536240032
4.8592058542709875,0.28225130648333363
2.8096294549316405,2.9960762302380757
5.431576385318951,0.41064660568180966
1.0685986798826663,3.1607547705855477
2.774858101467463,4.180313591684362
3.118319426774646,1.31056483029561
2.3137679088936385,6.893955269753773
4.542558155729898,6.512363148581941
2.683993107782784,0.5208867462492549
3.7528105748530054,6.321518240056806
4.571887799655034,0.9596634791935224
2.839044340897344,6.85264214464379
0.38120636399953667,3.5407774228251103
4.062002858996408,3.940240368808434
6.442418141020403,6.052786613938396
2.2059789231669016,3.3441602680362683
3.1393806043815533,1.7270524330205141
6.6596635769283905,6.477602864934327
1.926433622919405,0.8360905702106297
5.063889093640376,5.101434164584874
1.8516255645098383,3.6034855795276965
1.1193414895513725,0.974575776334962
6.482782789533781,5.264237924660107
4.641130818748468,4.572568144642384
0.7770296992357492,3.621893409020902
4.533020607862017,0.9062682102363588
0.4345283165739,3.42872038910522
2.7179573675157607,4.890658259598853
2.368869678463296,4.998548023754598
4.096645953114891,5.049184195541319
6.334028251888826,1.047328528494706
5.5222488862226635,0.727579331441551
4.385364489202137,4.629047764962831
2.8826800124067713,1.4566324882231636
6.140945221436831,1.6694186110953013
2.175861742812555,4.267162150546739
5.351589383083591,1.9053161104174907
5.209085190545025,0.49483858621827825
2.91828657931191,5.948293228689118
0.8348153905755664,6.292218060901995
4.571642605036032,3.087803258477005
4.854855447059942,1.3656922899679294
5.364690485812977,2.416463938355932
3.7321062664953955,2.638139096580935
4.692922839613335,1.697044113103481
5.908092993804431,3.6717301008351217
3.032522168394063,4.024389874140597
5.439137478599163,3.409846201383637
2.7172767384834646,0.011555556975957004
0.774677510195741,3.980841585170563
2.6160209115829565,5.163022981441837
2.23903794811962,2.9778538059976656
4.829765057581652,2.462072534312746
2.712260348887583,2.1463640953654153
3.5393817241280647,1.494332622858909
6.679422106631903,4.91829356500841
6.591228885521512,0.35413593027425194
2.51588228546306,4.97089338695353
5.767228448098878,3.70990128217501
3.686494789968946,3.6654788652956576
2.42629042195216,0.1084195470596715
2.6642665343433753,0.031774030566838585
5.035073835542725,0.7970192347998333
3.068512116943367,5.620827547717611
0.10889454991998082,5.740971278992686
2.747424266192327,4.365286244259443
3.317534518222864,6.9461852068629675
0.8420851289395815,6.908706646353411
1.500971430272815,4.487812754147345
3.943434926636539,2.3173266119556093
2.440542470189183,4.789912381892796
1.9421559840773424,0.5443010159527383
5.18490604329729,1.3114944564080737
4.4015976931175524,4.509977861115244
1.0545780947997248,6.511807859295298
3.6660933179282695,1.7965434978706232
0.7072288445859103,6.33512818737209
1.1911429417605581,6.244954199594978
3.4649028857494115,6.044915541955422
0.4673084586077203,4.8550363017688145
4.568100643734802,2.158246138430256
4.851581012750037,1.6087090955567018
5.764907002628442,5.353103020475052
3.1946441885072465,1.3405707523067507
6.32426671226566,1.2550374610389898
0.35998432387936297,1.361499312424233
1.5945341009288123,1.9980661893681666
5.051004311631278,0.5524139665807354
6.508679837527233,5.002579506968317
2.724885120069965,1.164632436964298
4.5668300797995665,1.7359546290930115
1.2081802783053188,6.637887479881103
5.733987973506986,1.7959558271293075
6.488804889788673,4.846610207602479
6.454431283225246,5.457069613943397
5.677770672219411,2.766060157085973
3.6798422739151126,1.9875045965234674
4.310044992889358,5.2934881844145885
3.1807532184678227,4.712911976556137
2.146593118196978,5.345294187494225
4.839965182959088,4.055803449876721
2.6117840642282477,6.618019371176325
2.7291795439056834,4.237143365950567
6.044198394725909,1.213335080728754
2.857561629321932,6.285208463671012
5.439024544095625,6.944598385258967
0.0629456552759593,1.8462133175200428
3.600008494196787,3.129207916218644
4.285265271075241,0.5913376051773279
5.780133025793404,4.980477049842651
2.0499228646721415,4.2679883328230614
0.643639472921683,1.1403141059688604
6.87382662384044,2.6784437589464822
5.267657400286915,5.644599422561652
3.2806337765272353,4.592640695544549
5.2234591395002985,2.4293461866231425
3.064938931919939,2.165325830827619
2.3282140309838844,5.282479015117631
0.45380275617247223,3.2004569531331346
4.98440743763851,2.112277619567034
5.749978627412487,5.517403892688419
5.56653730581461,2.805336982254469
6.21770248222674,6.159811396639457
6.857451322941177,4.458095626909257
2.7670939574992848,3.3099349158480216
5.464595793401583,6.163262448660177
1.6398987165125865,2.007710093308758
0.3152691938505292,0.9709711759751156
0.2878492887840216,1.9651105105311237
0.3617037577845398,0.12589602421574286
3.400329487975498,5.920970893999806
2.7302821798091337,5.013556636423512
1.325698762697758,1.6558915663265474
4.703727182817226,1.1823929946476974
4.057543239385617,4.281220602982155
5.532407559186724,4.376226308151146
2.045518804348129,6.60536068861298
0.6762140187403937,3.2008009480178012
1.693823167671733,1.8227281573915168
6.4616957141606495,2.0903644007131965
1.601196034269846,6.040244178404314
0.12964961503659012,6.128556415640864
1.8379089047870476,1.6791180146310256
1.746920886441831,5.900373310413328
6.1001188891656914,1.49823754333246
6.7567757297117,4.541096050342379
2.166466190578036,4.1310901970840845
4.521140755208988,2.9081478771752094
6.135482069430416,0.35999943962810277
2.1765695805913707,3.5043963875253135
3.785910610305831,0.9204149962253435
4.613682400341607,5.172442954094788
2.5444441222584704,1.7359447078068015
1.7806942813851534,6.128961764479501
2.290568306684938,4.011259390606887
6.536383985424495,3.4114901726233415
4.312519041948443,0.13407503091341533
6.497747499403571,3.8932895689767992
0.2371752147496894,2.3115067262895828
5.378896439759748,3.2701793024484305
5.906935403046123,5.858734851564261
3.557119534328919,0.08786526744161816
3.3247441743954838,4.685930151399393
3.292748854977434,6.20404675196588
4.827784033281643,4.148512823412135
5.107576078748588,4.613337221240878
3.9247383001779643,3.0675003224310684
3.3770997308072523,6.89749935522589
0.38978526203733455,4.773402529804778
4.138038031253409,0.5788974898579865
1.8370182955330845,0.9825636746070423
5.669106174256102,2.509357618135904
2.1701160659584744,4.944088047605342
6.588334146349929,0.9365078064782815
2.63930874424594,5.634067508937459
6.989425554030955,3.3900341089746684
1.0612905523556486,0.7213611340719186
3.6837442099726667,0.8471219659818261
4.4169022549356285,3.2350800136693003
5.815213322113291,0.8916230036249961
5.821991290395053,5.11715119877965
0.19316808769757143,4.855796169663928
6.453738007875428,5.407663820473717
3.9050238732849443,0.7389493278353813
2.480781745974236,1.1364928943901722
5.416686956283473,3.2142661115254283
1.246797749263771,1.3706648987806023
1.7187886573518125,4.434187851323572
4.530828956274544,3.792995239034811
2.830119071849407,4.885338579427689
4.887004924072929,1.6384557969736508
5.683096743657741,6.174252342708153
5.11214674554773,2.51343891083551
0.3150389454038478,1.902016738741501
0.7458155294229679,2.471108382591143
5.206490841603807,3.435900554182505
0.12307757662554575,1.9562538486207282
6.0648149091942605,6.162903519962631
4.673828232773548,5.114926797190079
4.779374619101261,0.5220349640768753
1.522115148374851,3.4255704424049735
0.887521765619264,2.5287636094178176
2.2823417750181636,0.7768327847376246
0.5872446380181456,3.8590055396797185
1.0257425214182652,0.598171734943288
6.6475074609802585,3.6125901629399633
0.6904701646892467,4.018761433652026
1.6239971347298252,3.111540951760675
0.21800800573690782,6.1666493603880985
1.8968424593308724,0.656127040681469
3.7207524245932495,5.225246555312484
4.832913683218413,5.332354464022111
4.034202710736572,3.7143371482348515
4.368604902629888,2.4778587712445286
1.6752057805179068,4.590401177953695
2.4080584643522114,1.3475008620004958
0.8543747091977664,6.96429898943169
4.012581966661319,0.12253629217969875
6.763167246855108,2.2419566718614297
2.490977465018259,2.72578931876114
3.1453563547434604,1.0933624557394954
2.5878377785902553,3.042906005480086
0.6837603128132214,3.750227956046209
3.970204061730677,4.325244267227195
1.1072602028241105,4.864391017333416
0.16167291441407416,3.6988849822568435
6.201179489163417,6.788745622273982
1.1242082278823977,2.847909820824794
1.4071545077619803,0.4864276962297647
3.128293571722918,6.554486376618397
3.501923979149011,3.1808423206764784
5.091498744404359,2.9675603025217994
3.820398941071141,4.9578627893735
6.935594808506089,5.091659364520725
2.8209974967035873,0.43265365199603756
6.986566610746663,1.0420225052783993
4.034022773154351,2.324189758586901
0.3841994391419199,2.1395373645765563
1.7027000084874904,3.4278375067543605
1.7528068904680363,2.7103815712626123
6.912778490014864,1.7717213220789527
5.639319880980443,1.2878345817281556
3.5622583178765543,5.604623966598129
6.561300436419013,1.3550084212231386
3.2007494422643274,3.0376300143055377
0.4299979341834924,5.768351571702254
5.565529107805744,1.1874751908059349
6.401582361634574,1.8027825764189478
1.117823577469911,2.1892480246836783
2.771102466181465,5.78885878835085
3.129770373543658,4.631037705478387
5.189837931579045,3.1850681889498738
4.065832657254214,4.582090154825433
5.809333624485102,1.520229270477302
0.7287391614674932,2.8041738308755235
6.417264382935561,4.651286473272775
0.2814301613182314,1.2717168943167567
4.838422250233521,4.00753975049205
5.0882152073035085,6.413530978787755
5.92195075147704,0.77619428590186
2.1021862931994226,4.768103313808117
6.960111164017917,2.3353600819412224
3.972067221159915,3.1425961257224664
5.000973987206501,6.501695001987108
1.162021615372995,3.898383838093905
0.6330496655404044,6.806938154179096
6.754092677495983,4.871083168287752
2.730284559173128,1.9873623952689994
0.29393104060947073,0.4758382638332993
5.558412244347535,0.9479193422989769
6.1423942018728,5.189232436316766
2.858232630894629,0.6542019700389997
0.7194200864424493,2.3262227071869086
0.6074321711657443,3.8504929192772313
1.1007226673539763,1.5381964741265248
3.3557293651075852,2.6520168249895364
1.6067572616109342,0.7229285183272893
2.923718306663656,1.6606272411005438
1.2995542181170106,5.646355793637067
4.193970933569844,2.466157627569321
6.72500604685805,3.8231065653157623
1.2023939452880756,2.8090368384483195
0.6563051141320732,4.559403677438496
5.2385645039734525,5.995444646843772
2.8072717581847257,1.5960133911867977
3.9877397316018097,0.5824190402498352
0.6746553204265984,2.753659142784149
5.10011000608387,3.2395927523098225
1.141065782158372,2.5237070589406914
5.65250764555792,3.2913464374916903
6.263143349336767,4.636575424958182
3.554674509362531,5.439583544488517
1.2516799623445933,6.973807397988476
3.5862439644050244,5.021708589904099
3.5829705462400696,0.8200078937035055
5.985099213292181,1.7210758133486985
4.50084480554679,0.9717882722920675
2.0383898528095976,4.739726283678819
5.649479149084666,0.9104350755084436
2.873457423580549,2.116787262647465
4.4635424692801315,0.29784008783121685
1.2584944288699353,4.044575098060776
1.421880253514889,4.278966094654773
1.0537051927024883,1.4230370659462492
3.9717140657506875,2.4393951117251103
5.069878836183527,1.5668192740741966
1.659376369240809,2.7928044609257254
6.496138855724905,5.689596049625113
6.695382361548477,0.7755287239918137
2.9759678654361985,2.473275567214788
5.653815584171467,1.2000770561253313
5.881706750140276,4.8571111078474445
3.2158419762375168,3.5016822596129185
0.04899808620717727,4.366692358370321
0.17661630534818518,1.1811228879116782
0.6523709482112965,0.3303408413007388
2.7335913525823616,1.9355357176080203
4.790809693157103,3.947914020983378
2.7851220106649,5.74632005510968
4.244205720415331,1.673521640390575
3.4227795491387463,1.532069652576499
6.277659484812805,1.2543787007410974
0.03633330422192704,6.632121102520227
1.8980502700982615,0.7785479206859572
2.0708920739463514,5.08323931789519
1.1134326659279736,1.9582365574439138
4.8866056148075465,1.1600047052240843
3.730675399978311,5.8493785642614915
3.3224530162303196,2.0111859153361564
6.344052928472625,3.006774493670584
5.194879602154893,4.106301845894872
2.294597245644201,4.772464250148151
0.21425436977837398,5.052359222889562
1.2934636896823535,5.547755229017871
1.2995340250141527,4.085380823414128
4.623748510849219,1.5243038780868465
5.062780897239214,3.6549538441751146
1.7544307749367767,2.9768573480546507
4.0741088721165255,5.757924972806945
3.28183992730498,5.008070666689971
4.319679855237071,4.984694308496702
