3.5,3.5
2.7825804276675754,3.9647509223217563
2.659075584870144,3.408203786301273
2.659075584870144,3.408203786301273
3.4533887964230536,3.7209446997586615
3.4533887964230536,3.7209446997586615
3.4533887964230536,3.7209446997586615
3.4533887964230536,3.7209446997586615
3.261263199777337,4.409416813482947
3.261263199777337,4.409416813482947
3.261263199777337,4.409416813482947
3.261263199777337,4.409416813482947
3.261263199777337,4.409416813482947
3.261263199777337,4.409416813482947
2.652767440067565,5.032684340622246
2.652767440067565,5.032684340622246
2.652767440067565,5.032684340622246
2.652767440067565,5.032684340622246
2.652767440067565,5.032684340622246
2.652767440067565,5.032684340622246
3.073241764305716,5.220147463478486
3.073241764305716,5.220147463478486
3.073241764305716,5.220147463478486
3.073241764305716,5.220147463478486
3.073241764305716,5.220147463478486
3.073241764305716,5.220147463478486
3.073241764305716,5.220147463478486
3.073241764305716,5.220147463478486
3.073241764305716,5.220147463478486
3.073241764305716,5.220147463478486
3.073241764305716,5.220147463478486
3.073241764305716,5.220147463478486
4.3886201097159905,3.487290631761695
4.3886201097159905,3.487290631761695
4.3886201097159905,3.487290631761695
4.3886201097159905,3.487290631761695
4.3886201097159905,3.487290631761695
3.2094336415804214,3.0830498667676456
3.2094336415804214,3.0830498667676456
3.2094336415804214,3.0830498667676456
3.2094336415804214,3.0830498667676456
3.2094336415804214,3.0830498667676456
3.2094336415804214,3.0830498667676456
3.2094336415804214,3.0830498667676456
3.2094336415804214,3.0830498667676456
2.1344461445168754,3.6099854059622007
2.1344461445168754,3.6099854059622007
2.1344461445168754,3.6099854059622007
3.8483222755683704,2.5259950195506544
3.8483222755683704,2.5259950195506544
3.8483222755683704,2.5259950195506544
3.8483222755683704,2.5259950195506544
3.8483222755683704,2.5259950195506544
3.8483222755683704,2.5259950195506544
3.8483222755683704,2.5259950195506544
3.8483222755683704,2.5259950195506544
3.0905899021827565,5.7032484249797175
3.0905899021827565,5.7032484249797175
3.0905899021827565,5.7032484249797175
3.0905899021827565,5.7032484249797175
3.0905899021827565,5.7032484249797175
3.0905899021827565,5.7032484249797175
3.0905899021827565,5.7032484249797175
3.0905899021827565,5.7032484249797175
3.0905899021827565,5.7032484249797175
3.0905899021827565,5.7032484249797175
3.0905899021827565,5.7032484249797175
3.0905899021827565,5.7032484249797175
3.0905899021827565,5.7032484249797175
3.0905899021827565,5.7032484249797175
3.0905899021827565,5.7032484249797175
3.0905899021827565,5.7032484249797175
3.0905899021827565,5.7032484249797175
3.0905899021827565,5.7032484249797175
3.8211216653757623,5.936937221509936
3.8211216653757623,5.936937221509936
3.8211216653757623,5.936937221509936
3.8211216653757623,5.936937221509936
3.8211216653757623,5.936937221509936
3.8211216653757623,5.936937221509936
3.8211216653757623,5.936937221509936
3.8211216653757623,5.936937221509936
3.8211216653757623,5.936937221509936
3.8211216653757623,5.936937221509936
3.8211216653757623,5.936937221509936
3.8211216653757623,5.936937221509936
3.8211216653757623,5.936937221509936
3.8211216653757623,5.936937221509936
3.8211216653757623,5.936937221509936
3.8211216653757623,5.936937221509936
3.8211216653757623,5.936937221509936
3.8211216653757623,5.936937221509936
4.499485659356709,5.607000806417779
4.499485659356709,5.607000806417779
4.499485659356709,5.607000806417779
4.499485659356709,5.607000806417779
4.499485659356709,5.607000806417779
4.499485659356709,5.607000806417779
4.499485659356709,5.607000806417779
4.499485659356709,5.607000806417779
4.499485659356709,5.607000806417779
4.499485659356709,5.607000806417779
4.499485659356709,5.607000806417779
4.499485659356709,5.607000806417779
4.499485659356709,5.607000806417779
4.499485659356709,5.607000806417779
4.499485659356709,5.607000806417779
4.499485659356709,5.607000806417779
4.499485659356709,5.607000806417779
4.499485659356709,5.607000806417779
5.081431167340303,3.753117390744583
5.081431167340303,3.753117390744583
5.081431167340303,3.753117390744583
5.081431167340303,3.753117390744583
5.081431167340303,3.753117390744583
4.9002019142019835,6.169251926602014
4.9002019142019835,6.169251926602014
4.9002019142019835,6.169251926602014
4.9002019142019835,6.169251926602014
4.9002019142019835,6.169251926602014
4.9002019142019835,6.169251926602014
4.9002019142019835,6.169251926602014
4.9002019142019835,6.169251926602014
4.9002019142019835,6.169251926602014
4.9002019142019835,6.169251926602014
4.9002019142019835,6.169251926602014
4.9002019142019835,6.169251926602014
4.9002019142019835,6.169251926602014
4.9002019142019835,6.169251926602014
4.9002019142019835,6.169251926602014
4.9002019142019835,6.169251926602014
4.9002019142019835,6.169251926602014
4.9002019142019835,6.169251926602014
3.618888526390925,6.3990950367749475
3.618888526390925,6.3990950367749475
3.618888526390925,6.3990950367749475
3.618888526390925,6.3990950367749475
3.618888526390925,6.3990950367749475
3.618888526390925,6.3990950367749475
3.618888526390925,6.3990950367749475
3.618888526390925,6.3990950367749475
3.618888526390925,6.3990950367749475
3.618888526390925,6.3990950367749475
3.618888526390925,6.3990950367749475
3.618888526390925,6.3990950367749475
3.618888526390925,6.3990950367749475
3.618888526390925,6.3990950367749475
3.618888526390925,6.3990950367749475
3.618888526390925,6.3990950367749475
3.618888526390925,6.3990950367749475
3.618888526390925,6.3990950367749475
3.618888526390925,6.3990950367749475
3.618888526390925,6.3990950367749475
3.618888526390925,6.3990950367749475
3.618888526390925,6.3990950367749475
3.618888526390925,6.3990950367749475
3.618888526390925,6.3990950367749475
3.618888526390925,6.3990950367749475
3.618888526390925,6.3990950367749475
3.618888526390925,6.3990950367749475
3.618888526390925,6.3990950367749475
3.618888526390925,6.3990950367749475
3.618888526390925,6.3990950367749475
3.618888526390925,6.3990950367749475
3.618888526390925,6.3990950367749475
3.618888526390925,6.3990950367749475
3.618888526390925,6.3990950367749475
3.618888526390925,6.3990950367749475
3.618888526390925,6.3990950367749475
4.122055087580775,3.3598407535574033
4.122055087580775,3.3598407535574033
4.122055087580775,3.3598407535574033
4.122055087580775,3.3598407535574033
4.122055087580775,3.3598407535574033
4.122055087580775,3.3598407535574033
4.122055087580775,3.3598407535574033
4.122055087580775,3.3598407535574033
4.122055087580775,3.3598407535574033
4.122055087580775,3.3598407535574033
4.122055087580775,3.3598407535574033
4.122055087580775,3.3598407535574033
4.122055087580775,3.3598407535574033
4.122055087580775,3.3598407535574033
4.122055087580775,3.3598407535574033
4.122055087580775,3.3598407535574033
4.122055087580775,3.3598407535574033
4.122055087580775,3.3598407535574033
4.122055087580775,3.3598407535574033
4.122055087580775,3.3598407535574033
4.122055087580775,3.3598407535574033
4.122055087580775,3.3598407535574033
4.122055087580775,3.3598407535574033
4.122055087580775,3.3598407535574033
4.122055087580775,3.3598407535574033
4.122055087580775,3.3598407535574033
2.037622969183019,5.72217660799023
2.037622969183019,5.72217660799023
2.037622969183019,5.72217660799023
2.037622969183019,5.72217660799023
2.037622969183019,5.72217660799023
2.037622969183019,5.72217660799023
3.6082878440966413,6.364014257073582
3.6082878440966413,6.364014257073582
3.6082878440966413,6.364014257073582
3.6082878440966413,6.364014257073582
3.6082878440966413,6.364014257073582
3.6082878440966413,6.364014257073582
3.6082878440966413,6.364014257073582
3.6082878440966413,6.364014257073582
3.6082878440966413,6.364014257073582
3.6082878440966413,6.364014257073582
3.6082878440966413,6.364014257073582
3.6082878440966413,6.364014257073582
3.6082878440966413,6.364014257073582
3.6082878440966413,6.364014257073582
3.6082878440966413,6.364014257073582
3.6082878440966413,6.364014257073582
3.6082878440966413,6.364014257073582
3.6082878440966413,6.364014257073582
3.6082878440966413,6.364014257073582
3.6082878440966413,6.364014257073582
3.6082878440966413,6.364014257073582
3.6082878440966413,6.364014257073582
3.6082878440966413,6.364014257073582
3.6082878440966413,6.364014257073582
3.6082878440966413,6.364014257073582
3.6082878440966413,6.364014257073582
3.6082878440966413,6.364014257073582
3.6082878440966413,6.364014257073582
3.6082878440966413,6.364014257073582
3.6082878440966413,6.364014257073582
3.6082878440966413,6.364014257073582
3.6082878440966413,6.364014257073582
3.6082878440966413,6.364014257073582
3.6082878440966413,6.364014257073582
3.6082878440966413,6.364014257073582
3.6082878440966413,6.364014257073582
3.6082878440966413,6.364014257073582
3.6082878440966413,6.364014257073582
3.6082878440966413,6.364014257073582
3.6082878440966413,6.364014257073582
3.6082878440966413,6.364014257073582
3.6082878440966413,6.364014257073582
3.6082878440966413,6.364014257073582
3.6082878440966413,6.364014257073582
3.6082878440966413,6.364014257073582
3.6082878440966413,6.364014257073582
3.6082878440966413,6.364014257073582
3.6082878440966413,6.364014257073582
3.6082878440966413,6.364014257073582
3.6082878440966413,6.364014257073582
3.6082878440966413,6.364014257073582
3.6082878440966413,6.364014257073582
3.6082878440966413,6.364014257073582
3.6082878440966413,6.364014257073582
3.6082878440966413,6.364014257073582
3.6082878440966413,6.364014257073582
3.6082878440966413,6.364014257073582
3.6082878440966413,6.364014257073582
3.6082878440966413,6.364014257073582
3.6082878440966413,6.364014257073582
3.6082878440966413,6.364014257073582
3.6082878440966413,6.364014257073582
3.6082878440966413,6.364014257073582
3.6082878440966413,6.364014257073582
3.6082878440966413,6.364014257073582
3.6082878440966413,6.364014257073582
3.6082878440966413,6.364014257073582
3.6082878440966413,6.364014257073582
3.6082878440966413,6.364014257073582
3.6082878440966413,6.364014257073582
3.6082878440966413,6.364014257073582
3.6082878440966413,6.364014257073582
2.7633432415490735,4.161417404614779
2.7633432415490735,4.161417404614779
2.7633432415490735,4.161417404614779
2.7633432415490735,4.161417404614779
2.7633432415490735,4.161417404614779
2.7633432415490735,4.161417404614779
2.7633432415490735,4.161417404614779
2.7633432415490735,4.161417404614779
2.7633432415490735,4.161417404614779
2.7633432415490735,4.161417404614779
2.7633432415490735,4.161417404614779
2.7633432415490735,4.161417404614779
2.7633432415490735,4.161417404614779
2.7633432415490735,4.161417404614779
2.7633432415490735,4.161417404614779
2.7633432415490735,4.161417404614779
2.7633432415490735,4.161417404614779
2.7633432415490735,4.161417404614779
2.7633432415490735,4.161417404614779
2.7633432415490735,4.161417404614779
2.7633432415490735,4.161417404614779
2.7633432415490735,4.161417404614779
2.7633432415490735,4.161417404614779
3.316111338975422,4.0455821474043105
3.316111338975422,4.0455821474043105
3.316111338975422,4.0455821474043105
3.316111338975422,4.0455821474043105
3.316111338975422,4.0455821474043105
3.316111338975422,4.0455821474043105
3.316111338975422,4.0455821474043105
3.316111338975422,4.0455821474043105
3.316111338975422,4.0455821474043105
3.316111338975422,4.0455821474043105
3.316111338975422,4.0455821474043105
3.316111338975422,4.0455821474043105
3.316111338975422,4.0455821474043105
3.316111338975422,4.0455821474043105
3.316111338975422,4.0455821474043105
3.316111338975422,4.0455821474043105
3.316111338975422,4.0455821474043105
3.316111338975422,4.0455821474043105
3.316111338975422,4.0455821474043105
3.316111338975422,4.0455821474043105
3.316111338975422,4.0455821474043105
3.316111338975422,4.0455821474043105
3.316111338975422,4.0455821474043105
3.316111338975422,4.0455821474043105
3.316111338975422,4.0455821474043105
3.316111338975422,4.0455821474043105
3.316111338975422,4.0455821474043105
3.316111338975422,4.0455821474043105
3.316111338975422,4.0455821474043105
3.316111338975422,4.0455821474043105
3.316111338975422,4.0455821474043105
3.316111338975422,4.0455821474043105
3.316111338975422,4.0455821474043105
3.316111338975422,4.0455821474043105
3.316111338975422,4.0455821474043105
3.316111338975422,4.0455821474043105
3.316111338975422,4.0455821474043105
3.316111338975422,4.0455821474043105
3.316111338975422,4.0455821474043105
3.316111338975422,4.0455821474043105
3.316111338975422,4.0455821474043105
3.316111338975422,4.0455821474043105
3.316111338975422,4.0455821474043105
3.316111338975422,4.0455821474043105
3.316111338975422,4.0455821474043105
5.774842610387159,6.425865216253168
5.774842610387159,6.425865216253168
5.774842610387159,6.425865216253168
5.774842610387159,6.425865216253168
5.774842610387159,6.425865216253168
5.774842610387159,6.425865216253168
5.774842610387159,6.425865216253168
5.774842610387159,6.425865216253168
5.774842610387159,6.425865216253168
5.774842610387159,6.425865216253168
5.774842610387159,6.425865216253168
5.774842610387159,6.425865216253168
5.774842610387159,6.425865216253168
5.774842610387159,6.425865216253168
5.774842610387159,6.425865216253168
5.774842610387159,6.425865216253168
5.774842610387159,6.425865216253168
5.774842610387159,6.425865216253168
4.00797369795043,2.910118681508689
4.00797369795043,2.910118681508689
4.00797369795043,2.910118681508689
4.00797369795043,2.910118681508689
4.00797369795043,2.910118681508689
4.00797369795043,2.910118681508689
4.00797369795043,2.910118681508689
4.00797369795043,2.910118681508689
4.00797369795043,2.910118681508689
4.00797369795043,2.910118681508689
4.00797369795043,2.910118681508689
4.00797369795043,2.910118681508689
4.00797369795043,2.910118681508689
4.00797369795043,2.910118681508689
4.00797369795043,2.910118681508689
4.00797369795043,2.910118681508689
4.00797369795043,2.910118681508689
4.00797369795043,2.910118681508689
4.00797369795043,2.910118681508689
4.00797369795043,2.910118681508689
4.00797369795043,2.910118681508689
4.00797369795043,2.910118681508689
4.00797369795043,2.910118681508689
4.00797369795043,2.910118681508689
4.00797369795043,2.910118681508689
4.00797369795043,2.910118681508689
4.00797369795043,2.910118681508689
4.00797369795043,2.910118681508689
4.00797369795043,2.910118681508689
4.00797369795043,2.910118681508689
4.00797369795043,2.910118681508689
4.00797369795043,2.910118681508689
4.00797369795043,2.910118681508689
4.00797369795043,2.910118681508689
4.00797369795043,2.910118681508689
4.00797369795043,2.910118681508689
4.00797369795043,2.910118681508689
4.00797369795043,2.910118681508689
4.00797369795043,2.910118681508689
4.00797369795043,2.910118681508689
4.00797369795043,2.910118681508689
4.00797369795043,2.910118681508689
4.00797369795043,2.910118681508689
4.00797369795043,2.910118681508689
4.00797369795043,2.910118681508689
4.00797369795043,2.910118681508689
4.00797369795043,2.910118681508689
4.00797369795043,2.910118681508689
4.00797369795043,2.910118681508689
4.00797369795043,2.910118681508689
4.00797369795043,2.910118681508689
4.00797369795043,2.910118681508689
3.9294026392488277,3.288934303399946
3.9294026392488277,3.288934303399946
3.9294026392488277,3.288934303399946
3.9294026392488277,3.288934303399946
3.9294026392488277,3.288934303399946
3.9294026392488277,3.288934303399946
3.9294026392488277,3.288934303399946
3.9294026392488277,3.288934303399946
3.9294026392488277,3.288934303399946
3.9294026392488277,3.288934303399946
3.9294026392488277,3.288934303399946
3.9294026392488277,3.288934303399946
3.9294026392488277,3.288934303399946
3.9294026392488277,3.288934303399946
3.9294026392488277,3.288934303399946
3.9294026392488277,3.288934303399946
3.9294026392488277,3.288934303399946
3.9294026392488277,3.288934303399946
3.9294026392488277,3.288934303399946
3.9294026392488277,3.288934303399946
3.9294026392488277,3.288934303399946
3.9294026392488277,3.288934303399946
3.9294026392488277,3.288934303399946
3.9294026392488277,3.288934303399946
3.9294026392488277,3.288934303399946
3.9294026392488277,3.288934303399946
3.9294026392488277,3.288934303399946
3.9294026392488277,3.288934303399946
3.9294026392488277,3.288934303399946
3.9294026392488277,3.288934303399946
3.9294026392488277,3.288934303399946
3.9294026392488277,3.288934303399946
3.9294026392488277,3.288934303399946
3.9294026392488277,3.288934303399946
3.9294026392488277,3.288934303399946
3.9294026392488277,3.288934303399946
3.9294026392488277,3.288934303399946
3.9294026392488277,3.288934303399946
3.9294026392488277,3.288934303399946
3.9294026392488277,3.288934303399946
3.9294026392488277,3.288934303399946
3.9294026392488277,3.288934303399946
3.9294026392488277,3.288934303399946
3.9294026392488277,3.288934303399946
3.9294026392488277,3.288934303399946
3.9294026392488277,3.288934303399946
3.9294026392488277,3.288934303399946
3.9294026392488277,3.288934303399946
3.9294026392488277,3.288934303399946
3.9294026392488277,3.288934303399946
3.9294026392488277,3.288934303399946
3.9294026392488277,3.288934303399946
3.9294026392488277,3.288934303399946
3.9294026392488277,3.288934303399946
3.9294026392488277,3.288934303399946
3.9294026392488277,3.288934303399946
3.9294026392488277,3.288934303399946
3.9294026392488277,3.288934303399946
3.9294026392488277,3.288934303399946
3.9294026392488277,3.288934303399946
3.9294026392488277,3.288934303399946
3.9294026392488277,3.288934303399946
3.9294026392488277,3.288934303399946
3.9294026392488277,3.288934303399946
3.9294026392488277,3.288934303399946
3.9294026392488277,3.288934303399946
3.9294026392488277,3.288934303399946
3.9294026392488277,3.288934303399946
3.9294026392488277,3.288934303399946
3.9294026392488277,3.288934303399946
3.9294026392488277,3.288934303399946
3.9294026392488277,3.288934303399946
3.9294026392488277,3.288934303399946
3.9294026392488277,3.288934303399946
3.9294026392488277,3.288934303399946
3.9294026392488277,3.288934303399946
3.9294026392488277,3.288934303399946
3.9294026392488277,3.288934303399946
3.9294026392488277,3.288934303399946
3.9294026392488277,3.288934303399946
3.9294026392488277,3.288934303399946
3.9294026392488277,3.288934303399946
3.9294026392488277,3.288934303399946
3.9294026392488277,3.288934303399946
3.9294026392488277,3.288934303399946
3.9294026392488277,3.288934303399946
3.9294026392488277,3.288934303399946
3.9294026392488277,3.288934303399946
3.9294026392488277,3.288934303399946
3.9294026392488277,3.288934303399946
3.9294026392488277,3.288934303399946
3.9294026392488277,3.288934303399946
3.9294026392488277,3.288934303399946
3.9294026392488277,3.288934303399946
3.9294026392488277,3.288934303399946
3.9294026392488277,3.288934303399946
3.9294026392488277,3.288934303399946
3.9294026392488277,3.288934303399946
3.9294026392488277,3.288934303399946
3.9294026392488277,3.288934303399946
3.9294026392488277,3.288934303399946
3.9294026392488277,3.288934303399946
3.9294026392488277,3.288934303399946
3.9294026392488277,3.288934303399946
3.9294026392488277,3.288934303399946
3.9294026392488277,3.288934303399946
3.9294026392488277,3.288934303399946
3.9294026392488277,3.288934303399946
3.9294026392488277,3.288934303399946
3.9294026392488277,3.288934303399946
3.9294026392488277,3.288934303399946
3.9294026392488277,3.288934303399946
3.9294026392488277,3.288934303399946
3.9294026392488277,3.288934303399946
3.9294026392488277,3.288934303399946
3.9294026392488277,3.288934303399946
3.9294026392488277,3.288934303399946
3.9294026392488277,3.288934303399946
3.9294026392488277,3.288934303399946
3.9294026392488277,3.288934303399946
3.9294026392488277,3.288934303399946
3.9294026392488277,3.288934303399946
3.9294026392488277,3.288934303399946
3.9294026392488277,3.288934303399946
3.9294026392488277,3.288934303399946
3.9294026392488277,3.288934303399946
3.9294026392488277,3.288934303399946
3.9294026392488277,3.288934303399946
3.9294026392488277,3.288934303399946
3.9294026392488277,3.288934303399946
3.9294026392488277,3.288934303399946
3.9294026392488277,3.288934303399946
3.9294026392488277,3.288934303399946
3.9294026392488277,3.288934303399946
3.9294026392488277,3.288934303399946
3.9294026392488277,3.288934303399946
3.9294026392488277,3.288934303399946
3.9294026392488277,3.288934303399946
3.9294026392488277,3.288934303399946
3.9294026392488277,3.288934303399946
3.9294026392488277,3.288934303399946
3.9294026392488277,3.288934303399946
3.9294026392488277,3.288934303399946
3.9294026392488277,3.288934303399946
3.9294026392488277,3.288934303399946
3.9294026392488277,3.288934303399946
3.9294026392488277,3.288934303399946
3.9294026392488277,3.288934303399946
3.9294026392488277,3.288934303399946
4.685412671574155,5.581260745941043
4.685412671574155,5.581260745941043
4.685412671574155,5.581260745941043
4.685412671574155,5.581260745941043
4.685412671574155,5.581260745941043
4.685412671574155,5.581260745941043
4.685412671574155,5.581260745941043
4.685412671574155,5.581260745941043
4.685412671574155,5.581260745941043
4.685412671574155,5.581260745941043
4.685412671574155,5.581260745941043
4.685412671574155,5.581260745941043
4.685412671574155,5.581260745941043
4.685412671574155,5.581260745941043
4.685412671574155,5.581260745941043
4.685412671574155,5.581260745941043
4.685412671574155,5.581260745941043
4.685412671574155,5.581260745941043
4.685412671574155,5.581260745941043
4.685412671574155,5.581260745941043
4.685412671574155,5.581260745941043
4.685412671574155,5.581260745941043
4.685412671574155,5.581260745941043
4.685412671574155,5.581260745941043
4.685412671574155,5.581260745941043
4.685412671574155,5.581260745941043
4.685412671574155,5.581260745941043
4.685412671574155,5.581260745941043
4.685412671574155,5.581260745941043
4.685412671574155,5.581260745941043
4.685412671574155,5.581260745941043
4.685412671574155,5.581260745941043
4.685412671574155,5.581260745941043
4.685412671574155,5.581260745941043
4.685412671574155,5.581260745941043
4.685412671574155,5.581260745941043
4.685412671574155,5.581260745941043
4.685412671574155,5.581260745941043
4.685412671574155,5.581260745941043
4.685412671574155,5.581260745941043
4.685412671574155,5.581260745941043
4.685412671574155,5.581260745941043
4.685412671574155,5.581260745941043
4.685412671574155,5.581260745941043
4.685412671574155,5.581260745941043
4.685412671574155,5.581260745941043
4.685412671574155,5.581260745941043
4.685412671574155,5.581260745941043
4.685412671574155,5.581260745941043
4.685412671574155,5.581260745941043
4.685412671574155,5.581260745941043
4.685412671574155,5.581260745941043
4.685412671574155,5.581260745941043
4.685412671574155,5.581260745941043
2.422481243292006,4.693500653130598
2.422481243292006,4.693500653130598
2.422481243292006,4.693500653130598
2.422481243292006,4.693500653130598
2.422481243292006,4.693500653130598
2.422481243292006,4.693500653130598
2.422481243292006,4.693500653130598
2.422481243292006,4.693500653130598
2.422481243292006,4.693500653130598
2.422481243292006,4.693500653130598
2.422481243292006,4.693500653130598
2.422481243292006,4.693500653130598
2.422481243292006,4.693500653130598
2.422481243292006,4.693500653130598
2.422481243292006,4.693500653130598
2.422481243292006,4.693500653130598
2.422481243292006,4.693500653130598
2.422481243292006,4.693500653130598
2.422481243292006,4.693500653130598
2.422481243292006,4.693500653130598
2.422481243292006,4.693500653130598
2.422481243292006,4.693500653130598
2.422481243292006,4.693500653130598
2.422481243292006,4.693500653130598
2.422481243292006,4.693500653130598
2.422481243292006,4.693500653130598
2.422481243292006,4.693500653130598
2.422481243292006,4.693500653130598
2.422481243292006,4.693500653130598
2.422481243292006,4.693500653130598
2.422481243292006,4.693500653130598
2.422481243292006,4.693500653130598
2.422481243292006,4.693500653130598
2.422481243292006,4.693500653130598
2.422481243292006,4.693500653130598
2.422481243292006,4.693500653130598
2.422481243292006,4.693500653130598
2.422481243292006,4.693500653130598
2.422481243292006,4.693500653130598
2.422481243292006,4.693500653130598
2.422481243292006,4.693500653130598
2.422481243292006,4.693500653130598
2.422481243292006,4.693500653130598
2.422481243292006,4.693500653130598
2.422481243292006,4.693500653130598
2.422481243292006,4.693500653130598
2.422481243292006,4.693500653130598
2.422481243292006,4.693500653130598
3.023241137818597,5.902829689965914
3.023241137818597,5.902829689965914
3.023241137818597,5.902829689965914
3.023241137818597,5.902829689965914
3.023241137818597,5.902829689965914
3.023241137818597,5.902829689965914
3.023241137818597,5.902829689965914
3.023241137818597,5.902829689965914
3.023241137818597,5.902829689965914
3.023241137818597,5.902829689965914
3.023241137818597,5.902829689965914
3.023241137818597,5.902829689965914
3.023241137818597,5.902829689965914
3.023241137818597,5.902829689965914
3.023241137818597,5.902829689965914
3.023241137818597,5.902829689965914
3.023241137818597,5.902829689965914
3.023241137818597,5.902829689965914
3.023241137818597,5.902829689965914
3.023241137818597,5.902829689965914
3.023241137818597,5.902829689965914
3.023241137818597,5.902829689965914
3.023241137818597,5.902829689965914
3.023241137818597,5.902829689965914
3.023241137818597,5.902829689965914
3.023241137818597,5.902829689965914
3.023241137818597,5.902829689965914
3.023241137818597,5.902829689965914
3.023241137818597,5.902829689965914
3.023241137818597,5.902829689965914
3.023241137818597,5.902829689965914
3.023241137818597,5.902829689965914
3.023241137818597,5.902829689965914
3.023241137818597,5.902829689965914
3.023241137818597,5.902829689965914
3.023241137818597,5.902829689965914
3.023241137818597,5.902829689965914
3.023241137818597,5.902829689965914
3.023241137818597,5.902829689965914
3.023241137818597,5.902829689965914
3.023241137818597,5.902829689965914
3.023241137818597,5.902829689965914
3.023241137818597,5.902829689965914
3.023241137818597,5.902829689965914
3.023241137818597,5.902829689965914
3.023241137818597,5.902829689965914
3.023241137818597,5.902829689965914
3.023241137818597,5.902829689965914
3.023241137818597,5.902829689965914
3.023241137818597,5.902829689965914
3.023241137818597,5.902829689965914
3.023241137818597,5.902829689965914
3.023241137818597,5.902829689965914
3.023241137818597,5.902829689965914
3.023241137818597,5.902829689965914
3.023241137818597,5.902829689965914
3.023241137818597,5.902829689965914
3.023241137818597,5.902829689965914
3.023241137818597,5.902829689965914
3.023241137818597,5.902829689965914
3.023241137818597,5.902829689965914
3.023241137818597,5.902829689965914
3.023241137818597,5.902829689965914
3.023241137818597,5.902829689965914
3.023241137818597,5.902829689965914
3.023241137818597,5.902829689965914
3.023241137818597,5.902829689965914
3.023241137818597,5.902829689965914
3.023241137818597,5.902829689965914
3.023241137818597,5.902829689965914
3.023241137818597,5.902829689965914
3.023241137818597,5.902829689965914
3.023241137818597,5.902829689965914
3.023241137818597,5.902829689965914
3.023241137818597,5.902829689965914
3.023241137818597,5.902829689965914
3.023241137818597,5.902829689965914
3.023241137818597,5.902829689965914
3.023241137818597,5.902829689965914
3.023241137818597,5.902829689965914
3.023241137818597,5.902829689965914
3.023241137818597,5.902829689965914
3.023241137818597,5.902829689965914
3.023241137818597,5.902829689965914
3.023241137818597,5.902829689965914
3.023241137818597,5.902829689965914
3.023241137818597,5.902829689965914
3.023241137818597,5.902829689965914
3.023241137818597,5.902829689965914
3.023241137818597,5.902829689965914
3.023241137818597,5.902829689965914
3.023241137818597,5.902829689965914
3.023241137818597,5.902829689965914
3.023241137818597,5.902829689965914
3.023241137818597,5.902829689965914
3.023241137818597,5.902829689965914
3.023241137818597,5.902829689965914
3.023241137818597,5.902829689965914
3.023241137818597,5.902829689965914
3.023241137818597,5.902829689965914
3.023241137818597,5.902829689965914
3.023241137818597,5.902829689965914
3.023241137818597,5.902829689965914
3.023241137818597,5.902829689965914
3.023241137818597,5.902829689965914
3.023241137818597,5.902829689965914
3.023241137818597,5.902829689965914
3.023241137818597,5.902829689965914
3.023241137818597,5.902829689965914
3.023241137818597,5.902829689965914
3.023241137818597,5.902829689965914
3.023241137818597,5.902829689965914
3.023241137818597,5.902829689965914
3.023241137818597,5.902829689965914
3.023241137818597,5.902829689965914
3.023241137818597,5.902829689965914
3.023241137818597,5.902829689965914
3.023241137818597,5.902829689965914
3.023241137818597,5.902829689965914
3.023241137818597,5.902829689965914
3.023241137818597,5.902829689965914
3.023241137818597,5.902829689965914
3.023241137818597,5.902829689965914
3.023241137818597,5.902829689965914
3.023241137818597,5.902829689965914
3.023241137818597,5.902829689965914
3.023241137818597,5.902829689965914
3.023241137818597,5.902829689965914
3.023241137818597,5.902829689965914
3.023241137818597,5.902829689965914
3.023241137818597,5.902829689965914
3.023241137818597,5.902829689965914
3.023241137818597,5.902829689965914
3.023241137818597,5.902829689965914
3.023241137818597,5.902829689965914
3.023241137818597,5.902829689965914
3.023241137818597,5.902829689965914
3.023241137818597,5.902829689965914
3.023241137818597,5.902829689965914
3.023241137818597,5.902829689965914
3.023241137818597,5.902829689965914
3.023241137818597,5.902829689965914
3.023241137818597,5.902829689965914
3.023241137818597,5.902829689965914
3.023241137818597,5.902829689965914
3.023241137818597,5.902829689965914
3.023241137818597,5.902829689965914
3.023241137818597,5.902829689965914
3.023241137818597,5.902829689965914
3.023241137818597,5.902829689965914
3.023241137818597,5.902829689965914
3.023241137818597,5.902829689965914
3.023241137818597,5.902829689965914
3.023241137818597,5.902829689965914
3.023241137818597,5.902829689965914
3.023241137818597,5.902829689965914
3.023241137818597,5.902829689965914
3.023241137818597,5.902829689965914
3.023241137818597,5.902829689965914
3.023241137818597,5.902829689965914
3.023241137818597,5.902829689965914
3.023241137818597,5.902829689965914
2.290259985148161,3.2971345500390226
2.290259985148161,3.2971345500390226
2.290259985148161,3.2971345500390226
2.290259985148161,3.2971345500390226
2.290259985148161,3.2971345500390226
2.290259985148161,3.2971345500390226
2.290259985148161,3.2971345500390226
2.290259985148161,3.2971345500390226
2.290259985148161,3.2971345500390226
2.290259985148161,3.2971345500390226
2.290259985148161,3.2971345500390226
2.290259985148161,3.2971345500390226
2.290259985148161,3.2971345500390226
2.290259985148161,3.2971345500390226
2.290259985148161,3.2971345500390226
2.290259985148161,3.2971345500390226
2.290259985148161,3.2971345500390226
2.290259985148161,3.2971345500390226
2.290259985148161,3.2971345500390226
2.290259985148161,3.2971345500390226
2.290259985148161,3.2971345500390226
2.290259985148161,3.2971345500390226
2.290259985148161,3.2971345500390226
2.290259985148161,3.2971345500390226
2.290259985148161,3.2971345500390226
2.290259985148161,3.2971345500390226
2.290259985148161,3.2971345500390226
2.290259985148161,3.2971345500390226
2.290259985148161,3.2971345500390226
2.290259985148161,3.2971345500390226
2.290259985148161,3.2971345500390226
2.290259985148161,3.2971345500390226
2.290259985148161,3.2971345500390226
2.290259985148161,3.2971345500390226
2.290259985148161,3.2971345500390226
2.290259985148161,3.2971345500390226
2.290259985148161,3.2971345500390226
4.743054305952226,5.310132105359938
4.743054305952226,5.310132105359938
4.743054305952226,5.310132105359938
4.743054305952226,5.310132105359938
4.743054305952226,5.310132105359938
4.743054305952226,5.310132105359938
4.743054305952226,5.310132105359938
4.743054305952226,5.310132105359938
4.743054305952226,5.310132105359938
4.743054305952226,5.310132105359938
4.743054305952226,5.310132105359938
4.743054305952226,5.310132105359938
4.743054305952226,5.310132105359938
4.743054305952226,5.310132105359938
4.743054305952226,5.310132105359938
4.743054305952226,5.310132105359938
4.743054305952226,5.310132105359938
4.743054305952226,5.310132105359938
4.743054305952226,5.310132105359938
4.743054305952226,5.310132105359938
4.743054305952226,5.310132105359938
4.743054305952226,5.310132105359938
4.743054305952226,5.310132105359938
4.743054305952226,5.310132105359938
4.743054305952226,5.310132105359938
4.743054305952226,5.310132105359938
4.743054305952226,5.310132105359938
4.743054305952226,5.310132105359938
4.743054305952226,5.310132105359938
4.743054305952226,5.310132105359938
4.743054305952226,5.310132105359938
4.743054305952226,5.310132105359938
4.743054305952226,5.310132105359938
4.743054305952226,5.310132105359938
4.743054305952226,5.310132105359938
4.743054305952226,5.310132105359938
4.743054305952226,5.310132105359938
4.743054305952226,5.310132105359938
4.743054305952226,5.310132105359938
4.743054305952226,5.310132105359938
4.743054305952226,5.310132105359938
4.743054305952226,5.310132105359938
4.743054305952226,5.310132105359938
4.743054305952226,5.310132105359938
4.743054305952226,5.310132105359938
4.743054305952226,5.310132105359938
4.743054305952226,5.310132105359938
4.743054305952226,5.310132105359938
4.743054305952226,5.310132105359938
4.743054305952226,5.310132105359938
4.743054305952226,5.310132105359938
4.743054305952226,5.310132105359938
4.743054305952226,5.310132105359938
4.743054305952226,5.310132105359938
4.743054305952226,5.310132105359938
4.743054305952226,5.310132105359938
4.743054305952226,5.310132105359938
4.743054305952226,5.310132105359938
4.743054305952226,5.310132105359938
4.743054305952226,5.310132105359938
4.743054305952226,5.310132105359938
4.743054305952226,5.310132105359938
4.743054305952226,5.310132105359938
4.743054305952226,5.310132105359938
4.743054305952226,5.310132105359938
4.743054305952226,5.310132105359938
4.743054305952226,5.310132105359938
4.743054305952226,5.310132105359938
4.743054305952226,5.310132105359938
4.743054305952226,5.310132105359938
4.743054305952226,5.310132105359938
4.743054305952226,5.310132105359938
4.743054305952226,5.310132105359938
4.743054305952226,5.310132105359938
4.743054305952226,5.310132105359938
4.743054305952226,5.310132105359938
4.743054305952226,5.310132105359938
4.743054305952226,5.310132105359938
4.743054305952226,5.310132105359938
4.743054305952226,5.310132105359938
4.743054305952226,5.310132105359938
4.743054305952226,5.310132105359938
4.743054305952226,5.310132105359938
4.743054305952226,5.310132105359938
4.743054305952226,5.310132105359938
4.743054305952226,5.310132105359938
4.743054305952226,5.310132105359938
4.743054305952226,5.310132105359938
4.743054305952226,5.310132105359938
4.743054305952226,5.310132105359938
5.930102420097956,6.303344208660028
5.930102420097956,6.303344208660028
5.930102420097956,6.303344208660028
5.930102420097956,6.303344208660028
5.930102420097956,6.303344208660028
5.930102420097956,6.303344208660028
5.930102420097956,6.303344208660028
5.930102420097956,6.303344208660028
5.930102420097956,6.303344208660028
5.930102420097956,6.303344208660028
5.930102420097956,6.303344208660028
5.930102420097956,6.303344208660028
5.930102420097956,6.303344208660028
5.930102420097956,6.303344208660028
5.930102420097956,6.303344208660028
5.930102420097956,6.303344208660028
5.930102420097956,6.303344208660028
5.930102420097956,6.303344208660028
1.9120070470979424,5.10185775059357
1.9120070470979424,5.10185775059357
1.9120070470979424,5.10185775059357
1.9120070470979424,5.10185775059357
1.9120070470979424,5.10185775059357
1.9120070470979424,5.10185775059357
1.9120070470979424,5.10185775059357
1.9120070470979424,5.10185775059357
1.9120070470979424,5.10185775059357
1.9120070470979424,5.10185775059357
1.9120070470979424,5.10185775059357
1.9120070470979424,5.10185775059357
1.9120070470979424,5.10185775059357
1.9120070470979424,5.10185775059357
1.9120070470979424,5.10185775059357
1.9120070470979424,5.10185775059357
1.9120070470979424,5.10185775059357
1.9120070470979424,5.10185775059357
1.9120070470979424,5.10185775059357
1.9120070470979424,5.10185775059357
1.9120070470979424,5.10185775059357
1.9120070470979424,5.10185775059357
1.9120070470979424,5.10185775059357
1.9120070470979424,5.10185775059357
1.9120070470979424,5.10185775059357
1.9120070470979424,5.10185775059357
1.9120070470979424,5.10185775059357
1.9120070470979424,5.10185775059357
1.9120070470979424,5.10185775059357
1.9120070470979424,5.10185775059357
1.9120070470979424,5.10185775059357
1.9120070470979424,5.10185775059357
1.9120070470979424,5.10185775059357
1.9120070470979424,5.10185775059357
1.9120070470979424,5.10185775059357
1.9120070470979424,5.10185775059357
1.9120070470979424,5.10185775059357
1.9120070470979424,5.10185775059357
1.9120070470979424,5.10185775059357
1.9120070470979424,5.10185775059357
1.9120070470979424,5.10185775059357
1.9120070470979424,5.10185775059357
1.9120070470979424,5.10185775059357
1.9120070470979424,5.10185775059357
1.9120070470979424,5.10185775059357
1.9120070470979424,5.10185775059357
1.9120070470979424,5.10185775059357
1.9120070470979424,5.10185775059357
1.9120070470979424,5.10185775059357
1.9120070470979424,5.10185775059357
1.9120070470979424,5.10185775059357
1.9120070470979424,5.10185775059357
1.9120070470979424,5.10185775059357
1.9120070470979424,5.10185775059357
1.9120070470979424,5.10185775059357
1.9120070470979424,5.10185775059357
1.9120070470979424,5.10185775059357
1.9120070470979424,5.10185775059357
1.9120070470979424,5.10185775059357
1.9120070470979424,5.10185775059357
