3.5,3.5
2.620292053853664,3.728019276730823
1.795140907463606,3.2744241488229493
3.909858878854024,2.7383948240699514
2.1029981805894464,2.6327033262831474
3.269692121875196,3.768538410596648
3.40161612873785,2.3374028745687534
2.0186291786987094,3.720958494516229
4.415459494679181,2.2787844455357007
1.635108958160316,2.5328458894132915
2.885900662789099,2.5792730292409978
3.281246262199291,3.249743042748289
1.0145890923336685,2.9462628187653763
2.5043269177222944,3.2837623819914574
4.5022462541876,1.7743471155492239
1.2008635367304108,3.019247168595142
4.941518845980008,1.9107561595839009
5.601211236150712,2.005625380336907
4.371152476568432,3.69709140058286
5.573572564660859,1.3179905304602302
6.304503137903579,2.4103324385679343
2.431679969764777,3.110674248043334
4.035709866039726,1.7628303847347708
3.1512633585658043,2.960129551922774
4.495665857981729,4.4534700012852895
0.7475621561905577,2.8710250183992394
5.868473730426149,2.1144924986201232
0.946168655808904,3.099810919903325
4.138877690581044,3.226012973129622
0.09879975093090787,3.5741390584094277
5.305384420552366,1.002721410626013
3.7223821945107414,1.6114471669280481
2.2744497982299587,2.853364332696891
3.397885823108701,2.4700328129686047
4.052853502901597,3.3780686604343657
6.217175967437851,1.5924107924170294
5.2422127854774905,4.852494129698353
4.218066512278843,4.881369148670523
5.657463594599365,2.7951425727514083
4.375472453121353,3.106971915454762
5.825610684696806,2.368355016927406
1.6429278352985741,1.6797116341734206
1.6662827462097263,3.6263925779076613
1.384143251666126,1.3825075648328642
0.07490362528861338,4.179720722901967
4.397607300879451,2.3980296621825
2.4232236239764475,1.055924441268299
6.180730947819693,1.7387203923637702
4.374855044449325,2.028354850499584
3.8236471903873324,0.7031721105145612
0.9164935844399901,1.8968063111091151
4.26670832822884,0.7372137483062768
5.167089973290929,4.558938993700502
0.992447546113217,0.6062512792929188
4.097536907017428,4.477497115899763
6.702284975932403,2.913747658780947
0.03654509426339769,4.983543472870451
6.113747797486551,4.8264384798107525
4.829039628193348,3.6531844524327988
2.0904931129998676,1.8103444944953626
3.889873818555337,2.8337883188646984
5.170349291436919,5.73111960267698
3.880612686852453,3.0516454031463285
1.5970941443171487,0.05815865012588106
5.689463910883393,3.944785435704015
3.0609077915964082,0.7719234572102451
5.186471921164701,4.659061776236613
6.319164066023493,2.708794795043602
2.381953546921786,1.0042357275295624
5.617591933103078,6.6188918557170835
5.966385913415453,4.320282307794055
2.9596569125463867,4.046948966434482
0.3711115176061267,3.7807170488164106
3.833278722724308,0.5039564931516195
6.22193465779487,0.9476964834699809
0.521815134222503,1.8779213146204996
5.53190933466159,4.1967917375318455
4.05564706435436,4.673208217036679
2.0598103871826776,3.3685220300689815
2.2072848878597613,3.2176810004752934
6.362667124530731,0.9128263494894172
4.8272802999670805,5.0057455844489365
1.0541945058802322,0.6250291756331849
2.7676038924783137,1.8793686693506706
0.3765225436894959,4.050745158864733
2.719944766548183,0.8957777332412493
3.329456765822324,4.820350088566691
2.4842882179678223,3.6117546159810336
0.6324254100668902,4.341970252767954
3.821221365193532,5.246475672746856
1.4056533576796695,0.6799000014927337
3.3113212700713217,1.827594279231208
0.7008407883945073,5.603841326054393
0.7256880417973108,5.906334313178531
5.8453636012115,5.430175328596841
2.529327024030642,2.5177097811653644
6.349594227850771,0.9878861115400013
6.442856385767804,4.9765954429851345
4.6483120907011735,3.8297011727256347
6.974950511760813,1.0603362273662227
2.8886623383851733,5.518805151696211
1.8387333011718063,4.135913661814615
5.627518452139415,5.5895899848122195
5.313852942342044,0.9301126728223307
3.2695398734996495,3.0324263644973257
2.1557182314820764,2.524952732751473
4.091791027677383,2.160338279518631
0.42940968178061734,5.70060859977455
6.5701097199489364,6.431351213433988
2.8509358713144537,2.4454642435970255
1.0479784304029212,1.9047362193690087
4.149564184792576,1.1324205821247628
6.982394527305789,1.6069013938108705
3.4929090561713796,0.4960964801940073
3.1575737307339256,0.2080644421275567
5.975400480880332,6.306191666087315
1.78784794464582,1.6578728900296864
3.2071968528215393,6.427708444634373
1.1378151287044393,5.331790017988485
0.8348642189414212,6.186332762811208
0.9346776393413239,0.36107952265083476
1.4456802510917912,5.143156749719254
3.6049177162800006,5.704104679549753
0.5372881658939551,6.076316012861025
4.864803748244917,4.502586107214394
0.09023380839240636,6.890346822661129
4.794049444110327,6.905766523907866
4.240044315299965,4.707457056638153
1.8931813054822042,3.1780882431390234
1.3126822728770668,5.351836132543872
1.2604307541608661,0.21345509821812492
3.8576209694949326,2.8885316564401635
4.665001699833194,2.152823625065994
2.951897140587245,1.9724540035126479
6.955628754966699,4.628976643555239
6.383559648207938,1.7346019608454726
0.6964821849444183,3.8845480721317056
1.6765131242292552,4.4878288954791365
6.7236126870225,3.2427469638469497
1.185196787097352,0.3164885199291515
3.3186523093213682,3.324486002033007
5.461946058978321,0.9479629803239173
4.075042802769561,3.717851735975853
4.807408299975673,1.464672112004974
6.024065353055668,5.438909338856655
6.786100357597244,4.050955903069532
4.272104437380179,5.854630535364877
1.3827210757650583,5.092968161156963
0.34400312714289005,1.2816975178178303
0.2999843180710171,0.9480376624278922
3.7613017754563307,5.756720396011176
0.20819195069063634,0.05746626156502299
0.8031746035605044,1.6181093861472384
1.1887626247806078,2.536370746075669
6.555727295468864,6.07640586893271
6.128819705812445,2.189633186076116
4.631566830123649,5.968351929841971
1.4231727581441342,3.61269782819941
1.5095382286149146,0.46147280757946574
4.7152348306243015,0.9591951556686781
0.9724103650016497,2.621863762436543
5.35065136223201,1.223424759552025
3.2088407505693417,6.723197709760552
2.4314036471707796,0.9609548031286737
6.506489339595656,4.407379515486547
6.44367692960447,1.7049841360097995
0.04004075853187905,6.9308307536932015
5.708081691860897,0.9408905934599758
4.7702180188072445,6.1640631707211115
4.8975470083498385,1.5333053531975733
6.6661794626508195,4.470585611437875
4.487448658726371,5.074359493243817
2.404537894088884,3.312956132569597
5.589424144171595,2.8878969399893024
3.5302426906989957,5.874501789048264
0.5186427533129961,1.1950620407679367
6.876177998225921,2.265702690384438
0.5445370559438772,4.359273615158179
2.0215792093625486,0.4068301930238023
3.1775040344481416,1.5109226300217773
3.587068984478337,2.021683726929126
5.420786821515029,6.435214053039755
5.969571392343708,6.872060091539786
3.5323993091662436,3.3553902140625516
5.336261139877369,2.5449385384619347
3.6422293911921417,3.115093110255526
1.4539912443686107,2.549348046874387
4.687299132863796,2.8841611821063
2.5084942205022522,0.8060599660489255
0.12621212586573616,0.7887550637592653
4.175466894005215,0.3631771865393131
5.809831043263802,3.5574951406207536
4.710379183966843,2.4337266218607563
5.647133959876619,5.315822837714708
0.732841464505027,0.893976075723166
2.0429287849111937,3.680938872858913
3.6264143776477313,4.252363222421173
3.8649922470231384,4.0995351458931495
6.704233912812576,0.9604979825919505
2.107248646364175,3.7112100950070586
0.2019621742243367,0.14314418220026937
1.2696095744550058,2.424183964294573
4.9282006828351435,5.6741433021419105
4.338462251549112,3.9506255266306187
5.765105915949342,5.8064800852323435
2.009469293433792,5.969520993253063
6.885301961659158,3.5102872081247645
0.8273118508940637,4.600011005304133
6.5960435590133075,4.6003833956945686
0.5311096190121333,5.091250071434523
5.435707579447218,1.0772898930619794
3.199110104796055,3.770023375427698
6.600817101067991,6.660718982721162
4.955835657233627,2.840582183033805
5.762853448805739,5.3481461773120405
5.698456879264089,3.703373968859677
0.08249005454239144,0.18863653287643345
0.8955387797650722,2.9713684543996
3.498409096368474,5.413264949591985
4.809994866204163,2.3234009933046
2.7337341719555077,6.372261244867212
2.8997778320189163,2.6193626999962625
2.8890202710495796,4.376455850839953
2.016864680005,3.063936333144085
5.025739009841757,5.54482459865975
5.234186849363329,6.2848594456471
0.8946613113148348,4.858947756514526
4.350922296320327,6.710015964600921
3.5212370729188702,0.8033595541722788
1.4028736431942137,0.584188928930799
4.2150588330177,5.309209572750379
1.246017449203097,2.622949363933076
6.013645098337709,4.878384384755939
4.695876001607438,2.2206303011859934
3.024361988352939,2.5233437853508645
3.813361112104812,6.825335666844927
5.592248627629044,5.525490758094505
0.832151345708743,4.309078831843735
2.7778501511626903,5.0936097807655445
6.061680157027013,3.2453900852116435
4.186897948513053,2.327960750842765
0.87053451355904,2.147994063858189
0.8665279727803098,4.8070368859337815
1.0533085013017773,1.4621674689214852
0.6575472199559659,3.6204746812278215
1.2068021602262538,5.726920299137008
6.337001268415863,3.8452872453202733
3.1172830312326516,3.4150181469525007
1.0327248480506817,2.881887868483717
6.016703096091367,1.5830491775114943
4.090071859789083,5.411744793085279
2.279908899430622,5.786193062896913
1.8806825714931783,1.6015771372551806
4.56987675464702,3.688215660252245
5.3334233082303815,0.8501271205850136
3.527580234030774,5.08309696501515
6.613144015349955,3.3527608445424772
4.779755189616036,0.7470675931298658
1.2679201383807528,5.9813124635292185
5.735951831166549,2.440944622886566
6.6790495686108615,0.18581334160324703
5.585481470941547,4.199613122000533
3.4157519231966647,4.92794328205353
1.2165455925255109,1.1632422394686248
3.2898892414201235,0.6920576629123428
5.265298832506582,3.3264717387935336
2.425308007083273,0.7182781277583319
2.6322277338013023,6.85114492527364
2.3851498188462523,5.392691130347871
1.1646584174750236,5.771889440390398
4.304888562183533,4.518112473773163
6.007470309343074,1.3424057822684046
1.7447203777136968,6.651567955545843
3.89170145050306,5.946043070298696
0.8399112896275538,6.485305494183137
5.738687138754481,6.339149536744388
6.4708547637641365,4.55684720655281
4.382846470132994,2.882306124195921
5.265169935014518,5.896354996451027
0.32014096144104054,4.1224003908652
1.258224125445638,6.270727724874863
3.5554984711057465,6.700087621397004
0.59572116229631,2.3125062665394935
1.3090803065761778,3.6895129421913184
0.893889488311734,2.7444331750179805
3.5580942756076532,2.576606152903504
6.7876033969508125,6.145590657732391
0.5019572642892638,4.6311395032951985
6.735223168797348,4.723001004073204
6.4124824627947,5.405241387475188
5.351833173588265,6.655099382687158
3.200198104010871,3.425422642139784
4.082638866494824,3.818549311596864
6.8038517385887225,1.7030884732118317
1.904730777330242,6.1192402945100115
0.3346974853094067,5.441545251836628
0.26937733974592115,2.890817628937945
5.5972318555669816,5.874124183751184
0.742768041045305,0.32702579007668586
3.3131688834373456,5.946272958755853
1.1360163946932271,0.9970325208802127
4.714005039595076,5.162096204135381
6.615203630638341,6.184868057411808
6.665543621583645,6.250414728648381
2.249979811143129,1.942727501975585
4.048996188759586,3.014688346861129
2.002851272794635,6.321579294062839
5.349361571889602,4.8867930064457
5.387117551722575,6.514292146681705
3.538484544146744,2.8655367594007783
2.3085247908400515,6.88047247092851
5.468252725528014,1.0096377280028546
3.3200666303188116,1.5280314181818688
3.2039446554685034,2.271897482558
2.178834338770696,3.307457737449934
5.426089112730355,0.8697380082255656
0.28597053644614556,2.406927697302578
2.427647515319653,6.3268620126823185
2.996933377784649,2.3744634031971414
1.800088192145291,2.977926565912695
6.825754437822975,3.2534873507032787
4.9116881475745355,1.0350444779622823
3.5724004255527153,2.7681041682490855
6.5304448051561765,2.572547004514452
1.4375883878903384,0.6689541732209788
0.7095209792117977,2.346142167665705
1.8346478151124654,1.1101678695775783
2.954534595768884,0.09878422147146426
1.3833370375522707,6.778542282364855
4.416120937680048,4.793741604332032
3.9351668094500236,1.4271587505566217
0.7923585080054804,2.087536610366085
0.21803724960117143,3.1733828652355585
1.2306610229295236,3.7172575132795362
5.421359866002331,0.3953113520959296
0.6047556518427443,4.521972908226492
5.056857972170974,5.844317486095602
3.759163742002287,1.9618132911507753
4.725393307952571,6.481446567832789
3.7989256654727,2.497747050837935
4.958623549670438,0.36748072007269206
3.969309733478209,6.636503107596308
6.224234901097083,0.7320241926280232
3.4548470162901066,5.194106800957442
4.116353136377963,3.5036011111011085
1.1166607094628525,5.990766536683415
6.42470624712624,3.195171944642615
1.2818593247270011,1.494387052874592
3.4854228140934658,6.039688254736738
2.4211140848921517,1.8599576418399741
6.864877165763685,5.968385328732145
1.0590587627546064,3.7144595445523985
0.3949810948006969,4.041630838501156
6.596772845195702,5.065841950158379
5.003020251568958,2.7640234064550584
2.9888442099630987,1.7486119597099132
1.070647432442362,2.0293447644334908
5.385507695569659,4.538530218160851
3.2885487851730204,4.506948344716883
3.93794797581657,4.592816773677617
4.486724198926849,5.483459068085428
0.012502581614528774,1.2056268643329116
3.3317250347779965,1.3269988393978736
6.254672135861769,6.831910003281467
0.687880421351163,3.1487108199321945
6.68730768886377,5.389936327747056
2.4185625497413827,5.307189314338329
0.40381148834049363,5.483160133339478
1.2966669149770298,2.8203520304298806
2.3566774556530783,5.854321492765775
6.453456824857469,3.7995144081847165
5.9760002935923415,6.383408315576859
5.136741501961353,1.4293431429243997
2.986157246251888,1.2511944016280871
5.474408976319843,3.05586765268446
5.797559204175711,6.657646277079384
5.209843912703674,6.9503803577127075
4.447189848646014,0.4033199503429272
4.059286122703889,1.767699618501787
2.0560773354171573,6.032582070994004
6.791607788817396,5.136407760910461
2.4813309444895997,5.283659994247216
3.716662518487389,4.433226440099336
2.187075576270291,4.437228891433133
1.5214021060003633,2.950278977095842
6.610728196922041,0.5656595228268902
4.37763761661451,5.429611489839747
3.2220380048665853,3.244338796057752
2.9359242880621856,1.6844085822644628
6.636390901488866,4.8096447568331495
1.2546418617614403,0.8594698250828702
6.899075756606952,6.204472428427728
0.8396628339418771,0.01598491685944503
1.7059000537125577,0.9857880861626513
4.189058053017193,2.2279490828573048
2.4075610924314352,1.585856893604757
3.1365287275313225,2.029592302167111
4.099798042621151,2.675370800599969
1.8263162412345149,4.436726687288415
0.38195025427752827,6.997066028622802
1.7009941897183263,0.49525679846407
2.3421418300600205,4.3046456691192025
1.3613405107402992,0.590693018783271
3.0906925379786525,0.319242785057557
3.0939706237175857,6.729756597293813
2.477880565534389,6.365906771301906
2.8947185320453213,2.8309687479312595
6.325087594435441,4.694040907407217
0.11814524437326501,6.081551932565833
3.1470060741034067,3.1477336114959775
3.4658062961303804,6.754549315794251
0.7393652748448843,2.812946783524548
1.977817350031385,1.3425624955141742
6.209118288256955,2.5487293269927513
2.0672576476325766,4.436557837362633
4.638175822510271,4.822805920428946
4.828552881157331,2.6984782130106155
5.276865388373356,5.953815346644341
3.2070863630204745,1.5148702011226307
0.6725422824153192,3.2627301215363413
1.3252161206747686,1.2378011382640852
3.7183988075884002,2.7147574104275813
5.7075259376349905,2.9883363432078385
3.678622704620779,1.0583563229385777
2.1754971009341224,6.9675563295811305
2.077418868028114,4.646500834274445
4.163847910150473,5.804140454661051
2.2299177132526453,0.44563726394877745
5.985095488675488,2.5318648650221327
4.930919834514688,0.2723795752832884
5.967076731739596,0.22707619673866808
3.943379032871416,0.9530045833835323
4.815347335850919,5.462100288028443
5.415468504299499,4.5144599819042845
3.4772794746758997,1.5432143288532247
6.244445585984588,5.647498728918547
6.214285440112258,4.06874591597208
6.048073516569257,4.339686562634384
6.460430133584505,0.9583195922734182
6.4806862266331136,6.178636627607804
1.586658215090955,2.4326927277164145
0.2072693852373706,4.564236512684614
5.43597890186452,6.534219444129237
1.900372926776582,6.1292081834623735
4.67025929406792,2.1678953976779765
4.8951282106198075,5.523121114259427
4.900785608828664,4.797905122064575
4.519050285603285,5.302359996621784
2.036582705990636,3.5596758314439967
3.670588927421976,6.503047927588101
5.889463104663729,3.770402685505184
6.953266988234631,4.349013284527622
4.739254971876433,1.493523076299415
3.720232430761238,4.372699181225272
2.0776759427576676,0.057461408013445014
3.817118617849103,4.169051663948369
4.272533887910107,5.53141469006085
5.2390938379087215,3.1153110095292362
3.0581440543975944,1.7410247585556886
3.766891492359645,4.5667350409669325
6.761551961274526,4.11119854981442
2.7569697835458182,3.9230532118344437
4.134889025573775,6.067060251598368
0.38211178093616505,4.259593882018887
2.6431056184503112,5.801920981414005
0.9322124503200969,6.2204569006871155
2.493541761918324,5.680678596358962
6.358462355631896,5.2751248338135674
5.486825139451533,6.446191363101945
4.836982168791916,4.377480068185002
5.228553216027764,3.207636425383722
4.481233408406068,5.205174439630594
6.767357525566133,0.8569346191043411
2.7379259392906383,3.1449892614437758
5.502090281045556,1.5553680987768224
5.124170190473822,1.4309996757311017
3.8692809150102976,1.9320715407164477
4.838932780025818,0.6215950635249006
0.03695636089316379,3.666367583308885
4.777032049032059,4.11126946029891
5.326405688142566,1.2266588856170917
0.13816603248039538,6.04553900843968
5.038693251327622,0.4642111058943048
4.529093978433334,1.5973408225882506
3.41622872402204,0.47114928735888184
2.9781965978755625,3.586142771130154
0.27953664058702654,4.067954636447517
6.184235359746737,4.500647803184387
0.4013967793851041,2.3698361100652594
1.2216867346651794,2.575147160899785
1.3828592262981103,1.4862675902537161
6.29207392601923,3.322509962759161
2.0189885903836426,0.5882051030826043
6.277349154125836,1.3834925174358899
3.096383032129258,6.764854966753998
3.9231225401296967,4.627556388697423
6.475410746312066,6.683823464804789
2.70633276361148,2.481738430837403
2.81202122255082,0.996820026575103
2.0577566979264583,6.926082593184088
3.920906025626439,4.552066286157206
6.314474304570994,4.146688542495423
2.0913099310740044,1.0559576812371931
6.59503109717618,3.0871349570316524
3.7530588373138176,0.3936479384577666
4.22418595830392,4.5954692416061835
0.19574084869818287,4.063231739977885
2.0777981686932616,3.6382982169225517
2.8718467287177987,6.536346457820837
6.06327148943073,2.334995423825805
5.079763786122598,0.6765671190976825
2.727300414419794,1.0158703586799231
2.3322601908580918,0.04008083512560445
6.943595633427847,2.316363509122609
3.1504865588882494,2.918481744501279
2.1716216456908546,5.267447809373562
6.216719558979211,6.72067145924513
3.357304632006395,4.411532618291048
6.302357476852138,1.7043475434555133
4.671279273393491,1.5803277175161752
1.9241903827577016,0.8171538325399986
6.764838503144654,5.33060215262755
0.168567699633988,1.508908640237944
6.036944333279191,3.4465035424991184
5.306654696185114,0.906708449246268
5.9566568495618535,2.436628465046857
5.2906948994533805,1.9536173923891953
2.355557874302259,4.533897314792442
1.8811246743793157,1.0491897893832554
4.9961673318796205,6.022305481020599
2.9932595103205957,4.444717379077311
3.4343008201777434,2.469215280616126
3.3237191257962087,5.407048050736779
4.0357006635455,3.478126453538412
0.1476754808120696,4.345162303418487
1.2386732407094407,6.981408199583548
3.523314925651592,3.078388780569237
6.265799411977638,3.5010506227282185
1.9029882284173216,3.3529581127705246
4.868508871023888,1.4860559709905856
3.0940838597487397,3.80919566922683
4.7327754528269885,3.435347022020335
5.277793592719676,2.8501575836059136
5.292248843170577,3.0641657465326513
6.431947740253454,0.06523250141819414
4.197285618298228,1.8331507608500939
4.947075166594219,0.7435837149799711
4.210672239815961,3.449330791539212
0.575587313956763,1.4722387719134011
6.067196075894571,4.785497157376243
2.8094902447181456,3.2153413696725845
1.0347644896669252,1.3942325429910762
6.6144848922737935,4.483494414272988
0.9907036668620147,4.802583853966075
5.148406659162488,4.433419609051473
0.7052849638561021,4.672035447633089
5.019246395762927,5.841415146097638
2.4984283647759002,0.6195449227874785
6.970619460546522,2.6384393412366487
4.496828693114671,1.946009963268371
5.552364921531121,6.015163816132898
2.8761890968619914,6.570156434534701
5.533262810793491,4.327930401845727
0.5438514991517044,1.8120475199095476
3.5902925288549272,1.1404089535383415
3.856873912930018,6.421543025953893
5.647364902733929,5.412425780869434
6.7008461203205005,6.112021145188119
4.540630625399733,3.0535354221898183
5.835151573590595,6.092557141640327
4.782787377750218,2.1765193703146135
3.643787550235378,6.352174427870727
4.417748440329821,4.073367240906372
6.828270451082576,3.23867586227973
0.6762141506928946,6.920330606136711
6.805471623757512,0.5026414545701646
2.2103239682121347,2.8069430572643856
3.713170805859892,5.6826902387657565
0.7436465245895038,5.889524724279128
2.610048846501191,2.3249501044101963
4.43628469707401,2.453877640031135
5.4485575903115375,0.44353115870683024
2.770938749070844,0.7099367099003603
1.1210884936418675,4.411108779569076
4.879447066368951,2.4797563376765654
2.915457115895091,5.569098077199183
3.9406922375747753,3.30845328628763
4.330841166401375,2.6197306829243465
2.545692293277541,6.798337814542
2.5224456026475686,2.3984258039174717
3.4682287662009488,2.868703487151782
0.10788133342995143,5.688025572221166
0.8857509348551663,2.2266681729653124
6.132044955774896,1.9920827574425697
6.09287366848602,3.625003098590354
5.309441838353972,5.938912637059242
3.3722553749416444,4.836696411192712
6.195605779154612,0.47863757862525136
3.2607932990461164,2.8857974530756243
1.107880045502196,3.7738277481419056
0.12888944710454298,2.6585015925345754
5.72456800701949,2.4952449428699266
5.575252750435733,3.0134284688832205
5.315247768538833,6.767039557699135
3.9068058506820975,0.14766020692273185
3.320606095060973,0.25180780241772993
4.609970054584137,3.7222978477749704
3.0856146272293454,2.180826058092423
3.525838012699046,1.2978913068325717
6.388078848019767,0.8997280584010627
2.579691622799452,0.8154637809020505
1.7036730140029672,6.576800058914549
2.198656517783622,5.977948325592523
0.5779078419455823,0.0039905664847392774
3.521015388953237,2.940488447669959
4.296616795746619,1.9845381500125918
0.9353208462700082,1.1558182492373803
3.6913578966900644,6.305507064655805
4.993814918630784,2.270748095131011
1.7435441505346003,2.209526093885075
2.670846719454641,4.492148589083296
2.4305568675593623,0.07133505948638441
3.0132735273454085,2.04567221297519
6.118315754510684,3.7619780054781993
2.7920611102050747,5.078990494427632
0.3171339355545544,4.020816599880291
2.9388892313539383,4.435272329156977
3.4397436964061052,3.235677417960633
1.5337030062274628,3.530116067767185
5.286789486225151,1.828647764180051
5.379911534119836,4.607995551133238
6.2313971317621055,6.242120558407519
0.8987728055660776,5.043096983370277
1.8321800576749663,2.6624023591875625
3.5617262452382317,0.17984826339414506
4.445830736795214,3.5165604528174095
2.725721973970595,1.6929951086073558
3.1158679941175986,3.267449303745531
3.6058298141880853,4.64536234557124
5.3605727077366865,4.8989562036220455
2.9187848068336537,1.6109384905458082
5.716839966576583,2.501648833432946
0.876637403215098,2.1366563573797976
0.8331224287129149,4.641516436698099
3.1467491348265146,0.04029783025461375
5.812613004953414,4.524555924614399
4.552451260724805,6.6270459108834
6.019934866931953,5.385870505206077
6.437497548742919,1.2824694486716675
1.8637109299523051,5.848173986421533
2.5483728750126637,6.528245942205257
2.151699638603477,0.11012490167244549
6.971533680198411,3.552861055040987
4.870785556109057,4.310914523623946
3.75418649521119,2.4306242680754524
4.725872745976792,3.307905939535368
5.68651188151283,0.7123491960536462
6.1363094158172276,1.8345838272822028
0.9760323898351526,3.7592815772560852
4.3520812355604654,4.1143627023725795
6.686384681046876,4.089477990833317
2.642015878291531,1.5524417021744534
2.66865910576133,3.4209303215916296
0.5773931220744376,3.828401788998175
6.949550052418658,1.4391502527998932
2.660527895277553,2.929430245411952
0.1312755347980955,3.627681462492719
1.4026584958400854,3.9967976421462
4.5236451416166545,5.323675131691488
2.4023613234433654,2.1782236333117972
4.51347270668262,4.439965204902959
4.704482105731044,1.4501206716337611
4.7955818203210105,6.667130331277515
1.8967653553862505,4.454437515635826
6.484939328608842,3.6748611408146363
5.265487153495125,6.480083492665235
0.11310977416188706,4.6361627238160095
2.690009901216155,0.7175232209233272
1.3816902867381071,3.0789438178212793
4.6102742380774835,0.11020156929862723
4.414124824171721,6.045432588322069
5.7780836212965685,4.475984587616011
3.5576193839471344,4.539119330554974
3.3092320901760752,0.778926376979513
0.9091561002162597,0.4639745835047302
2.20515058295413,4.842550578190365
5.181362753414465,6.845377343304131
2.955909757593883,1.8035806812355
3.6428734412338217,2.053409572969825
5.387423500057538,1.3494026411170736
3.2865394055146355,1.7145991786881516
5.471156910750571,1.17378593590406
2.60187261980021,1.7021352183581047
4.16566300785393,1.464679239879207
5.252226563657526,2.5905571330124304
0.8363165666412581,0.8372601824539253
6.250637341958725,1.4309548242948105
5.884291766943424,3.7967466116639272
4.186607780244642,3.9357697002639647
0.32362048098950613,3.6885297850338903
6.00197088720884,4.797671976085335
0.16408041346065083,3.2798852650012034
0.03494719578444161,6.236559121180458
2.0299492417538025,0.4628221576472801
6.460522755281313,2.7768704022690427
5.998925756190242,1.1338566747639787
3.626838533762577,1.4059133387683254
5.643715490706357,4.345626830810093
0.6804478914403723,0.8258802270614519
4.913375640146163,6.490157779707595
3.4294551906568014,6.610269272087087
0.9113775859259429,1.8961145114584168
4.982107951195562,1.9333053246192193
0.08110607005244064,5.641797399593623
3.1024720932175414,3.606431331970806
6.491544700042089,1.2335499746987133
2.3880626993387186,4.243888580239592
5.529925762105178,3.396181361119386
4.208998696661215,5.406539043122467
6.3443372684463935,6.745205115046713
5.682264629343396,0.8819604600670801
0.9748863436009533,4.3734363044182425
0.8876446966813148,2.8342402857036153
3.4282465741711143,2.0229274517453737
1.2078379869704468,4.470757549604722
4.881457359104864,2.75837199476307
4.710397355580019,6.626062693489359
1.1041651523389535,3.2498195786480517
5.89296631318339,6.481831554842306
4.997966091284895,6.882417094433315
0.8467905893582348,1.9639292436150986
0.46926678212531436,5.361698876330841
6.776864720307765,5.775979867075381
4.8629714598257,2.396048163783393
0.029703080086522005,6.006105882455479
6.5621556791405515,5.105613666223087
5.203781503206266,3.608828400182727
3.908187611744778,0.645195504986529
5.22200719668804,2.9018084404716165
0.5242559421614433,3.382717329164201
2.6445106225052246,2.739468256648175
2.137872155617445,5.367707880145121
1.810550413252395,5.571448808252881
1.397128199815798,0.9222453641468704
4.604056906086777,3.7219903449484337
2.1750627669618394,2.1725758962911086
5.491923221755938,4.594856407215005
3.0216692901808555,4.948315593648722
2.066052516446505,6.063798493511985
1.6072173735982958,6.6599494391273915
6.166467089144795,0.5546706172324252
1.6321106341025498,0.896663273710721
3.088174948444749,6.1938685783948175
1.9769204965050677,2.6292399535365405
4.966788494508276,4.155243589395778
5.290562969418273,4.803149663761454
2.6786158292998485,5.334910491060534
3.582045800050741,0.028968721195857472
1.7255949511074744,1.2362982215111282
3.7807183507272093,3.178093546393927
6.355577319115517,6.925346932141466
3.671365234117797,4.513887042660369
0.8456189440572945,6.798357077710051
5.295999795389596,0.6517672103726274
6.799993139555157,3.1654278169733487
6.838789987954265,5.583977116730776
0.9169389614089517,6.765075398346924
5.974928123465677,3.1736460041471193
4.779218681751203,5.696611779554159
2.2341508781295856,0.32527057570033424
6.283633730342135,1.0398858808925238
0.24507483908333005,4.887769662216693
4.0711881151990585,2.759872223416624
0.8220016730593516,0.8830588265645273
4.668666632157482,0.7350345582969723
2.9674163960946496,1.4232165984648342
4.530149232396008,3.5006545518936965
5.272024147131325,6.815903391382283
0.4512785215721379,1.5351747253046026
5.236982253991288,6.947201122575384
5.950752687931811,3.4869536907608003
1.0659043110531203,4.90098217537604
6.945117087285311,6.26928628508324
1.8601954999738388,6.721197218598137
6.09322834250563,0.5375949486546369
5.948736802160796,5.266907729454956
4.553124699539573,5.366754562760011
3.1205838621702013,6.675061026615726
6.164299293832863,0.9034138605980494
4.243809970104127,4.002623574883071
2.0372432558364455,1.5159356182462123
2.287595478293979,1.026250449811207
2.565338773405216,5.098473327888112
6.177209445083042,4.073253441959439
5.964044634660668,0.3313873500064123
6.534197158855027,1.0903844188366163
2.9930440855240206,3.3757826939558075
4.0472911568987096,3.272715704652388
0.4274101904419214,3.0530523330512276
3.325145864039335,5.397246767254813
5.6286173756315065,1.305844541297772
0.9020645855307633,4.980940818277576
6.728410362037704,4.404195170619589
0.9644744525275486,6.089610118667862
4.868153985150411,4.7317096885610255
5.098388852065883,4.733331001850813
4.127587577132178,4.332434933549243
2.7207616340215766,4.860803718410433
6.9728266689230765,0.6252481408257587
0.9235276293357821,0.4890948442661648
3.8200973394685627,3.494420254716669
3.9246681228325295,6.865506141798203
2.0060820795071956,5.400188623358659
4.59903811435722,2.6758734624277505
3.4393655652105153,0.9178093952837542
6.107524725269399,6.654951695063805
2.2308448466307738,2.5836776649120874
1.3183309956459563,6.644473725445929
1.3045742373642906,0.9589469878744349
4.66116966445526,2.3710653562830144
0.20107750859449824,5.220815538668439
5.70299029949869,5.367886896987011
6.183643961060071,6.083433285501073
1.024050461235325,5.227156525877136
3.6052295054821593,5.745980303438133
0.748629966894896,4.4004052225578
0.7204213249921608,6.792987091001648
4.108536633787991,6.27201673510972
5.7381364745515215,0.046099273904835814
4.361691670884911,6.4323575001417765
6.288211841948892,6.1521056784033075
5.14534987746456,1.2490085925311263
0.736240439338019,5.459604607720816
0.5278146652377907,2.9465682331794145
1.4524598205734343,5.329833910756536
5.665103061115957,3.8696814672252504
2.207847885801095,0.7634099809094733
4.607290385221238,6.391979665083339
4.735630430038988,6.289788180241034
3.891105445695574,2.5772062303091676
1.4571264745346122,3.2872216931067904
1.4821536419799903,6.036240532116704
6.280373983248257,2.8295080559399
4.860668532810186,3.700133630624497
4.699914074786655,1.2398297394700086
4.750793174682876,0.7388107550514886
2.109031632969655,5.025099861565639
2.200488746776788,5.069106689128654
5.536230404548361,4.1739898827470405
5.539255326181081,2.3102942898896086
0.20334987921144632,4.189881678041271
3.250801614422332,4.144881054540921
3.2369383977747885,1.2236946750996571
3.6488923681011185,0.4312499399510952
1.8487278594866636,2.69275962513876
6.653677222619445,1.7606104245107281
0.18455732025767868,1.0753262866829552
5.898156098023833,2.7048632176693435
1.5844758259292022,6.213555241910203
3.218435795322494,5.865798894833648
5.7971355736495696,6.502032378743504
2.105227372071827,3.328234030885297
4.839942671913771,4.346104128010675
4.029813052357947,6.915844542590891
5.741854303774636,5.981785159058092
2.468446621905507,3.3586206138051504
6.952304236219864,4.990086023908945
6.388288157615885,4.381574885077349
2.5582451124814467,6.43364253317146
3.8385288549043777,1.334434677203507
2.845962720290076,5.236601440279296
3.0904521825841935,4.016329479072325
2.1868028766650163,6.994987392818955
6.797538243768014,2.651670955589689
6.559756919868647,4.878269090388334
6.884690771568958,5.376178141608008
1.9952870871210502,3.779887485898769
1.5980157944667235,5.423347425957712
4.733022990040802,3.0010050525847243
5.105166605505948,5.405810791694646
5.286851929113102,0.9732791892537184
5.581755377490623,0.5791294100638248
4.886817514180875,2.981969839119519
4.173216785391899,0.5554215878567231
2.4087841053303416,5.223062966010942
0.47432647159839914,4.306615288718131
3.5056465665483816,2.5282717808105453
1.7749963186249997,5.1053518535429605
1.0360850142348699,0.07141713848032816
1.3437040545801193,1.091446157147712
2.7929181892568646,6.290735202886887
1.7445939395489165,3.3362444827779307
2.7989964102694356,3.994846115602405
0.6395733577489493,0.1857024834716524
6.298658790568836,4.750028561122618
4.7127818572367595,1.145517266387941
3.0615888482221028,1.8311400607214217
4.713014800276375,0.017442582847707055
5.476765051245294,1.2172352712232217
5.713741575092413,2.779753715734063
0.5085691135619967,6.498418792014184
4.674063510139759,3.8325113118732776
1.0659420178057508,2.100737416551401
2.198127119566268,3.9374835114130615
3.4940709521934656,1.7234533430003998
4.253765124011358,6.834802376647799
5.577140459644522,4.323296675038601
6.514943491258038,4.853170897439012
2.5780810231328877,0.6377685405564945
1.3754830036034287,4.011340265310884
2.3402591170758322,1.1733361760061012
0.05689500335823294,5.619630980996931
5.6113515432765055,2.9255402576755793
1.385425544755334,5.628513159075237
6.114154321281487,0.8558644766384083
0.8076271840884175,6.1895575102568126
2.6610475890799163,5.379563262404946
3.9688961946832007,5.537265738302929
4.361417755106039,3.364531153421863
2.2368842019213577,1.4855797251679699
0.44321723489037945,3.5780766501585517
6.3162741442090615,3.3534074589184737
5.430144787639037,2.6510366029469075
3.009356429429206,5.340081109124816
0.7214706958253435,4.978639084945143
1.6130076160568332,0.5272351573313957
1.9387935562221275,5.5635830191897195
5.6337765614914455,0.6537284157908011
4.0097821001456735,3.227327551183466
3.4489215613975035,6.300466628368004
1.94271203138252,3.3211081462715493
1.2387592441388953,0.29830127555202635
0.6057016632862362,6.173520701693712
6.151738250904343,1.1882334028852441
1.5098292553652692,5.236493141044088
5.000660269393719,2.3601550301628933
5.806133729014488,6.619280143150498
0.8696964835947861,0.32438490323568336
0.1223223206777897,4.805577444205849
0.5591785308132733,2.37737334859391
6.925819723333182,5.040708941034792
0.22804312619994238,3.4659205664442627
3.8562608860287613,0.7377524725601055
6.075323612091649,4.116185859025206
3.27471207083006,5.483782245676181
1.6605805850139226,2.1397286011914534
2.4457361681099252,4.672920691922297
4.615511558443206,3.131873859555154
1.9582325017800088,0.6029904648658956
4.454837856345895,4.297093614939091
3.1002606374373047,4.38680480677629
5.918352182016593,1.5732764139479147
0.27123980470039366,5.767888474454656
6.216051456303508,2.4442769613233466
5.532745564843255,4.717522808059316
0.9450376064869094,0.7432439511289854
3.205065350302879,0.12697883888057904
3.3392619775988863,0.14834634987778272
3.8535562154301455,0.3725270081072174
5.613511858932348,1.184366794343553
5.489712414846122,1.8653723144238747
2.38216572768538,6.114306675680287
4.777099780061576,0.11372871156961428
6.528892094274294,6.546475125444442
0.489259259210994,6.888695048830882
0.9079414033944814,1.9981565742112504
6.447140006255932,4.429985254552392
1.277446659424861,0.1492112873600232
3.587586186220968,2.1795297049527305
5.0278941080734665,6.480428854123416
5.785624031990495,1.4443135712576844
6.628321454261181,4.700749654811847
2.496519037343333,6.46958317057451
6.447041036241474,3.876600941691555
4.957562952932998,4.942771501152851
1.1517225953887653,5.3342301715901765
4.593247736801332,0.9485220535445431
5.85934417034793,5.161663904092407
5.0455030126272025,3.6178303053743086
1.935672119789571,1.215747975049307
4.425067602766609,0.22969405539443355
0.3530553243797442,0.8502759057615877
4.898621013452877,2.29806361322364
1.1658268722113214,5.784957294062642
6.975821134182741,2.1764422505588645
3.910438515879638,4.167247252888881
5.0244227435846565,1.6574686478657976
4.306304684142894,5.104386409825059
6.660145323080687,1.3888099343977478
2.5570711582686103,5.172524499158491
1.396627866113339,3.119417710129289
2.254887110031492,1.4065053781364028
3.2926561796156495,0.5891618974169854
1.3882091117802462,0.21740213706180656
0.9406849520768363,0.8990503982959966
3.6986329371480555,3.298239964877665
2.319853893084707,5.973951025286981
3.6811930151435877,4.731866721784076
4.678089935268904,1.5686156842297536
1.1380866993940462,6.453979292547046
4.495364758366518,4.520242934737801
5.1421334062840955,2.825874713372399
6.225188512627902,5.349322776674345
3.3602777442892924,6.56288893882539
0.1904921301741771,6.285404370236861
0.2381051853542715,4.11518543441932
2.926848091372655,3.7696202095803373
0.46921095253344125,0.46916198960228594
6.887398850493298,0.7574049205610293
1.6555956100918694,3.1207263997186683
3.408839084253265,3.196770894639913
5.3200413697386,1.2964748906147734
5.298329096838132,6.2430181932660345
2.0279352395436514,6.336455040340249
3.97985996588453,2.936983275583211
5.345496577733942,2.3597251069072116
6.39247794083936,1.529178767573324
6.165753368624251,2.696342350468858
4.512598517386318,6.995587592191387
6.620813401278351,3.369747722215864
4.441165380494084,6.662300154023524
1.5880003445107196,6.733893301368985
5.699150477692626,2.792195280808816
2.458829175204736,6.81442844020707
3.8947665454749543,5.165115311971093
5.399788235825528,5.469639925749524
1.2222673220716256,6.878115724540608
3.9976390319819184,6.576765047854923
1.5464477444972717,4.266398480264883
5.367171658605103,1.7402090457994297
4.448689956291226,4.9139343632416645
0.6050000546890641,1.6782854201552984
1.6050202356660566,4.2251385476612615
1.4175948589053577,2.2868946931277385
6.155767915496893,0.4830780847690975
5.69027469600138,0.9955060391307129
0.7402443730013384,6.87253656720126
3.1986383651509005,2.9106242956888795
1.4222064361132072,6.384861170635784
0.23040181380090807,4.778166391237903
3.026211212716835,0.28689514922610004
0.5693544951235692,0.5070058249255127
0.36139905867444677,6.386222432814169
2.097354724856014,3.9845759528158307
1.7815034384724906,3.379503398146311
0.8813080005701518,5.443088048049016
6.615077351631249,1.8595992247943858
3.1567996703170422,4.887911629520683
2.633737722080986,4.2679890124842315
3.4124956768431014,2.85356831475946
6.811520789904366,0.3119772908489926
4.693261869897161,2.800412788339792
5.063062652715414,0.6523489445713544
1.5458826242507593,4.679349656746846
2.2673411290888454,5.5414348688833925
2.1984439133233664,0.03536187483997011
4.532968378625853,0.8203875893466656
2.511842583028201,5.553670184872969
5.246411055871349,4.814856878733721
1.5176460292862344,1.1269007523028713
5.779615029673959,3.8619805952719375
6.990605564287245,4.791906900247117
6.1573145309167,2.451410713893148
5.873427357268033,4.887610043613453
5.6502144589817735,6.5901721597804706
1.1845748644183118,0.7232382519234664
3.6843735928711854,6.321801626414046
4.454676592098078,1.397915464167737
4.9457380723051365,2.7118901045854042
2.2549457688747117,4.492136633165164
4.948848171691675,0.6935030781659808
3.903716999490978,2.498354373089691
2.017817319540618,3.894224235291476
1.8072442252063619,3.0524412762633766
4.49888441801088,5.111093252440099
3.5049356992796206,6.656549053194107
1.8660130431073438,2.8041879210032485
4.391289018241025,1.1158779928888125
2.50427278625426,1.6557470307827902
1.7622184060258164,2.342835403586078
4.93341845976464,6.828251049535155
0.03705433995289242,5.1393500561631305
5.97804886693845,1.1029492657561548
0.8286634249259761,0.5829723378594656
5.673138075861396,4.672130119834083
0.7033528357114753,1.3447947691007214
5.14638309107911,4.881755719173196
4.836952516534141,2.818280854353466
6.0486711297515,1.5466613631251556
5.963479232867774,6.1518052431534285
2.9212042330719954,6.495182684544573
5.123138419342502,3.8528604248042235
3.245601390550167,3.3363652052699355
1.6146943034096983,0.22732531956198088
5.502208068302193,2.336408252821529
5.781578378988656,4.274515199872233
1.1236547999276865,3.5647374931416294
0.6151331428505689,1.1222820545788252
0.4157348329213957,4.010693277277519
4.284594733734689,2.875421090831453
1.0516099064373727,1.3880017505462896
2.406697916865694,5.681425189468706
5.6028712998980295,2.6347539094784174
3.3206186988587527,2.464407423750359
1.453959571931195,0.4418014968359617
0.3802635215463537,3.943532728541712
0.8856884033494115,3.373619991827045
5.612278640167016,0.41182074704725025
4.094416184951763,3.759477450050367
6.271730415000347,0.7115856958396432
5.158883824482221,1.167229660749199
1.5519728288963521,3.7455740567518463
4.69653174628288,1.4926945975262491
3.064095301766459,6.4235041333024085
1.600646555532528,5.660119347617485
1.7874930686208441,4.572173515941912
6.632735207180889,2.9217835621119033
2.6989862076205364,5.991827138411611
2.133523701843117,4.439720528724706
6.100062371099829,3.6997614997955766
1.8904667048061923,5.964866720097604
5.64905402088672,5.534142229625588
1.052173265521853,5.905097209623584
4.114634998325819,5.368836193294402
4.481802469864791,6.282017498820789
0.15184967838555263,3.3749102290969195
3.6177693407226887,0.47451543995309475
3.3556423234361414,4.081423882434608
3.3911209971764746,3.7419447658714438
4.57917520281981,2.75580663302979
1.817148229241945,3.7938925728030473
5.931577853448119,1.859396323257947
6.271605069653278,6.5473260222814496
2.182398900699905,1.747011673572964
1.9709399627864845,4.056327320637877
4.50338403857889,2.5702466748787236
0.4310613913345708,4.4122046150664564
5.202346889027142,0.9012915488332871
2.3726062681005775,2.7747720675225276
6.550896110751909,4.099172276510631
5.260159559595715,0.6110380535095608
1.519982136163068,6.249567973967015
6.0893596611152665,3.360139883557849
1.3438971860978033,4.869350761538262
0.10516044608600084,5.8763947657166415
4.916540243459056,0.89179348867472
0.08820273335830775,2.7132493486139877
0.4592443792800238,0.0324566372994094
6.754373489747244,0.23530185289706795
3.245688360326291,4.713578967336973
6.979769298615627,3.2537671049347017
4.78794500630729,4.64507181934984
4.905063290244556,4.754073268059232
3.827540320022945,1.894593193585052
4.979788176935934,4.149997292345099
0.03551637747190828,1.8412140101456582
1.4367380823679903,1.7308273830239993
0.9284463788208098,5.855314049456814
5.703478203616826,6.943104870165336
2.8647411948850507,2.670998380008941
3.1010954414122884,5.667487355750134
5.108581444006988,1.5800051236330774
5.998064651618391,5.922600750030179
4.675718764561836,2.320668275276245
0.9504302826545323,5.703735496635629
3.623730623487899,2.9170429315579254
3.3658896989974547,5.249757777068678
2.2522033390191094,3.654227313083249
0.30669610406993586,1.5482209529137008
