3.5,3.5
4.357312390498834,3.902127242959912
4.392921386230316,3.904525123768082
4.392921386230316,3.904525123768082
4.682833385309696,4.618976623857179
4.682833385309696,4.618976623857179
4.682833385309696,4.618976623857179
3.1542720521753758,4.073365685208134
2.59472015441346,3.2991535935267584
2.59472015441346,3.2991535935267584
2.128662410225071,2.4458505269029587
2.128662410225071,2.4458505269029587
2.209046908366302,2.568102003482966
2.209046908366302,2.568102003482966
2.209046908366302,2.568102003482966
2.209046908366302,2.568102003482966
1.3067579487334675,2.267161539738325
1.3067579487334675,2.267161539738325
1.3067579487334675,2.267161539738325
1.3067579487334675,2.267161539738325
1.3067579487334675,2.267161539738325
1.3067579487334675,2.267161539738325
4.4847182376396235,5.138957424017214
4.4847182376396235,5.138957424017214
4.4847182376396235,5.138957424017214
2.046041539199363,2.1156653365134668
2.046041539199363,2.1156653365134668
2.046041539199363,2.1156653365134668
2.046041539199363,2.1156653365134668
2.046041539199363,2.1156653365134668
2.046041539199363,2.1156653365134668
2.046041539199363,2.1156653365134668
2.046041539199363,2.1156653365134668
2.046041539199363,2.1156653365134668
2.046041539199363,2.1156653365134668
2.046041539199363,2.1156653365134668
2.046041539199363,2.1156653365134668
4.082188790687046,5.168552842511705
4.082188790687046,5.168552842511705
4.082188790687046,5.168552842511705
4.082188790687046,5.168552842511705
4.082188790687046,5.168552842511705
4.082188790687046,5.168552842511705
4.785183592554017,4.133382595173309
4.785183592554017,4.133382595173309
4.785183592554017,4.133382595173309
4.785183592554017,4.133382595173309
4.785183592554017,4.133382595173309
4.785183592554017,4.133382595173309
4.368635716847071,3.064412446947295
4.368635716847071,3.064412446947295
4.368635716847071,3.064412446947295
4.368635716847071,3.064412446947295
5.0381935489853555,3.205975289449496
5.0381935489853555,3.205975289449496
5.0381935489853555,3.205975289449496
5.0381935489853555,3.205975289449496
5.0381935489853555,3.205975289449496
5.0381935489853555,3.205975289449496
5.0381935489853555,3.205975289449496
5.0381935489853555,3.205975289449496
5.0381935489853555,3.205975289449496
5.0381935489853555,3.205975289449496
5.0381935489853555,3.205975289449496
5.0381935489853555,3.205975289449496
5.0381935489853555,3.205975289449496
3.6231914938972514,5.994571167946942
3.6231914938972514,5.994571167946942
3.6231914938972514,5.994571167946942
3.6231914938972514,5.994571167946942
3.6231914938972514,5.994571167946942
3.6231914938972514,5.994571167946942
1.0798495758020386,3.145658534246648
1.0798495758020386,3.145658534246648
1.0798495758020386,3.145658534246648
1.0798495758020386,3.145658534246648
1.0798495758020386,3.145658534246648
1.0798495758020386,3.145658534246648
1.457490667988788,3.10761409777074
1.457490667988788,3.10761409777074
1.457490667988788,3.10761409777074
1.457490667988788,3.10761409777074
1.457490667988788,3.10761409777074
1.457490667988788,3.10761409777074
1.457490667988788,3.10761409777074
1.457490667988788,3.10761409777074
1.457490667988788,3.10761409777074
1.457490667988788,3.10761409777074
1.457490667988788,3.10761409777074
1.457490667988788,3.10761409777074
1.457490667988788,3.10761409777074
1.457490667988788,3.10761409777074
1.457490667988788,3.10761409777074
1.457490667988788,3.10761409777074
1.457490667988788,3.10761409777074
1.457490667988788,3.10761409777074
3.497917192432732,4.542812417646621
3.497917192432732,4.542812417646621
3.497917192432732,4.542812417646621
3.497917192432732,4.542812417646621
3.497917192432732,4.542812417646621
3.497917192432732,4.542812417646621
3.497917192432732,4.542812417646621
5.976931869355294,3.436964470122354
5.976931869355294,3.436964470122354
5.976931869355294,3.436964470122354
5.976931869355294,3.436964470122354
5.976931869355294,3.436964470122354
5.976931869355294,3.436964470122354
5.976931869355294,3.436964470122354
5.976931869355294,3.436964470122354
5.976931869355294,3.436964470122354
5.976931869355294,3.436964470122354
5.976931869355294,3.436964470122354
5.976931869355294,3.436964470122354
5.976931869355294,3.436964470122354
1.8842391254210158,1.322078762880361
1.8842391254210158,1.322078762880361
1.8842391254210158,1.322078762880361
1.8842391254210158,1.322078762880361
1.8842391254210158,1.322078762880361
1.8842391254210158,1.322078762880361
1.8842391254210158,1.322078762880361
1.8842391254210158,1.322078762880361
1.8842391254210158,1.322078762880361
1.8842391254210158,1.322078762880361
1.8842391254210158,1.322078762880361
1.8842391254210158,1.322078762880361
1.0591880456411644,3.7909755975847967
1.0591880456411644,3.7909755975847967
1.0591880456411644,3.7909755975847967
1.0591880456411644,3.7909755975847967
1.0591880456411644,3.7909755975847967
1.0591880456411644,3.7909755975847967
1.0591880456411644,3.7909755975847967
1.0591880456411644,3.7909755975847967
1.0591880456411644,3.7909755975847967
1.0591880456411644,3.7909755975847967
1.0591880456411644,3.7909755975847967
1.0591880456411644,3.7909755975847967
1.0591880456411644,3.7909755975847967
1.0591880456411644,3.7909755975847967
1.0591880456411644,3.7909755975847967
1.0591880456411644,3.7909755975847967
1.0591880456411644,3.7909755975847967
1.0591880456411644,3.7909755975847967
1.0591880456411644,3.7909755975847967
1.0591880456411644,3.7909755975847967
1.0591880456411644,3.7909755975847967
1.0591880456411644,3.7909755975847967
1.0591880456411644,3.7909755975847967
1.0591880456411644,3.7909755975847967
3.4758319378343137,3.067872683563837
3.4758319378343137,3.067872683563837
3.4758319378343137,3.067872683563837
3.4758319378343137,3.067872683563837
3.4758319378343137,3.067872683563837
3.4758319378343137,3.067872683563837
3.4758319378343137,3.067872683563837
0.8817283880153107,1.6119522391022842
0.8817283880153107,1.6119522391022842
0.8817283880153107,1.6119522391022842
0.8817283880153107,1.6119522391022842
0.8817283880153107,1.6119522391022842
0.8817283880153107,1.6119522391022842
5.443668870915331,3.0686079869759157
5.443668870915331,3.0686079869759157
5.443668870915331,3.0686079869759157
5.443668870915331,3.0686079869759157
5.443668870915331,3.0686079869759157
5.443668870915331,3.0686079869759157
5.443668870915331,3.0686079869759157
5.443668870915331,3.0686079869759157
5.443668870915331,3.0686079869759157
5.443668870915331,3.0686079869759157
5.443668870915331,3.0686079869759157
5.443668870915331,3.0686079869759157
5.443668870915331,3.0686079869759157
5.443668870915331,3.0686079869759157
5.443668870915331,3.0686079869759157
5.443668870915331,3.0686079869759157
5.443668870915331,3.0686079869759157
5.443668870915331,3.0686079869759157
5.443668870915331,3.0686079869759157
5.443668870915331,3.0686079869759157
5.443668870915331,3.0686079869759157
5.443668870915331,3.0686079869759157
5.443668870915331,3.0686079869759157
5.443668870915331,3.0686079869759157
5.443668870915331,3.0686079869759157
5.443668870915331,3.0686079869759157
0.6061207754975699,2.9175683514315143
0.6061207754975699,2.9175683514315143
0.6061207754975699,2.9175683514315143
0.6061207754975699,2.9175683514315143
0.6061207754975699,2.9175683514315143
0.6061207754975699,2.9175683514315143
0.6061207754975699,2.9175683514315143
0.6061207754975699,2.9175683514315143
0.6061207754975699,2.9175683514315143
0.6061207754975699,2.9175683514315143
0.6061207754975699,2.9175683514315143
0.6061207754975699,2.9175683514315143
0.6061207754975699,2.9175683514315143
0.6061207754975699,2.9175683514315143
0.6061207754975699,2.9175683514315143
0.6061207754975699,2.9175683514315143
0.6061207754975699,2.9175683514315143
0.6061207754975699,2.9175683514315143
0.6061207754975699,2.9175683514315143
0.6061207754975699,2.9175683514315143
0.6061207754975699,2.9175683514315143
0.6061207754975699,2.9175683514315143
0.6061207754975699,2.9175683514315143
0.6061207754975699,2.9175683514315143
0.6061207754975699,2.9175683514315143
0.6061207754975699,2.9175683514315143
0.6061207754975699,2.9175683514315143
0.6061207754975699,2.9175683514315143
0.6061207754975699,2.9175683514315143
0.6061207754975699,2.9175683514315143
0.6061207754975699,2.9175683514315143
0.6061207754975699,2.9175683514315143
0.6061207754975699,2.9175683514315143
0.6061207754975699,2.9175683514315143
0.6061207754975699,2.9175683514315143
0.6061207754975699,2.9175683514315143
0.6061207754975699,2.9175683514315143
0.6061207754975699,2.9175683514315143
0.6061207754975699,2.9175683514315143
0.6061207754975699,2.9175683514315143
0.6061207754975699,2.9175683514315143
0.6061207754975699,2.9175683514315143
0.6061207754975699,2.9175683514315143
0.6061207754975699,2.9175683514315143
0.6061207754975699,2.9175683514315143
0.6061207754975699,2.9175683514315143
0.6061207754975699,2.9175683514315143
0.6061207754975699,2.9175683514315143
0.6061207754975699,2.9175683514315143
0.6061207754975699,2.9175683514315143
0.6061207754975699,2.9175683514315143
0.6061207754975699,2.9175683514315143
0.6061207754975699,2.9175683514315143
0.6061207754975699,2.9175683514315143
2.893925238041994,4.977978229234652
2.893925238041994,4.977978229234652
2.893925238041994,4.977978229234652
2.893925238041994,4.977978229234652
2.893925238041994,4.977978229234652
2.893925238041994,4.977978229234652
2.893925238041994,4.977978229234652
2.893925238041994,4.977978229234652
4.020683827105922,3.701696886929108
4.020683827105922,3.701696886929108
4.020683827105922,3.701696886929108
4.020683827105922,3.701696886929108
4.020683827105922,3.701696886929108
4.020683827105922,3.701696886929108
4.020683827105922,3.701696886929108
4.020683827105922,3.701696886929108
4.020683827105922,3.701696886929108
4.020683827105922,3.701696886929108
4.020683827105922,3.701696886929108
4.020683827105922,3.701696886929108
4.020683827105922,3.701696886929108
4.020683827105922,3.701696886929108
4.020683827105922,3.701696886929108
4.020683827105922,3.701696886929108
4.020683827105922,3.701696886929108
4.020683827105922,3.701696886929108
4.020683827105922,3.701696886929108
4.020683827105922,3.701696886929108
4.020683827105922,3.701696886929108
4.020683827105922,3.701696886929108
4.020683827105922,3.701696886929108
4.020683827105922,3.701696886929108
4.020683827105922,3.701696886929108
4.020683827105922,3.701696886929108
4.020683827105922,3.701696886929108
4.020683827105922,3.701696886929108
4.020683827105922,3.701696886929108
3.3122218265263275,6.5575656079490265
3.3122218265263275,6.5575656079490265
3.3122218265263275,6.5575656079490265
3.3122218265263275,6.5575656079490265
3.3122218265263275,6.5575656079490265
3.3122218265263275,6.5575656079490265
0.6731601301820352,0.9809305318871242
0.6731601301820352,0.9809305318871242
0.6731601301820352,0.9809305318871242
0.6731601301820352,0.9809305318871242
0.6731601301820352,0.9809305318871242
0.6731601301820352,0.9809305318871242
0.2045613360365759,0.6431050731169792
0.2045613360365759,0.6431050731169792
0.2045613360365759,0.6431050731169792
0.2045613360365759,0.6431050731169792
0.2045613360365759,0.6431050731169792
0.2045613360365759,0.6431050731169792
3.459425504718726,3.3695677453748876
3.459425504718726,3.3695677453748876
3.459425504718726,3.3695677453748876
3.459425504718726,3.3695677453748876
3.459425504718726,3.3695677453748876
3.459425504718726,3.3695677453748876
3.459425504718726,3.3695677453748876
3.459425504718726,3.3695677453748876
3.459425504718726,3.3695677453748876
3.459425504718726,3.3695677453748876
3.459425504718726,3.3695677453748876
3.459425504718726,3.3695677453748876
3.459425504718726,3.3695677453748876
3.459425504718726,3.3695677453748876
3.459425504718726,3.3695677453748876
3.459425504718726,3.3695677453748876
3.459425504718726,3.3695677453748876
3.459425504718726,3.3695677453748876
3.459425504718726,3.3695677453748876
3.459425504718726,3.3695677453748876
3.459425504718726,3.3695677453748876
3.459425504718726,3.3695677453748876
3.459425504718726,3.3695677453748876
3.459425504718726,3.3695677453748876
3.459425504718726,3.3695677453748876
3.459425504718726,3.3695677453748876
3.459425504718726,3.3695677453748876
3.459425504718726,3.3695677453748876
3.459425504718726,3.3695677453748876
3.459425504718726,3.3695677453748876
3.459425504718726,3.3695677453748876
3.459425504718726,3.3695677453748876
3.459425504718726,3.3695677453748876
3.459425504718726,3.3695677453748876
3.459425504718726,3.3695677453748876
3.459425504718726,3.3695677453748876
3.459425504718726,3.3695677453748876
3.459425504718726,3.3695677453748876
3.459425504718726,3.3695677453748876
3.459425504718726,3.3695677453748876
3.459425504718726,3.3695677453748876
3.459425504718726,3.3695677453748876
3.459425504718726,3.3695677453748876
3.459425504718726,3.3695677453748876
0.7098337572655525,1.2803881788256983
0.7098337572655525,1.2803881788256983
0.7098337572655525,1.2803881788256983
0.7098337572655525,1.2803881788256983
0.7098337572655525,1.2803881788256983
0.7098337572655525,1.2803881788256983
0.7098337572655525,1.2803881788256983
0.7098337572655525,1.2803881788256983
0.7098337572655525,1.2803881788256983
0.7098337572655525,1.2803881788256983
0.7098337572655525,1.2803881788256983
0.7098337572655525,1.2803881788256983
0.7098337572655525,1.2803881788256983
0.7098337572655525,1.2803881788256983
0.7098337572655525,1.2803881788256983
0.7098337572655525,1.2803881788256983
0.7098337572655525,1.2803881788256983
0.7098337572655525,1.2803881788256983
2.420151007608854,3.328467409715849
2.420151007608854,3.328467409715849
2.420151007608854,3.328467409715849
2.420151007608854,3.328467409715849
2.420151007608854,3.328467409715849
2.420151007608854,3.328467409715849
2.420151007608854,3.328467409715849
2.420151007608854,3.328467409715849
2.420151007608854,3.328467409715849
2.420151007608854,3.328467409715849
2.420151007608854,3.328467409715849
2.420151007608854,3.328467409715849
2.420151007608854,3.328467409715849
2.420151007608854,3.328467409715849
2.420151007608854,3.328467409715849
2.420151007608854,3.328467409715849
2.420151007608854,3.328467409715849
2.420151007608854,3.328467409715849
2.420151007608854,3.328467409715849
2.420151007608854,3.328467409715849
2.420151007608854,3.328467409715849
2.420151007608854,3.328467409715849
2.420151007608854,3.328467409715849
2.420151007608854,3.328467409715849
2.420151007608854,3.328467409715849
2.420151007608854,3.328467409715849
5.205395147122434,5.194995098006899
5.205395147122434,5.194995098006899
5.205395147122434,5.194995098006899
5.205395147122434,5.194995098006899
5.205395147122434,5.194995098006899
5.205395147122434,5.194995098006899
6.179002086582049,3.2754138171954104
6.179002086582049,3.2754138171954104
6.179002086582049,3.2754138171954104
6.179002086582049,3.2754138171954104
6.179002086582049,3.2754138171954104
6.179002086582049,3.2754138171954104
6.179002086582049,3.2754138171954104
6.179002086582049,3.2754138171954104
6.179002086582049,3.2754138171954104
6.179002086582049,3.2754138171954104
6.179002086582049,3.2754138171954104
6.179002086582049,3.2754138171954104
6.179002086582049,3.2754138171954104
6.179002086582049,3.2754138171954104
6.179002086582049,3.2754138171954104
6.179002086582049,3.2754138171954104
6.179002086582049,3.2754138171954104
6.179002086582049,3.2754138171954104
6.179002086582049,3.2754138171954104
6.179002086582049,3.2754138171954104
6.179002086582049,3.2754138171954104
6.179002086582049,3.2754138171954104
6.179002086582049,3.2754138171954104
6.179002086582049,3.2754138171954104
6.179002086582049,3.2754138171954104
6.179002086582049,3.2754138171954104
6.179002086582049,3.2754138171954104
6.179002086582049,3.2754138171954104
6.179002086582049,3.2754138171954104
6.179002086582049,3.2754138171954104
6.179002086582049,3.2754138171954104
6.179002086582049,3.2754138171954104
6.179002086582049,3.2754138171954104
6.179002086582049,3.2754138171954104
6.179002086582049,3.2754138171954104
6.179002086582049,3.2754138171954104
6.179002086582049,3.2754138171954104
6.179002086582049,3.2754138171954104
6.179002086582049,3.2754138171954104
0.7764652186155532,0.7375202440183315
0.7764652186155532,0.7375202440183315
0.7764652186155532,0.7375202440183315
0.7764652186155532,0.7375202440183315
0.7764652186155532,0.7375202440183315
0.7764652186155532,0.7375202440183315
0.7764652186155532,0.7375202440183315
0.7764652186155532,0.7375202440183315
0.7764652186155532,0.7375202440183315
0.7764652186155532,0.7375202440183315
0.7764652186155532,0.7375202440183315
0.7764652186155532,0.7375202440183315
0.7764652186155532,0.7375202440183315
0.7764652186155532,0.7375202440183315
0.7764652186155532,0.7375202440183315
0.7764652186155532,0.7375202440183315
0.7764652186155532,0.7375202440183315
0.7764652186155532,0.7375202440183315
0.7764652186155532,0.7375202440183315
0.7764652186155532,0.7375202440183315
0.7764652186155532,0.7375202440183315
0.7764652186155532,0.7375202440183315
0.7764652186155532,0.7375202440183315
0.7764652186155532,0.7375202440183315
0.7764652186155532,0.7375202440183315
0.7764652186155532,0.7375202440183315
0.7764652186155532,0.7375202440183315
0.7764652186155532,0.7375202440183315
0.7764652186155532,0.7375202440183315
0.7764652186155532,0.7375202440183315
0.7764652186155532,0.7375202440183315
0.7764652186155532,0.7375202440183315
0.7764652186155532,0.7375202440183315
0.7764652186155532,0.7375202440183315
0.7764652186155532,0.7375202440183315
0.7764652186155532,0.7375202440183315
2.348966688858002,6.4657568561839085
2.348966688858002,6.4657568561839085
2.348966688858002,6.4657568561839085
2.348966688858002,6.4657568561839085
2.348966688858002,6.4657568561839085
2.348966688858002,6.4657568561839085
0.24131094704993428,2.8190980270910106
0.24131094704993428,2.8190980270910106
0.24131094704993428,2.8190980270910106
0.24131094704993428,2.8190980270910106
0.24131094704993428,2.8190980270910106
0.24131094704993428,2.8190980270910106
0.24131094704993428,2.8190980270910106
0.24131094704993428,2.8190980270910106
0.24131094704993428,2.8190980270910106
0.24131094704993428,2.8190980270910106
0.24131094704993428,2.8190980270910106
0.24131094704993428,2.8190980270910106
0.24131094704993428,2.8190980270910106
0.24131094704993428,2.8190980270910106
0.24131094704993428,2.8190980270910106
0.24131094704993428,2.8190980270910106
0.24131094704993428,2.8190980270910106
0.24131094704993428,2.8190980270910106
0.24131094704993428,2.8190980270910106
0.24131094704993428,2.8190980270910106
0.24131094704993428,2.8190980270910106
0.24131094704993428,2.8190980270910106
0.24131094704993428,2.8190980270910106
0.24131094704993428,2.8190980270910106
0.24131094704993428,2.8190980270910106
0.24131094704993428,2.8190980270910106
0.24131094704993428,2.8190980270910106
0.24131094704993428,2.8190980270910106
0.24131094704993428,2.8190980270910106
0.24131094704993428,2.8190980270910106
0.24131094704993428,2.8190980270910106
0.24131094704993428,2.8190980270910106
0.24131094704993428,2.8190980270910106
0.24131094704993428,2.8190980270910106
0.24131094704993428,2.8190980270910106
0.24131094704993428,2.8190980270910106
0.24131094704993428,2.8190980270910106
0.24131094704993428,2.8190980270910106
0.24131094704993428,2.8190980270910106
0.24131094704993428,2.8190980270910106
0.24131094704993428,2.8190980270910106
0.24131094704993428,2.8190980270910106
0.24131094704993428,2.8190980270910106
0.24131094704993428,2.8190980270910106
0.24131094704993428,2.8190980270910106
0.24131094704993428,2.8190980270910106
0.24131094704993428,2.8190980270910106
0.24131094704993428,2.8190980270910106
0.24131094704993428,2.8190980270910106
0.24131094704993428,2.8190980270910106
0.24131094704993428,2.8190980270910106
0.24131094704993428,2.8190980270910106
0.24131094704993428,2.8190980270910106
0.24131094704993428,2.8190980270910106
0.24131094704993428,2.8190980270910106
0.24131094704993428,2.8190980270910106
0.24131094704993428,2.8190980270910106
0.24131094704993428,2.8190980270910106
0.24131094704993428,2.8190980270910106
0.24131094704993428,2.8190980270910106
2.3150917603658874,3.482218262104965
2.3150917603658874,3.482218262104965
2.3150917603658874,3.482218262104965
2.3150917603658874,3.482218262104965
2.3150917603658874,3.482218262104965
2.3150917603658874,3.482218262104965
2.3150917603658874,3.482218262104965
2.3150917603658874,3.482218262104965
2.3150917603658874,3.482218262104965
2.3150917603658874,3.482218262104965
2.3150917603658874,3.482218262104965
2.3150917603658874,3.482218262104965
2.3150917603658874,3.482218262104965
2.3150917603658874,3.482218262104965
2.3150917603658874,3.482218262104965
2.3150917603658874,3.482218262104965
2.3150917603658874,3.482218262104965
2.3150917603658874,3.482218262104965
2.3150917603658874,3.482218262104965
2.3150917603658874,3.482218262104965
2.3150917603658874,3.482218262104965
2.3150917603658874,3.482218262104965
2.3150917603658874,3.482218262104965
2.3150917603658874,3.482218262104965
2.3150917603658874,3.482218262104965
2.3150917603658874,3.482218262104965
2.3150917603658874,3.482218262104965
2.3150917603658874,3.482218262104965
2.3150917603658874,3.482218262104965
2.3150917603658874,3.482218262104965
2.3150917603658874,3.482218262104965
2.3150917603658874,3.482218262104965
2.3150917603658874,3.482218262104965
2.3150917603658874,3.482218262104965
2.3150917603658874,3.482218262104965
2.3150917603658874,3.482218262104965
2.3150917603658874,3.482218262104965
2.3150917603658874,3.482218262104965
2.3150917603658874,3.482218262104965
2.3150917603658874,3.482218262104965
2.3150917603658874,3.482218262104965
2.3150917603658874,3.482218262104965
2.3150917603658874,3.482218262104965
2.3150917603658874,3.482218262104965
2.3150917603658874,3.482218262104965
2.3150917603658874,3.482218262104965
2.3150917603658874,3.482218262104965
2.3150917603658874,3.482218262104965
2.3150917603658874,3.482218262104965
2.3150917603658874,3.482218262104965
3.947510750880469,4.96617592087574
3.947510750880469,4.96617592087574
3.947510750880469,4.96617592087574
3.947510750880469,4.96617592087574
3.947510750880469,4.96617592087574
3.947510750880469,4.96617592087574
3.947510750880469,4.96617592087574
3.947510750880469,4.96617592087574
3.947510750880469,4.96617592087574
3.947510750880469,4.96617592087574
3.947510750880469,4.96617592087574
3.947510750880469,4.96617592087574
3.947510750880469,4.96617592087574
3.947510750880469,4.96617592087574
3.947510750880469,4.96617592087574
3.947510750880469,4.96617592087574
3.947510750880469,4.96617592087574
3.947510750880469,4.96617592087574
3.947510750880469,4.96617592087574
2.8962616629914626,4.884372835647086
2.8962616629914626,4.884372835647086
2.8962616629914626,4.884372835647086
2.8962616629914626,4.884372835647086
2.8962616629914626,4.884372835647086
2.8962616629914626,4.884372835647086
2.8962616629914626,4.884372835647086
2.8962616629914626,4.884372835647086
2.8962616629914626,4.884372835647086
2.8962616629914626,4.884372835647086
2.8962616629914626,4.884372835647086
2.8962616629914626,4.884372835647086
2.8962616629914626,4.884372835647086
2.8962616629914626,4.884372835647086
2.8962616629914626,4.884372835647086
2.8962616629914626,4.884372835647086
3.917486322031417,6.00345344636161
3.917486322031417,6.00345344636161
3.917486322031417,6.00345344636161
3.917486322031417,6.00345344636161
3.917486322031417,6.00345344636161
3.917486322031417,6.00345344636161
3.917486322031417,6.00345344636161
3.917486322031417,6.00345344636161
3.917486322031417,6.00345344636161
3.917486322031417,6.00345344636161
3.917486322031417,6.00345344636161
3.917486322031417,6.00345344636161
3.917486322031417,6.00345344636161
3.917486322031417,6.00345344636161
3.917486322031417,6.00345344636161
3.917486322031417,6.00345344636161
3.917486322031417,6.00345344636161
3.917486322031417,6.00345344636161
3.3575902585946444,2.659656778371009
3.3575902585946444,2.659656778371009
3.3575902585946444,2.659656778371009
3.3575902585946444,2.659656778371009
3.3575902585946444,2.659656778371009
3.3575902585946444,2.659656778371009
3.3575902585946444,2.659656778371009
3.3575902585946444,2.659656778371009
3.3575902585946444,2.659656778371009
3.3575902585946444,2.659656778371009
3.3575902585946444,2.659656778371009
3.3575902585946444,2.659656778371009
3.3575902585946444,2.659656778371009
3.3575902585946444,2.659656778371009
3.3575902585946444,2.659656778371009
3.3575902585946444,2.659656778371009
3.3575902585946444,2.659656778371009
3.3575902585946444,2.659656778371009
3.3575902585946444,2.659656778371009
3.3575902585946444,2.659656778371009
3.3575902585946444,2.659656778371009
3.3575902585946444,2.659656778371009
3.3575902585946444,2.659656778371009
3.3575902585946444,2.659656778371009
3.3575902585946444,2.659656778371009
3.3575902585946444,2.659656778371009
3.3575902585946444,2.659656778371009
3.3575902585946444,2.659656778371009
3.3575902585946444,2.659656778371009
3.3575902585946444,2.659656778371009
3.3575902585946444,2.659656778371009
3.3575902585946444,2.659656778371009
3.3575902585946444,2.659656778371009
3.3575902585946444,2.659656778371009
3.3575902585946444,2.659656778371009
3.3575902585946444,2.659656778371009
3.3575902585946444,2.659656778371009
3.3575902585946444,2.659656778371009
3.3575902585946444,2.659656778371009
3.3575902585946444,2.659656778371009
3.3575902585946444,2.659656778371009
3.3575902585946444,2.659656778371009
3.3575902585946444,2.659656778371009
3.3575902585946444,2.659656778371009
3.3575902585946444,2.659656778371009
3.3575902585946444,2.659656778371009
3.3575902585946444,2.659656778371009
3.3575902585946444,2.659656778371009
3.3575902585946444,2.659656778371009
3.3575902585946444,2.659656778371009
3.3575902585946444,2.659656778371009
3.3575902585946444,2.659656778371009
3.3575902585946444,2.659656778371009
3.3575902585946444,2.659656778371009
4.732619712527216,6.440955583614756
4.732619712527216,6.440955583614756
4.732619712527216,6.440955583614756
4.732619712527216,6.440955583614756
4.732619712527216,6.440955583614756
4.732619712527216,6.440955583614756
4.732619712527216,6.440955583614756
4.732619712527216,6.440955583614756
4.732619712527216,6.440955583614756
4.732619712527216,6.440955583614756
4.732619712527216,6.440955583614756
4.732619712527216,6.440955583614756
4.732619712527216,6.440955583614756
4.732619712527216,6.440955583614756
4.732619712527216,6.440955583614756
4.732619712527216,6.440955583614756
4.732619712527216,6.440955583614756
4.732619712527216,6.440955583614756
5.247422594385296,2.9622101145137267
5.247422594385296,2.9622101145137267
5.247422594385296,2.9622101145137267
5.247422594385296,2.9622101145137267
5.247422594385296,2.9622101145137267
5.247422594385296,2.9622101145137267
5.247422594385296,2.9622101145137267
5.247422594385296,2.9622101145137267
5.247422594385296,2.9622101145137267
5.247422594385296,2.9622101145137267
5.247422594385296,2.9622101145137267
5.247422594385296,2.9622101145137267
5.247422594385296,2.9622101145137267
5.247422594385296,2.9622101145137267
5.247422594385296,2.9622101145137267
5.247422594385296,2.9622101145137267
5.247422594385296,2.9622101145137267
5.247422594385296,2.9622101145137267
5.247422594385296,2.9622101145137267
5.247422594385296,2.9622101145137267
5.247422594385296,2.9622101145137267
5.247422594385296,2.9622101145137267
5.247422594385296,2.9622101145137267
5.247422594385296,2.9622101145137267
5.247422594385296,2.9622101145137267
5.247422594385296,2.9622101145137267
5.247422594385296,2.9622101145137267
5.247422594385296,2.9622101145137267
5.247422594385296,2.9622101145137267
5.247422594385296,2.9622101145137267
5.247422594385296,2.9622101145137267
5.247422594385296,2.9622101145137267
5.247422594385296,2.9622101145137267
5.247422594385296,2.9622101145137267
5.247422594385296,2.9622101145137267
5.247422594385296,2.9622101145137267
5.247422594385296,2.9622101145137267
5.247422594385296,2.9622101145137267
5.247422594385296,2.9622101145137267
5.247422594385296,2.9622101145137267
5.247422594385296,2.9622101145137267
5.247422594385296,2.9622101145137267
5.247422594385296,2.9622101145137267
5.247422594385296,2.9622101145137267
5.247422594385296,2.9622101145137267
5.247422594385296,2.9622101145137267
5.247422594385296,2.9622101145137267
5.247422594385296,2.9622101145137267
5.247422594385296,2.9622101145137267
5.247422594385296,2.9622101145137267
5.247422594385296,2.9622101145137267
5.247422594385296,2.9622101145137267
5.247422594385296,2.9622101145137267
5.247422594385296,2.9622101145137267
5.247422594385296,2.9622101145137267
5.247422594385296,2.9622101145137267
5.247422594385296,2.9622101145137267
5.247422594385296,2.9622101145137267
5.247422594385296,2.9622101145137267
5.247422594385296,2.9622101145137267
5.247422594385296,2.9622101145137267
5.247422594385296,2.9622101145137267
5.247422594385296,2.9622101145137267
5.247422594385296,2.9622101145137267
5.247422594385296,2.9622101145137267
5.247422594385296,2.9622101145137267
5.247422594385296,2.9622101145137267
5.247422594385296,2.9622101145137267
5.247422594385296,2.9622101145137267
5.247422594385296,2.9622101145137267
5.247422594385296,2.9622101145137267
5.247422594385296,2.9622101145137267
5.247422594385296,2.9622101145137267
5.247422594385296,2.9622101145137267
5.247422594385296,2.9622101145137267
5.247422594385296,2.9622101145137267
5.247422594385296,2.9622101145137267
5.247422594385296,2.9622101145137267
5.247422594385296,2.9622101145137267
5.247422594385296,2.9622101145137267
5.247422594385296,2.9622101145137267
5.247422594385296,2.9622101145137267
5.247422594385296,2.9622101145137267
5.247422594385296,2.9622101145137267
5.247422594385296,2.9622101145137267
5.247422594385296,2.9622101145137267
5.247422594385296,2.9622101145137267
5.247422594385296,2.9622101145137267
5.247422594385296,2.9622101145137267
5.247422594385296,2.9622101145137267
5.247422594385296,2.9622101145137267
5.247422594385296,2.9622101145137267
5.247422594385296,2.9622101145137267
5.247422594385296,2.9622101145137267
5.247422594385296,2.9622101145137267
5.31844777048411,4.848216765706215
5.31844777048411,4.848216765706215
5.31844777048411,4.848216765706215
5.31844777048411,4.848216765706215
5.31844777048411,4.848216765706215
5.31844777048411,4.848216765706215
5.31844777048411,4.848216765706215
5.31844777048411,4.848216765706215
5.31844777048411,4.848216765706215
5.31844777048411,4.848216765706215
5.31844777048411,4.848216765706215
5.31844777048411,4.848216765706215
5.31844777048411,4.848216765706215
5.31844777048411,4.848216765706215
5.31844777048411,4.848216765706215
5.31844777048411,4.848216765706215
5.31844777048411,4.848216765706215
5.31844777048411,4.848216765706215
5.261610232907974,6.675853321162291
5.261610232907974,6.675853321162291
5.261610232907974,6.675853321162291
5.261610232907974,6.675853321162291
5.261610232907974,6.675853321162291
5.261610232907974,6.675853321162291
5.261610232907974,6.675853321162291
5.261610232907974,6.675853321162291
5.261610232907974,6.675853321162291
5.261610232907974,6.675853321162291
5.261610232907974,6.675853321162291
5.261610232907974,6.675853321162291
5.261610232907974,6.675853321162291
5.261610232907974,6.675853321162291
5.261610232907974,6.675853321162291
5.261610232907974,6.675853321162291
5.261610232907974,6.675853321162291
5.261610232907974,6.675853321162291
1.8209759374311743,2.682307201093593
1.8209759374311743,2.682307201093593
1.8209759374311743,2.682307201093593
1.8209759374311743,2.682307201093593
1.8209759374311743,2.682307201093593
1.8209759374311743,2.682307201093593
1.8209759374311743,2.682307201093593
1.8209759374311743,2.682307201093593
1.8209759374311743,2.682307201093593
1.8209759374311743,2.682307201093593
1.8209759374311743,2.682307201093593
1.8209759374311743,2.682307201093593
1.8209759374311743,2.682307201093593
1.8209759374311743,2.682307201093593
1.8209759374311743,2.682307201093593
1.8209759374311743,2.682307201093593
1.8209759374311743,2.682307201093593
1.8209759374311743,2.682307201093593
1.8209759374311743,2.682307201093593
1.8209759374311743,2.682307201093593
1.8209759374311743,2.682307201093593
1.8209759374311743,2.682307201093593
1.8209759374311743,2.682307201093593
1.8209759374311743,2.682307201093593
1.8209759374311743,2.682307201093593
1.8209759374311743,2.682307201093593
1.8209759374311743,2.682307201093593
1.8209759374311743,2.682307201093593
1.8209759374311743,2.682307201093593
1.8209759374311743,2.682307201093593
1.8209759374311743,2.682307201093593
1.8209759374311743,2.682307201093593
1.8209759374311743,2.682307201093593
1.8209759374311743,2.682307201093593
1.8209759374311743,2.682307201093593
1.8209759374311743,2.682307201093593
1.8209759374311743,2.682307201093593
1.8209759374311743,2.682307201093593
1.8209759374311743,2.682307201093593
1.8209759374311743,2.682307201093593
1.8209759374311743,2.682307201093593
1.8209759374311743,2.682307201093593
1.8209759374311743,2.682307201093593
1.8209759374311743,2.682307201093593
1.8209759374311743,2.682307201093593
1.8209759374311743,2.682307201093593
1.8209759374311743,2.682307201093593
1.8209759374311743,2.682307201093593
1.8209759374311743,2.682307201093593
1.8209759374311743,2.682307201093593
1.8209759374311743,2.682307201093593
1.8209759374311743,2.682307201093593
1.8209759374311743,2.682307201093593
1.8209759374311743,2.682307201093593
1.8209759374311743,2.682307201093593
1.8209759374311743,2.682307201093593
1.8209759374311743,2.682307201093593
1.8209759374311743,2.682307201093593
1.8209759374311743,2.682307201093593
1.8209759374311743,2.682307201093593
1.8209759374311743,2.682307201093593
1.8209759374311743,2.682307201093593
1.8209759374311743,2.682307201093593
1.8209759374311743,2.682307201093593
1.8209759374311743,2.682307201093593
1.8209759374311743,2.682307201093593
1.8209759374311743,2.682307201093593
1.8209759374311743,2.682307201093593
1.8209759374311743,2.682307201093593
1.8209759374311743,2.682307201093593
1.8209759374311743,2.682307201093593
1.8209759374311743,2.682307201093593
1.8209759374311743,2.682307201093593
1.8209759374311743,2.682307201093593
1.8209759374311743,2.682307201093593
1.8209759374311743,2.682307201093593
1.8209759374311743,2.682307201093593
1.8209759374311743,2.682307201093593
1.8209759374311743,2.682307201093593
1.8209759374311743,2.682307201093593
1.8209759374311743,2.682307201093593
1.8209759374311743,2.682307201093593
1.8209759374311743,2.682307201093593
1.8209759374311743,2.682307201093593
1.8209759374311743,2.682307201093593
1.8209759374311743,2.682307201093593
1.8209759374311743,2.682307201093593
1.8209759374311743,2.682307201093593
1.8209759374311743,2.682307201093593
1.8209759374311743,2.682307201093593
1.8209759374311743,2.682307201093593
1.8209759374311743,2.682307201093593
1.8209759374311743,2.682307201093593
1.8209759374311743,2.682307201093593
1.8209759374311743,2.682307201093593
1.8209759374311743,2.682307201093593
1.8209759374311743,2.682307201093593
1.8209759374311743,2.682307201093593
1.8209759374311743,2.682307201093593
1.8209759374311743,2.682307201093593
1.8209759374311743,2.682307201093593
1.8209759374311743,2.682307201093593
1.8209759374311743,2.682307201093593
1.8209759374311743,2.682307201093593
1.8209759374311743,2.682307201093593
1.8209759374311743,2.682307201093593
1.8209759374311743,2.682307201093593
1.8209759374311743,2.682307201093593
1.8209759374311743,2.682307201093593
1.8209759374311743,2.682307201093593
1.8209759374311743,2.682307201093593
1.8209759374311743,2.682307201093593
1.8209759374311743,2.682307201093593
1.8209759374311743,2.682307201093593
1.8209759374311743,2.682307201093593
1.8209759374311743,2.682307201093593
1.8209759374311743,2.682307201093593
1.8209759374311743,2.682307201093593
1.8209759374311743,2.682307201093593
1.8209759374311743,2.682307201093593
1.8209759374311743,2.682307201093593
1.8209759374311743,2.682307201093593
1.8209759374311743,2.682307201093593
1.8209759374311743,2.682307201093593
1.8209759374311743,2.682307201093593
1.8209759374311743,2.682307201093593
1.7261433105719024,4.248099315794938
1.7261433105719024,4.248099315794938
1.7261433105719024,4.248099315794938
1.7261433105719024,4.248099315794938
1.7261433105719024,4.248099315794938
1.7261433105719024,4.248099315794938
1.7261433105719024,4.248099315794938
1.7261433105719024,4.248099315794938
1.7261433105719024,4.248099315794938
1.7261433105719024,4.248099315794938
1.7261433105719024,4.248099315794938
1.7261433105719024,4.248099315794938
1.7261433105719024,4.248099315794938
1.7261433105719024,4.248099315794938
1.7261433105719024,4.248099315794938
1.7261433105719024,4.248099315794938
1.7261433105719024,4.248099315794938
1.7261433105719024,4.248099315794938
1.7261433105719024,4.248099315794938
1.7261433105719024,4.248099315794938
1.7261433105719024,4.248099315794938
1.7261433105719024,4.248099315794938
1.7261433105719024,4.248099315794938
1.7261433105719024,4.248099315794938
1.7261433105719024,4.248099315794938
1.7261433105719024,4.248099315794938
1.7261433105719024,4.248099315794938
1.7261433105719024,4.248099315794938
1.7261433105719024,4.248099315794938
1.7261433105719024,4.248099315794938
1.7261433105719024,4.248099315794938
1.7261433105719024,4.248099315794938
1.7261433105719024,4.248099315794938
1.7261433105719024,4.248099315794938
1.7261433105719024,4.248099315794938
1.7261433105719024,4.248099315794938
1.7261433105719024,4.248099315794938
1.7261433105719024,4.248099315794938
1.7261433105719024,4.248099315794938
1.7261433105719024,4.248099315794938
1.7261433105719024,4.248099315794938
1.7261433105719024,4.248099315794938
1.7261433105719024,4.248099315794938
1.7261433105719024,4.248099315794938
1.7261433105719024,4.248099315794938
1.7261433105719024,4.248099315794938
1.7261433105719024,4.248099315794938
1.7261433105719024,4.248099315794938
1.7261433105719024,4.248099315794938
1.7261433105719024,4.248099315794938
1.7261433105719024,4.248099315794938
1.7261433105719024,4.248099315794938
1.7261433105719024,4.248099315794938
1.7261433105719024,4.248099315794938
1.7261433105719024,4.248099315794938
1.7261433105719024,4.248099315794938
1.7261433105719024,4.248099315794938
1.7261433105719024,4.248099315794938
1.7261433105719024,4.248099315794938
1.7261433105719024,4.248099315794938
1.7261433105719024,4.248099315794938
1.7261433105719024,4.248099315794938
1.7261433105719024,4.248099315794938
1.7261433105719024,4.248099315794938
1.7261433105719024,4.248099315794938
1.7261433105719024,4.248099315794938
1.7261433105719024,4.248099315794938
1.7261433105719024,4.248099315794938
1.7261433105719024,4.248099315794938
1.7261433105719024,4.248099315794938
1.7261433105719024,4.248099315794938
1.7261433105719024,4.248099315794938
1.7261433105719024,4.248099315794938
1.7261433105719024,4.248099315794938
0.4619769834519045,2.2946789835676467
0.4619769834519045,2.2946789835676467
0.4619769834519045,2.2946789835676467
0.4619769834519045,2.2946789835676467
0.4619769834519045,2.2946789835676467
0.4619769834519045,2.2946789835676467
0.4619769834519045,2.2946789835676467
0.4619769834519045,2.2946789835676467
0.4619769834519045,2.2946789835676467
0.4619769834519045,2.2946789835676467
0.4619769834519045,2.2946789835676467
0.4619769834519045,2.2946789835676467
0.4619769834519045,2.2946789835676467
0.4619769834519045,2.2946789835676467
0.4619769834519045,2.2946789835676467
0.4619769834519045,2.2946789835676467
0.4619769834519045,2.2946789835676467
0.4619769834519045,2.2946789835676467
0.4619769834519045,2.2946789835676467
0.4619769834519045,2.2946789835676467
0.4619769834519045,2.2946789835676467
0.4619769834519045,2.2946789835676467
0.4619769834519045,2.2946789835676467
0.4619769834519045,2.2946789835676467
0.4619769834519045,2.2946789835676467
0.4619769834519045,2.2946789835676467
0.4619769834519045,2.2946789835676467
0.4619769834519045,2.2946789835676467
0.4619769834519045,2.2946789835676467
0.4619769834519045,2.2946789835676467
0.4619769834519045,2.2946789835676467
0.4619769834519045,2.2946789835676467
0.4619769834519045,2.2946789835676467
0.4619769834519045,2.2946789835676467
0.4619769834519045,2.2946789835676467
0.4619769834519045,2.2946789835676467
0.4619769834519045,2.2946789835676467
0.4619769834519045,2.2946789835676467
0.4619769834519045,2.2946789835676467
0.4619769834519045,2.2946789835676467
0.4619769834519045,2.2946789835676467
0.4619769834519045,2.2946789835676467
0.4619769834519045,2.2946789835676467
0.4619769834519045,2.2946789835676467
0.4619769834519045,2.2946789835676467
0.4619769834519045,2.2946789835676467
0.4619769834519045,2.2946789835676467
0.4619769834519045,2.2946789835676467
0.4619769834519045,2.2946789835676467
0.4619769834519045,2.2946789835676467
0.4619769834519045,2.2946789835676467
0.4619769834519045,2.2946789835676467
0.4619769834519045,2.2946789835676467
0.4619769834519045,2.2946789835676467
0.4619769834519045,2.2946789835676467
0.4619769834519045,2.2946789835676467
0.4619769834519045,2.2946789835676467
0.4619769834519045,2.2946789835676467
0.4619769834519045,2.2946789835676467
0.4619769834519045,2.2946789835676467
0.4619769834519045,2.2946789835676467
0.4619769834519045,2.2946789835676467
0.4619769834519045,2.2946789835676467
0.4619769834519045,2.2946789835676467
0.4619769834519045,2.2946789835676467
0.4619769834519045,2.2946789835676467
0.4619769834519045,2.2946789835676467
0.4619769834519045,2.2946789835676467
0.4619769834519045,2.2946789835676467
0.4619769834519045,2.2946789835676467
0.4619769834519045,2.2946789835676467
0.4619769834519045,2.2946789835676467
0.4619769834519045,2.2946789835676467
0.4619769834519045,2.2946789835676467
0.4619769834519045,2.2946789835676467
0.4619769834519045,2.2946789835676467
0.4619769834519045,2.2946789835676467
0.4619769834519045,2.2946789835676467
0.4619769834519045,2.2946789835676467
0.4619769834519045,2.2946789835676467
0.4619769834519045,2.2946789835676467
0.4619769834519045,2.2946789835676467
0.4619769834519045,2.2946789835676467
0.4619769834519045,2.2946789835676467
0.4619769834519045,2.2946789835676467
0.4619769834519045,2.2946789835676467
0.4619769834519045,2.2946789835676467
0.4619769834519045,2.2946789835676467
0.4619769834519045,2.2946789835676467
0.4619769834519045,2.2946789835676467
0.4619769834519045,2.2946789835676467
0.4619769834519045,2.2946789835676467
0.4619769834519045,2.2946789835676467
0.4619769834519045,2.2946789835676467
0.4619769834519045,2.2946789835676467
0.4619769834519045,2.2946789835676467
0.4619769834519045,2.2946789835676467
0.4619769834519045,2.2946789835676467
0.4619769834519045,2.2946789835676467
0.4619769834519045,2.2946789835676467
0.4619769834519045,2.2946789835676467
0.4619769834519045,2.2946789835676467
0.4619769834519045,2.2946789835676467
0.4619769834519045,2.2946789835676467
0.4619769834519045,2.2946789835676467
0.4619769834519045,2.2946789835676467
0.4619769834519045,2.2946789835676467
0.4619769834519045,2.2946789835676467
0.4619769834519045,2.2946789835676467
0.4619769834519045,2.2946789835676467
0.4619769834519045,2.2946789835676467
0.4619769834519045,2.2946789835676467
0.4619769834519045,2.2946789835676467
0.4619769834519045,2.2946789835676467
0.4619769834519045,2.2946789835676467
0.4619769834519045,2.2946789835676467
0.4619769834519045,2.2946789835676467
0.4619769834519045,2.2946789835676467
0.4619769834519045,2.2946789835676467
0.4619769834519045,2.2946789835676467
0.4619769834519045,2.2946789835676467
0.4619769834519045,2.2946789835676467
0.4619769834519045,2.2946789835676467
0.4619769834519045,2.2946789835676467
0.4619769834519045,2.2946789835676467
0.4619769834519045,2.2946789835676467
6.8367545424329865,3.453848318888477
6.8367545424329865,3.453848318888477
6.8367545424329865,3.453848318888477
6.8367545424329865,3.453848318888477
6.8367545424329865,3.453848318888477
6.8367545424329865,3.453848318888477
6.8367545424329865,3.453848318888477
6.8367545424329865,3.453848318888477
6.8367545424329865,3.453848318888477
6.8367545424329865,3.453848318888477
6.8367545424329865,3.453848318888477
6.8367545424329865,3.453848318888477
6.8367545424329865,3.453848318888477
6.8367545424329865,3.453848318888477
6.8367545424329865,3.453848318888477
6.8367545424329865,3.453848318888477
6.8367545424329865,3.453848318888477
6.8367545424329865,3.453848318888477
6.8367545424329865,3.453848318888477
6.8367545424329865,3.453848318888477
6.8367545424329865,3.453848318888477
6.8367545424329865,3.453848318888477
6.8367545424329865,3.453848318888477
6.8367545424329865,3.453848318888477
6.8367545424329865,3.453848318888477
6.8367545424329865,3.453848318888477
6.8367545424329865,3.453848318888477
6.8367545424329865,3.453848318888477
6.8367545424329865,3.453848318888477
6.8367545424329865,3.453848318888477
6.8367545424329865,3.453848318888477
6.8367545424329865,3.453848318888477
6.8367545424329865,3.453848318888477
6.8367545424329865,3.453848318888477
6.8367545424329865,3.453848318888477
6.8367545424329865,3.453848318888477
6.8367545424329865,3.453848318888477
6.8367545424329865,3.453848318888477
6.8367545424329865,3.453848318888477
6.8367545424329865,3.453848318888477
6.8367545424329865,3.453848318888477
6.8367545424329865,3.453848318888477
6.8367545424329865,3.453848318888477
6.8367545424329865,3.453848318888477
6.8367545424329865,3.453848318888477
6.8367545424329865,3.453848318888477
6.8367545424329865,3.453848318888477
6.8367545424329865,3.453848318888477
6.8367545424329865,3.453848318888477
6.8367545424329865,3.453848318888477
6.8367545424329865,3.453848318888477
6.8367545424329865,3.453848318888477
