3.5,3.5
3.2889198372454884,4.06263508188395
2.997991430473223,2.8008859687238186
3.106381915980717,3.939112514408935
3.106381915980717,3.939112514408935
3.517726634373578,3.4828483905357794
3.517726634373578,3.4828483905357794
3.517726634373578,3.4828483905357794
3.517726634373578,3.4828483905357794
3.517726634373578,3.4828483905357794
2.6934342440483077,3.430498656763121
2.6934342440483077,3.430498656763121
2.6934342440483077,3.430498656763121
2.6934342440483077,3.430498656763121
2.6934342440483077,3.430498656763121
2.6934342440483077,3.430498656763121
2.6934342440483077,3.430498656763121
2.6934342440483077,3.430498656763121
2.6934342440483077,3.430498656763121
2.6934342440483077,3.430498656763121
4.313494795957768,3.898935203083674
4.313494795957768,3.898935203083674
4.313494795957768,3.898935203083674
4.313494795957768,3.898935203083674
4.313494795957768,3.898935203083674
4.313494795957768,3.898935203083674
4.254114430431281,3.64287750059595
4.254114430431281,3.64287750059595
4.254114430431281,3.64287750059595
4.254114430431281,3.64287750059595
4.254114430431281,3.64287750059595
4.254114430431281,3.64287750059595
4.254114430431281,3.64287750059595
4.254114430431281,3.64287750059595
4.254114430431281,3.64287750059595
4.254114430431281,3.64287750059595
4.254114430431281,3.64287750059595
4.254114430431281,3.64287750059595
2.9477842291375143,2.6567718024278952
2.9477842291375143,2.6567718024278952
2.9477842291375143,2.6567718024278952
2.9477842291375143,2.6567718024278952
2.9477842291375143,2.6567718024278952
2.9477842291375143,2.6567718024278952
2.9477842291375143,2.6567718024278952
2.9477842291375143,2.6567718024278952
2.9477842291375143,2.6567718024278952
2.9477842291375143,2.6567718024278952
2.9477842291375143,2.6567718024278952
2.5022173919139368,4.7197975882973475
2.5022173919139368,4.7197975882973475
2.32316429530072,1.8887871412442485
2.32316429530072,1.8887871412442485
2.32316429530072,1.8887871412442485
2.32316429530072,1.8887871412442485
2.32316429530072,1.8887871412442485
2.32316429530072,1.8887871412442485
2.32316429530072,1.8887871412442485
2.32316429530072,1.8887871412442485
2.32316429530072,1.8887871412442485
2.32316429530072,1.8887871412442485
2.32316429530072,1.8887871412442485
4.587660805620043,4.482398708612829
4.587660805620043,4.482398708612829
4.587660805620043,4.482398708612829
4.587660805620043,4.482398708612829
4.587660805620043,4.482398708612829
4.587660805620043,4.482398708612829
4.587660805620043,4.482398708612829
4.587660805620043,4.482398708612829
4.587660805620043,4.482398708612829
4.587660805620043,4.482398708612829
4.587660805620043,4.482398708612829
4.587660805620043,4.482398708612829
4.587660805620043,4.482398708612829
4.587660805620043,4.482398708612829
4.587660805620043,4.482398708612829
4.587660805620043,4.482398708612829
4.587660805620043,4.482398708612829
4.587660805620043,4.482398708612829
4.803349577884131,4.787455864384988
4.803349577884131,4.787455864384988
4.803349577884131,4.787455864384988
4.803349577884131,4.787455864384988
4.803349577884131,4.787455864384988
4.803349577884131,4.787455864384988
4.803349577884131,4.787455864384988
4.803349577884131,4.787455864384988
4.803349577884131,4.787455864384988
4.803349577884131,4.787455864384988
4.803349577884131,4.787455864384988
4.803349577884131,4.787455864384988
4.803349577884131,4.787455864384988
4.803349577884131,4.787455864384988
4.803349577884131,4.787455864384988
4.803349577884131,4.787455864384988
4.803349577884131,4.787455864384988
4.803349577884131,4.787455864384988
1.9936165607777259,3.208094246835787
1.9936165607777259,3.208094246835787
1.9936165607777259,3.208094246835787
1.9936165607777259,3.208094246835787
1.9936165607777259,3.208094246835787
1.9936165607777259,3.208094246835787
1.9936165607777259,3.208094246835787
1.9936165607777259,3.208094246835787
1.9936165607777259,3.208094246835787
1.9936165607777259,3.208094246835787
1.7678584549006309,4.682094101532109
1.7678584549006309,4.682094101532109
2.3464629992037653,2.2133671404249764
2.3464629992037653,2.2133671404249764
2.3464629992037653,2.2133671404249764
2.3464629992037653,2.2133671404249764
2.3464629992037653,2.2133671404249764
2.3464629992037653,2.2133671404249764
2.3464629992037653,2.2133671404249764
2.3464629992037653,2.2133671404249764
2.3464629992037653,2.2133671404249764
2.3464629992037653,2.2133671404249764
2.3464629992037653,2.2133671404249764
2.3464629992037653,2.2133671404249764
2.3464629992037653,2.2133671404249764
2.3464629992037653,2.2133671404249764
2.3464629992037653,2.2133671404249764
2.3464629992037653,2.2133671404249764
2.3464629992037653,2.2133671404249764
2.3464629992037653,2.2133671404249764
2.3464629992037653,2.2133671404249764
2.3464629992037653,2.2133671404249764
2.3464629992037653,2.2133671404249764
2.3464629992037653,2.2133671404249764
2.3464629992037653,2.2133671404249764
1.7871856298872308,4.593686248696159
1.7871856298872308,4.593686248696159
1.7871856298872308,4.593686248696159
1.7871856298872308,4.593686248696159
5.575127963792705,4.8978226695349765
5.575127963792705,4.8978226695349765
5.575127963792705,4.8978226695349765
5.575127963792705,4.8978226695349765
5.575127963792705,4.8978226695349765
5.575127963792705,4.8978226695349765
5.575127963792705,4.8978226695349765
5.575127963792705,4.8978226695349765
5.575127963792705,4.8978226695349765
5.575127963792705,4.8978226695349765
5.575127963792705,4.8978226695349765
5.575127963792705,4.8978226695349765
5.575127963792705,4.8978226695349765
5.575127963792705,4.8978226695349765
5.575127963792705,4.8978226695349765
5.575127963792705,4.8978226695349765
5.575127963792705,4.8978226695349765
5.575127963792705,4.8978226695349765
2.744396946584022,3.4563892749075826
2.744396946584022,3.4563892749075826
2.744396946584022,3.4563892749075826
2.744396946584022,3.4563892749075826
2.744396946584022,3.4563892749075826
2.744396946584022,3.4563892749075826
2.744396946584022,3.4563892749075826
2.744396946584022,3.4563892749075826
2.744396946584022,3.4563892749075826
2.744396946584022,3.4563892749075826
2.744396946584022,3.4563892749075826
2.744396946584022,3.4563892749075826
2.744396946584022,3.4563892749075826
2.744396946584022,3.4563892749075826
2.744396946584022,3.4563892749075826
2.744396946584022,3.4563892749075826
2.744396946584022,3.4563892749075826
2.744396946584022,3.4563892749075826
2.744396946584022,3.4563892749075826
2.744396946584022,3.4563892749075826
2.744396946584022,3.4563892749075826
2.744396946584022,3.4563892749075826
2.744396946584022,3.4563892749075826
2.744396946584022,3.4563892749075826
2.744396946584022,3.4563892749075826
2.744396946584022,3.4563892749075826
2.744396946584022,3.4563892749075826
2.744396946584022,3.4563892749075826
2.744396946584022,3.4563892749075826
2.744396946584022,3.4563892749075826
2.744396946584022,3.4563892749075826
2.744396946584022,3.4563892749075826
2.744396946584022,3.4563892749075826
2.744396946584022,3.4563892749075826
2.744396946584022,3.4563892749075826
2.744396946584022,3.4563892749075826
2.744396946584022,3.4563892749075826
2.744396946584022,3.4563892749075826
2.744396946584022,3.4563892749075826
2.744396946584022,3.4563892749075826
2.744396946584022,3.4563892749075826
2.878838674082249,5.644412157986919
2.878838674082249,5.644412157986919
2.1642619288242835,1.1483642532324994
2.1642619288242835,1.1483642532324994
2.1642619288242835,1.1483642532324994
2.1642619288242835,1.1483642532324994
2.1642619288242835,1.1483642532324994
2.1642619288242835,1.1483642532324994
2.1642619288242835,1.1483642532324994
2.1642619288242835,1.1483642532324994
2.1642619288242835,1.1483642532324994
2.1642619288242835,1.1483642532324994
2.1642619288242835,1.1483642532324994
6.207054127814084,4.405781255655588
6.207054127814084,4.405781255655588
6.207054127814084,4.405781255655588
6.207054127814084,4.405781255655588
6.207054127814084,4.405781255655588
6.207054127814084,4.405781255655588
6.207054127814084,4.405781255655588
6.207054127814084,4.405781255655588
6.207054127814084,4.405781255655588
6.207054127814084,4.405781255655588
6.207054127814084,4.405781255655588
6.207054127814084,4.405781255655588
6.207054127814084,4.405781255655588
6.207054127814084,4.405781255655588
6.207054127814084,4.405781255655588
6.207054127814084,4.405781255655588
6.207054127814084,4.405781255655588
6.207054127814084,4.405781255655588
2.9304854799434876,3.9510395291401896
2.9304854799434876,3.9510395291401896
2.9304854799434876,3.9510395291401896
2.9304854799434876,3.9510395291401896
2.9304854799434876,3.9510395291401896
2.9304854799434876,3.9510395291401896
2.9304854799434876,3.9510395291401896
2.9304854799434876,3.9510395291401896
2.9304854799434876,3.9510395291401896
2.9304854799434876,3.9510395291401896
2.9304854799434876,3.9510395291401896
2.9304854799434876,3.9510395291401896
2.9304854799434876,3.9510395291401896
2.9304854799434876,3.9510395291401896
2.9304854799434876,3.9510395291401896
2.9304854799434876,3.9510395291401896
2.9304854799434876,3.9510395291401896
2.9304854799434876,3.9510395291401896
2.9304854799434876,3.9510395291401896
2.9304854799434876,3.9510395291401896
2.9304854799434876,3.9510395291401896
2.9304854799434876,3.9510395291401896
2.9304854799434876,3.9510395291401896
2.9304854799434876,3.9510395291401896
2.9304854799434876,3.9510395291401896
2.9304854799434876,3.9510395291401896
2.9304854799434876,3.9510395291401896
2.9304854799434876,3.9510395291401896
2.9304854799434876,3.9510395291401896
2.9304854799434876,3.9510395291401896
2.9304854799434876,3.9510395291401896
2.9304854799434876,3.9510395291401896
2.9304854799434876,3.9510395291401896
2.9304854799434876,3.9510395291401896
2.9304854799434876,3.9510395291401896
2.9304854799434876,3.9510395291401896
2.9304854799434876,3.9510395291401896
2.9304854799434876,3.9510395291401896
2.9304854799434876,3.9510395291401896
2.9304854799434876,3.9510395291401896
2.9304854799434876,3.9510395291401896
2.9304854799434876,3.9510395291401896
2.9304854799434876,3.9510395291401896
2.9304854799434876,3.9510395291401896
2.9304854799434876,3.9510395291401896
2.9304854799434876,3.9510395291401896
2.9304854799434876,3.9510395291401896
2.9304854799434876,3.9510395291401896
2.9304854799434876,3.9510395291401896
2.9304854799434876,3.9510395291401896
2.9304854799434876,3.9510395291401896
2.9304854799434876,3.9510395291401896
2.9304854799434876,3.9510395291401896
2.9304854799434876,3.9510395291401896
2.9304854799434876,3.9510395291401896
2.9304854799434876,3.9510395291401896
2.9304854799434876,3.9510395291401896
2.9304854799434876,3.9510395291401896
2.9304854799434876,3.9510395291401896
2.9304854799434876,3.9510395291401896
2.9304854799434876,3.9510395291401896
2.9304854799434876,3.9510395291401896
3.3320405413739533,4.872769149448523
3.3320405413739533,4.872769149448523
3.3320405413739533,4.872769149448523
3.3320405413739533,4.872769149448523
3.3320405413739533,4.872769149448523
3.3320405413739533,4.872769149448523
3.3320405413739533,4.872769149448523
4.568256581090837,4.604560024297092
4.568256581090837,4.604560024297092
4.568256581090837,4.604560024297092
4.568256581090837,4.604560024297092
4.568256581090837,4.604560024297092
4.568256581090837,4.604560024297092
4.568256581090837,4.604560024297092
4.568256581090837,4.604560024297092
4.568256581090837,4.604560024297092
4.568256581090837,4.604560024297092
4.568256581090837,4.604560024297092
4.568256581090837,4.604560024297092
4.568256581090837,4.604560024297092
4.568256581090837,4.604560024297092
4.568256581090837,4.604560024297092
4.568256581090837,4.604560024297092
4.568256581090837,4.604560024297092
4.568256581090837,4.604560024297092
4.568256581090837,4.604560024297092
4.568256581090837,4.604560024297092
4.568256581090837,4.604560024297092
4.568256581090837,4.604560024297092
4.568256581090837,4.604560024297092
4.568256581090837,4.604560024297092
4.568256581090837,4.604560024297092
4.568256581090837,4.604560024297092
4.568256581090837,4.604560024297092
4.568256581090837,4.604560024297092
4.568256581090837,4.604560024297092
4.568256581090837,4.604560024297092
4.568256581090837,4.604560024297092
4.568256581090837,4.604560024297092
4.568256581090837,4.604560024297092
4.568256581090837,4.604560024297092
4.568256581090837,4.604560024297092
4.568256581090837,4.604560024297092
4.568256581090837,4.604560024297092
4.568256581090837,4.604560024297092
4.568256581090837,4.604560024297092
4.568256581090837,4.604560024297092
4.568256581090837,4.604560024297092
4.568256581090837,4.604560024297092
1.4109885378253364,4.516744069349707
1.4109885378253364,4.516744069349707
1.4109885378253364,4.516744069349707
1.4109885378253364,4.516744069349707
1.4109885378253364,4.516744069349707
1.4109885378253364,4.516744069349707
1.208711136064625,4.797075798772635
1.208711136064625,4.797075798772635
1.208711136064625,4.797075798772635
1.208711136064625,4.797075798772635
1.208711136064625,4.797075798772635
1.208711136064625,4.797075798772635
1.208711136064625,4.797075798772635
1.208711136064625,4.797075798772635
1.208711136064625,4.797075798772635
1.208711136064625,4.797075798772635
1.208711136064625,4.797075798772635
1.208711136064625,4.797075798772635
4.426232244340923,4.441155252923751
4.426232244340923,4.441155252923751
4.426232244340923,4.441155252923751
4.426232244340923,4.441155252923751
4.426232244340923,4.441155252923751
4.426232244340923,4.441155252923751
4.426232244340923,4.441155252923751
4.426232244340923,4.441155252923751
4.426232244340923,4.441155252923751
4.426232244340923,4.441155252923751
4.426232244340923,4.441155252923751
4.426232244340923,4.441155252923751
4.426232244340923,4.441155252923751
4.426232244340923,4.441155252923751
4.426232244340923,4.441155252923751
4.426232244340923,4.441155252923751
4.426232244340923,4.441155252923751
4.426232244340923,4.441155252923751
4.426232244340923,4.441155252923751
4.426232244340923,4.441155252923751
4.426232244340923,4.441155252923751
4.426232244340923,4.441155252923751
4.426232244340923,4.441155252923751
4.426232244340923,4.441155252923751
4.426232244340923,4.441155252923751
4.426232244340923,4.441155252923751
4.426232244340923,4.441155252923751
4.426232244340923,4.441155252923751
4.426232244340923,4.441155252923751
4.426232244340923,4.441155252923751
4.426232244340923,4.441155252923751
4.426232244340923,4.441155252923751
4.426232244340923,4.441155252923751
4.426232244340923,4.441155252923751
4.426232244340923,4.441155252923751
4.426232244340923,4.441155252923751
4.426232244340923,4.441155252923751
4.426232244340923,4.441155252923751
4.426232244340923,4.441155252923751
4.426232244340923,4.441155252923751
4.426232244340923,4.441155252923751
4.426232244340923,4.441155252923751
4.426232244340923,4.441155252923751
4.426232244340923,4.441155252923751
4.426232244340923,4.441155252923751
4.426232244340923,4.441155252923751
4.426232244340923,4.441155252923751
4.426232244340923,4.441155252923751
4.426232244340923,4.441155252923751
4.426232244340923,4.441155252923751
4.426232244340923,4.441155252923751
4.426232244340923,4.441155252923751
4.426232244340923,4.441155252923751
4.426232244340923,4.441155252923751
4.426232244340923,4.441155252923751
4.426232244340923,4.441155252923751
4.426232244340923,4.441155252923751
4.426232244340923,4.441155252923751
4.426232244340923,4.441155252923751
4.426232244340923,4.441155252923751
4.426232244340923,4.441155252923751
4.426232244340923,4.441155252923751
4.426232244340923,4.441155252923751
4.426232244340923,4.441155252923751
4.426232244340923,4.441155252923751
4.426232244340923,4.441155252923751
4.426232244340923,4.441155252923751
4.426232244340923,4.441155252923751
4.426232244340923,4.441155252923751
4.426232244340923,4.441155252923751
4.426232244340923,4.441155252923751
4.426232244340923,4.441155252923751
4.426232244340923,4.441155252923751
4.426232244340923,4.441155252923751
4.426232244340923,4.441155252923751
4.426232244340923,4.441155252923751
4.426232244340923,4.441155252923751
4.426232244340923,4.441155252923751
4.426232244340923,4.441155252923751
4.426232244340923,4.441155252923751
4.426232244340923,4.441155252923751
4.426232244340923,4.441155252923751
4.426232244340923,4.441155252923751
4.426232244340923,4.441155252923751
4.426232244340923,4.441155252923751
4.426232244340923,4.441155252923751
4.426232244340923,4.441155252923751
4.426232244340923,4.441155252923751
4.426232244340923,4.441155252923751
4.426232244340923,4.441155252923751
4.426232244340923,4.441155252923751
4.426232244340923,4.441155252923751
4.426232244340923,4.441155252923751
4.426232244340923,4.441155252923751
4.426232244340923,4.441155252923751
4.426232244340923,4.441155252923751
3.381650373327624,4.5404126219574295
3.381650373327624,4.5404126219574295
3.381650373327624,4.5404126219574295
3.381650373327624,4.5404126219574295
3.381650373327624,4.5404126219574295
3.381650373327624,4.5404126219574295
3.381650373327624,4.5404126219574295
3.381650373327624,4.5404126219574295
3.381650373327624,4.5404126219574295
3.381650373327624,4.5404126219574295
3.381650373327624,4.5404126219574295
3.381650373327624,4.5404126219574295
3.381650373327624,4.5404126219574295
3.381650373327624,4.5404126219574295
3.381650373327624,4.5404126219574295
3.381650373327624,4.5404126219574295
3.381650373327624,4.5404126219574295
3.381650373327624,4.5404126219574295
3.381650373327624,4.5404126219574295
3.381650373327624,4.5404126219574295
3.381650373327624,4.5404126219574295
3.381650373327624,4.5404126219574295
3.381650373327624,4.5404126219574295
3.381650373327624,4.5404126219574295
3.381650373327624,4.5404126219574295
3.381650373327624,4.5404126219574295
3.381650373327624,4.5404126219574295
3.381650373327624,4.5404126219574295
3.381650373327624,4.5404126219574295
3.381650373327624,4.5404126219574295
3.381650373327624,4.5404126219574295
3.381650373327624,4.5404126219574295
3.381650373327624,4.5404126219574295
3.381650373327624,4.5404126219574295
3.381650373327624,4.5404126219574295
3.381650373327624,4.5404126219574295
3.381650373327624,4.5404126219574295
3.381650373327624,4.5404126219574295
3.381650373327624,4.5404126219574295
3.381650373327624,4.5404126219574295
3.381650373327624,4.5404126219574295
3.381650373327624,4.5404126219574295
3.381650373327624,4.5404126219574295
3.381650373327624,4.5404126219574295
3.381650373327624,4.5404126219574295
3.381650373327624,4.5404126219574295
3.381650373327624,4.5404126219574295
3.381650373327624,4.5404126219574295
3.381650373327624,4.5404126219574295
3.381650373327624,4.5404126219574295
3.381650373327624,4.5404126219574295
3.381650373327624,4.5404126219574295
3.381650373327624,4.5404126219574295
3.381650373327624,4.5404126219574295
3.381650373327624,4.5404126219574295
3.381650373327624,4.5404126219574295
3.381650373327624,4.5404126219574295
3.381650373327624,4.5404126219574295
3.381650373327624,4.5404126219574295
3.381650373327624,4.5404126219574295
3.381650373327624,4.5404126219574295
3.381650373327624,4.5404126219574295
3.381650373327624,4.5404126219574295
3.381650373327624,4.5404126219574295
3.381650373327624,4.5404126219574295
3.381650373327624,4.5404126219574295
3.381650373327624,4.5404126219574295
3.381650373327624,4.5404126219574295
3.381650373327624,4.5404126219574295
3.381650373327624,4.5404126219574295
3.381650373327624,4.5404126219574295
3.381650373327624,4.5404126219574295
3.381650373327624,4.5404126219574295
3.381650373327624,4.5404126219574295
3.060331354902906,1.8530323619816338
3.060331354902906,1.8530323619816338
3.060331354902906,1.8530323619816338
3.060331354902906,1.8530323619816338
3.060331354902906,1.8530323619816338
3.060331354902906,1.8530323619816338
3.060331354902906,1.8530323619816338
3.060331354902906,1.8530323619816338
3.060331354902906,1.8530323619816338
3.060331354902906,1.8530323619816338
3.060331354902906,1.8530323619816338
3.060331354902906,1.8530323619816338
3.060331354902906,1.8530323619816338
3.060331354902906,1.8530323619816338
3.060331354902906,1.8530323619816338
3.060331354902906,1.8530323619816338
3.060331354902906,1.8530323619816338
3.060331354902906,1.8530323619816338
3.060331354902906,1.8530323619816338
3.060331354902906,1.8530323619816338
3.060331354902906,1.8530323619816338
3.060331354902906,1.8530323619816338
3.060331354902906,1.8530323619816338
3.060331354902906,1.8530323619816338
3.060331354902906,1.8530323619816338
3.060331354902906,1.8530323619816338
3.060331354902906,1.8530323619816338
3.060331354902906,1.8530323619816338
3.060331354902906,1.8530323619816338
3.060331354902906,1.8530323619816338
3.060331354902906,1.8530323619816338
3.060331354902906,1.8530323619816338
3.060331354902906,1.8530323619816338
3.060331354902906,1.8530323619816338
3.060331354902906,1.8530323619816338
3.060331354902906,1.8530323619816338
3.060331354902906,1.8530323619816338
3.060331354902906,1.8530323619816338
3.060331354902906,1.8530323619816338
3.060331354902906,1.8530323619816338
3.060331354902906,1.8530323619816338
3.060331354902906,1.8530323619816338
3.060331354902906,1.8530323619816338
3.060331354902906,1.8530323619816338
3.060331354902906,1.8530323619816338
3.060331354902906,1.8530323619816338
2.284475120801531,4.586792629811067
2.284475120801531,4.586792629811067
2.284475120801531,4.586792629811067
2.284475120801531,4.586792629811067
2.284475120801531,4.586792629811067
2.284475120801531,4.586792629811067
2.284475120801531,4.586792629811067
2.284475120801531,4.586792629811067
2.284475120801531,4.586792629811067
2.284475120801531,4.586792629811067
2.284475120801531,4.586792629811067
2.284475120801531,4.586792629811067
2.284475120801531,4.586792629811067
2.284475120801531,4.586792629811067
2.284475120801531,4.586792629811067
2.284475120801531,4.586792629811067
2.284475120801531,4.586792629811067
2.284475120801531,4.586792629811067
2.284475120801531,4.586792629811067
2.284475120801531,4.586792629811067
2.284475120801531,4.586792629811067
2.284475120801531,4.586792629811067
2.284475120801531,4.586792629811067
2.284475120801531,4.586792629811067
2.284475120801531,4.586792629811067
2.284475120801531,4.586792629811067
2.284475120801531,4.586792629811067
2.284475120801531,4.586792629811067
2.284475120801531,4.586792629811067
2.284475120801531,4.586792629811067
2.284475120801531,4.586792629811067
2.284475120801531,4.586792629811067
2.284475120801531,4.586792629811067
2.284475120801531,4.586792629811067
2.284475120801531,4.586792629811067
2.284475120801531,4.586792629811067
2.284475120801531,4.586792629811067
2.284475120801531,4.586792629811067
2.284475120801531,4.586792629811067
2.284475120801531,4.586792629811067
2.284475120801531,4.586792629811067
2.284475120801531,4.586792629811067
2.284475120801531,4.586792629811067
2.284475120801531,4.586792629811067
2.284475120801531,4.586792629811067
2.284475120801531,4.586792629811067
2.284475120801531,4.586792629811067
2.284475120801531,4.586792629811067
2.284475120801531,4.586792629811067
2.284475120801531,4.586792629811067
2.284475120801531,4.586792629811067
2.284475120801531,4.586792629811067
2.284475120801531,4.586792629811067
2.284475120801531,4.586792629811067
2.284475120801531,4.586792629811067
2.284475120801531,4.586792629811067
2.284475120801531,4.586792629811067
2.284475120801531,4.586792629811067
2.284475120801531,4.586792629811067
2.284475120801531,4.586792629811067
2.284475120801531,4.586792629811067
2.284475120801531,4.586792629811067
2.284475120801531,4.586792629811067
2.284475120801531,4.586792629811067
2.284475120801531,4.586792629811067
2.284475120801531,4.586792629811067
2.284475120801531,4.586792629811067
2.284475120801531,4.586792629811067
2.284475120801531,4.586792629811067
2.284475120801531,4.586792629811067
2.284475120801531,4.586792629811067
2.284475120801531,4.586792629811067
2.284475120801531,4.586792629811067
2.284475120801531,4.586792629811067
2.284475120801531,4.586792629811067
2.284475120801531,4.586792629811067
6.153361486288011,4.884777237126057
6.153361486288011,4.884777237126057
6.153361486288011,4.884777237126057
6.153361486288011,4.884777237126057
6.153361486288011,4.884777237126057
6.153361486288011,4.884777237126057
6.153361486288011,4.884777237126057
6.153361486288011,4.884777237126057
6.153361486288011,4.884777237126057
6.153361486288011,4.884777237126057
6.153361486288011,4.884777237126057
6.153361486288011,4.884777237126057
6.153361486288011,4.884777237126057
6.153361486288011,4.884777237126057
6.153361486288011,4.884777237126057
6.153361486288011,4.884777237126057
6.153361486288011,4.884777237126057
6.153361486288011,4.884777237126057
6.153361486288011,4.884777237126057
6.153361486288011,4.884777237126057
6.153361486288011,4.884777237126057
6.153361486288011,4.884777237126057
6.153361486288011,4.884777237126057
6.153361486288011,4.884777237126057
6.153361486288011,4.884777237126057
6.153361486288011,4.884777237126057
6.153361486288011,4.884777237126057
6.153361486288011,4.884777237126057
6.153361486288011,4.884777237126057
6.153361486288011,4.884777237126057
6.153361486288011,4.884777237126057
6.153361486288011,4.884777237126057
6.153361486288011,4.884777237126057
6.153361486288011,4.884777237126057
6.153361486288011,4.884777237126057
6.153361486288011,4.884777237126057
4.01381294347653,5.014159487392783
4.01381294347653,5.014159487392783
4.01381294347653,5.014159487392783
4.01381294347653,5.014159487392783
4.01381294347653,5.014159487392783
4.01381294347653,5.014159487392783
4.01381294347653,5.014159487392783
4.01381294347653,5.014159487392783
4.01381294347653,5.014159487392783
4.01381294347653,5.014159487392783
4.01381294347653,5.014159487392783
4.01381294347653,5.014159487392783
4.01381294347653,5.014159487392783
4.01381294347653,5.014159487392783
4.01381294347653,5.014159487392783
4.01381294347653,5.014159487392783
4.01381294347653,5.014159487392783
4.01381294347653,5.014159487392783
4.01381294347653,5.014159487392783
4.01381294347653,5.014159487392783
4.01381294347653,5.014159487392783
4.01381294347653,5.014159487392783
4.01381294347653,5.014159487392783
4.01381294347653,5.014159487392783
4.01381294347653,5.014159487392783
4.01381294347653,5.014159487392783
4.01381294347653,5.014159487392783
4.01381294347653,5.014159487392783
4.01381294347653,5.014159487392783
4.01381294347653,5.014159487392783
4.01381294347653,5.014159487392783
4.01381294347653,5.014159487392783
4.01381294347653,5.014159487392783
4.01381294347653,5.014159487392783
4.01381294347653,5.014159487392783
4.01381294347653,5.014159487392783
4.01381294347653,5.014159487392783
4.01381294347653,5.014159487392783
4.01381294347653,5.014159487392783
4.01381294347653,5.014159487392783
4.01381294347653,5.014159487392783
4.01381294347653,5.014159487392783
4.01381294347653,5.014159487392783
4.01381294347653,5.014159487392783
4.01381294347653,5.014159487392783
4.01381294347653,5.014159487392783
4.01381294347653,5.014159487392783
4.01381294347653,5.014159487392783
4.01381294347653,5.014159487392783
4.01381294347653,5.014159487392783
4.01381294347653,5.014159487392783
4.01381294347653,5.014159487392783
4.01381294347653,5.014159487392783
4.01381294347653,5.014159487392783
4.01381294347653,5.014159487392783
4.01381294347653,5.014159487392783
4.01381294347653,5.014159487392783
4.01381294347653,5.014159487392783
4.01381294347653,5.014159487392783
4.01381294347653,5.014159487392783
4.01381294347653,5.014159487392783
4.01381294347653,5.014159487392783
4.01381294347653,5.014159487392783
4.01381294347653,5.014159487392783
4.01381294347653,5.014159487392783
4.01381294347653,5.014159487392783
4.01381294347653,5.014159487392783
4.01381294347653,5.014159487392783
4.01381294347653,5.014159487392783
4.01381294347653,5.014159487392783
4.01381294347653,5.014159487392783
4.01381294347653,5.014159487392783
4.01381294347653,5.014159487392783
4.01381294347653,5.014159487392783
4.01381294347653,5.014159487392783
4.01381294347653,5.014159487392783
4.01381294347653,5.014159487392783
4.01381294347653,5.014159487392783
4.01381294347653,5.014159487392783
4.01381294347653,5.014159487392783
4.01381294347653,5.014159487392783
4.01381294347653,5.014159487392783
4.01381294347653,5.014159487392783
4.01381294347653,5.014159487392783
4.01381294347653,5.014159487392783
4.01381294347653,5.014159487392783
4.01381294347653,5.014159487392783
4.01381294347653,5.014159487392783
4.01381294347653,5.014159487392783
4.01381294347653,5.014159487392783
4.01381294347653,5.014159487392783
4.01381294347653,5.014159487392783
4.01381294347653,5.014159487392783
4.01381294347653,5.014159487392783
4.01381294347653,5.014159487392783
4.01381294347653,5.014159487392783
4.01381294347653,5.014159487392783
4.01381294347653,5.014159487392783
4.01381294347653,5.014159487392783
4.01381294347653,5.014159487392783
4.01381294347653,5.014159487392783
4.01381294347653,5.014159487392783
4.01381294347653,5.014159487392783
4.01381294347653,5.014159487392783
4.01381294347653,5.014159487392783
4.01381294347653,5.014159487392783
4.01381294347653,5.014159487392783
4.01381294347653,5.014159487392783
4.01381294347653,5.014159487392783
4.01381294347653,5.014159487392783
4.01381294347653,5.014159487392783
4.01381294347653,5.014159487392783
4.01381294347653,5.014159487392783
4.01381294347653,5.014159487392783
4.01381294347653,5.014159487392783
4.01381294347653,5.014159487392783
4.01381294347653,5.014159487392783
4.01381294347653,5.014159487392783
4.01381294347653,5.014159487392783
4.01381294347653,5.014159487392783
4.01381294347653,5.014159487392783
4.01381294347653,5.014159487392783
4.01381294347653,5.014159487392783
4.01381294347653,5.014159487392783
4.01381294347653,5.014159487392783
4.01381294347653,5.014159487392783
4.01381294347653,5.014159487392783
4.01381294347653,5.014159487392783
4.01381294347653,5.014159487392783
4.01381294347653,5.014159487392783
4.01381294347653,5.014159487392783
4.01381294347653,5.014159487392783
4.01381294347653,5.014159487392783
4.01381294347653,5.014159487392783
4.01381294347653,5.014159487392783
4.01381294347653,5.014159487392783
4.01381294347653,5.014159487392783
4.01381294347653,5.014159487392783
4.01381294347653,5.014159487392783
4.01381294347653,5.014159487392783
4.01381294347653,5.014159487392783
4.01381294347653,5.014159487392783
4.01381294347653,5.014159487392783
4.01381294347653,5.014159487392783
4.01381294347653,5.014159487392783
4.01381294347653,5.014159487392783
4.01381294347653,5.014159487392783
4.01381294347653,5.014159487392783
4.01381294347653,5.014159487392783
4.01381294347653,5.014159487392783
4.01381294347653,5.014159487392783
4.01381294347653,5.014159487392783
4.01381294347653,5.014159487392783
4.01381294347653,5.014159487392783
4.01381294347653,5.014159487392783
4.01381294347653,5.014159487392783
4.01381294347653,5.014159487392783
4.01381294347653,5.014159487392783
4.01381294347653,5.014159487392783
4.01381294347653,5.014159487392783
4.01381294347653,5.014159487392783
4.01381294347653,5.014159487392783
4.01381294347653,5.014159487392783
4.01381294347653,5.014159487392783
4.01381294347653,5.014159487392783
4.01381294347653,5.014159487392783
4.01381294347653,5.014159487392783
4.01381294347653,5.014159487392783
4.01381294347653,5.014159487392783
4.01381294347653,5.014159487392783
4.01381294347653,5.014159487392783
4.01381294347653,5.014159487392783
4.01381294347653,5.014159487392783
4.01381294347653,5.014159487392783
4.01381294347653,5.014159487392783
4.01381294347653,5.014159487392783
4.01381294347653,5.014159487392783
4.01381294347653,5.014159487392783
4.01381294347653,5.014159487392783
4.01381294347653,5.014159487392783
4.01381294347653,5.014159487392783
4.01381294347653,5.014159487392783
4.01381294347653,5.014159487392783
4.01381294347653,5.014159487392783
4.01381294347653,5.014159487392783
4.01381294347653,5.014159487392783
4.01381294347653,5.014159487392783
4.01381294347653,5.014159487392783
4.01381294347653,5.014159487392783
4.01381294347653,5.014159487392783
4.01381294347653,5.014159487392783
4.01381294347653,5.014159487392783
4.01381294347653,5.014159487392783
4.01381294347653,5.014159487392783
4.01381294347653,5.014159487392783
4.01381294347653,5.014159487392783
4.01381294347653,5.014159487392783
4.01381294347653,5.014159487392783
4.01381294347653,5.014159487392783
4.01381294347653,5.014159487392783
4.01381294347653,5.014159487392783
4.01381294347653,5.014159487392783
4.01381294347653,5.014159487392783
4.01381294347653,5.014159487392783
4.01381294347653,5.014159487392783
4.01381294347653,5.014159487392783
4.01381294347653,5.014159487392783
4.01381294347653,5.014159487392783
4.01381294347653,5.014159487392783
4.01381294347653,5.014159487392783
4.01381294347653,5.014159487392783
4.01381294347653,5.014159487392783
4.01381294347653,5.014159487392783
4.01381294347653,5.014159487392783
4.01381294347653,5.014159487392783
4.01381294347653,5.014159487392783
4.01381294347653,5.014159487392783
4.01381294347653,5.014159487392783
4.01381294347653,5.014159487392783
4.01381294347653,5.014159487392783
4.01381294347653,5.014159487392783
4.01381294347653,5.014159487392783
4.01381294347653,5.014159487392783
4.01381294347653,5.014159487392783
4.01381294347653,5.014159487392783
4.01381294347653,5.014159487392783
4.01381294347653,5.014159487392783
4.01381294347653,5.014159487392783
4.01381294347653,5.014159487392783
4.01381294347653,5.014159487392783
4.01381294347653,5.014159487392783
4.01381294347653,5.014159487392783
4.01381294347653,5.014159487392783
4.01381294347653,5.014159487392783
4.01381294347653,5.014159487392783
4.01381294347653,5.014159487392783
4.01381294347653,5.014159487392783
4.01381294347653,5.014159487392783
4.01381294347653,5.014159487392783
4.01381294347653,5.014159487392783
4.01381294347653,5.014159487392783
4.01381294347653,5.014159487392783
4.01381294347653,5.014159487392783
4.01381294347653,5.014159487392783
4.01381294347653,5.014159487392783
4.01381294347653,5.014159487392783
4.01381294347653,5.014159487392783
4.01381294347653,5.014159487392783
4.01381294347653,5.014159487392783
4.01381294347653,5.014159487392783
4.01381294347653,5.014159487392783
4.01381294347653,5.014159487392783
4.01381294347653,5.014159487392783
4.01381294347653,5.014159487392783
4.01381294347653,5.014159487392783
5.411926485325724,5.799949421585971
5.411926485325724,5.799949421585971
5.411926485325724,5.799949421585971
5.411926485325724,5.799949421585971
5.411926485325724,5.799949421585971
5.411926485325724,5.799949421585971
5.411926485325724,5.799949421585971
5.411926485325724,5.799949421585971
5.411926485325724,5.799949421585971
5.411926485325724,5.799949421585971
5.411926485325724,5.799949421585971
5.411926485325724,5.799949421585971
5.411926485325724,5.799949421585971
5.411926485325724,5.799949421585971
5.411926485325724,5.799949421585971
5.411926485325724,5.799949421585971
5.411926485325724,5.799949421585971
5.411926485325724,5.799949421585971
5.298378758080713,5.283941204693409
5.298378758080713,5.283941204693409
5.298378758080713,5.283941204693409
5.298378758080713,5.283941204693409
5.298378758080713,5.283941204693409
5.298378758080713,5.283941204693409
5.298378758080713,5.283941204693409
5.298378758080713,5.283941204693409
5.298378758080713,5.283941204693409
5.298378758080713,5.283941204693409
5.298378758080713,5.283941204693409
5.298378758080713,5.283941204693409
5.298378758080713,5.283941204693409
5.298378758080713,5.283941204693409
5.298378758080713,5.283941204693409
5.298378758080713,5.283941204693409
5.298378758080713,5.283941204693409
5.298378758080713,5.283941204693409
5.298378758080713,5.283941204693409
5.298378758080713,5.283941204693409
5.298378758080713,5.283941204693409
5.298378758080713,5.283941204693409
5.298378758080713,5.283941204693409
5.298378758080713,5.283941204693409
5.298378758080713,5.283941204693409
5.298378758080713,5.283941204693409
5.298378758080713,5.283941204693409
5.298378758080713,5.283941204693409
5.298378758080713,5.283941204693409
5.298378758080713,5.283941204693409
5.298378758080713,5.283941204693409
5.298378758080713,5.283941204693409
5.298378758080713,5.283941204693409
5.298378758080713,5.283941204693409
5.298378758080713,5.283941204693409
5.298378758080713,5.283941204693409
5.298378758080713,5.283941204693409
5.298378758080713,5.283941204693409
5.298378758080713,5.283941204693409
5.298378758080713,5.283941204693409
5.298378758080713,5.283941204693409
5.298378758080713,5.283941204693409
5.298378758080713,5.283941204693409
5.298378758080713,5.283941204693409
5.298378758080713,5.283941204693409
5.298378758080713,5.283941204693409
5.298378758080713,5.283941204693409
5.298378758080713,5.283941204693409
5.298378758080713,5.283941204693409
5.298378758080713,5.283941204693409
5.298378758080713,5.283941204693409
5.298378758080713,5.283941204693409
5.298378758080713,5.283941204693409
5.298378758080713,5.283941204693409
5.298378758080713,5.283941204693409
5.298378758080713,5.283941204693409
5.298378758080713,5.283941204693409
5.298378758080713,5.283941204693409
5.298378758080713,5.283941204693409
5.298378758080713,5.283941204693409
5.298378758080713,5.283941204693409
5.298378758080713,5.283941204693409
5.298378758080713,5.283941204693409
5.298378758080713,5.283941204693409
5.298378758080713,5.283941204693409
5.298378758080713,5.283941204693409
5.298378758080713,5.283941204693409
5.298378758080713,5.283941204693409
5.298378758080713,5.283941204693409
5.298378758080713,5.283941204693409
5.298378758080713,5.283941204693409
5.298378758080713,5.283941204693409
5.298378758080713,5.283941204693409
5.298378758080713,5.283941204693409
5.298378758080713,5.283941204693409
5.298378758080713,5.283941204693409
5.298378758080713,5.283941204693409
5.298378758080713,5.283941204693409
5.298378758080713,5.283941204693409
5.298378758080713,5.283941204693409
5.298378758080713,5.283941204693409
5.298378758080713,5.283941204693409
5.298378758080713,5.283941204693409
5.298378758080713,5.283941204693409
5.298378758080713,5.283941204693409
5.298378758080713,5.283941204693409
5.298378758080713,5.283941204693409
5.298378758080713,5.283941204693409
5.298378758080713,5.283941204693409
5.298378758080713,5.283941204693409
5.298378758080713,5.283941204693409
5.298378758080713,5.283941204693409
5.298378758080713,5.283941204693409
5.298378758080713,5.283941204693409
5.298378758080713,5.283941204693409
5.298378758080713,5.283941204693409
5.298378758080713,5.283941204693409
5.298378758080713,5.283941204693409
5.298378758080713,5.283941204693409
5.298378758080713,5.283941204693409
5.298378758080713,5.283941204693409
5.298378758080713,5.283941204693409
5.298378758080713,5.283941204693409
5.298378758080713,5.283941204693409
5.298378758080713,5.283941204693409
5.298378758080713,5.283941204693409
5.298378758080713,5.283941204693409
5.298378758080713,5.283941204693409
5.298378758080713,5.283941204693409
5.298378758080713,5.283941204693409
5.298378758080713,5.283941204693409
5.298378758080713,5.283941204693409
5.298378758080713,5.283941204693409
5.298378758080713,5.283941204693409
5.298378758080713,5.283941204693409
5.298378758080713,5.283941204693409
5.298378758080713,5.283941204693409
5.298378758080713,5.283941204693409
5.298378758080713,5.283941204693409
5.298378758080713,5.283941204693409
5.298378758080713,5.283941204693409
5.298378758080713,5.283941204693409
5.298378758080713,5.283941204693409
5.298378758080713,5.283941204693409
5.298378758080713,5.283941204693409
5.298378758080713,5.283941204693409
5.298378758080713,5.283941204693409
5.298378758080713,5.283941204693409
5.298378758080713,5.283941204693409
5.298378758080713,5.283941204693409
5.298378758080713,5.283941204693409
5.298378758080713,5.283941204693409
4.324237047028507,3.144441321340981
4.324237047028507,3.144441321340981
4.324237047028507,3.144441321340981
4.324237047028507,3.144441321340981
4.324237047028507,3.144441321340981
4.324237047028507,3.144441321340981
4.324237047028507,3.144441321340981
4.324237047028507,3.144441321340981
4.324237047028507,3.144441321340981
4.324237047028507,3.144441321340981
4.324237047028507,3.144441321340981
4.324237047028507,3.144441321340981
4.324237047028507,3.144441321340981
4.324237047028507,3.144441321340981
4.324237047028507,3.144441321340981
4.324237047028507,3.144441321340981
4.324237047028507,3.144441321340981
4.324237047028507,3.144441321340981
4.324237047028507,3.144441321340981
4.324237047028507,3.144441321340981
4.324237047028507,3.144441321340981
4.324237047028507,3.144441321340981
4.324237047028507,3.144441321340981
4.324237047028507,3.144441321340981
1.7528636775533777,4.779030412562198
1.7528636775533777,4.779030412562198
1.7528636775533777,4.779030412562198
1.7528636775533777,4.779030412562198
1.7528636775533777,4.779030412562198
1.7528636775533777,4.779030412562198
1.7528636775533777,4.779030412562198
1.7528636775533777,4.779030412562198
1.7528636775533777,4.779030412562198
1.7528636775533777,4.779030412562198
1.7528636775533777,4.779030412562198
1.7528636775533777,4.779030412562198
1.7528636775533777,4.779030412562198
1.7528636775533777,4.779030412562198
1.7528636775533777,4.779030412562198
1.7528636775533777,4.779030412562198
1.7528636775533777,4.779030412562198
1.7528636775533777,4.779030412562198
1.7528636775533777,4.779030412562198
1.7528636775533777,4.779030412562198
1.7528636775533777,4.779030412562198
1.7528636775533777,4.779030412562198
1.7528636775533777,4.779030412562198
1.7528636775533777,4.779030412562198
1.7528636775533777,4.779030412562198
1.7528636775533777,4.779030412562198
1.7528636775533777,4.779030412562198
1.7528636775533777,4.779030412562198
1.7528636775533777,4.779030412562198
1.7528636775533777,4.779030412562198
1.7528636775533777,4.779030412562198
1.7528636775533777,4.779030412562198
1.7528636775533777,4.779030412562198
1.7528636775533777,4.779030412562198
1.7528636775533777,4.779030412562198
1.7528636775533777,4.779030412562198
1.7528636775533777,4.779030412562198
1.7528636775533777,4.779030412562198
1.7528636775533777,4.779030412562198
1.7528636775533777,4.779030412562198
1.7528636775533777,4.779030412562198
1.7528636775533777,4.779030412562198
1.7528636775533777,4.779030412562198
1.7528636775533777,4.779030412562198
1.7528636775533777,4.779030412562198
1.7528636775533777,4.779030412562198
1.7528636775533777,4.779030412562198
1.7528636775533777,4.779030412562198
1.7528636775533777,4.779030412562198
1.7528636775533777,4.779030412562198
1.7528636775533777,4.779030412562198
1.7528636775533777,4.779030412562198
1.7528636775533777,4.779030412562198
1.7528636775533777,4.779030412562198
1.7528636775533777,4.779030412562198
1.7528636775533777,4.779030412562198
1.7528636775533777,4.779030412562198
1.7528636775533777,4.779030412562198
1.7528636775533777,4.779030412562198
1.7528636775533777,4.779030412562198
1.7528636775533777,4.779030412562198
1.7528636775533777,4.779030412562198
1.7528636775533777,4.779030412562198
1.7528636775533777,4.779030412562198
1.7528636775533777,4.779030412562198
1.7528636775533777,4.779030412562198
1.7528636775533777,4.779030412562198
1.7528636775533777,4.779030412562198
1.7528636775533777,4.779030412562198
1.7528636775533777,4.779030412562198
1.7528636775533777,4.779030412562198
1.7528636775533777,4.779030412562198
1.7528636775533777,4.779030412562198
1.7528636775533777,4.779030412562198
1.7528636775533777,4.779030412562198
1.7528636775533777,4.779030412562198
1.7528636775533777,4.779030412562198
1.7528636775533777,4.779030412562198
1.7528636775533777,4.779030412562198
1.7528636775533777,4.779030412562198
1.7528636775533777,4.779030412562198
1.7528636775533777,4.779030412562198
1.7528636775533777,4.779030412562198
1.7528636775533777,4.779030412562198
1.7528636775533777,4.779030412562198
1.7528636775533777,4.779030412562198
1.7528636775533777,4.779030412562198
1.7528636775533777,4.779030412562198
1.7528636775533777,4.779030412562198
1.7528636775533777,4.779030412562198
1.7528636775533777,4.779030412562198
1.7528636775533777,4.779030412562198
1.7528636775533777,4.779030412562198
1.7528636775533777,4.779030412562198
1.7528636775533777,4.779030412562198
1.7528636775533777,4.779030412562198
1.7528636775533777,4.779030412562198
1.7528636775533777,4.779030412562198
1.7528636775533777,4.779030412562198
1.7528636775533777,4.779030412562198
1.7528636775533777,4.779030412562198
1.7528636775533777,4.779030412562198
