3.5,3.5
2.998200583150838,3.1490669131954094
3.2188606316084605,3.1696480766383557
3.73544993265766,3.8754526718705793
2.573245239838281,2.91969402685795
3.356773439103394,3.6963715064952196
2.453840390526867,2.90401626660676
4.535473341564454,3.4517940332106103
2.537075114091694,4.120603506806068
2.9556318299281648,4.444542484764714
2.7900665457821434,3.1601923961169867
3.14442657975618,2.1661545765182195
1.954856743962791,2.882299036320009
1.793290034141269,4.697847443814432
2.4207173118154124,2.1045069223301764
2.1073453285324377,2.6054947501200045
4.221053555562479,2.9691672434128025
2.8088024159495033,3.796631961884894
2.2691273247498494,1.488148469720664
4.3129735000990195,3.9606734311199796
2.398664978117994,2.3510260844497832
3.1473924555807766,4.338757073329569
3.24167860668042,2.717916251320807
2.405664921369878,1.123975934460765
4.66619313370235,4.053880232434107
2.08511232624823,2.008021636063046
4.5346134839388395,3.187397818636017
3.0876985218704536,2.814182996832214
3.8221557983217638,2.7649088342880836
5.071303866048141,4.337194689251868
2.741578629059564,0.9205666741414276
1.8872159135225233,1.6185755190656042
4.894135144439989,4.265787912501071
4.736361572329351,4.794015796945933
2.6450867470366215,1.2531210886044342
4.876944177371123,3.609318422954779
1.3210945428123297,1.7364756853422612
3.3750767044830985,1.7595335913511105
2.818316002524642,4.840436184013505
1.489454802585401,2.643503433585393
2.7173582608387465,5.336369121941035
5.159847762854226,3.8637300351513573
4.014021971654219,4.249518437323804
3.9181620058402435,1.574193222880695
1.4438898832331222,4.539365556873147
4.215760199036674,4.949412386572771
2.2408777153927226,5.305792149599944
1.7496218732816082,0.4675032020972275
4.398612823792962,3.7292340771622
4.106844988573833,4.513023154169515
5.050096206737924,3.132600927949418
5.484543300403354,2.2765698348254526
1.3999885924494009,1.6612663985720564
0.5312044220976232,1.2535071669330229
1.806921067353564,1.7856454423467596
1.6041227454628164,5.937260225849511
2.443486190187492,1.9554411534559857
5.262644231783496,3.8375447500662725
2.4094506454678335,5.595246646437127
4.773695284126781,5.789784295566697
3.2887743420701687,6.071947361681927
2.352955496575313,3.1610919418812324
2.14937371691207,2.175073287616065
3.785781743987004,4.951159097937816
1.8955701033892831,4.461359586724387
0.5770491909402711,0.7280715077718117
1.6320557533634839,5.695716625623359
4.855684413516714,1.2437415989507228
0.9414582047068677,0.9247141837742939
3.232761855164146,3.02289897496163
0.05405107499041595,1.8153917742075052
1.5476022231798492,1.4272867429662492
4.973399246962604,6.016134907266132
0.7912940904380761,1.3208682645979581
3.5115366194785023,5.761566187756789
4.988718179727345,6.289937212353598
3.038007263317401,6.579708399347796
0.581535149699524,0.7780499606128838
6.272698438767453,2.244313961505492
2.212524091661825,6.191755822865537
2.484050759314716,4.008722656510989
4.809941718501629,2.034483008309218
5.767801761219589,1.7335496982616148
5.820402490433799,4.159864534491879
0.2503285427606088,1.8516446541128433
0.9845673571687587,6.13619109304677
0.01721316957280994,1.9348125798153386
0.722046573851747,0.32034706247745626
6.687636126028285,1.4557469109560603
4.62353524649604,5.448049363803781
0.4420684080103734,0.7902946734117092
0.22412060885037943,1.4852614793446044
2.382684776390164,3.781967643453627
3.909139141685784,4.086459495955883
2.605224568603802,4.14940599948999
2.5548518103736146,5.08552155858543
1.6743279862793372,2.5065047770764055
4.996397968777599,5.633727335281974
0.7911936330215684,1.4069943872540944
4.819659656460621,2.5975891355213743
5.286426834027175,4.104269384125718
2.992684279052067,6.434509907386978
0.4357302282457023,1.1262678580836987
1.2545331194433853,5.996369701064518
2.4152751777761283,5.328880704218669
3.8442016599514233,2.080149900727368
2.5709180016930997,6.136708899650622
6.947589480714896,2.785306173257971
1.4975163232827793,2.789642434862228
1.6716781932214495,0.1752666740581974
2.9207799322349324,2.9151207834983532
3.2258456733408343,4.025500579338777
2.0041593703120992,4.7023417039859225
2.9636748281628513,3.0423350553802546
4.586670447644529,5.761886625849492
1.7091895278030564,5.813622849556655
1.7672835265701696,3.781277795977879
0.515537373107587,5.996187574065592
5.493710135047825,2.984613687782901
1.1018080422181136,3.137390795419496
1.6294880473367965,5.130012664876266
3.4637685052029434,6.674877119159566
5.523404111848855,0.9522492371352435
2.5939690437428746,1.97904090472773
1.4408486042677189,4.4219117285037335
4.577926418906778,1.0343737867972993
2.8895329667580554,3.450327168783274
2.2885025110205404,1.986019105264094
6.152500566997221,4.624417643278462
4.455505849595899,6.592954635652375
2.0857533531072643,5.562184456300763
3.960181544634594,0.40896431675455236
5.389156360715367,5.0326123193096945
2.1593083540766114,1.7648103533307369
3.170061340939586,4.181802369396263
3.704629113105778,1.872271102799062
5.766323596728475,4.033653693929287
0.27475817296465865,5.032229766201645
4.327452454286822,4.80576070387314
1.913281821309592,5.4354438618105965
5.934554205096202,3.5187776727358107
6.258441826640338,3.122951105058455
2.2471688058660475,3.9602408150970745
1.2825928252710472,3.8704512095127197
3.246326556688692,1.2645634873009408
3.3225854995786563,1.1042643181472411
1.8370349098027423,4.732736433184141
3.3950347695021224,6.326787206530142
5.999966348917904,5.396709971764869
0.07520078224349869,4.126442612377518
6.342979451092583,4.398335576581872
1.768997150548743,1.4442738393124475
1.2498325830846901,4.4612893683412755
1.3972727495897233,4.003757491611947
1.7815289143386617,5.631719113393037
0.3964414633837131,1.6296242485271222
4.359360338508704,4.619643018498109
5.374817776077189,2.544148607287833
2.7745000979000656,5.942482890143115
1.2577665206580897,0.23199992251925183
5.067892050001786,2.7402508345043266
3.382876841214108,1.1849876549701346
0.36400981645490893,5.8322371472965955
6.045226916827874,2.09175277997847
6.750547485843971,2.8033733160454366
1.9950732818558283,1.8654183440145506
2.183971256245359,2.8576956329964043
4.507291115439227,4.176438276784905
2.7092090992300966,4.698741358364693
5.959008590397747,3.6393476875868407
3.2235596028594395,3.266348766438336
3.1152905146320844,0.6201667872594888
1.1929528187242038,4.889368507911361
1.9651487946565116,5.708554876041031
1.224066170417881,5.4787193027109
4.677719447562672,0.5050910896862513
5.416039691128793,2.7902929194376016
4.364017212980697,1.1736490515811724
4.717857050608699,0.427716776151955
1.531835293542768,6.324050098168394
3.6998497239574135,4.884402038909981
1.5231992787229052,2.4619204715477085
4.587602971333905,4.761425931860589
0.21643972247494747,2.826141461876826
4.141827069778982,2.2002602102947972
5.745718871701443,2.6968053516064936
6.248731593938089,2.1452609302412746
3.267338721517782,5.509034987323681
4.003673984431799,2.0067273670278767
6.860186885090391,1.2107802432379589
5.801436518278523,0.9334531186751405
3.451062301298225,3.2652720787487364
4.711899717550201,5.633574585843034
2.188525751615736,6.460895286820931
1.8769144562079862,6.170088472840955
4.696014222868389,6.220073202205345
4.746442792570168,2.773206174754009
2.4474080178383155,1.1105349177899146
3.0431375124814397,5.552896870400989
1.7892456751672596,3.623468760957968
3.185350653353506,5.308447650643201
1.3958158693394904,2.5084565091206796
2.48051413859865,1.9803943569404674
6.837698683878881,1.1139423200325607
6.9169379997835785,3.3949911669529547
3.794352800525554,4.751828830815109
6.727899157478296,4.793531529008661
6.598923267231308,4.253074866172998
1.7135130590480965,3.571034737174039
4.58045679014831,3.377305725401616
4.443344349515947,1.251550541898605
1.3651166750271697,5.942117346657375
1.398017792955354,5.586087577772141
3.651573481757682,1.568825955889778
4.758887680247996,0.9274339387383992
0.932847051266503,3.852422632079216
1.7073504246944378,5.714104633279504
5.701144246884301,5.210892159238657
4.259027499060292,0.6355004480763683
4.823788763106654,1.5771845003286626
0.5583710699396673,5.4280363685260244
5.408221851320872,4.815899596932305
0.8921987221399876,3.6079706750990144
3.4574972852766503,3.4772949101006154
0.9939186174021359,6.748225672331766
1.8300321730689513,5.561598904595632
6.330806857381946,1.0797599043378727
2.7248110846165665,2.592237920867402
1.405417512269107,2.981988340412645
6.921422332756842,2.5896966663968755
6.951942408192242,2.2195591596822806
5.344954631604257,4.532857487589555
3.3574372224457347,6.056554640156533
2.9879027886066765,6.058353573943884
2.8190327616597015,6.35557997678634
4.868206425401272,1.825392108545873
6.56503098304221,5.343831218797508
2.9283458308547776,1.9194149563957317
1.2800620481025067,5.650638636209979
5.0144529969404985,3.8834421097444998
2.308623662849589,3.166180400985628
3.5309694119287913,4.6738916625313935
6.256259446813236,2.1962861528196056
6.143322517727391,1.3412945843197024
0.25034765356155253,4.072518745361702
2.677596013198978,4.471237330091419
6.668850944793575,1.6010690216257482
1.5025593774148613,1.263655818919911
3.6136100078332882,2.5144560560592573
1.9353820837220086,5.596233702822413
4.147484735197332,6.306076139913577
3.5059408275291424,6.114921086795549
3.686255625785123,6.639468046109881
1.6552418238348614,4.897153229282199
1.202087662132111,2.051471212318185
5.898731524790872,2.4657023160460776
1.8008554626528825,1.6246349435366905
2.968163333583949,3.1805842067395984
2.437272639951838,0.6108216461627912
0.29297901033140994,5.109855894527189
1.5048828619650036,4.4686474237678535
0.2939670537157374,1.1063191504221237
4.380152049634422,4.680584370907527
3.9215783285309778,6.40411442460023
4.027733673603744,0.2729156814287692
3.7149702814206966,2.9620692623664873
0.6556204602809896,1.5369924389953717
3.277337219218684,0.786002648233692
0.976758811786301,1.608517993976404
3.5463280952333647,4.14374674889077
1.6533480797653533,2.6260034314356373
3.128809618415383,0.7077727393276639
0.687236425324014,3.6879744810379953
3.8724673309235174,0.34844362579339616
2.358281693006049,2.9700298409937127
0.6475604786480167,0.4011723604809797
4.803886851426758,2.060002040878998
4.660845241015953,4.57914844590355
1.5255268813886467,4.785153800895233
2.1948624830772006,0.12020583808010299
5.665691048609758,1.1068899656801792
4.2036700276364725,4.6954187227045106
2.663654711608356,5.406932808976774
1.6641173050232583,1.540482403013865
5.768274198708425,3.114245954026312
1.4054399165015106,0.2205608253604192
3.7630093380990792,1.287064565610677
0.5774503180304306,1.1250966794260573
6.100843970642824,4.494786503518852
6.972120342841253,4.317971394846174
4.494124939059994,4.163956152674049
0.48208268604861915,2.0842647048744753
6.798107468370513,4.11106631491457
6.155622780586601,1.0269584413061974
1.9427410470707136,4.9487270786251605
5.7897430453845855,5.666842910344278
3.4935121667451425,5.544505879015512
2.549797909420431,0.21032793769396652
0.5449056751058335,4.0688698939091035
6.093709624730261,1.4976688320072928
2.4760218274968664,2.649175334340762
5.0061675989202055,5.647405224482739
1.5590745728269748,5.9962851028241815
5.916112830496199,4.267519358333554
5.78195737724297,3.2748012850436794
3.974629849829081,1.9081712680372669
2.581174763468127,6.57656247670643
4.816227491258938,6.711657700182103
0.05134334583647038,4.33802594140292
4.989847002510797,6.778482087367122
0.8781095525350735,2.137011637197422
3.506006962501453,1.542023316743943
6.615614897226635,4.794795751573588
5.537464444319926,5.345834680944583
6.1721693407203935,4.5528630115286255
5.969549139482778,4.992322316926402
4.183281797778287,3.3672822155239546
3.7972340533294586,1.895363958275434
1.502580238746547,6.6289095378006735
2.6530391380508767,4.8150798962891725
1.0483372244759703,6.7194205499399295
2.6813535190541424,5.55694770846127
0.9885999359062023,4.747725030396271
1.8579384405617128,6.175613807498275
2.7822019721174023,5.377824468381776
1.0089872554460118,3.2308688251032223
5.2116037725982265,2.4237079398041965
3.956359243924246,4.7054248348211125
2.4728650565993666,0.763614340438075
6.766612706713656,3.3055097138011607
2.0509539274830937,3.806847704150438
0.10043906321109264,0.4285240674189478
0.7831479256434373,1.9326421345096105
4.193489984765382,1.1304539887587297
4.318527113817964,5.661371234883078
4.708240237883783,3.813944954918472
6.083483305681694,0.24123599098780746
6.995724291712335,1.3378325972365461
1.626084636449706,5.014228628533063
5.688352960190251,2.9167860562020667
2.055507804354853,3.325307820366499
1.6450505948599086,4.202904541203919
3.863846738263684,2.4614949982492518
0.6833942090911704,1.5033616272320813
6.907939793325444,2.9900595710393145
0.7591829529531323,0.8581283954424619
2.4912835550374908,2.325390264128118
0.17604658723818523,4.945781071322751
2.7757873637075936,3.1569597133982756
5.786136704232332,1.5023531574166253
6.915577437651669,1.6804323645188535
1.4965716859394242,4.075467050335984
1.3537094281799058,4.9569880349749
2.5813592341384872,0.4318233031400719
1.1360316937484423,5.71387730897448
0.15082131117566977,3.329868932063775
5.159352968825663,1.0627546634886373
1.5188614185899114,4.565251776451226
3.2011045940706664,2.2578787043864406
5.680677019758768,1.2362143638283434
2.3280876749957953,3.26780640819711
3.6204919790321894,6.743709914991417
5.722841412349126,0.4510059236234878
1.0517533238847352,1.6929995706382979
1.3246011626542953,0.6760756813549992
6.865663721362676,2.006246884460821
5.501342866592416,6.786604111817686
0.3685355954832429,1.779752216747462
4.957941773669015,6.235015985130281
2.2082003189143276,0.4437978061686554
1.9886355421631503,4.494986282168044
4.975095828802001,2.702694827538797
4.230302942046029,0.06975201102502038
1.7771965609254088,1.904015495262846
2.457072241782493,2.193729629680571
1.8255707891598278,4.232962722756151
0.4861998927094342,2.323274728181504
4.836365391332058,3.979396260483511
2.267994922056916,2.7046419535697668
6.293019313905632,1.0002202069095563
4.4002680751435435,5.784405164840875
0.9039496843910065,1.330529599685382
5.532909956789544,5.207979153812416
1.844745161628974,3.5998301872328176
4.397698902562024,1.5138535003822633
2.791211486146474,6.591560130699754
0.24975515773476453,4.245765028222356
4.826508130672931,6.459374170841974
0.5288991376726007,0.7185699132694322
2.704340655128783,1.2722491802712814
5.149897623693415,0.6381485882292034
2.409119039194038,3.1974653731848552
6.458488508893655,6.80370603646967
6.990087697287895,3.199971392676905
3.1880656112134647,2.8034430486165896
6.552183262365732,4.657396187584601
5.191333261981001,6.378242634684328
2.7998363639837986,4.688533174059057
6.1470515039808475,1.4474736443524197
2.2005579306486998,2.1325143945581226
3.293171161158578,0.8204203805672641
0.34363147492497526,1.8807203970125117
5.668908596183436,5.177798167089962
2.458626905031628,3.1666855799150153
4.053953986477277,3.532926332838229
4.396640448765024,1.9535305157369138
1.6722630864493815,1.8851629422197718
4.962256600846424,6.130194848101401
6.377870872801658,6.732948305176033
2.028216021794176,2.121631713705925
0.609206677539895,1.8493881971827584
0.21401139399374847,0.29780442918387584
1.6066480551583944,0.765696140043833
1.6223944165450113,4.143236401131172
5.59113801380203,1.5990677695458724
1.071901976774134,1.0185176051350346
2.584739678657302,6.807075270756271
0.7470962222091589,0.4673333725326747
6.8430506684940955,5.143418313043116
3.682993686018786,4.544415921533995
1.575819609267934,2.347004017263007
6.2121727452370825,3.5883201212351685
1.7681219576713367,2.757258732925774
0.2574256394080523,4.810448593675441
4.577417718713916,0.6929592305261657
2.095703379405199,2.1112674389150605
4.82484479165827,4.292289358278098
5.450959584701598,4.363458968519416
5.22164755901682,6.972105508058054
4.031925393287834,0.9802387572629591
1.298659632942921,6.768059447415026
1.4682089613981115,1.6236127915580307
2.1391547066811425,5.027176407971604
0.925433490704592,2.8219673294133196
3.0926795562567784,5.836903133301992
5.890074611924741,3.2994104506410773
0.45333954440630664,4.5487224498220895
0.83355326229872,5.780526459365441
6.919468304971732,2.8864980929725492
6.102324012453563,5.581356775718773
5.284981615950986,1.7205765141135299
2.1092642228810288,1.5731180807868033
3.718461317132316,0.5531630847541485
6.080627291199731,0.65074726545574
1.2160044699731039,0.9013811329105452
5.695273169944935,5.072242433174295
4.434780220929665,0.5002670258900179
3.9374231330940215,5.905905692806803
0.05577030732607713,4.822038160087851
4.502440330323691,1.9172164060315304
5.259507797597908,6.471153331342887
3.194819727122648,5.339119981208313
3.711990659938003,3.9234189258419327
0.9737175388622366,2.064548592310254
0.8196793573022648,0.5119496264739805
2.5719219618513414,4.442575189127414
2.2388400727099658,5.089395790230443
2.7879350967429524,0.5341350651276975
0.3513553143336743,2.51294396752023
2.0594032372962046,6.888258777708527
3.8361766751875335,2.235595105409434
3.438028872648442,6.769860233666288
6.601444023494106,5.963644129141885
2.0903309001687225,5.812375560292951
1.3197682565714222,0.7556067336282782
5.919868326444788,4.870947472616625
3.0393323669858976,4.660532616867663
3.2305545762490375,6.918925565951099
0.13037867283815785,6.144056712980181
5.720842122150186,0.25537282382886783
4.331539951911244,6.845432255787265
6.063096054965465,3.4362869245944885
4.399835548230764,5.918254593317438
1.9937223221642482,0.3331758896383773
2.8177673735513515,5.263210298538073
1.5916628934501362,0.4180222563944813
6.658082320081561,6.7943467092495515
2.3092919695811305,1.327895844127712
5.330290127002272,4.873345418126608
6.3352745847917245,4.871318642947171
0.8500883725481719,4.286238112266254
0.9222997636053466,4.427169101396062
6.98149115949598,6.917767603897985
4.784696118234924,3.1937162628030995
3.7151498417069155,5.077843842084324
2.395023240621027,0.9362771415029771
2.468544331966956,1.8283839744668766
3.439167808531511,6.532840401858409
6.651066924468745,0.9257092524087409
0.6590177263773815,6.031201412425859
2.1011356688088867,4.6840979702104075
2.4158742709932617,3.7222421483846433
5.782012330960853,6.4064076510645895
5.603318394166651,1.5970735695021525
1.6801087692831183,5.722082884334081
5.135689799497087,0.9329818687382981
6.257731360098534,6.287440068976484
2.2557824367262502,6.820662714949603
5.743268103444632,1.0091928994158579
6.7362645070738,2.00113267177048
0.0938439537486968,6.9309991355988165
6.799516401880962,6.771275044985383
2.477783749543882,6.192934602806443
4.240510951644618,2.135445078055707
6.282572174816819,3.2770839561043554
4.074920032192315,1.9957739921465918
5.431583755049788,2.5117902320029666
3.7238997926563906,5.946297638553785
6.151840987051741,3.601968302626338
4.356356895665466,4.657861475930174
6.281477954720476,0.07010502310590982
1.3217741679645918,5.54142196550867
6.433818063075567,1.0906292079572757
0.8843478026887238,4.8895696250425225
6.951517863135236,2.6194738391368757
4.097920384456505,6.453734452755055
5.407919455130449,1.8735073622858085
5.471185600601258,2.4410556565667703
2.280798447306627,2.5338454786430553
0.0723196703751966,5.540338326320465
3.3018691937101443,2.7688311345272645
5.24701025381425,3.6953792904847536
0.00048412150138721355,6.600312961107919
6.267220466500785,0.37679569220996356
2.4260706083620405,6.4999058800715535
6.646357700573422,1.5268785285109039
3.2516209313406153,1.9259484110507736
4.794408680293954,3.432854151833216
1.2728080794173517,3.6112602422877327
3.1912955722903997,1.2517788651489146
3.4468137452177006,0.4735033182391193
0.36273024241651675,3.8858054685900614
0.08860871449725027,3.1620323921277174
2.5965615188320967,4.961388901372458
6.374797791714832,2.182416783624342
6.764714369528614,3.5674073184312745
5.741391043360002,4.152951248895842
4.379576265122007,5.158921031487074
1.5222679216796382,3.2304447276301937
0.9894769807623657,0.23606462541526585
5.626834226620987,6.92338049418052
4.675220439745295,1.5567865259211349
1.526058765414808,0.5858114122636735
4.057592186745467,0.14564855500306606
1.0373075100406903,1.0227076645467603
2.995439735416473,6.777199150598117
6.216219299896752,4.9815113586569115
6.9905829925482115,4.4849210883370025
0.3864835748346712,1.0427246156211152
2.9109319441626385,6.040227430159164
4.750943254868768,4.665550633601265
4.736261001913744,0.9266740266914105
3.4570439507749584,2.3466480668194674
4.416213598609219,4.693862758694282
2.161923218936551,2.1990020792322356
0.7439169785765278,1.1542222780811238
1.667581929600066,4.3662553440431635
0.5096406790507312,0.5551937946406567
1.7069377862412431,1.164470949472054
3.5033740413722487,2.5555083950217803
0.6472033108714164,6.5625450740436975
1.8675765590453182,6.416583077546263
6.20165735549408,5.365240122566639
0.8914617532405329,0.5761214873646467
2.4247632887442103,0.17678267972750406
4.831306535826792,4.276575011216533
6.28429261056845,5.962360231788577
1.1564226732045817,3.0612979682057357
1.6397695678132893,2.4362972427498524
4.833489395018701,5.32299012308798
2.768681971585445,0.3817679088256324
6.268563086938222,3.7040100478575715
2.043022196514062,0.40303632577206494
6.451924702720317,2.276044495205854
0.7675784166128832,0.9309085039640325
6.350041301462558,0.07326950923708464
2.1202983808964135,1.631584095879545
2.8943516302373853,2.333942385182348
3.1941257738898625,6.23061196326281
6.746897185575487,4.34830364573774
4.325682960997684,5.111112750362349
5.485518442348072,1.5561231533132172
1.9840249987933745,1.0182638738425855
3.0004087887466,5.809301875630051
0.5038078962524644,5.3540127052137025
5.597913621969318,1.3688024289311358
2.466248213272483,2.2254024341652854
1.7161145366986899,5.633302829858872
3.4240932519986815,2.81230351108071
6.625087877666201,3.686492201575986
5.773120291750013,6.416018404149969
5.1189206921279204,2.7352540293820926
5.505177210438353,6.4563918242610745
3.6792219540097237,4.362033079191445
1.7326975637323683,1.4213756737783827
5.165907209621894,6.192207831080431
5.478278566793004,4.416147294709135
2.096845156979673,2.7363125179236802
3.879596921504028,3.1851575423172163
5.698778030904501,6.696199443064329
0.8872119274344534,1.3582405072475439
1.674927598375782,3.8493407424463357
6.508975906525517,0.43160931139660097
3.354900706574628,2.3984830602561726
0.5507533898758483,6.872839539247127
1.4816420413429565,2.1779041562376635
2.8544060270843667,0.25855962002663513
2.7873857013191747,1.185343160829696
0.015109821874315865,4.413547911377447
6.109229788468388,4.585298721467154
5.077435706216563,5.895940758023081
2.715696078587839,4.470578555402008
5.281084638463543,3.7320149907376785
0.8254212234692808,5.74704342945817
3.308163170311967,4.693036562737016
4.23301143976914,2.867303562750625
6.514828444597516,4.885031116056266
3.137678396060917,0.9087249200316486
6.221801211415392,1.2604684760147427
1.5883555259631938,2.7547220949924047
5.3100733150940025,3.0363613990060463
5.791096446161867,4.114490456002189
6.926765579473976,2.207047591715559
4.317775569632548,1.6987874917497057
1.6372439189376564,1.0576375846582136
3.9614788948933284,2.0173164239132846
3.174033342359696,1.069463493085101
3.9337143967579697,6.839289826559394
5.381673713782177,4.603161077360156
3.8334176351789253,2.5122270899757564
1.7269356692821336,5.024305847716292
1.3304529346023863,6.922388960914659
6.005665296746983,6.5391385152712145
6.813679967156055,0.6803229380320968
4.879391433917673,4.353201274378963
0.4763140593955535,5.643488947919104
1.0014363152955823,3.216368022959508
6.602661805542905,3.2760647123429463
2.465975035672595,4.218225631416507
6.388660674780116,2.401519167767277
6.005715234791918,4.557348011259923
5.04893593907107,4.538930907209666
2.131048899617637,2.2064148276736577
4.135369511112633,2.2274118281183526
6.242024687139093,3.225351384321133
2.6495874399088803,2.197878955111359
0.5210295111640643,3.0806158994122175
0.6560550956197748,3.3377456944875425
6.039719203375005,3.222951145329352
4.952819137177914,1.2754136234167297
3.849509470834508,0.12325051035292822
5.207438247005119,1.5807511767451634
6.828603979654984,3.5993880189919936
5.49045457543263,2.129551305141337
2.224345742581471,6.271960982776583
5.983484695662754,5.682387694244594
6.4993893548846895,0.44168438201632687
0.6320506144229737,4.3400106175166275
6.843725225894582,1.5150696093211256
4.089387061279397,6.830254323526882
3.4568675051121716,6.690422740158443
2.4728581839454757,0.8333444612193507
0.8232930412872576,0.9496203659627014
2.2183727063361416,4.07586735240283
3.5782682447443896,5.419278893374905
0.9612207638863316,5.273574488818234
6.920675565060219,1.4625662061518137
2.1669421874883605,3.1532483262354947
1.1622616505629024,0.9835661704613916
0.23777449275329277,0.8324859122770539
5.221304969607307,6.106454746174451
3.913693642687519,0.29774225974403024
6.392381516687738,3.144138902829433
1.2500630373096158,0.4477517367301519
2.2717280397673036,3.7235191732647577
3.462692945385609,2.248233144683806
3.2993386216510743,0.3003575266236227
0.6824355594916676,5.4031358012762265
0.11407655865486999,4.9683140561449495
2.743834847218337,3.916160334147632
2.9556607716826253,2.8087584234371272
2.43563273973501,6.772314907999183
5.127245203416777,1.8893024076001295
6.071120055549986,6.025481042324083
4.140101905955628,5.556618179437817
6.94546944995403,1.1721988387345426
4.853643614993286,4.471072305303828
2.0169455892713097,3.518432718893519
6.35654407234121,6.449725570870331
2.6737529682446644,3.59413065194277
6.476953797470607,6.223039474160213
4.106337421390608,1.6151486020126997
4.541496885847591,1.4496590311933706
2.0184468102787307,4.773986429190105
4.515733621505384,3.528481254703684
3.228418535386769,0.7434243427662244
0.279271644311595,5.457724815802216
2.3553185306297415,6.876839515641334
4.116197465658413,2.8761362589935153
1.1005996726036793,5.519025954473884
0.001551209389882624,3.752885722015968
1.938383011525397,6.216788141490294
0.194234407896974,4.644487219062094
0.010302048686753107,0.6207555139747326
0.8604095698441004,2.778298959460043
2.3261325272460205,5.733880255103489
6.2875808981130525,5.341073818055037
6.160534469654434,2.7908183253677388
4.094896095012761,6.888955954392867
0.020868051192875492,1.4615303930082186
2.6789104017126815,1.7702679294479475
0.7151540911079353,2.3723546547950436
6.829818141697757,2.5085398030405686
5.786710940207626,4.215825908447856
4.642890842160904,1.2147034181487304
4.327090126932036,0.006202310177170434
5.520170056045112,5.502996007553349
6.633640493728205,5.741411659554295
2.941515991864949,0.0027831557381947647
1.3825547135613743,0.7237387851433302
6.403474543749582,1.930266382410022
3.2711567529121126,5.822471904308687
5.4148431865520035,5.297043072926646
5.263399630190815,3.8908844786218078
3.3058950667641276,3.7652929555583476
2.3651491621198186,3.9785635636162717
1.20417982272645,4.8231793407188555
5.48379391724127,1.5578893885710712
0.2484523778860468,4.425579277085465
6.190710341742975,1.9078332876049202
5.05179459535326,0.6308308315888114
4.512602277074764,0.8248507644219121
0.4169722813200891,1.6964814156436345
3.7564427734630734,6.677163047866206
6.197410883669614,4.35325272138003
0.6582868248096828,6.94241124557308
4.494210303088039,1.242099792892379
0.0841710314802685,4.581078324716628
5.180434484252466,0.7162845456655431
0.8693951339709123,5.855084990925505
4.940039599571948,3.1823931721506393
5.113864610725204,0.6833975461665577
4.662187762677088,3.4800796903428077
6.1263251384676725,5.365106062406705
4.416579008464249,5.461137899408049
4.251113332031987,4.19659327513622
3.5361511608465253,2.330530996495134
2.0736561349427527,0.5696672408166078
0.7181507556555081,0.8130085154501208
3.2820129608286446,3.2133908973496137
6.829411119916152,4.331168689629256
6.583287034676592,1.3757720737900663
3.941542301969149,1.2113146196104112
0.6401804033005725,6.902075380069241
1.4839542687104992,5.779730996370424
5.681261059055424,2.4903140771500434
6.147037968285526,0.7593521297046869
5.278728901290745,4.731476086017212
3.0052355583229318,1.0500837264110494
5.109111494682189,3.05892548890577
0.7494176846258966,2.4594067386718588
0.485489826325451,0.006701268523677584
3.8067296263993566,2.5853346648621622
4.541993156493582,4.337991212298793
6.072853826310051,6.010340115434879
0.2808722035770387,1.8358948186115747
6.547566695348023,5.47327769970413
6.15719407324854,4.280890258434042
1.1644885600950343,1.345204294456284
4.505951749235498,3.9725048354366796
5.3367304858269495,3.5263494031877287
0.5384798361332022,2.836224645475185
0.6995155420915097,5.7896554373148845
0.2724629951478382,5.011589300309768
1.843969880588471,5.609063623814637
0.7583907264009008,1.8897258437307558
4.941867207294917,3.1870739292967714
2.1066568837589585,2.312140190855782
3.291067120765913,6.994324202789983
4.650879600160748,0.7606382650894862
5.218358363491899,3.9325014444886692
6.7810413612677,2.8689249441339904
0.9335166857810759,6.0216845422062
5.467549901904909,0.05004612948420695
1.6299352048845164,0.580847414666289
6.863811889656154,3.392798033551738
2.5978903640295963,5.43093624570605
5.120140926419242,1.9188566101208817
4.4583472270801,6.606672720244622
5.7020974233050925,3.367867403333327
1.4309695911051277,0.5091804142215544
0.8254609460346592,1.6424008368393
1.1523455793605055,0.000338337319134574
4.239657446919304,1.730038812886772
3.9056262175838237,5.682187612473323
4.377644342008947,4.625406359386077
0.758167647772635,3.797620898927133
4.639730253348378,2.792795198231682
2.684538300497291,2.6437841186291338
2.091895370927653,4.435424897620463
1.2012729110778673,2.7377708586027136
0.6264229867243156,4.581233802217449
6.9620394679504365,2.2049791118916504
5.905900481856337,3.8383227446181905
1.408880608092347,4.158125293833803
2.2173484343077674,2.938015306868078
6.2905682026907535,6.781386957734695
6.970557769035917,3.8467322551081073
3.171863449354356,4.5827311939098845
2.509148906261183,3.0278481890155753
1.8260977008018622,5.434424414863002
3.318217245072521,1.9142320956307686
2.1464411520051936,3.6275404192991685
6.863708541517216,5.180263734153667
3.897296313205804,5.225289075025936
6.185100607916376,5.495625412886303
4.72794891629676,2.969790149737004
3.6943516105271055,4.3638425763342745
0.28737212865579254,6.03087845136985
0.7330122175480034,2.26379840344336
0.5008060058475106,4.240969779971782
6.820675626166287,1.6550447802044306
0.6758973469659993,1.1669835406246518
2.4850065838582864,5.384782628460081
6.3034647298384865,1.2264723894634022
0.7968441966194119,5.814762131351644
6.945291218735741,6.969155098629936
2.8532833092905783,1.8140263738612235
1.7723407669970668,0.6994808783857623
1.3288666347080107,6.698113610719129
2.987742325437059,2.1126706283240164
1.310075732725919,6.991000114760066
3.5890274291844744,2.5678120714927077
6.3301561519927105,5.2096549906162695
4.891179338309252,3.156624963022976
3.54804832368691,0.11405614035959522
3.807014376387766,0.2833244489283625
6.383916737105173,6.337255056924384
4.447570260097995,1.5842624419639408
5.314666901810212,5.153529708071295
0.27281051930662337,1.5644695254058574
0.21421483328860225,6.542520414852426
1.9411358189226064,3.0707154899206395
6.500478965821721,1.1528274628408584
6.879579653109109,1.0065691670942005
6.418104248464488,4.286647877439723
5.352436409821883,0.8823775838001848
6.492167728941873,5.015363288180348
4.2035928434700445,2.7579484593367383
1.5982901209998595,6.695905858711033
3.3661614830841686,0.3918884193008906
1.0848776680173673,1.6055645903288616
0.39415624252513803,0.42294611906567037
4.70725168492902,6.281986506367367
2.216373932113003,2.7169142469638543
2.379548933248733,4.5563681410289245
0.951709230463658,1.6581441703546094
0.38466750943722794,4.945428139546773
0.657999005322176,3.623006541654339
1.373679351635269,3.7532163072197
3.0554037714881526,5.412636984230685
2.3823190669040804,2.415189493355034
4.645620771903923,1.2532385788180138
2.475555341782435,0.5270840082771829
6.2738983233569705,4.462717224114283
4.980398545012604,6.156346974297386
4.201800563450902,0.7268246703641135
4.692057195275373,3.5300501128260926
2.953449081614792,5.974612750028647
1.5187705593104086,5.145580197602256
0.2994224493440478,6.951891219088997
6.112527177804021,3.991674125276467
1.7940515854131025,4.990448467624376
6.326556919603242,6.81044510141923
2.646295062139912,4.2966506188393385
6.89477779728308,2.1556467015410266
1.6921316157615292,6.916890636481241
2.1540187500196044,6.674689646944459
3.687386108158341,1.1751857247466426
6.1448033692009165,3.4775898170856516
1.7369984733940407,6.172462526164733
5.165846126329339,5.276048906186127
3.33286008482993,0.030385815499641367
2.6839382816677864,4.644579898130632
6.312181707270702,3.657327406648184
3.34019708883426,2.3077199099911327
2.1212517384922354,1.1017365611116448
1.0167357384685545,5.471720535809702
0.5995368740420577,1.7869500479246083
1.0352934326454792,4.024170086923373
3.560939844803416,3.823413165221871
3.1316514840436613,5.441678141062275
4.279053478663238,1.6636554012297873
1.4312965604785042,3.3963325286852575
5.051963731679093,6.591519378226109
1.6619247125317123,3.4031158229770786
3.9201191089240113,1.4855226141793862
5.48199428189446,6.455312366914753
1.6864436355639811,3.0515447071285084
6.506220702662915,5.248932517582474
4.374130005583012,4.199731814848567
4.827017245454575,4.834070450153477
3.073268107361183,3.449553640226738
4.505686252816022,4.212625371708868
4.1058649710288995,6.3494821092152405
5.119843203649964,6.6528503299087705
6.701254396650555,2.683125286227929
6.085710811137764,1.3297990196124458
1.2712424402783051,6.015743714745592
0.011889702720024098,2.0674724614735416
4.329382669253947,3.72248877096842
1.9866205023626637,3.235370135948953
5.447143967762745,6.504325408588701
6.535800960194971,6.7975300937202805
1.3001326975593126,2.4753802165849343
6.401064551327674,3.1485581042924387
0.7355217960994926,5.624566017182296
5.180618761429029,4.72400845828855
4.189161771332286,4.150060478519573
4.466217443537444,2.0880833109443424
3.041381576626021,2.3266135993464983
0.875788617727541,5.30156949577691
3.2809560793573045,3.0300583030959616
4.417949875222753,2.2392188226639758
2.5307179364274046,6.345924953337455
0.13769036674859791,2.577974609309788
3.821650167056409,0.8455555813705414
2.2279843694467045,0.9137812447154943
1.6688347091372018,6.089791257605326
5.492861677970709,3.9793846864673075
0.43925517760147725,5.082490326890504
5.517911776061036,1.4617919617409632
3.5352850810559513,0.49152807783857544
3.9330819353546,4.085169089540758
6.580784011298335,3.1154216149301748
2.0847119283257474,3.330427977264062
0.07648094412697848,6.345392858659476
0.415900130506101,4.405076302915753
5.9918678034691215,4.411645903400577
0.5430595600252149,1.385880476916844
1.8588515900843143,6.930391461563119
0.8848963612333905,6.248878600420941
0.8003513761628277,5.976376564564786
0.7342559698483802,0.17705559148537497
2.349236203333827,5.228830089330905
5.0038662728292405,3.197605163961904
1.1739307718871987,5.411328754713561
3.536419913261093,1.3322669448443407
1.7055496477291405,0.46692005909296574
6.332203296470367,3.152584818256165
3.941285425524628,1.2342052129306125
0.4697032948957064,4.254669740625841
0.7355621312933491,6.16271267393911
2.836232284817306,4.441604141243046
5.990138516191392,1.736689885719868
0.742789353818589,4.626988652388916
1.8339080719165688,3.8224945477799146
0.47133874797581765,3.3418305572744353
2.085886739232137,1.6302720655814342
6.965140838978407,3.031885079260218
1.703388820072257,3.8244865998475324
1.2966499801836258,5.343669315837973
5.561058228228524,4.018772043445723
5.206119845895621,0.18741789842836087
2.318229686027472,2.976426552752689
1.8125951810195684,0.078517350991683
1.641037360038431,4.093124081849631
5.979152145894902,2.9232808544624245
5.711338689495737,0.3578772465913278
0.11740293210600317,5.179769954392886
2.2834368731059276,5.960075233900595
5.525971166181115,5.8946316102980125
1.4943848291360649,0.7054019205269928
1.078911243650938,3.518384687907023
1.6087581068912407,0.813841325287474
0.21692156130761597,0.1497927737759227
5.588366092853037,4.954093297590425
6.466574230201972,3.9423173547344597
5.10864421609276,0.43386646055398714
6.223891716354604,4.298600512924473
3.0889785415866036,2.3560863487464516
6.644127725694291,4.0684147067834715
0.6576873186815069,4.132965602780866
1.9133348194239281,3.608356694155221
5.905378986810901,5.275416227651483
0.7081477149685572,2.7742759034363953
3.383320508340268,5.962671215614824
6.407613424044196,1.1462524949874346
3.770516430510523,5.233008697593461
2.531206889884496,6.732146326749929
2.905853227663226,5.807401777796832
1.4172691149586973,6.944671496198258
1.916776151531587,3.415736306627487
4.268227519594184,6.340920072372243
0.9419958398875787,2.6347131041461647
4.742191014621493,3.239711456238582
0.2846040396295997,5.290182849093332
2.995000790631886,3.8718884789384456
4.167729820023407,1.9409196884527589
5.428784579397131,1.2308958168717339
5.960581298763215,3.3776876998769287
2.66961534220491,6.209214692527482
4.784962604673857,4.645307760066228
6.591809483744747,1.209614121680628
0.9432612575936081,0.35097787718769746
4.059997773104648,1.648864716971946
5.900863966232984,2.0798753532203467
1.9243951149714857,0.6079630684934343
1.4361549667653029,4.768338924859803
0.24427872627026637,5.339110825139934
3.0382975794883276,5.083960900380946
6.801423415700137,6.564278529014338
4.0203741013037195,3.8641647566162263
2.083091125908436,2.6000204035260595
0.6557106396126983,4.115362387521746
5.183623443467919,6.9993589979190425
2.0982499164953947,5.408797978804839
5.999183468532781,0.6249204548393267
4.4301173518247445,5.706445211526205
4.762082775460244,4.747661719514031
2.394995442763391,3.2405605689840273
3.3707268337148033,4.73828573366475
5.998606515954598,4.925525860309462
0.7211539103653777,5.954433189629102
5.158316878905938,3.3838648040216746
6.371407565333502,2.952283219065969
4.710267158365938,6.623597221367549
5.542678580937952,6.378791067093722
6.036585513676709,0.2845065071611098
0.9858998120358465,5.302374986796281
4.3026420181408245,1.9724606925322439
6.7810813747170515,2.7337086237615686
5.732677315631157,0.646964591792186
2.2115602767649,1.5081102331626872
4.001516156187979,2.3154482454764937
5.174475899277773,2.4397472503689404
5.610661363121575,0.7394725421132287
6.741368731871196,2.386351717458368
5.232958325531585,2.277641524189887
1.9748347356178373,3.6320361303623088
5.9870269902116355,2.6492543768972685
4.605873365107772,1.2775998437209024
0.6536477697189018,3.8507876013772706
5.101768766526007,1.5835116331952763
3.42634129140514,5.717620404880597
4.830623329676263,1.3518166841189658
1.8376129578874247,3.7726275568511403
2.1263803494709665,4.648673202332963
3.6467749838692836,3.827228342167023
5.508751740548194,6.647236049249622
2.82322526769564,1.189066516647613
2.3466759450950936,1.3006049656596654
1.3373017108071044,4.9505409620562695
0.3816442975581601,6.048720902795654
2.725861982259425,1.8190798835833553
5.649554264680373,3.4745559941862334
3.1684663142949168,4.801087238698484
5.595882284158461,1.460244427233392
4.8234805825188865,0.9597884510662338
0.5947203313906281,1.5587045419065375
3.196650300979885,6.620649363133223
6.621140777310484,1.3067264316403806
1.1997996052706714,1.0739348473233212
3.739614773842793,1.9006284082691383
0.5853084646547732,4.216219383363612
1.0307585389605305,0.7951620409827023
4.595941378795891,0.34948036769525403
6.879170687457022,0.3159804510244665
4.067340323794218,2.825522809282405
2.0989349668255373,1.0745690655772648
4.2750815684215695,3.5628900145009363
1.5867394301654474,6.953543582412475
2.9928309578644385,6.740709454043948
4.598300279532898,0.3866533223883878
6.004463270429546,0.1744578444822047
4.024083750705605,3.3463138180883867
4.9445564993675015,6.905125191983084
6.219006419681318,2.9474557013757083
4.312659510960366,1.3793109101500358
4.446066063244482,6.648421487191292
1.9423684444522946,0.9571325204241267
2.0618342073175926,2.306369588864566
1.4358040439673752,4.1293433901951575
0.1034922638743061,0.10351444388005004
1.876927012462555,6.207679480497437
5.2616162400385,5.824603249050478
4.751421842285669,0.421001190747171
2.0977214719456865,4.84521291281365
4.165545135485217,3.576246563708971
2.8953669839966643,1.8386473011722035
4.025333050820228,5.000069902105142
5.130081192685161,2.1127605444667266
5.485023695412353,2.515324073355891
2.954323808829052,0.9742085271582013
1.2493418873344817,6.670596885487937
4.1799474070399,0.5402263299731862
3.107998874508244,0.9269404907815268
5.564285515756369,4.883024058892354
5.828870961242417,2.4673156547284405
6.016160633901723,3.377631783870961
3.8636932569426374,3.5516176584992922
5.001801029492841,4.820747764044885
0.08171415352147215,2.715358996982662
4.378814711273671,0.30294656360929484
5.167170322282004,6.763728188040752
3.679869670808297,0.8872851120020326
4.978961561225143,3.4490907416229035
4.039836506171599,4.755261395468426
5.1509083216551454,2.579507300139307
2.4198840480677335,5.970618492542109
5.722464435768874,5.653918928784365
1.4693246085122391,3.562783701512977
4.1290282805809,1.9994131989503887
3.641355313971051,2.5573051961317947
5.052282696443207,6.341501477688761
4.863715126702016,1.6759071828901122
2.189224639226617,6.368820026933758
1.8305834719417562,1.3444453190103554
5.48982758326474,4.840541054860547
6.354282522896116,4.741488056653108
2.1091337572789133,3.4989012369236843
2.0117202991662335,0.6891348985393814
0.1637967491028055,1.970466085197194
6.150088759320515,6.235548984365396
4.359267711176964,5.830899513562326
0.8020248000736472,4.8913095208767325
0.6511369363087082,3.8514364991520913
3.5478726929140074,4.47142462120175
1.2720291613909223,0.19568556769620982
6.19050649950816,2.172408484047706
0.5470790723538973,3.1577249189471823
2.1399324960536967,5.828643109934876
3.5094329451610116,1.4595805805332827
1.2845211425385088,5.802020209255479
3.2120347874921755,3.28030963974392
2.815409347820912,0.14159876073161737
4.307282644838909,0.5407580273470466
0.008880638555237463,5.812044791388662
0.3002376628851786,3.8986680712425743
1.1992283562276378,2.405468219986516
5.314751715526539,2.7097593389617307
0.899730615039862,6.355969709327124
5.846546074420706,6.3542086384359004
5.98614426897851,4.7563389889008425
5.497019045104389,0.9434924877577924
0.5680788581391742,5.333771463313033
2.0342894733834616,3.528442244806362
6.70637916795813,3.197739194569002
3.6349508873910903,3.683705170899424
3.7770423299937144,5.446785030994208
4.419548247036167,0.8787104142529663
2.812750472083136,4.73882115985056
4.035822336569371,4.416120511926533
3.467929394636592,3.81058187123948
1.8795253129754557,3.3818105834989107
4.696306649606073,0.6067474948561142
0.8319242457408674,1.8793070037753181
2.41025272674964,3.901218411275238
6.441426786249362,0.23665576621303108
4.844140118606164,1.7531275782478906
2.9569124951645467,5.705127910224662
4.1030651894000885,0.5753004606162645
5.41784702649719,5.030358925972238
2.560008302435702,0.5802656464229218
1.423345915896084,5.8867402763149395
2.973695335745977,2.304669950490942
3.9213753658231787,3.3867124466322425
3.831742322687182,3.5178054004400674
3.502329674424841,4.970043771361564
2.7672727985097416,5.83265546871762
4.095138919475186,2.0707776546082917
0.07985007127880128,2.3396889691582983
2.713434813207917,5.51782019542859
3.143915432026841,2.4284440942318053
4.266608254229644,6.0448248284827075
1.7242428684010442,1.0842467486328937
5.910321335243566,1.51136882302474
1.3384778229436332,4.712700540206006
1.6805872118404865,3.475356697251406
1.63972957565433,3.1740252715599295
6.203588134494267,6.318975930717971
4.774366087815729,6.5570003983326846
5.683789035174194,3.194792231418941
6.848998652506381,1.5885975800260863
1.4961554705266766,0.7883248790238031
5.4958083778953135,3.453046317786824
2.3530595256666595,1.0809148017360362
4.001719425511182,0.2008514197885991
1.8079669481323122,1.2253778041989523
5.611617792585924,4.52775033323101
6.478772234645047,6.69941197754313
6.082582049405448,2.286154864190655
1.0270492425636535,0.330500018901292
4.485023314049603,2.606052621230914
0.5949373228240269,2.9255800020803933
3.909159997740714,4.5723107891804835
6.628534048185963,3.1087590836680676
5.092019213463152,0.19303340068543107
0.6038659013814525,6.666816803661964
5.004377800455551,5.574732957925087
6.057693379833674,4.155949047362286
3.703645864064624,2.8671274854795192
6.51016094155559,3.8519968784492424
2.526204680929595,0.25723153480128647
1.5708535494109261,6.789537426778816
5.5704539415717536,4.873110794694919
0.37608843708748163,4.7256922275202955
2.427502706356883,5.925058526372304
5.5223858170241975,0.11076764857529353
2.9743015742284116,1.3729883725994099
3.6705450982739296,4.110181657433897
5.1847385267518655,0.2590032289629167
4.461760375879024,6.579710728121914
5.5186667663113775,5.591099496032696
6.2577389448982395,1.5973936251129839
2.5049128727836836,0.677702680380325
1.3564843850359423,0.3899962577223144
6.511821442457644,5.9923210593154295
2.853369815311621,5.955584068949795
3.579240001769889,0.041830748622386005
6.408947901948306,5.778383067620629
5.8909872271775505,2.157034883541775
1.327225996108154,0.5954166998232572
5.521050076737683,6.6323716251333344
0.9104571330309733,3.283325680133372
0.16261666328559943,1.0448619650372206
3.6379621340007295,0.7562204810259102
1.9881415772011837,3.914047732812534
0.2734345474528891,2.2733506484134103
4.967168443037028,6.87844856633052
0.6947396190906376,6.177960097610888
5.367667743888656,6.851827094008576
1.1609244054876655,5.380715335783037
0.8032894749134996,6.431409806253197
5.09753057390572,0.28529783029271794
0.09296758909685754,6.681503585614811
2.5331510187279562,5.95385266035846
5.621307437729271,3.6088075367945653
2.7088429574653157,3.7765298952734363
4.368814984822146,0.21559228615903192
6.744632340670629,1.5542881984122743
4.244402710752649,6.144884193218645
1.8388556094711785,5.86692322686899
6.847327413281025,5.76051389015287
4.405496655161724,0.5567621123883252
0.5029627943414976,1.1237626250589794
5.590087043603714,3.929897368373109
0.7823176865870247,4.803299363072266
3.045082387754931,2.4414550810259836
1.2013984579260293,3.139969755903129
4.283231158473854,5.158658989172527
2.6574920289389863,3.954865724407412
4.930732651403787,6.457623405467376
4.072238882530242,4.474088642832288
5.1450162197047895,4.812306447913325
1.0021533075029754,3.8807624003808434
4.207418665816359,3.627139146717848
5.164962203524865,4.971203005987183
1.8367258521788936,3.4714183023564438
4.175076271613442,4.412821812473019
0.813199396436292,1.648646549491327
4.036919920588217,4.04128927573541
0.6659594305187762,2.4653523029306337
3.9575086336426093,6.4450321495616025
6.654043088362971,4.318817573107895
6.14279263567426,0.9228185149231455
3.280455193293914,1.945166157755974
6.406023093201861,3.0465677930593955
6.8987439993059825,3.822599487776407
1.0679854177813715,1.2066562255500188
5.3395292260439415,2.3797148464252835
2.1039671027978493,1.49997956749047
3.0188428398130243,2.564003972110166
5.673836924752257,0.4016070414842001
1.398093838320329,2.265842301712256
5.536778013470538,0.5205176207445283
1.9078731052979774,6.135516700597903
3.5947680361565464,0.14672303125091923
2.335625923461634,6.68042489398149
4.364900006267977,4.656081441597237
0.34796063898452323,5.460959507611051
2.2923435129364105,2.8476476703085982
0.6725913741527048,5.985289481026278
4.027667718593015,4.2692748407231385
6.187004884268864,5.5030766353222225
0.576091669166216,5.408683543937517
3.298398076025437,1.719965097105654
2.995319387312893,2.9407287216582443
4.372705535993077,0.48929523867963653
3.609901649270672,1.4542732666513225
5.025830048375844,2.5528331063662133
4.766554090541479,2.1750939274238625
3.496235004514057,5.17595186482471
6.040933628331396,4.6087388327010474
2.15368651886636,2.887224353560839
3.243481367881904,5.879968997241678
4.876811852964449,5.889289259359983
2.964531966004629,3.786802661990573
0.388749863059745,6.946217582663412
2.2492375186190525,1.1707283084255753
1.234249305377203,3.7988974111370135
6.685847265009039,6.876609814480272
3.8950455276881613,3.9008776749165266
1.5407837080041702,5.386731391505453
6.766412337971953,4.919589477440741
2.1589358663648075,6.494586612846075
2.851903221939944,1.4106372023113813
5.0507406905823435,4.597032618732152
2.0302475454202558,6.50099718873086
0.5877420269008513,2.4399610699100602
6.949710528055179,1.822066662908552
0.38401789592469093,2.1932354709176254
1.9711992751907124,4.74499967478636
0.3479149051407576,1.9822614254304631
5.923163546881849,4.613276873077941
5.026772849994185,4.110391601786046
3.7059378295411824,5.565046593835935
0.5177469019594538,3.7245993646800555
3.235267251347005,0.5375197703043442
2.16186402773026,1.8906623970537013
3.164265236379305,2.574421859075415
0.4269424936396645,0.8593088276060847
2.5816422960705268,3.6038001972538782
5.659730664711805,2.506565004650545
5.823870618346069,6.455342784259448
