3.5,3.5
3.7565588907126686,3.702069093389697
3.041163781711003,3.1648236474713083
3.041163781711003,3.1648236474713083
4.73160495708526,3.8780636806601825
2.715898145921875,3.5986985820727586
2.715898145921875,3.5986985820727586
2.715898145921875,3.5986985820727586
4.541364642850432,3.445962985117951
4.541364642850432,3.445962985117951
5.043884924852042,4.765943785942357
5.412815062675704,3.4491036128390196
5.412815062675704,3.4491036128390196
5.412815062675704,3.4491036128390196
2.334068614567546,3.504960657451677
2.334068614567546,3.504960657451677
2.334068614567546,3.504960657451677
2.334068614567546,3.504960657451677
2.334068614567546,3.504960657451677
4.6149190635764015,4.1586783546241985
4.6149190635764015,4.1586783546241985
4.6149190635764015,4.1586783546241985
4.6149190635764015,4.1586783546241985
4.6149190635764015,4.1586783546241985
4.451204521418208,2.657246476371964
4.451204521418208,2.657246476371964
4.33770151860797,5.01791445843465
4.33770151860797,5.01791445843465
4.33770151860797,5.01791445843465
4.33770151860797,5.01791445843465
4.33770151860797,5.01791445843465
4.33770151860797,5.01791445843465
4.220198356333359,3.8985711981444533
4.220198356333359,3.8985711981444533
4.220198356333359,3.8985711981444533
4.220198356333359,3.8985711981444533
4.220198356333359,3.8985711981444533
4.220198356333359,3.8985711981444533
4.220198356333359,3.8985711981444533
4.220198356333359,3.8985711981444533
4.220198356333359,3.8985711981444533
4.220198356333359,3.8985711981444533
2.2037805065234877,4.477780713720065
2.2037805065234877,4.477780713720065
2.2037805065234877,4.477780713720065
2.2037805065234877,4.477780713720065
2.2037805065234877,4.477780713720065
2.85237860949899,3.2105934056004775
2.85237860949899,3.2105934056004775
2.85237860949899,3.2105934056004775
2.85237860949899,3.2105934056004775
2.85237860949899,3.2105934056004775
2.85237860949899,3.2105934056004775
2.85237860949899,3.2105934056004775
2.85237860949899,3.2105934056004775
2.85237860949899,3.2105934056004775
2.85237860949899,3.2105934056004775
2.85237860949899,3.2105934056004775
2.6390957470548546,4.944856612719359
2.6390957470548546,4.944856612719359
2.6390957470548546,4.944856612719359
2.6390957470548546,4.944856612719359
2.6390957470548546,4.944856612719359
5.88279541930756,3.1411754114972354
5.88279541930756,3.1411754114972354
5.88279541930756,3.1411754114972354
5.685128190343671,2.5873542458835006
5.685128190343671,2.5873542458835006
5.685128190343671,2.5873542458835006
5.685128190343671,2.5873542458835006
5.685128190343671,2.5873542458835006
5.685128190343671,2.5873542458835006
3.9548273198386075,2.3522072618821
3.9548273198386075,2.3522072618821
4.275160760255944,4.381540004260159
4.275160760255944,4.381540004260159
4.275160760255944,4.381540004260159
4.275160760255944,4.381540004260159
4.275160760255944,4.381540004260159
4.275160760255944,4.381540004260159
4.275160760255944,4.381540004260159
4.275160760255944,4.381540004260159
4.275160760255944,4.381540004260159
4.275160760255944,4.381540004260159
4.275160760255944,4.381540004260159
4.275160760255944,4.381540004260159
4.275160760255944,4.381540004260159
4.275160760255944,4.381540004260159
4.275160760255944,4.381540004260159
4.275160760255944,4.381540004260159
4.275160760255944,4.381540004260159
4.275160760255944,4.381540004260159
4.275160760255944,4.381540004260159
4.275160760255944,4.381540004260159
4.275160760255944,4.381540004260159
4.275160760255944,4.381540004260159
4.275160760255944,4.381540004260159
4.275160760255944,4.381540004260159
4.275160760255944,4.381540004260159
4.275160760255944,4.381540004260159
2.7164386187893634,5.204968528846173
2.7164386187893634,5.204968528846173
2.7164386187893634,5.204968528846173
2.7164386187893634,5.204968528846173
2.7164386187893634,5.204968528846173
2.7164386187893634,5.204968528846173
2.7164386187893634,5.204968528846173
2.7164386187893634,5.204968528846173
2.7164386187893634,5.204968528846173
2.7164386187893634,5.204968528846173
3.2253134509287387,4.1462368458022905
3.2253134509287387,4.1462368458022905
3.2253134509287387,4.1462368458022905
3.2253134509287387,4.1462368458022905
3.2253134509287387,4.1462368458022905
3.2253134509287387,4.1462368458022905
3.2253134509287387,4.1462368458022905
3.2253134509287387,4.1462368458022905
3.2253134509287387,4.1462368458022905
3.2253134509287387,4.1462368458022905
3.2253134509287387,4.1462368458022905
3.2253134509287387,4.1462368458022905
5.6795775876034185,3.5456995639950053
5.6795775876034185,3.5456995639950053
5.6795775876034185,3.5456995639950053
5.6795775876034185,3.5456995639950053
5.6795775876034185,3.5456995639950053
5.6795775876034185,3.5456995639950053
5.6795775876034185,3.5456995639950053
5.6795775876034185,3.5456995639950053
5.6795775876034185,3.5456995639950053
5.6795775876034185,3.5456995639950053
5.6795775876034185,3.5456995639950053
5.6795775876034185,3.5456995639950053
6.308422482855986,2.2553198937871985
6.308422482855986,2.2553198937871985
6.308422482855986,2.2553198937871985
6.308422482855986,2.2553198937871985
6.308422482855986,2.2553198937871985
6.308422482855986,2.2553198937871985
6.308422482855986,2.2553198937871985
6.308422482855986,2.2553198937871985
6.308422482855986,2.2553198937871985
2.7023486631026126,3.9002745926820106
2.7023486631026126,3.9002745926820106
2.7023486631026126,3.9002745926820106
2.7023486631026126,3.9002745926820106
2.7023486631026126,3.9002745926820106
2.7023486631026126,3.9002745926820106
2.7023486631026126,3.9002745926820106
2.7023486631026126,3.9002745926820106
2.7023486631026126,3.9002745926820106
2.7023486631026126,3.9002745926820106
2.7023486631026126,3.9002745926820106
2.7023486631026126,3.9002745926820106
2.7023486631026126,3.9002745926820106
2.7023486631026126,3.9002745926820106
2.7023486631026126,3.9002745926820106
2.7023486631026126,3.9002745926820106
2.7023486631026126,3.9002745926820106
2.7023486631026126,3.9002745926820106
2.7023486631026126,3.9002745926820106
2.7023486631026126,3.9002745926820106
2.7023486631026126,3.9002745926820106
2.7023486631026126,3.9002745926820106
2.7023486631026126,3.9002745926820106
2.7023486631026126,3.9002745926820106
2.7023486631026126,3.9002745926820106
2.7023486631026126,3.9002745926820106
2.7023486631026126,3.9002745926820106
2.7023486631026126,3.9002745926820106
2.7023486631026126,3.9002745926820106
2.7023486631026126,3.9002745926820106
2.7023486631026126,3.9002745926820106
2.7023486631026126,3.9002745926820106
2.7023486631026126,3.9002745926820106
2.7023486631026126,3.9002745926820106
2.7023486631026126,3.9002745926820106
2.7023486631026126,3.9002745926820106
2.7023486631026126,3.9002745926820106
2.7023486631026126,3.9002745926820106
2.7023486631026126,3.9002745926820106
2.1659877856086593,5.90186747727392
2.1659877856086593,5.90186747727392
2.1659877856086593,5.90186747727392
2.1659877856086593,5.90186747727392
2.1659877856086593,5.90186747727392
2.1659877856086593,5.90186747727392
2.1659877856086593,5.90186747727392
2.1659877856086593,5.90186747727392
2.1659877856086593,5.90186747727392
2.1659877856086593,5.90186747727392
4.1155424418222575,3.669950498743345
4.1155424418222575,3.669950498743345
4.1155424418222575,3.669950498743345
4.1155424418222575,3.669950498743345
4.1155424418222575,3.669950498743345
4.1155424418222575,3.669950498743345
4.1155424418222575,3.669950498743345
4.1155424418222575,3.669950498743345
4.1155424418222575,3.669950498743345
4.1155424418222575,3.669950498743345
4.1155424418222575,3.669950498743345
4.1155424418222575,3.669950498743345
4.1155424418222575,3.669950498743345
4.1155424418222575,3.669950498743345
4.1155424418222575,3.669950498743345
4.1155424418222575,3.669950498743345
4.1155424418222575,3.669950498743345
4.1155424418222575,3.669950498743345
4.1155424418222575,3.669950498743345
4.1155424418222575,3.669950498743345
4.1155424418222575,3.669950498743345
4.1155424418222575,3.669950498743345
4.1155424418222575,3.669950498743345
4.1155424418222575,3.669950498743345
4.1155424418222575,3.669950498743345
4.1155424418222575,3.669950498743345
4.1155424418222575,3.669950498743345
4.1155424418222575,3.669950498743345
4.1155424418222575,3.669950498743345
4.1155424418222575,3.669950498743345
4.1155424418222575,3.669950498743345
4.1155424418222575,3.669950498743345
4.1155424418222575,3.669950498743345
4.1155424418222575,3.669950498743345
4.1155424418222575,3.669950498743345
4.1155424418222575,3.669950498743345
4.1155424418222575,3.669950498743345
4.1155424418222575,3.669950498743345
4.1155424418222575,3.669950498743345
4.1155424418222575,3.669950498743345
4.1155424418222575,3.669950498743345
4.1155424418222575,3.669950498743345
4.1155424418222575,3.669950498743345
4.1155424418222575,3.669950498743345
4.1155424418222575,3.669950498743345
4.1155424418222575,3.669950498743345
5.87176728831135,2.1749993202353335
5.87176728831135,2.1749993202353335
5.87176728831135,2.1749993202353335
5.87176728831135,2.1749993202353335
5.87176728831135,2.1749993202353335
5.87176728831135,2.1749993202353335
5.87176728831135,2.1749993202353335
5.87176728831135,2.1749993202353335
5.87176728831135,2.1749993202353335
5.87176728831135,2.1749993202353335
5.87176728831135,2.1749993202353335
5.87176728831135,2.1749993202353335
5.87176728831135,2.1749993202353335
5.87176728831135,2.1749993202353335
5.87176728831135,2.1749993202353335
5.87176728831135,2.1749993202353335
5.87176728831135,2.1749993202353335
5.87176728831135,2.1749993202353335
2.4129882695285567,5.576332405627169
2.4129882695285567,5.576332405627169
2.4129882695285567,5.576332405627169
2.4129882695285567,5.576332405627169
2.4129882695285567,5.576332405627169
2.4129882695285567,5.576332405627169
2.4129882695285567,5.576332405627169
2.4129882695285567,5.576332405627169
2.4129882695285567,5.576332405627169
2.4129882695285567,5.576332405627169
2.4129882695285567,5.576332405627169
2.4129882695285567,5.576332405627169
2.4129882695285567,5.576332405627169
2.4129882695285567,5.576332405627169
2.4129882695285567,5.576332405627169
2.4129882695285567,5.576332405627169
2.4129882695285567,5.576332405627169
2.4129882695285567,5.576332405627169
2.4129882695285567,5.576332405627169
2.4129882695285567,5.576332405627169
2.4129882695285567,5.576332405627169
2.4129882695285567,5.576332405627169
2.4129882695285567,5.576332405627169
2.4129882695285567,5.576332405627169
2.4129882695285567,5.576332405627169
5.406317373100464,2.5744410479453554
5.406317373100464,2.5744410479453554
5.406317373100464,2.5744410479453554
5.406317373100464,2.5744410479453554
5.406317373100464,2.5744410479453554
5.406317373100464,2.5744410479453554
5.406317373100464,2.5744410479453554
5.406317373100464,2.5744410479453554
5.406317373100464,2.5744410479453554
5.406317373100464,2.5744410479453554
5.406317373100464,2.5744410479453554
5.406317373100464,2.5744410479453554
5.406317373100464,2.5744410479453554
5.406317373100464,2.5744410479453554
5.406317373100464,2.5744410479453554
5.406317373100464,2.5744410479453554
5.406317373100464,2.5744410479453554
5.406317373100464,2.5744410479453554
5.406317373100464,2.5744410479453554
5.406317373100464,2.5744410479453554
5.406317373100464,2.5744410479453554
5.406317373100464,2.5744410479453554
5.406317373100464,2.5744410479453554
5.406317373100464,2.5744410479453554
5.406317373100464,2.5744410479453554
5.406317373100464,2.5744410479453554
5.406317373100464,2.5744410479453554
5.406317373100464,2.5744410479453554
5.406317373100464,2.5744410479453554
5.406317373100464,2.5744410479453554
5.406317373100464,2.5744410479453554
5.406317373100464,2.5744410479453554
5.406317373100464,2.5744410479453554
5.406317373100464,2.5744410479453554
5.406317373100464,2.5744410479453554
5.406317373100464,2.5744410479453554
5.406317373100464,2.5744410479453554
5.406317373100464,2.5744410479453554
5.406317373100464,2.5744410479453554
5.406317373100464,2.5744410479453554
5.406317373100464,2.5744410479453554
1.6157494771506036,5.453846622880203
1.6157494771506036,5.453846622880203
1.6157494771506036,5.453846622880203
1.6157494771506036,5.453846622880203
1.6157494771506036,5.453846622880203
1.6157494771506036,5.453846622880203
1.6157494771506036,5.453846622880203
1.6157494771506036,5.453846622880203
1.6157494771506036,5.453846622880203
1.6157494771506036,5.453846622880203
1.6157494771506036,5.453846622880203
1.6157494771506036,5.453846622880203
1.6157494771506036,5.453846622880203
1.6157494771506036,5.453846622880203
1.6157494771506036,5.453846622880203
1.6157494771506036,5.453846622880203
1.6157494771506036,5.453846622880203
1.6157494771506036,5.453846622880203
1.6157494771506036,5.453846622880203
1.6157494771506036,5.453846622880203
1.6157494771506036,5.453846622880203
1.6157494771506036,5.453846622880203
1.6157494771506036,5.453846622880203
1.6157494771506036,5.453846622880203
1.6157494771506036,5.453846622880203
1.6157494771506036,5.453846622880203
1.6157494771506036,5.453846622880203
1.6157494771506036,5.453846622880203
1.6157494771506036,5.453846622880203
1.6157494771506036,5.453846622880203
1.6157494771506036,5.453846622880203
1.6157494771506036,5.453846622880203
1.6157494771506036,5.453846622880203
1.6157494771506036,5.453846622880203
1.6157494771506036,5.453846622880203
2.1951653313326913,2.767765470520011
2.1951653313326913,2.767765470520011
2.1951653313326913,2.767765470520011
2.1951653313326913,2.767765470520011
2.1951653313326913,2.767765470520011
2.1951653313326913,2.767765470520011
2.1951653313326913,2.767765470520011
2.1951653313326913,2.767765470520011
2.1951653313326913,2.767765470520011
2.1951653313326913,2.767765470520011
2.1951653313326913,2.767765470520011
2.1951653313326913,2.767765470520011
2.1951653313326913,2.767765470520011
2.1951653313326913,2.767765470520011
2.1951653313326913,2.767765470520011
2.1951653313326913,2.767765470520011
2.1951653313326913,2.767765470520011
2.1951653313326913,2.767765470520011
2.1951653313326913,2.767765470520011
2.1951653313326913,2.767765470520011
2.1951653313326913,2.767765470520011
2.1739899297532146,2.734156621153281
2.1739899297532146,2.734156621153281
2.1739899297532146,2.734156621153281
2.1739899297532146,2.734156621153281
2.1739899297532146,2.734156621153281
2.1739899297532146,2.734156621153281
2.1739899297532146,2.734156621153281
2.1739899297532146,2.734156621153281
2.1739899297532146,2.734156621153281
2.1739899297532146,2.734156621153281
2.1739899297532146,2.734156621153281
2.1739899297532146,2.734156621153281
2.1739899297532146,2.734156621153281
2.1739899297532146,2.734156621153281
2.1739899297532146,2.734156621153281
2.1739899297532146,2.734156621153281
2.1739899297532146,2.734156621153281
2.1739899297532146,2.734156621153281
2.1739899297532146,2.734156621153281
2.1739899297532146,2.734156621153281
2.1739899297532146,2.734156621153281
2.1739899297532146,2.734156621153281
2.1739899297532146,2.734156621153281
2.1739899297532146,2.734156621153281
2.1739899297532146,2.734156621153281
2.1739899297532146,2.734156621153281
2.1739899297532146,2.734156621153281
2.1739899297532146,2.734156621153281
2.1739899297532146,2.734156621153281
2.1739899297532146,2.734156621153281
2.1739899297532146,2.734156621153281
2.1739899297532146,2.734156621153281
2.1739899297532146,2.734156621153281
2.1739899297532146,2.734156621153281
2.1739899297532146,2.734156621153281
2.1739899297532146,2.734156621153281
2.1739899297532146,2.734156621153281
2.1739899297532146,2.734156621153281
2.1739899297532146,2.734156621153281
5.082417702366884,2.4099516755307353
5.082417702366884,2.4099516755307353
5.082417702366884,2.4099516755307353
5.082417702366884,2.4099516755307353
5.082417702366884,2.4099516755307353
5.082417702366884,2.4099516755307353
5.082417702366884,2.4099516755307353
5.082417702366884,2.4099516755307353
5.082417702366884,2.4099516755307353
5.082417702366884,2.4099516755307353
5.082417702366884,2.4099516755307353
5.082417702366884,2.4099516755307353
5.082417702366884,2.4099516755307353
5.082417702366884,2.4099516755307353
5.082417702366884,2.4099516755307353
5.082417702366884,2.4099516755307353
5.082417702366884,2.4099516755307353
5.082417702366884,2.4099516755307353
5.082417702366884,2.4099516755307353
5.082417702366884,2.4099516755307353
5.082417702366884,2.4099516755307353
5.082417702366884,2.4099516755307353
5.082417702366884,2.4099516755307353
5.082417702366884,2.4099516755307353
5.082417702366884,2.4099516755307353
5.082417702366884,2.4099516755307353
5.082417702366884,2.4099516755307353
5.082417702366884,2.4099516755307353
5.082417702366884,2.4099516755307353
5.082417702366884,2.4099516755307353
5.082417702366884,2.4099516755307353
5.082417702366884,2.4099516755307353
5.082417702366884,2.4099516755307353
5.082417702366884,2.4099516755307353
5.082417702366884,2.4099516755307353
5.082417702366884,2.4099516755307353
5.082417702366884,2.4099516755307353
5.082417702366884,2.4099516755307353
5.082417702366884,2.4099516755307353
5.082417702366884,2.4099516755307353
5.082417702366884,2.4099516755307353
5.082417702366884,2.4099516755307353
5.082417702366884,2.4099516755307353
5.082417702366884,2.4099516755307353
5.082417702366884,2.4099516755307353
5.082417702366884,2.4099516755307353
5.082417702366884,2.4099516755307353
5.082417702366884,2.4099516755307353
5.082417702366884,2.4099516755307353
5.082417702366884,2.4099516755307353
5.082417702366884,2.4099516755307353
5.082417702366884,2.4099516755307353
5.082417702366884,2.4099516755307353
5.082417702366884,2.4099516755307353
5.082417702366884,2.4099516755307353
5.082417702366884,2.4099516755307353
5.082417702366884,2.4099516755307353
5.082417702366884,2.4099516755307353
5.082417702366884,2.4099516755307353
5.082417702366884,2.4099516755307353
5.082417702366884,2.4099516755307353
5.082417702366884,2.4099516755307353
5.082417702366884,2.4099516755307353
5.082417702366884,2.4099516755307353
5.082417702366884,2.4099516755307353
5.082417702366884,2.4099516755307353
5.082417702366884,2.4099516755307353
4.5927595182551535,2.2340022218318976
4.5927595182551535,2.2340022218318976
4.5927595182551535,2.2340022218318976
4.5927595182551535,2.2340022218318976
4.5927595182551535,2.2340022218318976
4.5927595182551535,2.2340022218318976
4.5927595182551535,2.2340022218318976
4.5927595182551535,2.2340022218318976
4.5927595182551535,2.2340022218318976
4.5927595182551535,2.2340022218318976
4.5927595182551535,2.2340022218318976
4.5927595182551535,2.2340022218318976
4.5927595182551535,2.2340022218318976
4.5927595182551535,2.2340022218318976
4.5927595182551535,2.2340022218318976
4.5927595182551535,2.2340022218318976
4.5927595182551535,2.2340022218318976
4.5927595182551535,2.2340022218318976
4.5927595182551535,2.2340022218318976
4.5927595182551535,2.2340022218318976
4.5927595182551535,2.2340022218318976
4.5927595182551535,2.2340022218318976
4.5927595182551535,2.2340022218318976
4.5927595182551535,2.2340022218318976
4.5927595182551535,2.2340022218318976
4.5927595182551535,2.2340022218318976
4.5927595182551535,2.2340022218318976
4.5927595182551535,2.2340022218318976
4.5927595182551535,2.2340022218318976
4.5927595182551535,2.2340022218318976
4.5927595182551535,2.2340022218318976
4.5927595182551535,2.2340022218318976
4.5927595182551535,2.2340022218318976
4.5927595182551535,2.2340022218318976
4.5927595182551535,2.2340022218318976
4.5927595182551535,2.2340022218318976
4.5927595182551535,2.2340022218318976
4.5927595182551535,2.2340022218318976
4.5927595182551535,2.2340022218318976
4.5927595182551535,2.2340022218318976
4.5927595182551535,2.2340022218318976
4.5927595182551535,2.2340022218318976
4.5927595182551535,2.2340022218318976
4.5927595182551535,2.2340022218318976
4.5927595182551535,2.2340022218318976
4.5927595182551535,2.2340022218318976
4.5927595182551535,2.2340022218318976
4.5927595182551535,2.2340022218318976
4.5927595182551535,2.2340022218318976
4.5927595182551535,2.2340022218318976
4.5927595182551535,2.2340022218318976
4.5927595182551535,2.2340022218318976
4.5927595182551535,2.2340022218318976
4.5927595182551535,2.2340022218318976
4.5927595182551535,2.2340022218318976
4.5927595182551535,2.2340022218318976
4.5927595182551535,2.2340022218318976
4.5927595182551535,2.2340022218318976
4.5927595182551535,2.2340022218318976
4.5927595182551535,2.2340022218318976
4.5927595182551535,2.2340022218318976
4.5927595182551535,2.2340022218318976
4.5927595182551535,2.2340022218318976
4.5927595182551535,2.2340022218318976
4.5927595182551535,2.2340022218318976
4.5927595182551535,2.2340022218318976
4.5927595182551535,2.2340022218318976
4.5927595182551535,2.2340022218318976
4.5927595182551535,2.2340022218318976
4.5927595182551535,2.2340022218318976
4.5927595182551535,2.2340022218318976
4.5927595182551535,2.2340022218318976
4.5927595182551535,2.2340022218318976
4.5927595182551535,2.2340022218318976
4.5927595182551535,2.2340022218318976
4.5927595182551535,2.2340022218318976
4.5927595182551535,2.2340022218318976
4.5927595182551535,2.2340022218318976
4.5927595182551535,2.2340022218318976
4.5927595182551535,2.2340022218318976
4.5927595182551535,2.2340022218318976
4.5927595182551535,2.2340022218318976
4.5927595182551535,2.2340022218318976
4.5927595182551535,2.2340022218318976
4.5927595182551535,2.2340022218318976
4.5927595182551535,2.2340022218318976
4.5927595182551535,2.2340022218318976
4.5927595182551535,2.2340022218318976
4.5927595182551535,2.2340022218318976
4.5927595182551535,2.2340022218318976
4.5927595182551535,2.2340022218318976
4.5927595182551535,2.2340022218318976
4.5927595182551535,2.2340022218318976
4.5927595182551535,2.2340022218318976
4.5927595182551535,2.2340022218318976
4.5927595182551535,2.2340022218318976
4.5927595182551535,2.2340022218318976
4.5927595182551535,2.2340022218318976
4.5927595182551535,2.2340022218318976
4.5927595182551535,2.2340022218318976
4.5927595182551535,2.2340022218318976
4.5927595182551535,2.2340022218318976
4.5927595182551535,2.2340022218318976
4.5927595182551535,2.2340022218318976
4.5927595182551535,2.2340022218318976
4.5927595182551535,2.2340022218318976
4.5927595182551535,2.2340022218318976
4.5927595182551535,2.2340022218318976
4.5927595182551535,2.2340022218318976
4.5927595182551535,2.2340022218318976
4.5927595182551535,2.2340022218318976
4.5927595182551535,2.2340022218318976
1.844390311281226,5.125527901125849
1.844390311281226,5.125527901125849
1.844390311281226,5.125527901125849
1.844390311281226,5.125527901125849
1.844390311281226,5.125527901125849
1.844390311281226,5.125527901125849
1.844390311281226,5.125527901125849
1.844390311281226,5.125527901125849
1.844390311281226,5.125527901125849
1.844390311281226,5.125527901125849
1.844390311281226,5.125527901125849
1.844390311281226,5.125527901125849
1.844390311281226,5.125527901125849
1.844390311281226,5.125527901125849
1.844390311281226,5.125527901125849
1.844390311281226,5.125527901125849
1.844390311281226,5.125527901125849
1.844390311281226,5.125527901125849
1.844390311281226,5.125527901125849
1.844390311281226,5.125527901125849
1.844390311281226,5.125527901125849
1.844390311281226,5.125527901125849
1.844390311281226,5.125527901125849
1.844390311281226,5.125527901125849
1.844390311281226,5.125527901125849
1.844390311281226,5.125527901125849
1.844390311281226,5.125527901125849
1.844390311281226,5.125527901125849
1.844390311281226,5.125527901125849
1.844390311281226,5.125527901125849
1.844390311281226,5.125527901125849
1.844390311281226,5.125527901125849
1.844390311281226,5.125527901125849
1.844390311281226,5.125527901125849
1.844390311281226,5.125527901125849
1.844390311281226,5.125527901125849
1.844390311281226,5.125527901125849
1.844390311281226,5.125527901125849
1.844390311281226,5.125527901125849
1.844390311281226,5.125527901125849
1.844390311281226,5.125527901125849
1.844390311281226,5.125527901125849
1.844390311281226,5.125527901125849
1.844390311281226,5.125527901125849
1.844390311281226,5.125527901125849
1.844390311281226,5.125527901125849
1.844390311281226,5.125527901125849
1.844390311281226,5.125527901125849
1.844390311281226,5.125527901125849
1.844390311281226,5.125527901125849
1.844390311281226,5.125527901125849
1.844390311281226,5.125527901125849
1.844390311281226,5.125527901125849
1.844390311281226,5.125527901125849
1.844390311281226,5.125527901125849
1.844390311281226,5.125527901125849
1.844390311281226,5.125527901125849
1.844390311281226,5.125527901125849
1.844390311281226,5.125527901125849
1.844390311281226,5.125527901125849
1.844390311281226,5.125527901125849
1.844390311281226,5.125527901125849
1.844390311281226,5.125527901125849
1.844390311281226,5.125527901125849
1.844390311281226,5.125527901125849
1.844390311281226,5.125527901125849
1.844390311281226,5.125527901125849
1.844390311281226,5.125527901125849
1.844390311281226,5.125527901125849
1.844390311281226,5.125527901125849
1.844390311281226,5.125527901125849
1.844390311281226,5.125527901125849
1.844390311281226,5.125527901125849
1.844390311281226,5.125527901125849
1.844390311281226,5.125527901125849
1.844390311281226,5.125527901125849
1.844390311281226,5.125527901125849
1.844390311281226,5.125527901125849
1.844390311281226,5.125527901125849
1.844390311281226,5.125527901125849
1.844390311281226,5.125527901125849
1.844390311281226,5.125527901125849
1.844390311281226,5.125527901125849
1.844390311281226,5.125527901125849
1.844390311281226,5.125527901125849
1.844390311281226,5.125527901125849
1.844390311281226,5.125527901125849
1.844390311281226,5.125527901125849
1.844390311281226,5.125527901125849
1.844390311281226,5.125527901125849
2.7141211824430056,5.454824619778088
2.7141211824430056,5.454824619778088
2.7141211824430056,5.454824619778088
2.7141211824430056,5.454824619778088
2.7141211824430056,5.454824619778088
2.7141211824430056,5.454824619778088
2.7141211824430056,5.454824619778088
2.7141211824430056,5.454824619778088
2.7141211824430056,5.454824619778088
2.7141211824430056,5.454824619778088
2.7141211824430056,5.454824619778088
2.7141211824430056,5.454824619778088
2.7141211824430056,5.454824619778088
2.7141211824430056,5.454824619778088
2.7141211824430056,5.454824619778088
2.7141211824430056,5.454824619778088
2.7141211824430056,5.454824619778088
2.7141211824430056,5.454824619778088
2.7141211824430056,5.454824619778088
2.7141211824430056,5.454824619778088
2.7141211824430056,5.454824619778088
2.7141211824430056,5.454824619778088
2.7141211824430056,5.454824619778088
2.7141211824430056,5.454824619778088
2.7141211824430056,5.454824619778088
2.7141211824430056,5.454824619778088
2.7141211824430056,5.454824619778088
2.7141211824430056,5.454824619778088
2.7141211824430056,5.454824619778088
2.7141211824430056,5.454824619778088
2.7141211824430056,5.454824619778088
2.7141211824430056,5.454824619778088
2.7141211824430056,5.454824619778088
2.7141211824430056,5.454824619778088
2.7141211824430056,5.454824619778088
2.7141211824430056,5.454824619778088
2.7141211824430056,5.454824619778088
2.7141211824430056,5.454824619778088
2.7141211824430056,5.454824619778088
2.7141211824430056,5.454824619778088
2.7141211824430056,5.454824619778088
2.7141211824430056,5.454824619778088
2.7141211824430056,5.454824619778088
2.7141211824430056,5.454824619778088
2.7141211824430056,5.454824619778088
2.7141211824430056,5.454824619778088
2.7141211824430056,5.454824619778088
2.7141211824430056,5.454824619778088
2.7141211824430056,5.454824619778088
2.7141211824430056,5.454824619778088
2.7141211824430056,5.454824619778088
2.7141211824430056,5.454824619778088
2.7141211824430056,5.454824619778088
2.7141211824430056,5.454824619778088
2.7141211824430056,5.454824619778088
2.7141211824430056,5.454824619778088
2.7141211824430056,5.454824619778088
2.7141211824430056,5.454824619778088
2.7141211824430056,5.454824619778088
2.7141211824430056,5.454824619778088
2.7141211824430056,5.454824619778088
2.7141211824430056,5.454824619778088
2.7141211824430056,5.454824619778088
2.7141211824430056,5.454824619778088
2.7141211824430056,5.454824619778088
2.7141211824430056,5.454824619778088
2.7141211824430056,5.454824619778088
2.7141211824430056,5.454824619778088
2.7141211824430056,5.454824619778088
2.7141211824430056,5.454824619778088
2.7141211824430056,5.454824619778088
2.7141211824430056,5.454824619778088
2.7141211824430056,5.454824619778088
2.7141211824430056,5.454824619778088
2.7141211824430056,5.454824619778088
2.7141211824430056,5.454824619778088
2.7141211824430056,5.454824619778088
2.7141211824430056,5.454824619778088
2.7141211824430056,5.454824619778088
2.7141211824430056,5.454824619778088
2.7141211824430056,5.454824619778088
2.7141211824430056,5.454824619778088
2.7141211824430056,5.454824619778088
2.7141211824430056,5.454824619778088
2.7141211824430056,5.454824619778088
2.7141211824430056,5.454824619778088
2.7141211824430056,5.454824619778088
2.7141211824430056,5.454824619778088
2.7141211824430056,5.454824619778088
2.7141211824430056,5.454824619778088
2.7141211824430056,5.454824619778088
2.7141211824430056,5.454824619778088
2.7141211824430056,5.454824619778088
2.7141211824430056,5.454824619778088
2.7141211824430056,5.454824619778088
2.7141211824430056,5.454824619778088
2.7141211824430056,5.454824619778088
2.7141211824430056,5.454824619778088
2.7141211824430056,5.454824619778088
2.7141211824430056,5.454824619778088
2.7141211824430056,5.454824619778088
2.7141211824430056,5.454824619778088
2.7141211824430056,5.454824619778088
2.7141211824430056,5.454824619778088
2.7141211824430056,5.454824619778088
2.7141211824430056,5.454824619778088
2.7141211824430056,5.454824619778088
2.7141211824430056,5.454824619778088
2.7141211824430056,5.454824619778088
2.7141211824430056,5.454824619778088
2.7141211824430056,5.454824619778088
2.7141211824430056,5.454824619778088
2.7141211824430056,5.454824619778088
2.7141211824430056,5.454824619778088
2.7141211824430056,5.454824619778088
2.7141211824430056,5.454824619778088
2.7141211824430056,5.454824619778088
2.7141211824430056,5.454824619778088
2.7141211824430056,5.454824619778088
2.7141211824430056,5.454824619778088
2.7141211824430056,5.454824619778088
2.7141211824430056,5.454824619778088
2.7141211824430056,5.454824619778088
2.7141211824430056,5.454824619778088
2.7141211824430056,5.454824619778088
2.7141211824430056,5.454824619778088
2.7141211824430056,5.454824619778088
2.7141211824430056,5.454824619778088
2.7141211824430056,5.454824619778088
2.7141211824430056,5.454824619778088
2.7141211824430056,5.454824619778088
2.7141211824430056,5.454824619778088
2.7141211824430056,5.454824619778088
2.7141211824430056,5.454824619778088
2.7141211824430056,5.454824619778088
2.7141211824430056,5.454824619778088
2.7141211824430056,5.454824619778088
2.7141211824430056,5.454824619778088
2.7141211824430056,5.454824619778088
2.7141211824430056,5.454824619778088
6.790881335895469,3.3186412721977585
6.790881335895469,3.3186412721977585
6.790881335895469,3.3186412721977585
6.087602366232321,3.7851012022638746
6.087602366232321,3.7851012022638746
6.087602366232321,3.7851012022638746
6.087602366232321,3.7851012022638746
6.087602366232321,3.7851012022638746
6.087602366232321,3.7851012022638746
6.087602366232321,3.7851012022638746
6.087602366232321,3.7851012022638746
6.087602366232321,3.7851012022638746
6.087602366232321,3.7851012022638746
6.087602366232321,3.7851012022638746
6.087602366232321,3.7851012022638746
6.087602366232321,3.7851012022638746
6.087602366232321,3.7851012022638746
6.087602366232321,3.7851012022638746
6.087602366232321,3.7851012022638746
6.087602366232321,3.7851012022638746
6.087602366232321,3.7851012022638746
6.087602366232321,3.7851012022638746
6.087602366232321,3.7851012022638746
6.087602366232321,3.7851012022638746
2.563542586863169,2.8231734670813218
2.563542586863169,2.8231734670813218
2.563542586863169,2.8231734670813218
2.563542586863169,2.8231734670813218
2.563542586863169,2.8231734670813218
2.563542586863169,2.8231734670813218
2.563542586863169,2.8231734670813218
2.563542586863169,2.8231734670813218
2.563542586863169,2.8231734670813218
2.563542586863169,2.8231734670813218
2.563542586863169,2.8231734670813218
2.563542586863169,2.8231734670813218
2.563542586863169,2.8231734670813218
2.563542586863169,2.8231734670813218
2.563542586863169,2.8231734670813218
2.563542586863169,2.8231734670813218
2.563542586863169,2.8231734670813218
2.563542586863169,2.8231734670813218
2.563542586863169,2.8231734670813218
2.563542586863169,2.8231734670813218
2.563542586863169,2.8231734670813218
2.563542586863169,2.8231734670813218
2.563542586863169,2.8231734670813218
2.563542586863169,2.8231734670813218
2.563542586863169,2.8231734670813218
2.563542586863169,2.8231734670813218
2.563542586863169,2.8231734670813218
2.563542586863169,2.8231734670813218
2.563542586863169,2.8231734670813218
2.563542586863169,2.8231734670813218
2.563542586863169,2.8231734670813218
2.563542586863169,2.8231734670813218
2.563542586863169,2.8231734670813218
2.563542586863169,2.8231734670813218
2.563542586863169,2.8231734670813218
2.563542586863169,2.8231734670813218
2.563542586863169,2.8231734670813218
2.563542586863169,2.8231734670813218
2.563542586863169,2.8231734670813218
2.563542586863169,2.8231734670813218
2.563542586863169,2.8231734670813218
2.563542586863169,2.8231734670813218
2.563542586863169,2.8231734670813218
2.563542586863169,2.8231734670813218
2.563542586863169,2.8231734670813218
2.563542586863169,2.8231734670813218
2.563542586863169,2.8231734670813218
2.563542586863169,2.8231734670813218
2.563542586863169,2.8231734670813218
2.563542586863169,2.8231734670813218
2.563542586863169,2.8231734670813218
2.563542586863169,2.8231734670813218
2.563542586863169,2.8231734670813218
2.563542586863169,2.8231734670813218
2.563542586863169,2.8231734670813218
2.563542586863169,2.8231734670813218
2.563542586863169,2.8231734670813218
2.563542586863169,2.8231734670813218
2.563542586863169,2.8231734670813218
2.563542586863169,2.8231734670813218
2.563542586863169,2.8231734670813218
2.563542586863169,2.8231734670813218
2.563542586863169,2.8231734670813218
2.563542586863169,2.8231734670813218
2.563542586863169,2.8231734670813218
2.563542586863169,2.8231734670813218
2.563542586863169,2.8231734670813218
2.563542586863169,2.8231734670813218
2.563542586863169,2.8231734670813218
2.563542586863169,2.8231734670813218
2.563542586863169,2.8231734670813218
2.563542586863169,2.8231734670813218
2.563542586863169,2.8231734670813218
2.563542586863169,2.8231734670813218
2.563542586863169,2.8231734670813218
2.563542586863169,2.8231734670813218
2.563542586863169,2.8231734670813218
2.563542586863169,2.8231734670813218
2.563542586863169,2.8231734670813218
2.563542586863169,2.8231734670813218
2.563542586863169,2.8231734670813218
4.83470369091781,5.778384843086226
4.83470369091781,5.778384843086226
4.83470369091781,5.778384843086226
4.83470369091781,5.778384843086226
4.83470369091781,5.778384843086226
4.83470369091781,5.778384843086226
1.2272315643991878,4.649575310166292
1.2272315643991878,4.649575310166292
1.2272315643991878,4.649575310166292
1.2272315643991878,4.649575310166292
1.2272315643991878,4.649575310166292
1.2272315643991878,4.649575310166292
1.2272315643991878,4.649575310166292
1.2272315643991878,4.649575310166292
1.2272315643991878,4.649575310166292
1.2272315643991878,4.649575310166292
1.2272315643991878,4.649575310166292
1.2272315643991878,4.649575310166292
1.2272315643991878,4.649575310166292
1.2272315643991878,4.649575310166292
1.2272315643991878,4.649575310166292
1.2272315643991878,4.649575310166292
1.2272315643991878,4.649575310166292
1.2272315643991878,4.649575310166292
1.2272315643991878,4.649575310166292
1.2272315643991878,4.649575310166292
1.2272315643991878,4.649575310166292
1.2272315643991878,4.649575310166292
1.2272315643991878,4.649575310166292
1.2272315643991878,4.649575310166292
1.2272315643991878,4.649575310166292
1.2272315643991878,4.649575310166292
1.2272315643991878,4.649575310166292
1.2272315643991878,4.649575310166292
1.2272315643991878,4.649575310166292
1.2272315643991878,4.649575310166292
1.2272315643991878,4.649575310166292
1.2272315643991878,4.649575310166292
1.2272315643991878,4.649575310166292
1.2272315643991878,4.649575310166292
1.2272315643991878,4.649575310166292
1.2272315643991878,4.649575310166292
1.2272315643991878,4.649575310166292
1.2272315643991878,4.649575310166292
1.2272315643991878,4.649575310166292
1.2272315643991878,4.649575310166292
1.2272315643991878,4.649575310166292
1.2272315643991878,4.649575310166292
1.2272315643991878,4.649575310166292
1.2272315643991878,4.649575310166292
1.2272315643991878,4.649575310166292
1.2272315643991878,4.649575310166292
1.2272315643991878,4.649575310166292
1.2272315643991878,4.649575310166292
1.2272315643991878,4.649575310166292
1.2272315643991878,4.649575310166292
1.2272315643991878,4.649575310166292
1.2272315643991878,4.649575310166292
1.2272315643991878,4.649575310166292
1.2272315643991878,4.649575310166292
1.2272315643991878,4.649575310166292
1.2272315643991878,4.649575310166292
1.2272315643991878,4.649575310166292
1.2272315643991878,4.649575310166292
1.2272315643991878,4.649575310166292
1.2272315643991878,4.649575310166292
1.2272315643991878,4.649575310166292
1.2272315643991878,4.649575310166292
1.2272315643991878,4.649575310166292
1.2272315643991878,4.649575310166292
1.2272315643991878,4.649575310166292
1.2272315643991878,4.649575310166292
1.2272315643991878,4.649575310166292
1.2272315643991878,4.649575310166292
1.2272315643991878,4.649575310166292
1.2272315643991878,4.649575310166292
1.2272315643991878,4.649575310166292
1.2272315643991878,4.649575310166292
1.2272315643991878,4.649575310166292
1.2272315643991878,4.649575310166292
1.2272315643991878,4.649575310166292
1.2272315643991878,4.649575310166292
1.2272315643991878,4.649575310166292
1.2272315643991878,4.649575310166292
1.2272315643991878,4.649575310166292
1.2272315643991878,4.649575310166292
1.2272315643991878,4.649575310166292
1.2272315643991878,4.649575310166292
1.2272315643991878,4.649575310166292
1.2272315643991878,4.649575310166292
1.2272315643991878,4.649575310166292
1.2272315643991878,4.649575310166292
1.2272315643991878,4.649575310166292
1.2272315643991878,4.649575310166292
1.2272315643991878,4.649575310166292
1.2272315643991878,4.649575310166292
1.2272315643991878,4.649575310166292
1.2272315643991878,4.649575310166292
1.2272315643991878,4.649575310166292
1.2272315643991878,4.649575310166292
1.2272315643991878,4.649575310166292
1.2272315643991878,4.649575310166292
1.2272315643991878,4.649575310166292
1.2272315643991878,4.649575310166292
1.2272315643991878,4.649575310166292
1.2272315643991878,4.649575310166292
1.2272315643991878,4.649575310166292
1.2272315643991878,4.649575310166292
1.2272315643991878,4.649575310166292
1.2272315643991878,4.649575310166292
1.2272315643991878,4.649575310166292
1.2272315643991878,4.649575310166292
1.2272315643991878,4.649575310166292
1.2272315643991878,4.649575310166292
1.2272315643991878,4.649575310166292
1.2272315643991878,4.649575310166292
1.2272315643991878,4.649575310166292
1.2272315643991878,4.649575310166292
1.2272315643991878,4.649575310166292
1.2272315643991878,4.649575310166292
1.2272315643991878,4.649575310166292
1.2272315643991878,4.649575310166292
1.2272315643991878,4.649575310166292
1.2272315643991878,4.649575310166292
1.2272315643991878,4.649575310166292
1.2272315643991878,4.649575310166292
1.2272315643991878,4.649575310166292
1.2272315643991878,4.649575310166292
1.2272315643991878,4.649575310166292
1.2272315643991878,4.649575310166292
1.2272315643991878,4.649575310166292
1.2272315643991878,4.649575310166292
1.2272315643991878,4.649575310166292
1.2272315643991878,4.649575310166292
1.2272315643991878,4.649575310166292
1.2272315643991878,4.649575310166292
0.4244382589133131,5.142776434126579
0.4244382589133131,5.142776434126579
0.4244382589133131,5.142776434126579
0.4244382589133131,5.142776434126579
0.4244382589133131,5.142776434126579
0.4244382589133131,5.142776434126579
0.4244382589133131,5.142776434126579
0.4244382589133131,5.142776434126579
0.4244382589133131,5.142776434126579
0.4244382589133131,5.142776434126579
0.4244382589133131,5.142776434126579
0.4244382589133131,5.142776434126579
0.4244382589133131,5.142776434126579
0.4244382589133131,5.142776434126579
0.4244382589133131,5.142776434126579
0.4244382589133131,5.142776434126579
0.4244382589133131,5.142776434126579
0.4244382589133131,5.142776434126579
0.4244382589133131,5.142776434126579
0.4244382589133131,5.142776434126579
0.4244382589133131,5.142776434126579
0.4244382589133131,5.142776434126579
0.4244382589133131,5.142776434126579
0.4244382589133131,5.142776434126579
0.4244382589133131,5.142776434126579
0.4244382589133131,5.142776434126579
0.4244382589133131,5.142776434126579
0.4244382589133131,5.142776434126579
0.4244382589133131,5.142776434126579
0.4244382589133131,5.142776434126579
0.4244382589133131,5.142776434126579
0.4244382589133131,5.142776434126579
0.4244382589133131,5.142776434126579
0.4244382589133131,5.142776434126579
0.4244382589133131,5.142776434126579
0.4244382589133131,5.142776434126579
0.4244382589133131,5.142776434126579
0.4244382589133131,5.142776434126579
0.4244382589133131,5.142776434126579
0.4244382589133131,5.142776434126579
0.4244382589133131,5.142776434126579
0.4244382589133131,5.142776434126579
0.4244382589133131,5.142776434126579
0.4244382589133131,5.142776434126579
0.4244382589133131,5.142776434126579
0.4244382589133131,5.142776434126579
0.4244382589133131,5.142776434126579
0.4244382589133131,5.142776434126579
0.4244382589133131,5.142776434126579
0.4244382589133131,5.142776434126579
0.4244382589133131,5.142776434126579
0.4244382589133131,5.142776434126579
0.4244382589133131,5.142776434126579
0.4244382589133131,5.142776434126579
0.4244382589133131,5.142776434126579
0.4244382589133131,5.142776434126579
0.4244382589133131,5.142776434126579
0.4244382589133131,5.142776434126579
0.4244382589133131,5.142776434126579
0.4244382589133131,5.142776434126579
0.4244382589133131,5.142776434126579
0.4244382589133131,5.142776434126579
0.4244382589133131,5.142776434126579
0.4244382589133131,5.142776434126579
0.4244382589133131,5.142776434126579
0.4244382589133131,5.142776434126579
0.4244382589133131,5.142776434126579
0.4244382589133131,5.142776434126579
0.4244382589133131,5.142776434126579
0.4244382589133131,5.142776434126579
0.4244382589133131,5.142776434126579
0.4244382589133131,5.142776434126579
0.4244382589133131,5.142776434126579
0.4244382589133131,5.142776434126579
0.4244382589133131,5.142776434126579
0.4244382589133131,5.142776434126579
0.4244382589133131,5.142776434126579
0.4244382589133131,5.142776434126579
0.4244382589133131,5.142776434126579
0.4244382589133131,5.142776434126579
0.4244382589133131,5.142776434126579
0.4244382589133131,5.142776434126579
0.4244382589133131,5.142776434126579
0.4244382589133131,5.142776434126579
0.4244382589133131,5.142776434126579
0.4244382589133131,5.142776434126579
0.4244382589133131,5.142776434126579
0.4244382589133131,5.142776434126579
0.4244382589133131,5.142776434126579
0.4244382589133131,5.142776434126579
0.4244382589133131,5.142776434126579
0.4244382589133131,5.142776434126579
0.4244382589133131,5.142776434126579
0.4244382589133131,5.142776434126579
0.4244382589133131,5.142776434126579
0.4244382589133131,5.142776434126579
0.4244382589133131,5.142776434126579
0.4244382589133131,5.142776434126579
0.4244382589133131,5.142776434126579
0.4244382589133131,5.142776434126579
0.4244382589133131,5.142776434126579
0.4244382589133131,5.142776434126579
0.4244382589133131,5.142776434126579
0.4244382589133131,5.142776434126579
0.4244382589133131,5.142776434126579
0.4244382589133131,5.142776434126579
0.4244382589133131,5.142776434126579
0.4244382589133131,5.142776434126579
0.4244382589133131,5.142776434126579
0.4244382589133131,5.142776434126579
0.4244382589133131,5.142776434126579
0.4244382589133131,5.142776434126579
0.4244382589133131,5.142776434126579
0.4244382589133131,5.142776434126579
0.4244382589133131,5.142776434126579
0.4244382589133131,5.142776434126579
0.4244382589133131,5.142776434126579
0.4244382589133131,5.142776434126579
0.4244382589133131,5.142776434126579
0.4244382589133131,5.142776434126579
0.4244382589133131,5.142776434126579
0.4244382589133131,5.142776434126579
0.4244382589133131,5.142776434126579
0.4244382589133131,5.142776434126579
0.4244382589133131,5.142776434126579
0.4244382589133131,5.142776434126579
0.4244382589133131,5.142776434126579
0.4244382589133131,5.142776434126579
0.4244382589133131,5.142776434126579
0.4244382589133131,5.142776434126579
2.8690942550849754,2.5799824928132105
2.8690942550849754,2.5799824928132105
2.8690942550849754,2.5799824928132105
2.8690942550849754,2.5799824928132105
2.8690942550849754,2.5799824928132105
2.8690942550849754,2.5799824928132105
2.8690942550849754,2.5799824928132105
2.8690942550849754,2.5799824928132105
2.8690942550849754,2.5799824928132105
2.8690942550849754,2.5799824928132105
2.8690942550849754,2.5799824928132105
2.8690942550849754,2.5799824928132105
2.8690942550849754,2.5799824928132105
2.8690942550849754,2.5799824928132105
2.8690942550849754,2.5799824928132105
2.8690942550849754,2.5799824928132105
2.8690942550849754,2.5799824928132105
2.8690942550849754,2.5799824928132105
2.8690942550849754,2.5799824928132105
2.8690942550849754,2.5799824928132105
2.8690942550849754,2.5799824928132105
2.8690942550849754,2.5799824928132105
2.8690942550849754,2.5799824928132105
2.8690942550849754,2.5799824928132105
2.8690942550849754,2.5799824928132105
2.8690942550849754,2.5799824928132105
2.8690942550849754,2.5799824928132105
2.8690942550849754,2.5799824928132105
2.8690942550849754,2.5799824928132105
2.8690942550849754,2.5799824928132105
2.8690942550849754,2.5799824928132105
2.8690942550849754,2.5799824928132105
2.8690942550849754,2.5799824928132105
2.8690942550849754,2.5799824928132105
2.8690942550849754,2.5799824928132105
2.8690942550849754,2.5799824928132105
2.8690942550849754,2.5799824928132105
2.8690942550849754,2.5799824928132105
2.8690942550849754,2.5799824928132105
2.8690942550849754,2.5799824928132105
2.8690942550849754,2.5799824928132105
2.8690942550849754,2.5799824928132105
2.8690942550849754,2.5799824928132105
2.8690942550849754,2.5799824928132105
2.8690942550849754,2.5799824928132105
2.8690942550849754,2.5799824928132105
2.8690942550849754,2.5799824928132105
2.8690942550849754,2.5799824928132105
2.8690942550849754,2.5799824928132105
2.8690942550849754,2.5799824928132105
2.8690942550849754,2.5799824928132105
2.8690942550849754,2.5799824928132105
2.8690942550849754,2.5799824928132105
2.8690942550849754,2.5799824928132105
2.8690942550849754,2.5799824928132105
2.8690942550849754,2.5799824928132105
2.8690942550849754,2.5799824928132105
2.8690942550849754,2.5799824928132105
2.8690942550849754,2.5799824928132105
2.8690942550849754,2.5799824928132105
2.8690942550849754,2.5799824928132105
2.8690942550849754,2.5799824928132105
2.8690942550849754,2.5799824928132105
2.8690942550849754,2.5799824928132105
2.8690942550849754,2.5799824928132105
2.8690942550849754,2.5799824928132105
2.8690942550849754,2.5799824928132105
2.8690942550849754,2.5799824928132105
2.8690942550849754,2.5799824928132105
2.8690942550849754,2.5799824928132105
2.8690942550849754,2.5799824928132105
2.8690942550849754,2.5799824928132105
2.8690942550849754,2.5799824928132105
2.8690942550849754,2.5799824928132105
2.8690942550849754,2.5799824928132105
2.8690942550849754,2.5799824928132105
2.8690942550849754,2.5799824928132105
2.8690942550849754,2.5799824928132105
2.8690942550849754,2.5799824928132105
2.8690942550849754,2.5799824928132105
2.8690942550849754,2.5799824928132105
2.8690942550849754,2.5799824928132105
2.8690942550849754,2.5799824928132105
2.8690942550849754,2.5799824928132105
2.8690942550849754,2.5799824928132105
2.8690942550849754,2.5799824928132105
2.8690942550849754,2.5799824928132105
2.8690942550849754,2.5799824928132105
2.8690942550849754,2.5799824928132105
2.8690942550849754,2.5799824928132105
2.8690942550849754,2.5799824928132105
2.8690942550849754,2.5799824928132105
2.8690942550849754,2.5799824928132105
2.8690942550849754,2.5799824928132105
2.8690942550849754,2.5799824928132105
2.8690942550849754,2.5799824928132105
2.8690942550849754,2.5799824928132105
2.8690942550849754,2.5799824928132105
2.8690942550849754,2.5799824928132105
2.8690942550849754,2.5799824928132105
2.8690942550849754,2.5799824928132105
2.8690942550849754,2.5799824928132105
2.8690942550849754,2.5799824928132105
2.8690942550849754,2.5799824928132105
2.8690942550849754,2.5799824928132105
2.8690942550849754,2.5799824928132105
2.8690942550849754,2.5799824928132105
2.8690942550849754,2.5799824928132105
2.8690942550849754,2.5799824928132105
2.8690942550849754,2.5799824928132105
2.8690942550849754,2.5799824928132105
2.8690942550849754,2.5799824928132105
2.8690942550849754,2.5799824928132105
2.8690942550849754,2.5799824928132105
2.8690942550849754,2.5799824928132105
2.8690942550849754,2.5799824928132105
2.8690942550849754,2.5799824928132105
2.8690942550849754,2.5799824928132105
2.8690942550849754,2.5799824928132105
2.8690942550849754,2.5799824928132105
2.8690942550849754,2.5799824928132105
2.8690942550849754,2.5799824928132105
2.8690942550849754,2.5799824928132105
2.8690942550849754,2.5799824928132105
2.8690942550849754,2.5799824928132105
2.8690942550849754,2.5799824928132105
2.8690942550849754,2.5799824928132105
2.8690942550849754,2.5799824928132105
2.8690942550849754,2.5799824928132105
2.8690942550849754,2.5799824928132105
2.8690942550849754,2.5799824928132105
2.8690942550849754,2.5799824928132105
2.8690942550849754,2.5799824928132105
2.8690942550849754,2.5799824928132105
2.8690942550849754,2.5799824928132105
2.8690942550849754,2.5799824928132105
2.8690942550849754,2.5799824928132105
2.8690942550849754,2.5799824928132105
2.8690942550849754,2.5799824928132105
2.8690942550849754,2.5799824928132105
2.8690942550849754,2.5799824928132105
2.8690942550849754,2.5799824928132105
2.8690942550849754,2.5799824928132105
2.8690942550849754,2.5799824928132105
2.8690942550849754,2.5799824928132105
2.8690942550849754,2.5799824928132105
2.8690942550849754,2.5799824928132105
2.8690942550849754,2.5799824928132105
2.8690942550849754,2.5799824928132105
2.8690942550849754,2.5799824928132105
2.8690942550849754,2.5799824928132105
2.8690942550849754,2.5799824928132105
2.8690942550849754,2.5799824928132105
2.8690942550849754,2.5799824928132105
