3.5,3.5
4.270478462504617,3.6772711273742433
3.4315789576916833,4.181055097759028
3.6924803463114597,4.263883566508552
4.1557354588637185,3.262150157768567
3.7054888472145304,5.095004474178505
4.536556487809978,4.791833566393055
3.959374524962885,5.764994887141863
4.255301867761407,5.201203624145011
3.351895119931605,4.615384125157192
2.5665679864341318,3.1990392039757434
3.2746728947167774,3.611116583539498
3.090441185600441,3.167161014341021
5.345461907210838,4.424053150337277
2.3435857459090625,3.2534767594456193
3.114843399171708,4.620158310895755
2.810940655935968,2.2174048412353127
3.487095747544414,3.922604802835963
5.396872424201259,4.789915628277379
2.5186989006209632,3.021094173088231
2.5073646694626563,3.748700094653488
3.6389348702125686,5.150924283873096
2.939081492110783,5.224720699721846
5.757390445025651,3.7233151941252935
3.2629693933498767,1.9779337055293027
5.944816047145339,4.401492297935191
4.588222936783046,5.09369487856375
5.578980188503774,3.318461231192482
5.459996782953287,2.7825998740820976
4.917821010324837,3.302067514801799
4.8511412573403865,2.615110256910119
5.729543689546295,4.2740007052245765
6.113474324569804,2.8342026717379554
3.982463515755467,2.769576817078871
1.453314401651601,3.292379492896187
4.49004750730663,3.269758489433148
2.4436966259277186,2.2939465858277006
2.7650521934119388,4.563779427035545
1.4200549234219961,3.0280288423221693
2.940161073345009,2.380767117283991
2.833500759550998,5.1347646515266145
1.086466525518235,4.040263265497073
6.154866416148554,3.0788621798497733
4.892374651329249,4.438045123290833
3.180526838357807,3.33580753537644
3.6499734199771736,1.4800918490734776
0.5180190796135107,4.20646409228128
1.1057722343040173,3.8543309775038903
5.093042288924925,4.4345482410312815
3.741230552588415,6.40568893847662
3.6168601288111515,4.06759133192242
2.4403287499705755,2.4333768956003587
5.271354765141529,2.3953942124635383
3.6173563991869853,3.2225935432441277
0.7601973824661511,3.5473003183825402
0.675312826663593,3.8550891240078093
1.3629407807954776,3.50671437508674
2.3099929518452096,4.73672130905027
4.335108877129029,2.739722597078755
3.2945696247611274,1.6286949437439278
4.227516772597528,2.866772436556821
5.75112968334331,3.2739250831287063
6.256956399890724,4.315732170834085
5.048998331484036,1.6309196277566906
0.8452095613079363,5.005103132433823
2.9011103616965697,1.060379942208416
1.942788118587126,3.3823058404000825
2.310437598218519,1.6217424183829292
4.787186567199566,1.2292038586040257
3.6427269717020323,4.331093989461823
0.5035330732865818,3.566316186146205
4.44960112467368,2.4577313827336713
4.248329859931304,1.2027086452781754
2.4218763652522393,3.624550139585539
3.8317378869586243,4.156318508181134
2.7045632907197006,0.08965417224212346
1.9420296625584874,3.917093538116636
1.8713913457543945,3.2434166088496044
3.550569973029768,1.2008525482711305
4.011111659909683,1.9098474374818928
6.492580471543391,2.2925783776463065
5.955094437868953,3.1351376110488376
4.561152174401628,0.8618754685139551
1.6546821892417984,4.738812249344037
3.6693547058245617,1.0771357888282065
4.824579684298096,3.21446564008235
2.0063802013414396,0.9568244133453704
5.03186735335972,4.696624648004013
6.96698568183404,3.2195775378618956
6.313970281419625,3.43517080005947
5.47014897138034,4.60070352713603
6.9204311125129365,3.4136905471356584
1.2289713499921282,4.577011966284058
4.07329656976879,1.6779453720672461
6.603555801342337,4.5537203680929945
4.73544766657967,6.074522911617866
3.243443584811201,2.808711774484754
2.44511819962287,4.723264667483296
5.07837350253235,3.61422853777159
2.50604450458385,5.159525132603148
1.8693397902336633,3.5653310574196104
1.0940473190585303,1.0854948154046433
3.679328341673042,3.711948774710203
1.0392803592764635,5.587540991857815
4.042660026254885,4.5457135032769385
1.6506770364643648,2.7307905255100575
1.0974052780691972,3.0743374924743865
4.486560390998874,5.573567362932636
5.531754210873205,0.6886051533695211
0.5498399629896868,5.436541339445246
3.8593105639838954,4.086540517353534
6.049302837813247,1.0095422495278434
3.3819370328793603,6.814126310493385
1.839780706557002,0.2806771620489198
5.517861677681526,5.786509068628532
3.191285899253075,3.6315451982529536
6.200351573265822,2.5960694379729135
2.7346137186270933,2.8955965114697246
6.396509658658254,2.8731571890705814
4.937430175691803,1.4198806702696012
3.269933767312761,3.457239085420484
2.6369952260629947,1.6521938754401286
3.091079612013038,4.150573822683709
0.46839175434925784,5.496714963264753
5.1778947237821376,2.0961105052401288
2.532494348173803,5.8856946224949676
1.1470432137007893,4.605390868258589
6.086394478731341,5.034398697599841
6.78041669936211,2.072469866256545
1.8404898472212832,0.3846321457868611
4.718273999423943,1.0904772285435094
4.475470338004426,4.597245364579601
0.3581490500947988,3.895784999058546
3.923390413281326,5.976418650616405
4.864866202946832,5.057709119020684
3.1095810421061323,3.237630497668735
3.15199312145863,3.148690941679522
6.8664067375872735,4.644833543181375
1.3219587856256876,5.8009868441127175
5.704044609141819,2.731200660226519
6.484745671023815,1.0669300440478406
5.398553386213267,4.134889781120862
1.0707039904298188,1.4306539968827616
3.7289496930473236,4.11806227849527
0.9438980457386493,1.5404682954780804
4.843467437940517,5.413062508060166
5.264680015574611,5.154545902878163
0.059933731656175104,3.777421882715079
1.9831622425190378,6.488446710186487
0.3954777107221603,5.701468887621138
1.5583692853005182,2.9373015414812937
1.1394183507056865,3.027840482999094
0.9376687458088825,6.407221755615702
2.714122515291852,4.925653813413857
4.477010118304068,6.305069171675161
0.19495104852427547,5.539683911446353
6.271243672176614,4.211077166610699
2.0977493007154786,6.075574344694802
3.779735402307387,3.2423989122246706
1.7796618064571061,4.182515879446776
1.8385127596889057,6.057355140160264
2.0309754394248527,0.19199456331478149
2.634370511113952,6.139874221365211
4.816862648125369,6.723439021490664
4.315965273694161,6.837931068386705
4.2312375006607885,0.3291819410901613
4.398209459061519,0.53059191443088
4.560069844565554,2.4536410452481103
4.681731424860557,3.2223983185202383
1.174713236615017,5.180941918608128
3.3142911214076745,2.7152668041056836
5.4258002789720265,2.426187734120052
4.054826979376302,1.9247464317420198
6.451619602956037,0.8572122304214517
2.354518530567071,5.082439160779329
5.531373761228557,2.465963849002309
4.1939465086740535,4.353273344797674
0.1208901409873877,2.7693997735335847
3.3200827063538894,3.7464161389096926
5.765847154056031,1.3872497185639905
2.023701080354748,5.760696019440235
4.336429403499176,0.5510969913705249
5.672372845314388,3.049254224890273
3.946931932076719,3.1925579650025777
2.609259383237445,4.935401628066323
6.980576983111841,3.79393302939377
4.495770029250709,0.8574330708891383
3.2695384993838292,2.144934687330525
5.690714168609171,2.7416085614919687
5.395947738190829,3.0987534193211417
0.23942529422988934,4.210780836840074
4.121641016783121,0.8125904990197955
6.03510484947569,5.864221754417547
0.2921310883095367,0.5046195200527238
4.462788401508493,3.2084729146913653
2.427848463633345,5.786116769335387
5.129222321352165,5.200236017007139
1.9094609496135795,4.763484980312397
6.5959060572689685,4.984684047347344
2.8863697802630295,4.280828579726576
6.539253046962804,3.084847515630346
6.061499713649345,0.02739183145211188
4.223856353615468,0.6899614282329407
4.192074001074389,0.5489269693944087
3.798821936794311,6.498775910517762
6.374761025959165,0.6039189467195164
0.016349242504298478,0.8272018390685675
3.134992336202558,3.676715498050588
4.291541474385272,0.9144190580186133
0.7697757677795548,5.722363569132859
4.331954339200452,5.9014268750733665
0.8643606485930306,2.6754999179581302
2.121690609479297,5.70371513728386
4.448409104756391,1.01760893656436
2.847710932470487,3.8950233471262687
4.235805092892273,0.9323757352011405
3.850256668725764,3.8831011071839825
6.631051446715546,1.1131932765956516
0.9301623943897305,5.1935312339800435
5.813513160573018,4.418150563361873
3.1024017520830895,6.561690406244177
4.64529991907896,2.842132632602212
3.8620959461085755,1.5372188588121125
1.2759334247516088,0.2236330203461273
1.1461726459404997,6.803358104161835
3.2317244359408934,2.52471077477671
4.312117742291491,6.605866637650449
0.06458311877454126,5.597615380984372
1.0063824019598624,1.8984878947814212
6.231673065200994,2.08852368055272
6.2468461147558,6.448320135716157
4.346247136316929,3.62464044329452
4.289532481517849,1.0672475131227999
2.8444096860498496,1.7420502453286342
0.007700904833141897,0.7448399018323332
1.5959264830838142,2.2033046683997046
0.8799225569213815,2.4328778809016294
0.3322720192311488,0.6030292186008327
1.8880927624398667,6.134226176394561
2.119743589868471,0.9845394583605741
6.948953437127438,6.771425628491441
4.41794937258345,0.18200539520240666
3.498855074799059,6.899242925406596
1.1125189387196563,6.691151917658903
0.5470464234795144,3.2330654473177063
2.395160392365839,6.823618664088656
0.3350147304546691,4.1229356425093036
4.7905505092189875,1.8380013580674164
3.379374000722843,0.6345294295714843
1.4325135109353937,3.2515586200227045
3.0223135287171283,3.5997899065936223
3.8955265941662574,3.0465049836528477
5.12068011330212,6.968058907162275
6.262662064455859,2.2313214288467096
6.047460542635961,0.12234468276062005
3.8478483373518744,0.17633533972844673
4.463397219531978,1.2824980927443421
0.7798900808008147,4.794503541761012
5.716185591443019,5.513221561092207
1.8755936081950262,5.151403281306429
2.643233718030777,3.081715188018057
1.2720136473324002,5.39190057436722
3.813587934256886,2.1366845727508226
0.7448100570895796,2.7181148465925746
3.025709380724956,6.007087469675399
5.4413507298206625,1.741440353918016
1.2858219513143334,0.11952018664304487
6.883773297200697,0.6108287903710738
4.567656606471502,0.8672065478154786
0.14243178242434873,2.503425167550703
5.187779673976523,6.031797196277515
3.0747125136177056,2.726570854214458
0.6829580798888791,5.378776719473224
3.145621648029155,2.3568433212028017
3.3070772461449227,4.14118813315379
2.256021895355089,0.7535366060399573
6.702154675743033,5.365990838840721
3.215294760673149,2.8788102072928003
3.0352183499392855,4.712951981732514
3.978783964848148,6.209566895153685
2.0339094424119324,4.134253349596598
6.09102640885441,4.7599175039815
2.7823997243109804,6.662272251566613
0.17071109216477498,1.1227089762901432
0.2142617615142256,5.767225490185999
0.5663463125326413,0.528919503652225
1.356410927820916,3.875332657747134
4.762223852996471,0.22151648974608273
0.3966651402520005,3.8569625589689047
4.583390315672314,4.265670749307283
2.8440552875441507,3.2830331874049006
3.354592661637594,0.26155364267563097
5.327330108875755,4.246627979314687
3.152878508068073,3.3987591237259247
3.0174551835569754,0.8980621982864021
5.997565294326975,3.40452097851161
4.425985971845157,3.9104191396521273
6.45901169087794,5.113042815363443
4.669543295498094,3.6250508826676335
5.947532679772009,0.6733991966294507
5.26355818151604,5.569760041516144
0.13187905463530558,1.834131225288406
1.354759331679502,1.752341842896569
4.864838967239106,1.8610151917847582
5.487559556889644,5.134942160214574
0.6697713668981342,5.330345340815911
1.7013163608849102,6.241829964678846
5.498127148511725,2.80422304860038
4.35513478039366,3.6817474245286848
4.892562972233499,3.8983892603505774
5.467223451937184,0.9435204588425178
4.807593154723927,2.0046787773239405
6.055090116651633,6.811907372826144
5.570039075708859,4.624073962219641
5.855621898359491,0.05126187184981934
1.5435415887900803,2.7301053018782278
2.6656884305249595,1.6941427815246226
2.9739862172201823,3.015559757360268
2.1823740285217,4.024781358988339
3.9034534715723757,6.304517086953893
2.6730940224641233,1.0447788563539389
0.02644855003817803,6.518426873585668
3.7996467143037433,2.0549004942398166
1.6130257153489433,0.8291213220324614
4.389069444139073,0.8092832700513626
1.0320836192039993,1.4566220341729677
2.7073346330305657,6.169367128069126
1.3370948917886876,5.128333526599698
1.808835350069631,3.5439623818059873
5.070071782768811,6.020124812140636
2.244617141459948,2.0353491692878505
3.457704005050557,2.5449803230732435
5.479678171925138,5.89497800272055
2.351714095539815,2.3312014584451206
5.25360502940697,2.0752719880309076
4.015130709255016,3.0487618359857085
3.011063462303428,3.5310035917764635
2.875262107225855,4.008671568917725
3.7662370662412132,2.455269882460855
0.7627689462857734,2.267428025161324
4.4795605397627325,6.958631014907365
1.166500524440828,0.7684187271525997
6.762462052787495,5.263747756873298
6.581252467513858,5.06018301493547
1.820359333268606,6.805431546471323
6.70186555330282,2.0960408024258887
2.911654288410872,1.4120992086677986
2.651361381788281,4.369924308692876
1.5634532007462418,6.440780593137752
5.0042687993982655,6.991699620654388
5.507380135515998,5.154181164465301
4.753571951778474,0.13092173706608778
6.111112667228804,2.7183713979352477
4.537511436090163,6.4708091261996445
2.069667286827473,2.662346289701766
5.274209424442546,2.278290698613331
1.3006014765302643,5.458930814435487
6.631327366081522,5.341983170912193
3.7874546761744954,3.335476714999797
0.8457246511198542,0.22210633778560307
5.503057074205268,2.9557862339065224
6.099474939037882,3.16538030625365
0.3158149823686913,5.687148868048614
1.9879557694464105,4.968467098460161
4.8611047204454705,4.308637295561842
5.178231027496016,1.547591778434346
4.780044286919033,3.683314863286749
0.8276870042549502,3.7994732798216244
5.981070231339657,6.828082177217533
2.67985627704347,4.142863372432692
5.552217332133056,4.355804275647453
4.484687706854167,0.564105187825611
1.7845013013895525,4.063935945492174
3.0869478448123386,0.995691516157481
5.313651430483083,1.8389711536576945
6.351915630197843,4.434626184514952
1.2338676628424123,2.011142775446028
2.209192550105156,5.902999480044738
1.9411855436146315,1.975630124712782
6.285899846802255,2.332328007544732
4.32559745663527,6.159347975803017
0.6494178284201378,5.097636037603359
0.8456925882011159,5.257735946477895
5.912799682443221,2.8292350317487127
6.4240071588894425,0.463325141978575
1.649963777396629,1.138547818210912
3.237451776862776,0.17338072034351926
5.000799292601956,6.19992896780168
4.388937905920108,6.837689455083781
6.838838763789161,5.717698433797313
0.25846293548218324,5.477545651575149
2.49504775886696,0.659007762035536
3.5612302671422986,4.845921995387581
5.9131111725790895,5.098620373872421
3.9418981929302093,3.6461469101374395
6.616318852136389,0.6183636285379388
3.810477775686933,3.366132583019883
2.301475731251597,4.689460826802561
5.0417789434380325,6.565031408154889
5.209750985691779,0.21573241789473518
0.15249842176526363,4.917349357952451
6.018624871192615,1.750339530832518
6.902533210453804,0.015372624957281755
0.7988043571209864,0.3521994235325451
5.161408215097501,0.24739535521528366
1.2976277520169512,5.00744605319339
4.209735148143646,1.4935539848963222
3.1610073477231735,5.933886490465611
2.8409906396425035,0.939093588248489
0.6030298651519864,1.8467403066333898
4.586271649879677,0.4242296758310251
1.2213611892740588,5.4168051798345065
2.7917428287313495,4.535320993722742
6.688048049514054,5.09341682804805
0.5708570130384557,1.7325005323862093
0.46481202204726935,0.8364127373701477
1.7647976818568378,5.493760566007308
5.511113371637253,1.3883900408768752
6.5161271086947075,6.097877036603495
3.0978771816342463,2.9343281280856734
4.804323873299179,5.004617878583858
5.258220952838758,1.691079902014951
6.872186816007772,2.2755642150946165
1.374389579300642,3.041169818796139
3.732551887919273,6.501933068405086
1.1043983920938774,0.7288718595700425
3.481057283992848,4.5138356586402955
3.618302576653968,1.8605401634511778
6.1595767918033175,1.6957160162909313
3.162194034841318,1.1096236419841798
3.9762204432863384,2.174214198607097
2.6061959491002624,6.43958702938332
3.7397540208961555,2.0934423875604233
6.1439440439760515,4.354522318083693
2.0570013704752994,5.7863874272107845
3.1863183528490024,1.0683847498408756
5.5929909736843895,1.621829625534434
5.58414395021613,6.099930753748346
5.046921460542042,1.8915253451924965
5.351892062610421,1.5907948197002386
0.5777352206317711,6.790218651765386
0.3623958072858269,2.3015709254257235
0.16973040923282934,3.765477972690799
0.7479081447099277,3.2971923802179646
3.705514919382087,3.160493734550364
2.503115693833872,2.0298074454287454
3.568641194838023,2.6188177811714874
4.347116786774096,5.063879265979141
4.224253774053514,3.9858156326127867
3.6298778396957005,0.9070532223920849
4.1023699182021005,1.450593585800699
4.06822083552682,4.380107664334344
5.846439954586482,5.215600675520342
3.1102550339086785,6.530916285897552
3.358222642577563,6.5747230705019355
1.637918005270746,4.232894057147175
5.519349933559998,5.078828721477054
4.3630409367422835,3.82910996108523
4.945167846255682,4.510885076213068
2.0583100524140954,1.4754977223353456
2.3890388175544124,3.551334251494624
0.9320319303081173,1.203056402991011
6.707138767788376,1.5102728767673494
5.689728899210575,6.089500352225809
1.672337673670325,6.353129158420016
5.4110198200631245,6.692031134564206
0.9036925835399041,2.605424251379041
3.9432184494139726,4.129204541229204
5.6886294232386945,0.13137295942523253
0.5319716350443761,0.5403793835419196
2.3691864682807937,3.310637126266546
5.703186421014957,4.427829962218335
5.468896255468639,1.6780428711388096
3.9102092439488247,2.9921648616029852
4.996664930722511,5.101862179433379
1.7254691895828915,0.23083098988420703
6.220893374919635,2.641225101340451
5.986205701541087,5.8023392433838765
1.5101040240813184,0.0415470533840846
1.8277022948642372,4.592565061146249
6.352929235173399,0.5562386919841391
6.2216040788257185,2.0498029029381097
4.922209742767221,6.20346396778349
2.2912791963595147,0.21115437516572944
0.13096625711145804,2.834751261166402
4.175153092447782,1.2628909954767327
5.096221529896544,4.2918733130134035
4.5123595285276235,3.332865818744032
1.5320336848639124,4.8542138816203
5.869415437743347,5.21501958271211
3.1870466358613703,1.3911497110745297
6.85199925469181,0.7294208426606146
6.311351216455056,6.977889232599523
6.182757733038239,1.5190325191140348
1.051239272624591,1.80593152786571
3.3620272782434513,1.9007398451911979
3.3952328647597425,4.699925277590144
5.18284913147628,3.6755997918325223
5.441356753272936,5.941532607109664
3.2259210797412052,6.917061058071754
6.32446583374194,5.094556430021222
2.2973225583951336,3.4891275043620076
5.298471161534553,4.8306676733795895
6.000138139271957,6.218161673570474
2.046838587001477,0.6963917335320946
5.2321772320114945,5.705444130939772
6.283439950048638,0.3528602946604612
5.387999473371068,1.9797909523377506
3.7514733127421134,2.133085559969697
4.150879627474458,4.276860536853916
4.015820659045722,3.7713769290322245
0.9495246066831755,6.346744156967128
3.6032318672208277,3.914695323497805
0.3783220528373572,1.0373834510487177
4.221334703493009,3.586494409921917
4.647806603532449,6.979921265594744
6.32942175073291,0.9144380853360147
0.47805741121592804,4.20096015718773
0.6875170354703761,2.6924749240647046
6.842525684195949,4.794237564593634
4.227110451251542,6.446728986894243
2.3232078185743856,2.107693613250733
3.6354131308771187,4.346867580551984
3.3569898712602315,6.012615288131568
1.0137410412961805,4.811414903363302
2.0184030035451266,6.727835789144873
3.8086989798220166,0.05694846503024842
2.293535115984631,0.9755426988449128
2.8558210506569326,5.13618386386173
5.523524853164259,0.13276880796072776
2.837856786396759,3.612727886724311
5.650118685277199,3.1493400175927277
2.630046679340924,5.473548418036972
6.928817838728849,5.9497672925825755
4.747702226119522,4.311102656883065
2.4629569983573316,6.092107943331493
3.204240361388155,0.6105215164583886
2.8240786711808386,6.039698194216243
4.816903903953989,3.02490918844085
3.646201619497709,0.8370279313804891
4.0936888266435005,1.6843658237388288
5.1637579345156475,1.1056257030274947
3.0676067858813925,2.158651357589725
2.9597195809914156,6.46251133219983
5.74027079273806,4.854516064383109
0.7507889200432583,2.9267248163923707
6.5687523875377,5.583621588395663
5.651098867381958,0.18087951803636204
6.1752822481027,2.5489284517467157
0.129077941336182,1.4078483219864344
6.094656206492566,0.14799503877217202
1.9926769461444913,1.7431953901339647
1.5966842712219838,2.945605775574482
4.824480680224545,5.846523146312716
3.628180419777963,1.809520290323347
5.58547817748826,5.544545522848381
0.936462876466729,3.1861264701777894
1.1566789810603753,0.7471598226780475
2.3500019815901,2.8768425811482405
6.621458561407551,0.5179204973817008
4.368384995738103,3.4251499990955634
3.9245632366068834,6.504448127194994
2.495079691750165,4.82861897270313
1.1591569019441337,1.0980369198204314
6.36878179361096,2.5101366003177352
0.5845957540275897,0.4439862366689262
0.2763551692732311,4.177587219076162
1.5889343722696998,2.136450435815892
1.1820689183030104,1.3427354923392363
1.081445753881368,6.658233565848392
3.7621623853194235,1.8806899127417354
0.09625822489266156,5.7015596541720495
5.343171629218214,5.807928492236952
2.6478792371900406,1.91627321389197
1.1586802384144133,6.759898932681494
1.1763606538183318,2.8471884643153027
0.0714853865183449,4.687671982930348
5.230785865394911,0.22731282383618368
1.4773120478041228,1.1665249174191272
0.9110911543178091,6.660087878587507
4.306866212896507,2.2386002115101595
2.9904835202777686,5.10679688114998
2.80085665409987,2.4985307403908625
0.281128904584694,6.445483867526577
1.1468650946195593,4.81669823156407
4.481571670095706,4.108739092823882
0.6541070705911429,3.1030022676869713
3.766869174140639,3.916911689576755
1.215498555764865,5.819870329402205
3.522909613193044,6.057836102348785
3.6860505203708387,4.067222367833605
0.681984194722512,2.0852565412132353
4.478483899861576,3.398130070443591
1.3720153263903427,5.066179739469809
5.9494601682410675,5.8418886283153455
2.0556967713500995,3.0448170745766396
5.962113830573301,6.6584069067523375
5.392825328717018,5.572441204862084
5.408298215032491,5.952301262307878
3.245867110613262,0.27376050177407507
4.367046566420488,4.469070778720328
0.6450277450360312,4.956619941189753
5.275766665271044,1.814635252783034
6.680039826304543,0.31984568348412645
1.6560111535006583,2.4178875578957784
5.594084812720023,4.33635021025336
5.467320511149073,6.622426614480111
6.894757129671666,0.408902817041946
4.186624055344977,4.5001243876529085
2.5096889086790646,1.9384791280465097
0.5213515894215169,1.3428421340199599
1.7251237084060582,4.683305924660519
4.063269209903041,5.827097850791407
6.22494002954568,0.6716001236574969
5.6668608754875995,3.1986227492577672
2.9385594022908683,3.287146057110688
2.5545590728048255,4.046787986499827
2.211464089732635,5.928217734771776
3.954061761480609,0.34116222117284134
4.114676085709992,3.850663112528084
3.0964920775503546,4.345685030387614
5.785449798354038,0.8531949394904562
4.974198310266795,0.7874812686887135
3.5440270623765526,5.03865569576181
4.641062363586919,5.72350109061703
0.2046335790784738,5.977268894536915
2.840296637854724,5.658265980281551
3.414337654970627,0.9886862081345227
5.179535231789736,1.3347873580742842
2.772108267477645,4.71411041822514
3.4806356307041924,3.2986590192083716
6.7418330664699475,0.33444484006392083
3.2313461015820693,2.2320271866105665
6.3161770105053385,6.924476217512517
5.514084251620852,2.4973843457431038
3.1117798788751196,2.4699471853349784
0.3750528986665427,3.9358278074091517
3.230374910427977,0.42318844838311853
2.2577225794402063,3.3369880498092725
3.0721006842076637,6.490788298824851
1.4902109826057073,4.611461183777944
0.2697535419738266,3.168612638858806
6.648731087769748,1.4979429137084537
3.5333576419110195,3.4209646771203492
3.402119669721242,3.1710933848017246
3.696393499954299,0.7265889057203637
4.056181422048449,2.334078061471377
0.02627647976689229,6.583386138795273
3.354272712160479,5.260100491480621
4.260049867775359,1.4472311501812174
6.491058543989567,2.69382118084296
6.756838112796175,1.1043112573838765
5.30942508908602,4.037509759736753
3.1347539981106656,2.7628049417155838
0.4157250373617002,2.109006136621549
3.679038751904193,6.9482892913197665
5.317402046846815,5.731680240123679
5.794804587047765,0.5283811643097982
2.811667372415818,5.83622139849428
0.7697453331139082,1.3675237697659577
2.1137528761504805,1.9911331475256304
2.26764893984021,5.079740834165787
2.144449875686915,3.6095443875349384
3.0365808712813975,3.123587143180568
2.282431918350103,1.4638373824820792
2.3075002579823476,3.2321164964906215
0.2811696503783877,0.4916685192435376
0.21124320290850074,2.0634702076670783
0.18144442483496526,5.8387470730084745
0.6808350407764924,6.842911951104357
2.5274053266634,6.822692360580332
1.0232142672160318,0.7258023056423254
6.433241752804876,6.4856634638951
3.675530057785233,0.5487009001469737
3.7136439270250974,3.0159786538515294
4.606338610817801,3.6499718760115964
1.9615823917463748,2.7903243055784923
6.435007797759444,5.1662693960243296
4.252983103069665,3.2237495999248087
4.249141555672305,4.919494963394702
0.6648390032486919,2.2964168363290045
3.200950707406863,2.9897098029863254
2.184651443427107,5.256519566140446
6.652171327948563,2.539374826506399
6.265652696027988,1.675909220069396
3.703986128912812,3.6166822006704984
5.22840505538307,0.87640393318115
3.073898194689013,5.04514911065466
6.395897423380916,1.0185528145022351
2.4590500517609324,3.8840469503243193
0.26018134801346127,3.2508059550943895
3.9936813670145583,6.803730027841788
5.363147963118236,1.4375474854206192
5.783448371196103,4.91110820038457
1.934082540716798,1.6362573689597288
6.104451614751721,2.9265730887878423
2.2062046686904573,0.34802745403291246
6.198938048127008,2.7127424946444294
6.663226697730065,6.691412048018755
0.9521173479989878,4.98604538583805
4.733836831377448,5.970125805279576
2.233209913499883,2.0912042172721437
4.212148129417791,6.84092941429372
6.543499844480143,5.30559814765794
6.548756157407768,4.202777585846446
2.0199903806125574,3.2683725120317475
5.836650960560138,6.121972392224716
0.49506048990776685,2.989826637048035
6.491157475326086,2.822206452030313
5.1821821067300435,4.437831689000128
3.232772769801973,0.5142738302901876
0.6563861633956599,0.42610716547973726
5.435452636733373,1.4455519701526827
0.7076543952859176,3.981346565938115
2.4441039431810783,1.095327645562611
2.619894434441912,2.124497043649707
3.418982349073461,1.1259188533763929
6.974108270444734,0.3133783648578107
0.8868972588566014,0.8320957997001525
2.7427475367873404,5.470578901616734
3.5486609337258312,4.2762105260515275
0.3027213790023099,0.47504717288801657
3.3713109655825253,2.931453847613625
6.241620638811559,2.312187153039403
5.641688677095458,4.593770065785208
6.838846290626851,3.633071436599494
1.1030002715826026,5.719925380229403
4.405517545116165,6.010941878319039
6.301350563755968,4.176643071685113
2.652085957672097,4.519950465192279
4.0214176741231045,0.9871576805078562
0.619862124865312,5.004549549303568
2.9464207452362143,5.178350037868844
4.694130997771704,1.1063693173403923
6.515807081271604,5.170091310671776
6.732562930408017,1.8633178914296913
2.002337966808163,5.95279517483798
2.364198555932522,5.082659267607367
0.0865197729944307,6.298578634339042
5.338870068962809,3.6204560969853468
5.946960021347708,3.8603215821278942
0.7840191718844702,1.3223806139830436
3.0761272364390795,4.279196321747017
0.09996825735684933,1.7264517770916967
4.756077203966074,5.93398356393928
6.979260522045633,4.695137430728966
5.481617157818907,4.047676792091428
1.8337647869004177,5.310686874444015
5.779422780911275,2.2730843318079064
0.9508909205105109,4.508257375738498
3.8128368911839194,4.299417973727791
4.810138251618487,0.5222830667749243
1.8149883406997982,6.952407285506928
3.0424505353005706,2.6348053556957667
5.7712998515422695,3.423692617786428
3.6056762785028917,3.728102010856576
0.47730187612128905,4.361858617619811
1.894829425393037,5.1987942456577745
5.502967073994857,2.821068738889041
1.3724578816395572,0.10808738143035046
1.4145707793322684,2.3878933104177418
5.511431508852576,2.5408882090755083
3.5731103605476227,6.440890607272406
1.3486030866197505,1.8895823647979466
5.530759650154254,3.2177820517129074
4.908690300087511,3.608910996361182
0.9793003562944248,5.931262928946905
5.9191104127070915,3.3041652733725857
1.341532612159507,5.128759900992677
6.238916640330441,4.766869480392248
1.4628974152678025,3.734535661439815
0.5003676279423465,4.26017515201742
2.014047964026692,4.518747170285952
0.24341487154878694,6.762121220886121
5.100095626525918,0.5845831399414761
0.6012090728135017,6.438593994984677
2.330924118967916,3.1299399295267536
6.394825744842857,1.050619385676867
2.486674752537407,5.243047472217102
2.2586428609699345,5.463994403026641
1.4318389949329209,2.6125020417340767
5.041362633841544,1.8015516301146588
6.34244586561565,0.3871698019918207
5.960631039308775,2.413701817312563
5.463109226520383,4.074770506353527
0.8398871461874026,4.017320540261375
0.36607512095888317,6.549259479491669
3.2798647965838805,6.685827147407516
1.7583686532380516,4.092448253424034
1.6681234087281305,6.5133133049891
6.886650535022531,6.855183721049629
4.205424450879429,2.5895007476263396
1.7776117461323664,2.921228037774194
0.23202065752249312,0.1318247693683101
2.0878017310792285,5.118238820927338
6.927537745619188,5.728400946627894
0.8292709169921063,6.692932736240467
6.186480033359377,4.842522610907829
0.5292198487313657,1.1333334020284735
6.8398085836609965,3.8021819486570028
3.7979956711055975,5.268694204421033
6.177420190502142,4.165486438113942
4.139756178503101,4.522314429190256
1.2553721889658105,5.415766059468839
1.6724908568913053,0.20507404156281006
3.036426012412019,6.453958568619447
3.3471300199001823,4.9141068740429965
5.653895002324884,4.956226684464455
3.222343882806329,5.681419358032707
0.10129759867776655,2.4560769742962734
4.162807986715506,2.2532562401072096
5.171382727436261,5.610169506764974
2.694266544447278,2.306209666813587
1.4016322180258385,1.5952690677148489
1.9798191448768403,5.377057681797364
0.08383947856115825,4.377409716057367
5.121346424998595,5.435190224418921
6.596969755891561,2.66823113399708
2.704504570091017,1.6360162712035708
5.024521455974136,1.8822978740901983
0.9901861486699103,0.4406828812789769
3.6310004649826064,1.4075877283114706
6.314790432304951,2.48427877371164
2.588559308994403,2.424430184095845
1.6951003047715005,6.029674816549314
5.677688196722488,2.03958294458236
3.408954459119707,0.5925967538903307
6.270089033258973,2.9521169709855766
6.162646096869997,2.803244719385974
2.8104520004996543,2.7475671423506105
5.3366670797826705,2.580278755142287
5.6676370554950415,0.19898603188216357
4.695432172702339,0.8611257831755476
1.0733327170767835,4.009403721447078
4.8063771081118345,0.4110798304861776
0.9762486987163237,6.031902837375016
3.6705373700912505,1.8869909525127817
5.056760789305927,3.5288431118928325
3.0425870231015724,5.401062288434817
1.7920437150082713,4.017875203920511
4.687000581446678,0.11112811487557606
6.036015760033881,6.2528496209757725
3.1903604435379327,5.49992781560189
3.4766004207520185,5.502126744637325
2.065455374954373,1.3829414998509826
0.41342960802201256,4.346700912120467
4.669004519392285,4.575211094919855
0.8271374280305543,1.9078645698227152
6.120646163738581,5.922950556909835
4.92276127999085,2.1377957230720765
0.47370729886175955,5.182527176187056
1.8521624166879564,3.754868977411213
4.2095656118845675,5.7147337091568176
1.118026918861626,0.26822862359222455
1.947356111179888,3.685337762475341
2.390269918204208,3.564268540133781
0.770449624943153,2.5107815395148436
4.140587731903141,0.35515267486767077
5.252740538901488,4.3021906406385755
1.7013490040225527,5.341063517894806
2.8140953979455103,2.89242210506771
1.0097306307909728,0.23055390106318485
6.085999029004321,0.737038456812935
1.770608472577626,5.37576196093127
2.3818432090583035,0.8666263805194864
6.0783519877123675,5.925105438272277
1.445036819909428,6.481490628194334
4.324585236799273,6.803602954888291
5.799302124717914,4.374094591132806
6.5309396198850465,3.71939944018112
6.394601198094159,5.476403187549634
6.749178471726814,4.605216038770069
2.815139122783107,1.271960922227152
3.494959679104151,1.5969291132681458
6.740493807224311,3.365735286301046
2.6466885167982346,4.7443722334571445
3.512533094427229,0.6986916056648222
1.191123417124665,3.218752069682856
2.419677838269694,2.7753871299756088
4.58260460749659,1.4741426597631841
0.14762180204374808,6.725469590742187
2.1812867033097687,5.215599980595022
1.40873238126275,1.046988953253289
3.9899672512433293,4.603273850197076
2.620725005804547,6.627275868584409
2.0173478125781386,3.4888838624582403
1.4651533410358195,5.462128619052768
2.454615856175113,2.574094618507532
5.740820630496103,1.9218767985689995
0.4723530746035589,6.1705994876700565
5.505629801164208,2.9053498741447816
2.6521155019062506,0.39855460054579916
2.9492890686492066,0.5956597450248287
5.821039947681889,3.352633640710432
4.8256582917066115,3.5105943066055065
5.120503474209624,6.21443845694698
5.170682993649944,4.391905633909559
0.531747498055116,4.055237451595391
6.884134372514332,6.0793744261821026
4.24034077724458,5.494388225517726
1.2243696524763945,3.4567229384063767
2.9959481290862944,3.2507975422503557
5.1939207266156355,0.4908534509006035
6.71662059033655,3.6632066977123623
4.510725234791102,0.22753989877367153
4.489508717873418,5.612101074699127
0.9953019217800049,0.933149686171553
0.003788076567393439,4.54367864504621
4.813923334542231,6.022065765718494
6.368935730819723,3.5582045986774977
3.6921693657270778,3.6273877860930503
4.2398065966108796,6.7605275177674375
5.636719293921608,3.0488504983772735
4.1326013445502525,3.4804648609895907
5.610651355757681,3.059523926015071
3.233833113770823,1.2073902790174502
2.1799898794730397,1.720053375472688
3.1967427046417916,4.5595179485854915
4.447403512168081,4.889152893575131
6.5359380299111915,0.24351621932562917
5.750014602185658,1.9062778442600794
6.717505846820876,1.4216956583256144
0.9232447552780838,1.1925423545452776
2.7573597508145005,2.1181039649193507
0.9209909466579229,5.207180544576448
5.802428580168647,4.67219758402638
2.744803801271402,5.185564192474297
1.2176809461721891,5.046546751760662
6.289385670404731,1.2170516737260852
3.973460385828645,4.8798202016233425
6.617945802619595,1.3542538700857043
3.997888462409072,4.5442649154550105
0.8118887197985248,5.556534449751999
0.748956275154634,1.9949203913467966
1.2066713885235336,4.847791510038846
1.3740952141552811,3.1550318713457073
4.047620982398095,1.3391734863304794
5.406530959082967,5.189972459005936
1.204529380626122,1.452805336288428
1.8999815040811963,0.643246390424773
4.27956881918198,5.637921477949595
5.453616478035646,5.510995065132086
5.696182934126547,3.5294832854008833
5.243956655567222,1.6798762035260209
3.789685534688967,0.6372950911793308
1.5297868535896604,2.74521818211137
1.3746114225277055,5.504611153446626
4.38581301983603,4.758868201155558
3.1980872912252933,2.442222365832653
6.95499336976003,2.052184733191047
0.8664492279963344,6.12870666466326
2.791476580364568,2.4299317443353963
3.5502196658934912,4.898556739895703
2.263608303906763,0.689673375197796
3.5894334606588374,2.4572036946346856
5.881968549965626,1.6066196625903004
6.991787847978037,0.19742281377813753
0.717013427670073,6.972843478733008
1.9310964750008672,6.531399174968789
6.058268108517635,5.729502685682362
4.6009093293221515,3.5275021106166133
6.9973679675428295,2.357068429853396
3.8078655276711686,5.279276300896299
2.1858486828320793,0.9181974328088999
6.188719811015912,6.027619437114478
3.018960621535995,1.1337610612827174
1.50656073411057,0.9247035698052354
4.774287946533193,4.730558980339563
4.20304278655873,0.8921441543922175
2.409872657519946,2.8524350819052025
0.9104749170304028,6.9847213075547945
1.4728593718366465,5.492917642140575
3.231397706236863,0.6461627368790708
5.258267216206462,0.37855642404548584
6.560278843791904,6.339968871883173
5.556050678967527,0.8902803854845336
0.5054261704430296,6.669209619950671
1.3436868398079822,6.345039395273517
6.252899470094194,5.2656439610275605
0.19910016617859516,3.8293381647798697
3.2094432251874547,0.8984871028611815
1.0378487363919922,4.531708911057857
4.114019714857045,0.6278499938086924
1.0933186072683247,6.405883762120984
5.570149786001828,2.0621922463919327
6.17557554780054,0.043702164904623864
0.14792358075125245,5.517380169439354
4.334209282377101,0.3680116980729391
1.2899110778486378,3.540362021653806
6.052863794264734,1.8106988410969516
6.340611384331726,6.3654003470886815
6.086866287512837,5.015692450526409
2.9373455549360368,2.7036471355370595
1.0317060001041525,5.278507185795786
5.303120265718315,2.3521762464123377
1.5364079697775157,3.6908598148718683
4.2388790232636575,3.4717973817471264
0.7237128288585706,0.14564018634310638
4.874070929252374,6.85827969681407
4.107011540970779,2.894587702261952
3.9609929610570633,1.2380063515935338
0.9432842354753358,2.854265625002445
5.265514325351077,1.1374009367419105
6.773259301554267,6.007543036571743
6.228973404873219,3.964549218306246
3.9600376209061974,1.581881973979686
6.549687584909588,5.102334050425423
3.1816011192805536,6.616373378182821
1.2016948176676134,0.39976870400920217
1.4594377821670006,2.8087279828740437
5.264061143711062,0.39581118989623076
0.03367391234223327,2.2541378404549817
6.557542207150135,0.12415193076433795
2.6808842526293377,1.6141879772854555
3.5868225017341677,5.867802145449676
4.725469759965297,6.667378312712395
5.917503952373967,5.495110960710867
1.2362934872011624,6.219868473771124
2.3628721538321193,6.213561553942346
2.5514109556348465,4.46346633728822
5.320420203777239,5.902200150993622
5.747658086099635,2.8522305488451933
5.471754901588282,6.44297824794964
4.83741210019445,0.8713267486518295
3.9777268470964784,4.93087664779687
1.0047108595339043,0.4769111491772279
1.5878190128035987,6.768250368501475
4.642715533237052,3.0026198688675603
1.5190638266793137,3.6356103313206467
5.03915004101588,3.3131247198559928
0.3080664681040467,6.921542734828479
5.059154718471698,1.2535690926292298
3.3694582978379803,1.8011616509069517
1.6829475688446727,1.0834828657008884
1.1160869321178173,1.9548030593162604
1.2275656732014473,3.5687335271947536
5.3045848202888335,1.0997027394397265
4.596564096038144,5.1786593259701155
0.5635189304953615,0.06661929004533096
0.49940752148070466,6.240623942928943
6.71487806763736,3.4988160753523103
0.08332387446176559,2.3792663099654634
5.462218406534534,5.2197156111975875
4.536084629012343,6.953309421660283
5.750792002513865,5.777929550043442
3.125336070558335,1.1935444641347952
2.8789035944818218,4.2583364281924565
6.194989073350955,5.961473151894154
2.25333723695739,5.092515830666174
5.629819178004993,1.6024785239885961
3.335422122667324,0.9764833409615938
5.416991950808574,1.5228289850641687
1.4082055226585082,2.8257474386369754
3.1887653778102765,3.9050747805694916
5.087389648675221,2.230706643908457
0.8131131423640475,4.858320961205414
0.6598898902151442,6.338464619820057
4.963650981318682,2.5620799100546847
6.43472848446694,5.299842126174369
6.475387424340795,1.7848658761921354
2.3713241830645337,0.9837243205999441
4.333749951403356,5.20008640965905
4.587415555931765,6.522446894814275
6.130835457289839,5.661599958301391
0.600798105440761,4.364745464440391
2.2824036295623995,2.809158938827109
4.47244404086403,4.829981401767498
0.8852896953422073,1.3305856520185475
1.9924053568700275,3.62273499733349
4.774331373551908,1.9144356773496118
4.2646766192030885,3.4530701239456993
4.523993450182972,3.572682739277739
1.3080921490496444,5.072624134995949
2.298152118411494,5.426946422195373
6.763324539885959,0.024218237587050218
3.2218543744629256,3.422001072934936
2.0297715423317504,5.752373951689324
0.04972421118528825,1.9817004983546354
1.3436223501709867,2.836682076560706
4.462326102448542,2.247010852532
1.6985100254342738,5.07349469489104
3.793453021963753,2.14791687589101
6.9821363798399325,3.9680479784041833
2.235695786733965,3.4651177741503734
0.41129941909096535,3.8977402499895675
6.99259579629805,1.5876146159810296
3.4275117371411272,6.644988461775849
5.788940099574941,0.25310476188811637
1.0573942458778331,5.854611893644038
6.426635165866491,0.8622969134631873
3.9715682508368,2.335747837261085
5.37981521073005,1.5696239913749037
6.46744180143717,2.815359727014511
1.4693911028986104,2.7727031689932646
2.658596919772296,1.6511174234697228
2.9336725204989427,1.4657061459259006
0.6572724959337035,2.746352794954933
3.084720002006159,6.320796735042424
6.13591307773097,1.8609910363850501
6.451537280867801,0.11756907131553784
6.640917591157502,3.1415342473163492
6.9249541024906245,1.1410362132852925
0.7133488004108155,5.5300285310093376
6.994511532116672,6.790002054435854
6.407348787873245,5.512772887297559
5.054538434231404,2.7780019072847004
4.508157877355287,0.30711942765009614
0.15209272812178265,4.954867795017994
4.5861151775889955,5.948182826823043
3.624293974153392,3.3120172981248075
1.76020390995243,2.878556037840726
1.0203257736800857,4.708868213678186
1.4396082220422977,3.6518020671551144
6.533776601455939,4.449459641255462
3.2751146248195284,4.865253639153042
5.062755582824851,5.369815801245911
0.5957986708144831,4.9467914571847835
0.9766418146232746,2.2345995958204266
6.844909164720691,3.239642801119536
2.691778014544913,1.0506831738088982
0.3685697974009221,0.9519691656180095
0.424876664191285,0.3543286431352659
0.20855774630104273,2.7310376524650604
0.6515342087556405,0.13184073600497326
5.879422439056052,6.787763264230096
5.846660633315176,0.07183632259903805
2.987002826501668,0.899579820289055
5.8492853558844375,1.9510277171587538
6.5918368378623065,0.6706047549937691
6.668949085378777,0.45500668359892604
5.375074501340297,4.097045775246624
2.0784449282452115,2.3273567263503194
0.1869733119348237,1.9677436561553237
0.19515411185065556,1.958792743082554
3.760561373895612,6.525101867513472
0.0340965192608802,3.7112082487516407
6.430237314036412,2.366411584450519
5.122892466262747,2.2980233399379544
6.179240426111302,5.5529498353866025
6.486423152271598,2.9268864006058872
1.562529695353814,1.8704034984450268
2.508636385171517,1.060092596926254
5.499629490153582,1.9686827390654664
5.820105271948206,0.5855724163634602
3.320350101435493,2.5663700466172337
1.9245110334243845,2.2680538534552785
0.2474091035178715,2.1564189797514994
5.633329206780122,2.032324305788419
4.5987424233239675,4.158982203576493
5.404855538053093,4.17912455718702
6.149839511048474,3.5730000879797017
3.591677053434374,5.054764384223861
1.1092640219587968,1.5612289009627136
3.630249981018888,4.487985483797408
4.1533334948892975,6.271797449249104
6.107505985036945,4.9806307362301805
1.4087677902135523,3.4344559436337816
0.8613771311384576,6.258802822782577
2.6591391894870853,0.65949714737093
1.2559834088355633,4.768330258073896
2.955709631331646,3.466022833762961
5.072314952577929,3.044691579048472
6.340154155436068,1.5098731025405911
0.44466799514315913,6.919896592169218
5.348321220981612,4.90870302224874
1.2858195838389144,4.729649291905992
3.1342717510674833,6.348076171828452
3.245279321379262,0.10191504563682952
1.3555676366570824,4.812221670682112
4.45825148442355,1.7904999774944588
3.8408187118348334,4.007769375093864
6.265777078777131,5.930528628536309
6.1491161181742475,2.6156335939477513
4.895806378682273,2.9839818353905363
1.6620106599995592,1.405839533184566
5.169249858007724,1.9225668270376446
0.9968191610594237,2.9121659479279964
5.07273318150949,5.8460471469314825
0.4288376685235513,3.54339078356108
5.311607693002161,5.283905044582524
6.899654832396792,4.815155828211064
4.488400158374483,5.456978015397798
4.171111730822599,1.3966862841427192
2.3501458857475113,0.4344007806048762
5.355968951718799,3.100465101191097
2.8221392601712125,5.310464075152881
1.8810606775265262,1.13892375054535
5.414279974561625,3.934827996836585
0.4483829836345673,1.8188494907969601
2.9757923701902076,3.145219239216286
0.6595930757702554,5.06148581148228
5.521175610784233,1.4357593527328407
2.0165205938318564,1.7694408208853643
2.469242352718163,1.748059018027147
5.451726455048115,1.0196786582068618
3.052190599732936,4.563865037483636
0.7373251961169301,5.064460854622828
3.8116951216489565,6.586731318102183
2.644304503661858,3.2453289696099725
6.193101085705207,3.2064111771052546
5.274063003837833,6.826285799596799
4.771447905016669,2.1689937602706943
6.761904218951938,4.078148222287968
4.782485075415819,5.044671282631374
5.3779582947754045,4.631733315793375
6.821464464396145,1.7814739632005123
0.5181881994764269,4.898626255210848
5.887764380702977,2.966449882863236
0.7714351999433203,0.8139521569233608
3.5365229256005364,2.9382298403228906
6.172422194388569,1.6825041227542652
3.9131796468652764,4.890592149108788
5.320542991826519,0.963485991815374
2.8091196860147942,2.806193153839323
1.3435298443870938,5.631809777828672
3.4690879162464046,1.8925915437712457
6.387246064981457,2.5114816528631394
3.4883900051435557,6.702228132103152
3.0123788364178514,4.110058753212281
3.762364559694342,5.177977273618502
3.3959223181188065,4.782937921309075
1.1596232698942543,6.670226979211553
5.860495343458633,1.3848215135762356
2.667022462033109,0.1092586115608235
1.090361723254604,3.2392706532909186
0.2542615937825432,3.094515068962743
4.659246805538022,5.392383497474257
5.108199375032506,0.8225440607037247
5.51135362589615,5.214141672775135
2.2654668568055008,4.27051710497193
4.983121843170316,0.791748820375841
3.4537854886012913,6.665240299058344
3.631783097956197,0.9742423929886395
5.328500278925234,2.109620370190571
0.10746979720609684,0.27518266695425175
0.4622537650636964,6.322743218002694
6.512269788653154,6.36191363119633
6.686150358432518,5.874247862763724
1.6110072604531167,3.7685013393618716
1.5704792631402933,1.027117349362358
0.7770127800149224,5.8857472596293
3.4272714188494877,6.576560681022041
2.742707864056846,5.258205514045749
1.5875166443562176,0.11570432701464006
3.2153397780944264,5.707891640920622
2.4820235857728887,0.9988621914043169
1.1848897990788962,0.9247185348541753
5.531443096815473,0.44718143070408045
5.563914356148636,6.9532516036176615
3.932985348029961,0.35504925952343047
1.8614515441430197,0.9881981564393051
4.240089586413476,5.576300065751827
5.357396463601068,2.5358685741347005
0.44991092702351054,3.0499839677866185
6.851869061001336,4.018718561181083
6.881772144020246,2.1376966905310932
3.62566443354953,4.6743867192078685
4.405612468594624,2.308141901258371
4.711699566477734,1.8342025463071496
4.957680754958657,4.518919111299956
4.698911950607802,4.512376058228889
1.2430709051726223,3.1806842751155586
6.671419047403393,3.0089734013784613
4.658344321424636,5.170648535793083
1.252355569862122,1.0952507011971293
3.4106185862291705,6.307018285613406
3.3494132863021524,4.457364309178557
3.0021258660724652,1.6373211201139262
5.986201229074285,6.800506190755515
6.382869573801866,1.505360326498692
6.863795128305059,0.11620445317787065
3.2974678873969556,1.242492948614191
1.029118116476476,2.9323946940176624
5.541095371451718,6.099776145926391
4.785619519443901,5.03929425968542
0.15223611206799248,2.262857901469991
3.6084321342568315,2.0557500490669343
4.005190323276962,4.366665119115808
6.664600225037933,0.13842309096003158
5.429466619202341,5.317246069920512
4.512995219234774,3.294267337067154
6.600667136457904,4.770692156996333
2.471693155629195,1.2389346085427073
1.1453128953936451,6.005851879773218
6.151630066992684,6.290583724429636
4.493410864040072,1.7405892797357512
6.741339285150719,5.360324375755627
4.374233134128553,5.7556895520693345
3.600926497884136,0.26299252295586373
3.421707821139003,3.688436649087203
3.656872687684785,2.974707299494556
5.2449808671409075,0.5069127313861639
3.8280836630888007,0.21442707454217314
0.9919163463003443,6.50094795773964
4.734855051313058,6.003454915043459
5.221870005488057,6.860500751518611
4.53126246549945,3.885455503357326
5.713778843072542,6.962210277414155
0.7271922685872758,4.449166967233277
0.8878847600612138,0.6704548886828166
0.780458174853644,5.163364971486644
2.252047170191858,1.6115520911171277
0.48743260305952096,0.5861126584312155
6.816124632978193,0.42890384584339725
2.74050844170382,2.70483315448142
2.2975498518726156,3.614325431630216
0.4246522056020371,1.1064875334397866
3.997726748554279,2.9486982225335803
5.648067320907693,6.4312442003934
5.876168769210557,1.4457761936610407
5.351272202212386,4.646537901995125
0.5861833803969558,3.5888628710542325
2.888538749498374,5.801685077434832
1.0973870822150515,6.014138819216832
5.716339910471455,4.276999443162579
6.0735981317424566,4.313891825013665
6.700538419000193,0.17699157977699842
4.063934286091754,4.972956967012846
5.876155377993248,5.541134551555324
5.836937880600936,6.947176487416186
1.1334111059965242,4.081597218236924
0.322874850323319,3.472154483662908
3.9749102117680604,5.2759543751035505
1.1366800434540978,0.6689535022968555
6.685003340885208,6.101748653656265
