3.5,3.5
3.45912334429317,4.309236525383849
2.9560622897609266,2.850587928453458
3.5807257955634744,4.736017452192809
3.5437259815550375,4.969366514071979
2.750458035657562,5.389578197915055
3.294680959304283,6.059246438117586
3.6786650614559466,4.753649390051775
2.6113889765191227,3.438380263910452
3.118670611050392,5.922672160500815
4.293787468328482,4.147355306137986
4.303872850340245,4.888710198331636
4.15529626530947,4.295555478519754
4.273780510179464,4.287569143970079
2.08290154317232,3.136945039269367
4.048141990298392,6.357977231580566
3.106346726886107,5.459092267856553
4.893336478421625,3.7937406491727907
4.284732819103645,5.537480508586435
2.316976725200105,3.7393293514494204
3.567615156608141,4.027712427963837
4.24472913884241,5.0997809470971625
3.0640407614362415,2.0420470305299183
2.0532258267139487,3.9075581072364853
1.594559253544055,3.3910767125210093
3.144855341057436,4.441776846972053
1.7739125280858714,3.5273419405489177
1.8431779549035392,4.283622987054412
5.068156943836399,2.812194255500403
5.609889449004559,3.4445106176217144
2.0499489714481967,5.215547628808186
4.177695483041682,5.747900449873315
1.0443103051070797,4.0849861120178055
3.50852198551772,1.5327744268353318
0.9241905340060708,4.9282141883067245
5.5586696861466205,3.2427437466435305
0.44534526922541084,3.7931066390940957
0.8575750695850143,5.37386419290874
4.512608871436293,5.967588990742305
3.446729687457606,3.8297573720458375
4.235044246585981,5.824227207734421
5.70355859367824,4.35608885649836
5.741292276413246,2.901658974964047
4.466362171939283,1.3871894533750875
3.4490638286935047,4.8275502600830995
2.9264373523088545,4.032239663781558
1.4047377373486238,6.136749069971605
4.644660003904409,4.120486508406418
0.7641495603358879,3.221701355127731
1.922561430299489,4.124366348142932
2.570683468576199,6.3584665385511006
6.267391870791879,2.382916845283907
3.908805303113285,3.8218635005854673
1.1937016632452526,3.8354804178214623
4.592143865241981,1.7952107389267478
3.406045594162355,6.001462294296392
5.046227709604932,0.6210618060920455
5.751137964279908,0.9084859541508833
2.5365737856054134,4.055235654418808
1.3321010078192037,2.4508705440823833
1.883159397009167,4.29329341078293
5.907206585199695,3.5544320683192
6.7537468549767645,2.7211093950739
0.6082915569290493,3.9153842499110483
0.8955550372441394,4.170272876169316
2.219873628618965,6.346576102652842
2.393237072142983,4.6058467719964105
3.16701879480023,6.74798976165403
3.1983646410943143,2.8390297159556033
5.059583078346408,4.375285161036337
3.5765942902314833,2.7919566332188106
3.307274690659562,4.733205661514904
4.621608857092842,1.0282213921246717
1.2667863003105377,3.6305192508052992
1.409413464336389,3.8559596979960906
2.146174077527419,3.1362464166246826
5.5671269842061175,4.99571789324422
6.0789036023630585,3.9856362543276167
6.20826019338221,3.09314904390761
4.79631048508894,6.415944987715578
1.7592973722290162,2.504929116883768
0.5465993699477131,5.0216691025500495
4.118216602549971,4.53404390017127
3.82012779257159,5.191752722363686
4.073523879877981,4.523480257571369
6.875722828207651,3.302099038082953
3.9882845867080565,4.565835614365345
3.580541741974054,0.975007709905894
0.9710382135074325,6.165444725092333
6.431808271445481,3.961242132432203
6.404786066855896,1.969330317497461
2.4637920309911743,5.691605874843647
4.80675172697033,6.974187428188873
5.443575183688426,6.843834385388321
3.1198395173005817,4.952716306046533
1.1378726347353831,2.1066012608278775
2.1415656845166264,3.011579854534196
3.500429680102,6.369475390081041
3.0403817973767424,2.025941811642577
0.8332065795485951,4.911542705429712
0.7880628165675029,2.5647668340126764
5.340752822446609,1.0565583333521136
4.5613678733787095,3.890193524490036
4.564859427350031,5.859928842385302
5.494119432251487,1.6283775452540867
3.8856384270473194,6.310185955290449
2.1262102465983426,4.482745922957677
4.2689805880323615,2.943337655349431
5.364884124765826,1.5827794382772118
2.2470471195046002,1.4312388040887007
1.6773459928664298,0.9149292756130808
4.835433917825835,2.8895140873090526
0.49274965701002027,1.7042160857729851
3.6880707805062687,0.7233531852291758
2.973189128036681,5.723126798247705
1.9341567626451242,4.346483525972724
1.7423983217931989,5.010040437162219
4.392732823800928,4.867378035778146
5.397764197525619,6.70817345232942
5.817910095969308,3.6751985736875588
4.0659199026917,3.523924651544016
3.280600343689212,3.6284653859544758
3.0297745790139095,2.4646304372595056
2.7933238323468212,2.213651759230732
3.4293735008911472,2.4759728467197455
6.866275980750568,3.8748777970888737
3.7257914958526293,4.227395073078668
4.48518410221947,5.4180291826168885
2.0925894353342396,0.09011302279899136
3.601026827663092,0.32973998365515733
2.4987544583022103,0.21587270737398967
2.849963640814489,2.673530321406056
2.5719972605687587,3.588230161876617
6.248448017371596,5.022258171099299
4.181111826950198,5.880376603071184
1.6255493894463913,2.9234049658274888
3.007192319853486,6.927115611633833
1.849879635861747,0.8668847798413477
0.756116653988109,4.290849485071746
1.4269193735411734,1.4788582538884896
4.125416087787179,2.3788408428280476
6.551161066479016,4.30863252791885
1.384293500205095,5.17653166095555
1.73345478767197,4.759860569938203
3.1067296752721716,5.848432405729158
4.995676136370579,4.609207507918155
3.3890151458496605,6.632557959865592
2.2384593727685584,2.253500812868314
5.2556483450319265,6.377543638242108
4.3215206607752235,1.2697823451424257
3.9940055869822166,3.009620429964769
5.177781949233753,0.8486581915623748
3.8234645685617195,3.584258107509803
2.413607416105076,3.3517353398555705
2.5430020658338406,4.319095722103488
1.6581297723786657,4.424620371090039
5.215359841877857,4.6363049556644365
3.144177830898811,3.1285039244614588
4.0250197126826315,4.492106509986708
6.898466950266178,2.6008211914590715
6.559826228700845,1.5738352913198108
2.9247774882364324,2.8836035474966453
3.0938055019405697,2.871868725364177
4.946076681593322,4.609425015999998
1.038586610090928,4.981821739135338
5.092396214536528,6.772452003806934
4.456005057653066,1.8942566508168888
0.18303797745489547,1.3107540529337744
3.3658671005007212,0.6541327053155365
0.40049394435696695,2.8906769247515616
0.5837999182199607,2.14685397283635
3.239550476643794,1.30960433053303
3.346217476668252,4.042395289963064
3.499605188951566,1.5058548843486599
4.102030590108782,5.509340815208577
2.2052640276480835,0.4310951977502697
0.9286337787612968,3.767866697904875
1.9503815555310606,4.360876782744126
6.7741574617754505,2.8435767482497565
5.955405833013536,2.5242393861407284
2.7670164489745814,2.238174534691876
2.3914345941603528,5.737197350297587
3.7166056436299417,0.12243780839411356
0.1361105848854376,1.8555482751364472
3.8209954600923064,3.472425842605835
5.938658966985119,0.6133499452068057
6.5252676797400255,1.4140199403724196
6.682478704029536,3.6236269812768835
5.291216769288383,4.892334157243777
6.456782569302593,0.15125716148700263
3.401100023014051,2.4247670975499096
0.41071217726037623,1.610755044618549
2.45212251146722,4.1019671294276145
2.3507200470975986,3.3327110778673323
4.3737865747064095,6.300819323883585
3.488487717395003,2.224514176336682
4.530756271014815,3.995343196906121
2.9391971235818675,0.518973779332705
1.8601139023009412,1.2216096917574213
5.8033246947868005,6.981061982964669
6.486863059762875,2.084232057577082
1.2830872254461934,1.4479354665547108
1.6585043283385943,4.062850232145018
4.021707083701592,2.2462746577540513
6.449081130554671,1.4879849395809441
2.1591829041046315,0.7686070004381788
0.07245292304701134,3.465008629621502
1.560374614977398,5.685123131118857
4.885829101804365,6.379013879791005
0.39839547925818963,5.055824895203764
5.694553889817757,0.5142096470303367
4.77925439309395,2.162540508846993
6.184884861025712,4.907101285148376
2.2171487785093555,5.753770805443787
0.5785163333679617,0.9243195292120205
3.9518192861496297,3.2108953478485565
3.6201206612967014,1.314796465905519
0.8914223765503745,3.9414708946668764
4.6432145979435955,2.3487932496853365
0.4227142653621908,4.0959713854576965
3.4964307220616417,0.8869189525084633
5.813895711834668,0.9157287357738608
5.544862454093612,0.2653437900369835
2.6365474044055612,4.288618747211094
0.08130852281690337,2.1685981215110504
5.6054020467258185,5.648317043113665
5.607397031872366,5.366828775019547
4.140400738365672,1.0259732326612179
1.9490602043807277,5.656412014757874
6.656684008664695,1.3909205780074898
4.142691613152389,5.360546646816022
0.3253046220613858,0.146758305695167
5.350781060801549,1.9394412971318107
5.43371067358282,4.338854076046933
3.131545389338735,4.320021673297025
4.353100603250103,6.717389112909275
4.735583498530209,0.6652980692939625
0.6639852078133178,3.80495815605343
2.753892719224897,1.8004791034062335
0.46778674601571546,0.24586833057310498
1.9276037692469505,2.38487522227493
1.0064472492916263,1.9170761798862785
4.0634569221626515,4.032493239296476
6.10520450256795,0.18454790960650413
2.6069204430255932,2.4153442126332827
0.9041359497717035,5.946329091531914
4.930811915183728,0.18519587344426358
6.394294916354738,3.1472423163612464
2.1645111358969484,6.780873012052403
3.381980181995291,0.8220549416565027
1.873953979803845,5.871621978157122
2.275813231415417,0.38865128646391867
6.999261978664151,2.455684423237138
1.5081156492407977,5.064385774405219
1.1976296050049187,6.046350076705702
2.033361892707549,4.967242866945276
3.000238173456945,3.9827668600373203
6.882734069781456,0.5548968691510132
3.6739704942899287,1.8321995473727677
5.978314917235162,0.37118724173076134
4.754144393418743,1.5093691780164686
2.5785918337190137,6.991438626313666
6.386403678349471,2.633148887981221
1.0538849589675876,1.7739855165015945
0.023476929889388876,0.1052717069710617
3.537939511792267,4.780934367909401
0.7267703424708052,1.9678980580273406
2.905621739203706,6.264127730480192
2.0891436023782766,4.945987939789021
4.913809784816289,1.2498500637105683
5.04979894845498,1.2311220091508681
1.22679871787293,1.4393912021522939
0.27982804152047547,5.584942577536728
3.8848095757320626,0.4459818016041407
2.9117170053722066,4.796159052864676
0.4862906029238423,1.4965882032358013
5.13704156085475,2.306694594886473
2.8746807992048558,0.07788047202062398
1.110307770039241,6.777906303681015
3.2455986446170373,4.060837408051209
0.28317523507846054,0.8784539291825617
3.1746911822611557,6.278360031960094
6.969727318275012,3.9199743112642187
6.178894164899909,4.4876388014857875
6.235889338237264,5.979096332029576
2.57748034798927,0.5931880228610699
4.109360985594067,3.5927974222157264
3.963910735942324,6.360643589151198
5.630160821174514,1.3258032855491022
4.757928511471936,2.836251337506068
6.913960544695974,2.406575087635665
3.4568509034397668,6.903777913754606
6.51804821130419,2.3727400588147507
6.496282432906602,4.169822538638095
3.642077922783657,1.5851801152151803
6.006818568237531,1.2048700866094175
6.03892453059534,1.499754293220489
4.72786927503285,6.987107413725863
0.3996567844702087,4.2966280739632605
6.059315150779239,4.808873648276164
5.154906975293337,5.450519779179227
4.560779660581225,3.117263018135281
2.773073046331007,6.2703124902754315
0.9008272955425679,3.8193495554320025
2.910281850533742,2.2249458190378113
1.481073477511002,1.8523787253901252
2.376298555395237,0.3553562243157148
5.5103378892275305,5.349840107935359
5.603397455958549,0.9522607812620685
1.1880565307422573,2.0335101911069215
2.2440303759584834,6.998381117292534
2.5669145883738054,3.471530413115321
5.850658787442437,4.984323650769941
0.40051658273868596,2.726091678077063
5.885680905275863,1.4327124684772399
5.618689428925469,1.8801735620036464
4.392002312275723,3.3763461605375915
5.041096392106578,5.276597347692037
0.6411667662225209,1.2400389582539337
4.1109320466450345,6.089036692387679
5.045821060343448,0.981118214816597
5.376312881148299,4.264026235679709
0.8308131714494401,1.244689415752158
6.8700819050644375,3.870074963417902
0.6269848190398538,6.706106124273356
0.5754198597814039,3.2913005113449474
1.684833765941971,6.381707707826721
6.40547654008593,4.824434937396312
5.174341051890354,3.154071102563985
4.831136150250227,4.8816009311293875
6.001527257036407,0.14777113435946065
6.115484643301297,0.09697835912815134
3.0864894054590106,6.221333564221884
0.4910557302778046,6.432749469491717
1.4299484786950087,3.850369672677455
4.38913557245636,3.1338604429239223
1.3277613103930586,3.761388502658018
6.929576442047048,2.580533652845986
5.221508187465282,4.277552053478377
4.5236459929525275,5.386354466711822
0.47982202468836754,3.365878436623887
4.7467177055123795,6.712319643294064
1.9381563672296296,3.285892018440123
1.6395713652794504,1.0722326109981621
6.16479820291854,6.061981860300291
3.700225649159923,5.006882650984709
1.3614235993006791,5.033664259519401
5.15026021508777,1.2679404118542488
5.3520702350221185,5.785911806993332
1.4044479973541502,0.18221033380943374
1.519436427105222,6.902996323555918
0.5965616725992317,2.6965627054583154
3.3240893714330517,4.908315650873644
1.7447300454466685,5.51973752430613
4.385250580985975,6.739840869129065
4.170814053314413,0.027380767996048494
5.702438005375763,2.2206276090067343
1.3584970400875234,0.6629761332678878
3.946634948521951,3.528307375544123
1.7906477236689375,4.800749607921117
1.2961881941580078,2.663784775830774
4.166044772136962,5.116494947676249
1.6190220288324797,0.16345074948375837
3.4359276705797805,6.505134838244512
1.3946302109250412,4.598266230473975
6.2839950248560825,3.6881875308058736
0.6070113331445874,6.43948585275828
1.940009645179145,0.4595957386492443
4.612130926775008,3.7579731037219317
3.1194510078247966,4.4025521183799725
3.8706908287710364,0.6303961572637626
0.1602836376408574,3.853223599048958
0.1565372549576718,0.201831671912718
5.0197617198196625,6.3136312173184255
3.0995001304668337,0.9249898794403346
1.3112599186205594,2.240983234844368
3.6462674434160567,3.609872357042394
3.4320220685544864,1.8739243675638506
2.259925408986506,0.9706262667387586
2.8514231784491577,1.948380279148053
3.6658475447655237,5.083931146529874
6.445218542919546,6.958762010877929
1.1346741378280318,5.193743196779311
6.842630119416549,6.621752523886655
0.6813394622266263,6.243143631399437
1.5486698681003268,0.8931399142930995
0.012052826558872631,6.672818392869081
6.371463251401681,0.6228732538823868
2.4009562145706687,3.095264111647372
0.5087897791255063,0.7993039031087634
6.724550845786409,1.5081187456916485
6.00982789271458,2.6394804130031675
2.2006133951179563,1.3843824353833214
3.085909701452654,6.6914836655312175
3.3355436229960183,4.443643528797878
3.525806998517463,2.926779499023004
5.773398445055269,0.7960008855127817
1.873124632901033,1.1787559300544275
3.556044474268696,1.6643576086129706
1.27807958891878,6.3800684931392055
6.481738337305444,5.257533597494694
3.6584937452598414,6.627394297266184
1.0677013259713912,1.09833393785013
0.10266741694645953,1.5235474783337493
5.234324456311193,6.915924432401559
5.724935709698718,6.239263715352016
0.23098352682431078,4.458854565472135
5.874735993186954,5.879546340295629
5.1001449117046445,4.896667259607625
5.496881398807813,0.8042514123901253
2.461086032102319,0.007503306188966774
3.329891241413722,4.794516392109873
4.603529313038286,5.65231556758504
2.5915743733534886,3.6046425056243674
2.033265486535375,2.989937726924734
3.981402402340896,0.30619089808596056
6.848638448068531,4.996739569005872
5.387356279537075,2.54863435809839
6.916459704277128,1.0622457535217729
1.729221677601278,6.43442776785798
0.24031483998511471,0.8802708053389663
2.993774983382088,1.1175491065671574
4.100175587302088,4.5908750875311855
6.2515855253223505,4.701877357695011
1.2210638778238847,3.9385492745836292
1.655155296035927,5.5246136669178165
1.5952293970401503,0.2232999207149987
2.0744457119713173,4.16706707832721
3.4726243242156825,4.7365349626946776
2.669921173656867,5.463443955246696
2.4879251557781608,4.969219243370782
3.4692470511340074,6.659704066290784
4.207206513025147,2.4973272222309673
1.640849146147748,3.0447278529431143
1.801770219428058,1.1391771700796682
3.8236396054896544,6.341964022100209
3.825678804801394,2.3121250444293486
1.000448615895522,6.089272196277347
4.777032737813042,3.5524217137989123
6.123557805867581,2.9714595273212017
0.839323763111451,2.977125015333252
3.9615003656049375,3.384420687145081
3.017419041214682,0.31984028827513356
4.85105913112748,2.611578092264437
5.606023515771233,4.740527170889391
4.328290527587354,5.435609983795935
3.2519318048258183,0.24968024241004694
3.120317071255093,4.155982834887661
0.9945898746481778,5.6953343782591235
0.4468592733920864,1.706216661380592
2.547560887854112,6.999510659082858
1.0284330371538928,3.981859771055504
0.14489873535675046,5.379285034484354
3.2261629080408083,4.824827165074546
2.203592691977303,2.868874062609276
6.524555941880209,1.6371540748683673
0.22960115641017187,6.004220656346279
3.7385797318380614,4.157376120526802
2.3810106423771398,4.16087150834397
0.2618325306254874,2.8686250325907876
2.404404267495503,5.790518993149853
4.3898025968988135,5.707873730863668
1.1025165231131262,2.0900110387725213
4.2890402874135924,6.750753055043371
6.596191558333856,5.380218767252459
1.256172491693373,2.902843045195807
6.6684298765860035,4.9586463795991165
3.6742703832776935,0.650358710900813
5.595854219992443,3.1047304334451855
2.0510736566784225,4.921843760171109
6.353287551199513,6.907748452084459
5.772097733713195,2.219553665093086
5.1862771474763045,1.9491454239859713
3.8628563430115723,4.875142840332726
3.9219417576534226,4.269572353659254
1.924854571443507,0.38474490768738134
5.666817967337093,4.658642890501939
0.7733255386947963,3.9235803140884142
0.6921876854502813,1.9895540400256133
3.6107766460913493,4.40664909071708
4.64387052956355,0.6786452891332669
5.518947291129328,1.110693710645515
6.876604845170908,0.6103185797795532
5.221100072068041,3.9673620553949163
0.9923743680182081,3.2583423467007613
0.20341152185093214,3.4911429022068394
0.1650221263858802,1.5337746556888616
5.568674122032612,5.971357926973504
1.9268689525217768,3.493378311780889
2.4489113848049917,6.746368809576006
1.098935254665641,4.410974459794724
6.145615857013541,1.93938423087021
3.6155950303544677,3.7918604069384805
3.9982312702299514,2.0241444642008046
2.1480137611834174,2.5822583280120774
1.9476332093998843,1.2218946381287275
2.8313056221747033,0.4827554003238419
6.602017806546057,0.35735981504464565
3.246291543428306,0.95391447793068
2.029511497423095,0.05381231948379017
4.3884421430156015,3.585204181756409
6.289500039114055,3.5208848492516878
5.485834581368458,2.6643629267365516
6.423560368966102,6.791688325277589
5.291861641407038,0.5654161932700094
5.55609975026061,3.576639645323696
5.743522086302087,6.375253797346802
2.9071328832002177,0.8358819324360507
1.831085413404192,5.412292499943354
3.3608856254382173,3.291709244840405
5.80692904328604,3.0895216437130775
0.5543663252837999,0.12305157158914015
3.4449084552394127,5.276819526033675
6.497743162808748,3.415883690082356
0.29315374066267985,2.8672425017899226
2.139556948059864,3.3701574387068227
2.4885005371192728,1.128119841035137
2.290486560860125,4.439515088552906
6.649586412884108,5.858315829180015
5.404825462719512,6.953835131822673
1.3632260618397773,3.4439911057871115
6.935304628518497,2.210571653941246
5.451601231143659,4.459169423324104
3.3182121184647,3.7306127848354564
4.439518981872673,1.8074946826881617
3.0184021782229515,6.027205809880154
2.773030824319175,1.3926445006005213
1.3894430335935521,3.8272500385351877
1.9890006464341652,0.5067439221676261
4.75268507870138,6.726845524945871
4.854417922886815,0.6442552466050979
6.331376457465384,4.880762971654813
5.799160608352815,3.1728799769861658
5.92555330126049,4.080770968010602
6.219969800524029,3.7961789150485834
5.191525486028791,5.413382893939713
1.3424840216133749,6.306803517254979
4.9256611658752725,2.9693139274744897
5.696739976756389,6.571277217658746
1.8965582846258557,0.7779390257879307
3.319748364094427,3.451049324748317
2.144012724726492,4.648006574040908
6.800411840998999,5.138564933239048
3.330961866470329,1.6334544200040821
2.934423375251596,1.8299209568758361
0.24172155775827509,6.055979295533601
5.353696218935529,1.6185538155876298
2.083827861069132,6.329938945628042
0.594134226853495,0.9987987293189202
0.3368646254103921,0.47726789771412803
1.2734496357468004,2.365930425981169
2.582595189463971,4.359827775503341
4.932938377867107,1.6847891596825288
1.4013254238232156,3.721311816849961
5.423916995398063,6.8464331003357515
2.004099385357689,1.3599540100940892
1.4287223463418701,1.7738975459175508
2.3210479875263195,2.3466176139644217
0.2612365732388603,4.6821303540407815
2.739268668946627,6.8348892719176995
5.5928721538201565,5.158098560518926
2.672467239164022,2.1005756007478382
3.1690823971341464,2.9724321954939605
2.883624451626074,5.366684306734356
5.668979147085513,0.7387744679490609
3.555156445921735,2.5361697425684353
2.181802986081965,5.387306186906877
2.268436916798976,5.100538424069857
1.3498416918909877,6.270063810877194
5.72960018863398,2.8035335754153756
3.432229700728903,2.903631452176208
4.887870434772138,4.389345875089083
4.532816338146226,5.100842191922951
0.12289956804003443,1.9488845493685925
1.7678629308882252,5.3059554959306405
4.013542207464126,3.3700396680024767
2.6511818695780436,3.2009659349098687
4.798993459429362,3.853564043778482
6.942782475716445,2.516814520084404
6.225040548043326,3.248586494310849
5.614153221883518,3.033939290239158
3.2559620511793512,4.976140865777493
2.4567677964299874,3.3160432027306346
0.7609658445312815,2.5905084986652183
5.941658826077726,6.5061095981315935
1.9229608765173793,0.955824308656177
5.8645507463760085,0.6829508751429988
2.954507651950978,5.915580492944
1.9964589835677242,1.9335019339157808
2.497815963439775,5.361464731093728
2.7131741407538414,0.09683407698003565
4.335835969536435,1.298043591734741
0.13413881404925487,1.0978004583137646
5.430476179524613,5.051813708762271
3.721195893670858,5.00028491571586
0.4111013572749117,1.9199467438468736
6.905907566799614,6.259916893809454
4.072630316022473,3.6000331479018763
6.090314345478878,5.1312655871378094
1.4564056656818636,5.649235004939224
2.4349075621710514,5.3393505290359204
6.995940901833271,3.335132694292092
3.585040575293233,4.254945717126399
5.783894477974256,1.1694523713192508
4.331448924023133,1.4865177957800224
2.8630042800141164,6.8887288959349435
4.464406171104857,5.906827479068008
0.853809734571332,1.5517873154836492
2.7119310664177085,3.8777409297122487
5.166615364234545,1.4503749309908787
6.028692325467054,0.7193338555704458
4.87736422028492,3.7560464115330143
5.631765999297215,5.188868204601261
5.471132351544483,1.1550033040496115
4.774872937815354,0.292186126157693
0.7235530963932034,6.237690986136254
6.585416131563713,1.959438565358282
4.947686098494559,6.117027312999584
1.1232021795548943,3.223881377574159
1.4734399479149456,1.8873765801578677
2.8880804313699393,3.519856122567119
4.746967131130149,1.158894893963957
4.782700215571338,5.097792270477117
0.8157955818555925,5.39319386155303
4.339961652102948,1.3273821553143257
3.0921147773776174,5.085656387432683
3.68839491533116,1.5738852889971464
4.462179194008555,2.0445372875399603
1.7766133098964656,1.7228943277384676
1.7694002336823351,5.486669175229688
1.857338482608569,4.0645785149738165
3.2766294432675656,4.156358369371165
1.7383279810249905,4.23786890144347
0.39342933958473625,3.255979424304159
2.7989379600222155,5.780181958671077
2.2865672462378446,0.4440198402974862
1.2403625261582547,0.126680782479777
6.540295800201284,1.343325337632716
2.538381813252829,5.516054946252579
1.5641158351061115,5.979357172666828
4.324117797762949,3.919581097210761
1.7894532496701845,1.9949997711279193
6.629089118803401,3.704340873378397
6.174377764921373,0.8251920362484911
3.9974643305592217,1.246018365872556
6.22831467348715,0.38801697897415166
6.558255684117957,2.150980137528165
3.3898725716131035,2.58961425001282
0.7449430082576775,1.065876077248428
2.5945991135683033,1.578101837087755
6.621236963702523,4.592870119363892
2.904807060147652,1.4696921719526137
5.753107049773169,6.950866487865068
3.8631620321750963,5.699808644566982
5.9582695845981455,6.249586436342483
1.3104894346792806,4.33834663323598
6.626310041111311,1.84330819780092
0.9156670696514077,2.344423932104844
4.497272436398609,4.737437397144299
6.556239162273165,6.317809473387394
1.1754428314681662,5.633982022585769
2.7159968105540058,3.923512184534694
6.328721780016179,2.525293065231841
6.146123219909356,5.629586371411769
0.11200070742207147,3.050223320702769
6.744823500848998,0.8013385134045059
2.476118295666118,6.266942760133214
5.367810263239352,6.9806893816061875
5.905644138331969,4.065642608933758
2.00356992994585,3.9791915692019693
0.05748501126073824,2.646625766805871
4.678067779659741,5.384066136576484
5.805833831376188,5.215188802094433
5.937055835879008,3.117750975599217
0.43575914864764853,5.866288150440752
5.561353928444868,5.864947383081474
1.6416139490715462,1.6656444224814593
6.486077614141076,1.890908694902412
6.832400359254099,5.604783162404593
1.4148765846114033,3.820489565069242
1.9989033352468624,4.0861522827827645
0.22756101041910082,0.2402927502738278
3.6175746599032297,1.901690065104912
0.2798030097360368,2.126241567981887
6.235944968868225,6.460305146449408
6.578210956112724,4.0501968522974705
2.436418414886429,5.812116845762524
3.5310022724524126,2.7009860891367623
3.668113994149529,3.667402448957767
3.348069844909104,1.0547650862315594
1.0574906151854129,2.6075696887209103
6.140433413338464,2.8893979251912554
4.226831500794459,0.4976439861933478
0.0028934814541409226,6.123085770396978
0.8173828904868166,0.03429421076565231
0.9229889280423774,3.3353279952494987
0.13839043984973864,5.620376699862859
0.0053011196604508815,3.47704784755526
2.606050357840103,3.3720422399333634
6.471168719040779,0.10157338508065883
1.5596672132083833,1.8410276761596904
2.2224221383423957,1.171933895960509
2.8641497489120202,4.933370290340379
4.49520760165403,5.3136365214405386
0.16317056979421884,6.62283112701013
2.3582774833387288,0.20160781246823278
2.5189154873464803,1.6216043118037327
1.5618225203670266,5.458680616591886
0.6220112163806234,3.9306978153675463
6.405117305416459,0.9940711980661044
3.784624253393657,6.7235003093998795
4.710069260384165,2.9650188690660113
1.1022263441563531,0.17455318405265297
0.5872502820294246,6.584197397916979
2.3377313028513815,4.723012009816061
6.128060519163663,0.8711016023228748
4.290607430649351,2.335038232042853
5.342496712944569,3.0987983753130908
2.03213323921216,2.817064550462072
6.336383931109068,2.3913668938525414
3.454306515013285,0.2956596546950253
5.548492145851018,1.7649343699917557
6.914209027419816,5.877390979405913
1.5876459634019993,1.0209322651671342
1.3095091162558785,0.5838759174867928
3.504150869357582,2.2873006284754016
4.258399467347371,6.731109977744503
2.1483571228490543,6.553717516664653
2.117804289922505,1.4086465001719353
2.034726717959531,6.237944831812305
4.7146809200380915,5.438700357130343
5.079277236385361,2.37573877595649
1.9702095376071072,6.210381279682275
4.238776983331741,0.8575228357357599
2.209159304006387,6.145238610060183
1.174443308710116,1.5570189959831473
6.186342582504222,0.9522921593130144
3.83315181324995,6.809032792610093
2.26301032683707,4.474026747711069
6.404372708968765,6.1790637878163075
2.57674980301489,1.9849043398681647
2.0066544711148095,5.433333336005301
3.891944974502695,5.545762130007188
4.302662421947131,2.810121194721472
4.274869438383813,6.035282973570826
2.101952906374231,1.6608689161140477
4.073861694758781,5.959047656934206
0.04178863171112501,2.627364621865781
3.159184943977136,5.340476394438247
6.888385860518125,2.822876448349119
0.08896763547988251,3.8040482633750994
4.923915903579336,6.414997538282604
5.857418910431929,5.056929871509856
0.19927673418944225,1.574855365834508
4.664611472267913,2.741944943897936
3.6880130210044086,3.148243158758139
2.841575375945787,6.662256138882055
0.9385630186884781,1.9394534385659568
0.1862763381425393,2.407600082763611
3.0619006454175515,4.727091106983405
6.905143623242365,2.8132299679804396
5.2099575198929715,4.633198344245401
3.969746167363663,5.591530766346119
5.2119862947007,3.9200405431462375
0.7121043111169297,5.937983535699
0.7886934444606213,6.886757243349855
1.0171232582146534,3.813137470012504
3.1382708893199363,2.2687034836706585
6.889304714282926,2.558254971733531
1.9678711231258248,3.927864796826078
4.139742595919282,5.619227522107641
5.022082723945765,6.953809282247815
4.611420628548067,5.415116148814299
5.93608704393845,0.008577178811383868
3.5877060903452884,2.0688853213200344
4.258924991411378,6.210618272961232
1.2600071825630497,5.219949538429768
4.9876475303318415,3.858326192756504
1.697377523229398,1.9751247514372632
1.3864056959665758,4.297576426561943
6.513468948788783,5.081649867046736
1.6127689771736506,0.636533047021576
4.280192779153353,1.5668057795824943
2.616899498830308,4.243442904246775
0.5211331707255483,2.3087629561971252
1.614703008557861,3.1821138531616526
2.0466464454191673,1.0309762458682692
0.10988623731606861,1.5597899928008432
4.921390327504417,4.659031048793179
5.479232413232887,2.6336852794590246
2.7368660407793763,0.36197732306925867
0.16240130758861948,1.4791543003602583
4.1690349995272795,3.0596280501282647
0.901978959958864,0.29455377400780713
1.3707584503844776,0.03289067767925302
0.20371817359395017,5.266471028831962
5.844507076055746,2.497264025280086
3.4004651067897687,0.4725542967321248
3.30100677951731,6.0503018581057395
5.065581554444886,0.49692599427295137
1.5166759215688619,6.042100509545695
3.5950220918006375,3.7081545296150384
3.8612085022319946,2.289752754351416
5.551258700536839,1.405059690785667
1.2743497838415259,0.4774990396037687
6.040835552013701,2.8303378933982786
5.703531447481142,6.565618830763613
1.0097291125923764,5.735472844027892
6.83204966715503,2.536256445015264
2.7150616282156435,3.136901447532159
0.9296914230915996,1.2690900993859502
5.836317065183493,4.172281763006248
4.0003135650768975,2.462979269634335
3.7294244945067327,3.7181118286569914
4.147159367913074,4.9353727597511625
2.398941310149402,6.948274392044632
1.378732164532631,4.43028562231258
5.413257378274723,3.8836242573541986
3.789669015189167,4.309647225732687
1.9500448815372908,5.570209681161142
5.290539300628416,4.544204688671594
4.2531571134579975,2.9363976711937774
5.270638335659806,4.248039681014985
3.0718773561529673,6.048326689444191
5.932269264388854,1.9355064355112592
3.834579442358827,3.742818683477231
4.673030167338202,4.6977763631929506
6.712697977401446,1.5091152152656462
0.8175059160578289,3.2567656450763955
5.671419744955813,6.719966847656487
2.6323206473837866,2.009513147041046
0.8154150041193681,4.1669033289720865
1.2902390074571977,2.7722328333166635
5.696531453272188,1.4326550255458397
5.213433088293233,4.640998959032722
3.176283120545888,3.7784950507548247
0.3453692005946657,2.538099951069494
1.4422783388037073,2.67347907372548
0.415866331882369,4.995640397226148
6.982705404533993,4.033547508047899
1.1856564403029481,0.2943874084638409
3.510329945670035,5.038388745241583
4.991160388406086,4.209822535431449
3.687426875785918,5.680919608975401
5.079357602789955,5.460374007486162
4.559723275599043,5.790553744807179
1.2490079649778334,6.258330690827628
5.225702604426573,4.049978649517159
3.4063593770418485,3.2297281725174525
4.540779704228065,1.1967191709526885
4.17259682318163,2.2250639405865598
2.6933048570469973,4.70734752581411
0.5578828106883187,6.068653098963496
6.603847060767807,5.020376089801841
0.5794637354991463,6.269429468652392
0.9024947539193442,3.818688128862113
1.4631279154289256,6.48698432860824
2.894192383978246,6.920952260468393
2.9236177843855993,2.8560714027399685
5.930610862707792,5.758502220025138
4.928719349675994,4.533256220640008
4.017827137584469,0.5111109910140472
0.4733449979190796,2.95003323668785
4.579392422731961,3.591963441773424
4.190777018975796,1.697194158105168
5.2640968388606115,0.9529339551304163
6.634157506493092,4.199899432041633
5.78310232758261,2.027955148390806
2.6503650459082664,2.6421190353351744
2.687641641920796,1.4439069423721471
2.794217626398795,1.1065570462422547
5.093128919894138,4.515574626440138
1.8937278028531797,6.76277813457791
2.899622201253589,0.266118945472385
6.697993718016607,3.4212200657703224
5.756720449508469,3.4747538001460585
1.402649390295107,2.042499205427935
3.4169798481167764,4.345008235344614
0.003416614747385971,2.609898988627248
0.3968703373114112,4.511882651944194
4.198144758081441,0.7928825219898025
5.512590617137676,6.63956926171214
3.2207648754921467,6.638312858221074
5.034381077640529,0.905305653026978
0.779137796170658,0.42988055806114045
0.97291916177164,2.5911494163560826
3.4982989611369657,1.01906300566751
2.0397547776447933,1.3117821283161808
0.6923928343329271,6.648763813115178
0.1373283972119933,4.201365729433667
5.54439567359765,0.890704247979779
3.7257002599699254,4.874468656511892
3.095594888095712,6.095953947311284
6.425506897587885,1.4167452383728412
1.8891754876182987,6.8731907033501365
6.824409991774287,1.309987275828329
3.6374406919594304,4.600276569191382
0.026366180173488907,3.7017295040638083
4.746042480625912,0.9820775323457366
2.785283314833481,4.636520236376113
2.5136675373215613,0.32770119652092466
0.07763389051556402,1.0463673101414939
4.08621285829742,2.8356325467607046
2.060970474361059,2.9340234585583724
3.2044915042267847,5.114977008802517
5.605101276453041,2.8902380665830156
6.765295747082611,4.228968027240742
1.1587104440024918,0.35297922437466356
6.1504286429505886,4.221371311572746
3.964450879821187,6.2163967785560414
6.556543731424984,6.226018528768088
2.3116702151878226,1.9495190903465591
6.9291150891426545,4.397202471385968
2.43842786640445,6.546550806583269
5.973632927016098,2.424777574968193
5.43248702955713,4.688431349995
0.22874386590736207,2.464172062593068
2.6543322136499037,5.992713042362352
5.166023531385948,0.5536114487409309
2.8150621720856566,5.779962855918624
3.480312229703709,5.406011589440569
3.9976922144572975,3.372703202248752
6.774056401441198,6.0163296466701555
1.078745046548247,3.691830930792468
6.5143327535748385,2.7909191351184255
6.695216389633768,6.983145092984226
3.8579603938023386,5.6203673827655045
6.604966515501353,0.9911033295339158
3.9111893707581347,6.376623487734474
0.024066772868683306,3.3809490480741036
3.591610502310404,5.8190490474679875
0.9519735576968124,0.5933221857711046
3.366398475764654,6.700639508815068
2.007041562591035,5.6156213824934085
3.024441543118609,1.66960385979326
0.6136340710158383,1.8469184204527895
5.6375943335727525,6.890453480790486
2.8443654944458028,2.6202029790990093
3.6194295164312176,5.723676889986013
5.878494890760063,3.9174921158530793
2.209506503791034,2.869060954314245
3.687429181444358,0.9220575729309791
0.4474032681155605,1.5365098478676686
6.544282396850635,2.6442953489936007
2.6705457662750582,6.466431580978489
1.2431359534679673,1.995992529354333
6.548531355248583,4.642761717397833
4.606382907737639,6.463171679620331
2.0370487852491777,0.45649183790032555
4.109160493138431,6.535888079386688
0.4360068005413804,5.35260277712092
0.12663567519715857,5.3770150254405795
0.570388876425264,1.432522604738158
4.770399977319336,0.791247397909678
1.1569238860324593,3.6805546314606508
0.17966182983906986,1.2403351987368105
0.9975261326344158,2.8309174620446775
0.8944920719648938,4.962905007626481
2.2657819844846236,5.4974290738990845
6.5096482074720985,2.974759942245761
5.9784057914150885,6.865126736906887
1.785816308888832,2.6590089077317156
2.563187410268605,3.698742458066153
2.3669324340626874,2.5420044849810335
2.944743572917988,2.062659002093703
1.7335732755033106,0.7986096813996753
3.428896962371104,3.0958770521067582
4.310595813895618,1.456409574477643
0.9608419487077285,5.234216328495211
1.3531808980334332,5.56492064862526
6.2435384925995745,5.4862582579845425
2.2893806463760007,4.053832277874206
6.892361035803003,2.0808860913427902
3.963499599942442,5.636986714837737
0.8868290763706019,3.9546040281058725
1.7588765124466432,1.6435812036237825
0.11389579968259711,0.4132632503679047
4.207646187158655,5.771644010978354
1.9791866887838836,1.1299006461584165
1.8329344314500826,6.017164201966169
0.16518324516092586,5.419402924357047
4.524924992144485,3.6687405674902522
3.9081743765389825,4.2943413675864806
2.9961223325909936,5.351849305918039
3.841808405012609,4.687537995766355
6.833214544849952,0.4154945355849333
5.08261704275291,6.627210962201413
3.9368326959017357,4.8278316762811
3.7745157051993607,6.864981273979192
3.359106348994329,1.5841625844698974
3.1761336015971304,6.802887717070067
1.448806094740749,6.660723760889125
0.30005527395685283,1.7765447641101142
1.1679695477202605,4.938250932794276
0.6236936544863244,2.840777090523761
2.809157339796676,6.965949336544812
0.20041880124523526,3.672666160952731
0.31561708510613595,0.27248866092298374
4.3028896420146685,1.3602106690034814
0.7039202834223559,1.2462213261113835
6.558835964973197,3.5881821866015478
1.5625200849865517,2.434825567357156
3.3522987978603602,3.7673033830140428
0.27242430848870547,0.047765523353802575
4.001366590500408,6.036646108049876
6.965152450132141,4.821926388379087
2.9565351736597454,4.862193463173901
0.21105659997386939,3.14452149214495
4.974345568800877,2.5870084821807504
3.951528996614641,5.251602142357778
1.4144471136507106,3.063327329187627
4.054380758615823,2.1581993740430057
1.45011805604967,5.152195213335126
0.3561598151095403,5.6878873108432755
5.134461215056356,0.8532488072276426
6.635717932281686,4.782027433352274
1.8018781572956581,6.561823035527686
0.9119146709380902,6.244608566536694
6.28271662161336,4.137942749888974
6.889525553744754,6.30043321548235
4.845221254269554,1.1271082591020094
4.24023035650139,5.56332101087621
1.5334178330658097,1.8770401757488484
1.2427349619749952,1.2868708100605053
0.7728600037835518,4.407011958958137
1.3702004325366763,5.080220340859854
6.633940861976758,2.837012301563925
2.4015636804330525,0.5276544838716175
2.3883811170257703,2.26062924022936
1.1592702233221537,5.750244146165682
5.056639142346158,6.2245661543163555
4.42198029228344,2.175821898753375
6.360861927572173,6.392480868466914
4.535648115031798,1.9709697103142796
0.7023262377082329,3.166599231563935
0.5459311030898587,5.814960431030795
3.5125350222727785,6.0028460747985415
0.2054061033288873,6.373231167595141
6.062505733041227,0.7803655773000636
4.671113791097084,3.945226625723544
1.1586383884760703,2.7288575252507696
3.0810474072542386,4.823730727473002
2.477093956965582,3.150641662732098
4.783426466462489,2.6114059710704822
2.0863172483064165,3.4016570427318618
1.6828542781703248,5.288609390814393
0.5259657606129154,0.8669340005154977
5.972345068784426,2.153927512497434
3.20092531152606,5.921096767558215
3.5741637102681434,1.332590090122133
4.693826207451787,3.6748366227180287
3.157571046180291,6.966664783880637
0.5420972860614695,1.9769427464287397
1.862079718466169,2.9422521621660382
4.604275930033087,3.62520171663244
0.19194135419030267,3.822059783196255
3.671756471280209,4.206235397867363
6.132636511259532,5.129746746168379
1.1684792764199945,4.780240133698672
5.083768006506986,2.7810370260228225
2.1538159527863,3.2695265156348823
3.071404455199803,5.610877940932786
4.03531843622582,5.661780197681619
5.659330811110776,1.4574907188763706
6.487444543625039,6.313738035517878
2.9262176758714356,1.140627233073508
6.508763437526236,0.8900252051429205
6.907710518764886,1.867820585459329
5.471989062027813,5.859515825086
4.790720860091975,0.9523274981803063
6.804352534516879,3.7482074443344575
3.6148158654157774,2.3624701288898713
4.41284463391125,1.1086272987286463
3.8879824509193623,5.510693593285313
0.08590922919373278,2.8515825092671423
5.124812276914877,2.180606417444829
3.614501949015758,0.716366388226161
2.7920932603647337,3.981856222276491
5.020588779555141,5.5775168502123105
2.766128228475486,4.267793029281791
4.6014960106025,1.6920872558054836
2.789104623163352,0.31620916632195706
5.178703652263192,4.051116450085502
2.840803454111968,6.797892730319684
4.355620509496746,4.253277612918894
5.536697994498428,1.925861364514454
1.4697577394542685,5.375044083009925
1.7983670628590156,0.9292098421305925
0.10776191895581422,2.9350631915720062
0.577783515817248,5.203455319195394
1.856803059084284,3.961704126608481
3.798220104085705,2.262834043658029
6.585452021428057,0.15295403746320668
2.4207276681665233,2.1799864881521063
3.9303175636644494,4.979792626459662
6.8865445073098615,6.298844590850098
6.588486970760501,5.595292935519541
6.50040713732492,4.655624469052624
3.10051661241196,1.513205016553965
4.829082817443801,3.6062176711931553
0.685565833365387,0.5202483626905431
0.21388258446439012,1.5911618091630162
0.4001643927178139,6.0351479113657955
2.397055369389773,1.1210353893589997
1.3617314296384637,4.811018568254856
6.5895698211832565,1.9408084621467099
2.6480591762178447,0.564499209352883
0.8880449999290813,0.5242102469557878
1.6426184551355039,1.8121274907688891
3.8668351750923735,0.06885036617325468
6.986797022561464,6.586726935622777
2.2810439630905703,1.1930773304825966
2.0071259570979136,3.841109861110932
6.338213121389245,0.6616058917428255
3.801615788724791,4.456038309798762
1.057316696326783,1.4957134248779713
5.219479456077041,6.941616147985932
1.0871990445603972,2.6717037573616236
0.3406709481751343,0.4836715539117813
6.698770203836607,1.7826100532553029
5.809691296772362,6.7484096293962095
4.838132439980277,2.7649009564896185
2.2648557451530067,0.33414739739685273
4.67471300491085,5.85725123883169
1.4736213187390845,0.44241522975858694
6.3854954598793965,2.247240362588172
1.9456691770413816,3.973568947487048
4.7379853337487665,4.691996774934026
3.8356410108401113,1.1405182637728943
6.196550324864251,3.6211996991087054
4.83332301989794,6.957095830118925
4.77949367293661,3.0900914514295623
2.8971177471001766,5.949284057463519
5.806370676927234,4.666466593946891
0.2285879118904326,2.8481482437087804
1.2254571063462185,0.06885436718649396
0.07226185885262237,0.8564174546696149
1.9149822721605676,6.3038417979946155
6.040864244142166,6.541574116990729
6.362606433717128,4.4735829144556485
0.7467811972267974,6.485420710490235
2.619394099038253,0.32689938296388776
2.246498754036156,3.387734122195767
6.194114588054491,0.8436138872900301
3.3668937524502365,3.03609842034606
6.309326924780386,0.018252291046944702
0.6127870377064746,5.323597714938512
1.873501453828784,5.426083177921438
0.100751574147247,5.119913145847869
0.2072415944525916,4.487504561610082
0.8227513774131365,5.090389460990409
0.8999095478437871,1.4593480115474402
3.259811007110661,6.659803901107424
2.6543847910439684,6.432674750382147
1.4054157644245702,3.4414461981295115
2.549043183344738,5.551142999801375
5.704344788759108,3.96610064148703
3.1203161587430146,5.725631210585341
0.553931010973624,2.122442350388401
0.7306466330119453,3.4999940569726746
2.681676595329413,6.707637137062228
3.56879487078841,5.665955589675562
2.692708214377465,2.1046928724519134
3.4679525067267636,5.124545220535723
2.1222852226895803,0.89604478649956
1.0562960951312101,5.513630720540759
3.496468892187788,2.924131471160713
6.099490770776158,3.0007591155463818
0.24527709637684036,0.04625998673342424
5.291205730911901,1.1978763745803005
2.5259329497027885,5.417987178283893
4.395812068218524,0.14974066756790272
0.6802533199977586,5.864474368605942
4.989500764746315,0.7697235301713595
6.092941890135245,0.24929556111292095
2.8494833860310917,6.925748914291525
3.771845031311358,6.644599152223676
5.335234870683297,2.955083831036544
5.733097301926373,6.015831740838389
2.179058549766725,5.756383710407144
6.688915602618547,2.7710421922115347
3.139895532604579,3.771231347731649
3.170939955566019,2.59246768688035
1.673890622764075,6.38769518465601
1.7140482010510651,6.0423217430976
5.743162852263807,0.03936296625889135
0.4995386284818836,5.19728736336977
3.9923762179185283,0.756526907649034
2.7431695554109083,2.440073897659511
0.7824467419118832,2.6634213208476214
3.5583245830726016,6.392227270480778
6.537522035803018,4.052507054837563
3.1692246655074117,1.130177514373274
2.2586413348453047,6.174283071201315
6.100515954884019,2.303351946947581
4.202282791671318,4.569177281292114
2.0904795966509067,1.3388636584766593
1.9293255969923604,1.3706826874441491
0.7480471115221937,2.291370829483619
4.524753208082517,5.60044479269695
6.862139343598451,5.695191367568464
6.0942859031107375,3.08153726197988
3.5330444274221504,3.6471305653150887
0.8131841162390672,6.671125287110035
5.393620741022219,2.5517184410383154
2.0507997643539393,3.7439274534330997
6.367566282737517,6.6255721376706544
2.7339949642269663,4.062247414673294
0.6372117953914015,2.511702209143869
4.318175642942494,4.610746975279508
0.49225276336319035,6.610336378876724
1.0745213481341498,4.309786597413424
0.7968755324326883,6.160934581685256
2.4549102184095064,3.22473382980849
5.473355732441656,5.985587550868393
2.648893999269475,2.9172841449282343
2.214321072400286,0.577888683299518
0.9154802796224827,2.051130371219021
2.997442925584839,1.6437233324401925
4.887105100516146,3.5664486614506234
2.098379826652625,0.8656978196297614
5.644035297939013,4.47736135172994
1.3974201474331795,1.4969858350575393
1.2572947143823106,5.808137501383868
4.60218624410942,6.993082138485195
1.1207508645366029,1.31075348222814
6.753941921959796,3.260780697524855
0.8487658195296519,2.6516866968247683
3.3884448900163644,6.602437841258533
3.0469694451904186,6.6111199779568945
3.8811751218219577,1.1724842385605938
1.6688936469896924,1.555213938601923
6.492061710859393,5.9790074421037325
4.316698026446678,6.152568343862963
3.7688345683661044,6.76039871823855
6.42701701865908,0.1032043448812191
4.039746224298966,0.6671077879912393
2.8946420793044356,5.077507069056975
2.7119255872874866,1.5920912128351166
2.68891751448638,3.74210205492632
1.3785799084701562,0.49819009885675636
1.580564359729758,6.518599826662655
5.312647860883181,3.8554082023169345
1.3673967120607016,4.676789089471963
5.328890464588869,1.7438903161270767
2.8470084725877314,4.940727085241095
4.09130218765767,2.6888233794285137
4.779554890824009,0.13476373347103576
2.1146752902234702,6.365061991059827
6.172967722358267,4.472140753040789
5.431539128125584,0.41230565190848656
4.335819346601392,3.2470128338529
2.6680808612069016,6.1908141755975405
5.935309315351008,5.140656239182282
1.4881423008636974,0.7781829179196298
0.4395481343060622,4.163165937160045
3.0623774500108407,3.4361289799138226
6.303458473218109,4.495824001153859
2.7520182744840973,6.841597085072464
4.92495620467196,3.959715409739217
0.6272077045668591,2.067106258928133
6.724576450480885,1.9850145220288455
2.4197660939391294,6.18162307601369
6.8268983520265145,5.439125456656698
1.8122955770097398,4.252745647088306
0.47081996322753783,3.538096233658477
0.5135072130918177,5.771607047228759
4.949364412273773,3.7117811268182423
2.7406644907192113,3.6146503158704317
6.31378405894758,2.744062179530479
0.2661485602619791,4.936582336869743
4.286465497342296,2.6140689920708016
5.762147179887909,6.711008112345014
5.888149104530298,3.6527126744979537
6.113297381895141,6.370931764554346
3.923041380053705,6.4317596230004845
3.4169729376830955,6.5117993203957765
5.426623556986768,4.807052751536896
5.127938701383916,3.600421830579668
2.3349384185419675,3.656096500452815
1.0753315808413806,3.7775078412527208
2.2336300036034133,6.7463876306537145
1.627857686713067,0.16503625069293804
6.960069527147529,1.8326512216266697
2.9081998339197956,0.03192841924812273
5.042716337044963,0.17454299466592504
6.973772202923273,2.6376102176241067
2.5797325542894147,2.4900069498531323
3.5786215476122285,6.430943331037813
3.012494599108381,3.395757634270663
6.712800975190988,5.59876086992639
2.7685911612687137,6.383423422800431
6.148350218343152,0.2818027487568415
6.149841085402475,1.1631415213383804
0.8279931386214953,6.02500855176285
4.4249011193770125,2.010939032339584
4.91633050647696,2.994143248974267
2.0127530338778024,6.106488082603221
5.8498662756114586,6.415265605107672
3.2751076213308394,2.7175316347473153
4.076872451363744,5.6095413262773155
1.4366417779034588,3.9554983650146793
2.8996720956316557,1.204292335470935
0.7052319241299244,5.890851973897437
1.0894563861412485,2.7535737557040707
0.5307856609203518,4.50892638943731
4.31093370458985,3.348541674696925
2.929505053852962,6.1501885194475125
5.293095916828029,4.82932524631617
5.045028604571334,3.5938860639562082
3.662310424399513,0.2793642213804398
4.6383768725988315,1.0974707136846444
5.752700235758114,5.3908807369418215
2.1885926396234523,5.430997944882091
5.9870719594200565,3.944211055733764
2.641999489526923,1.1842058007175083
5.675622374284945,1.1112868057525302
5.329171602894388,6.657478850917925
4.2086493114451216,6.227344779198138
4.32288544359103,0.9936761931558017
4.702204435422913,2.3307796471940376
5.889467042558932,3.911804917112031
3.5332239746507055,1.3593165573748862
4.616404757634442,0.9016260259968238
0.5744502043286785,6.514542140622797
1.5476069756789714,5.8429863085116835
2.5741420287088403,1.4505109551974513
4.222862230359952,4.306824979267388
4.5808945870294755,3.6677968403561994
5.477176684685313,2.7153829864546637
6.380051097781982,2.307235794204585
1.3470299980759304,5.542025133313634
2.571943769789459,0.9591513715831463
2.469561972368073,5.066423792621591
0.17412394544031629,2.6915259001314893
5.157433133522483,1.573696120348555
0.6720637043305491,5.100336326233563
5.500121581847002,0.20865084973576575
4.156601605059563,5.245351322583416
0.15037869405913795,3.769188998254919
0.47635254172660446,4.25853188278499
6.64780404674205,3.162020828447723
1.6463685385116116,3.5931998631293
4.663990395662506,3.8150046012920447
5.431772683124053,2.305284133710218
5.1728619380454965,0.6242553247029023
1.2050996965109884,2.271056704787042
0.2998383934527815,6.741531504772977
6.027241759489332,4.578878629664656
5.772629457419422,2.4549098768618283
6.552888598784253,6.11825351523865
4.175825113332204,4.917738055974482
0.6038350983983611,4.654735051089591
6.333489054902662,6.482259909327502
3.089948418001444,4.278918757742151
3.7373146538720876,3.9445369500335827
4.307115771101373,3.981300041920763
6.123198268634816,5.807133223293353
2.1712703352277463,6.837941533774899
5.447820100583915,0.24838238896371123
0.5145325310562457,6.502418888070897
3.001320755149515,0.047622036031410575
1.7520600040568395,2.133682059138004
2.9309073827625847,3.5412683156748583
6.049485670745356,1.3512250608916927
5.302110152096074,3.2029495694603396
2.884556350488107,0.3655328228777883
2.7408291567931022,2.5289729193074657
2.1347602277561157,2.0947019028671026
6.604786396290885,0.9089318969058869
1.3269705911260585,3.4606477479114615
6.784961831209167,6.156689080438167
1.1802457494228622,1.5888127265470675
1.9016414428912496,6.131758770304007
0.03194928177747902,2.714912645419273
6.074708488759146,2.072044416951402
2.8948589972814,4.780464579827013
4.307107793558895,2.750906594830473
2.0435632124750764,2.640035990248312
6.431976256992147,1.4876482089660648
0.6411419542819794,2.8762097888363556
6.3567172162545695,1.1267247177554394
0.32926097437673896,0.007502551305262561
0.23588419428503116,1.3187280656828537
4.2629716912583335,1.3148387627631126
4.905869903924288,2.004440292274391
5.8191638216837145,2.6399037273785306
1.7939090492266578,0.9467937126933245
1.418853750111932,2.1330858236914363
6.690395461125751,3.28287664262841
0.27492803792517073,4.798303971130753
0.13180454436114664,2.7964492006523622
5.854475122313539,2.4169414662462483
5.671228027272417,1.4030423506699625
6.34545287411891,4.076574767553522
4.653987660524835,2.56423372124548
2.4498833265629085,0.4176145105279436
6.554915203734921,4.303358022437804
4.09575760732703,0.9760273126672117
6.567744003244748,0.8941092383992757
5.76657080131294,4.147500074858916
0.7254576379120176,6.520943610235917
6.733815425628331,5.965251869131369
4.661947195883644,0.9445244277113846
3.5777174027821195,2.804007001813208
1.0198038588151204,1.7208157365514132
1.7183629880688438,6.036477737732121
1.6130215258578449,4.573354268994967
3.0211461152957493,0.676701904084282
1.4876845015438502,6.670698157686652
1.7886399460703453,4.246728765849233
6.048862717274625,0.6742426545046474
2.5014022173544137,2.1880792793735444
0.21773175590366656,5.086130734059348
6.908572778822491,2.1955364099583954
5.381839732341534,2.7355370857342525
5.712902119676002,2.301416941518257
6.526988735453976,3.4446702214722538
4.7342694884023615,5.480336847260126
1.6769733067206307,1.3921978416711513
6.052853140616848,5.802773538247702
3.6335901742340146,3.2242746207766677
1.9587417624716832,5.779466475948662
5.200158200130487,4.923402299735319
6.7516588602417364,1.1301632060527629
2.512830639629658,0.5340538152701529
0.3009559618713097,5.578354121190149
4.556504059213508,3.089082474382005
1.9780386157193144,6.480275075097814
4.812602195203658,6.800372757277309
2.2414360677407523,1.994330987917003
2.699940107513349,5.853426378815906
1.3502450816810607,4.372754328670256
1.25051540716513,0.5140651601124542
6.983451539851782,4.452727719160556
0.04078026337290119,2.3872282453757467
6.209884904020887,3.416084028217803
6.308761041418898,6.815207977671086
3.983522916260517,4.225098430392372
2.0473879930924332,4.456916766705154
4.2424813687718235,5.550142439003006
2.437431713352453,2.395214658130284
2.3064094017011274,5.014543383457729
6.0437971839473565,1.3144792055719479
5.309149055038912,5.955867232812396
4.204012412760456,3.449699474353262
0.6466724506911523,6.162501783579914
5.737743949854725,6.101473211177188
5.519663819452384,0.13800385224492862
1.2060590654724301,2.8205804875139053
3.4063943835203676,2.0745653248166276
1.7204956599649757,3.0714290169447254
6.8947315880601385,5.317524287476863
2.7489521914864476,2.5872896579019065
6.416983060357137,5.593528837836042
4.281229777411943,1.6994976188878432
0.5967850080369815,0.9051772427962959
3.0196599599446245,0.358828848883045
1.9784057628770766,3.8089792050155604
3.767711902405055,0.524039281848285
1.630426993303569,2.9255053506175073
2.5958505688545404,1.7771117118028166
3.048732819578603,0.14830072804074101
0.4788506717302785,3.1382015973866597
5.42231194009135,2.65559676164353
5.254188513564458,1.9007639270599093
4.345259294777155,4.255584840110953
0.7092685925290314,6.424943020552765
4.9772649057526195,4.012814072660781
0.5789091837855102,5.650533661950248
4.42166375429983,3.9220479409552564
0.7433645328565952,3.300767456707851
5.036242873550137,3.4125355192789453
5.0746009863914034,2.8561718100496614
6.0840860288798595,5.383852321665431
0.9342121113522346,2.8297093312298296
1.1413549372015228,1.5682775443601356
0.7512207302281352,3.578147144557968
3.9240992559269396,1.890668704509073
6.589409448868099,6.906964711606833
4.079297804687897,4.989476754580214
