3.5,3.5
3.5949641658904987,3.7751422165697193
2.902125733725096,3.1834083577951007
4.437599845532945,3.554647145349519
3.7402315196990927,4.623890943361064
3.8998106005899693,4.696551537641887
3.0418999472933734,3.1991214619118424
4.450314492790841,4.37384821015279
2.3692554070484033,2.800544798813018
2.382423850446692,2.702720010205439
3.8498055326361333,5.390347981147223
2.2844433164036966,2.370427827654945
4.026147332623083,6.192805618325045
4.494888198001938,6.894819040968699
1.631604138152475,2.4986932134017166
4.1706992875631475,2.8798729180095535
4.471999530096699,5.353446186754634
4.064993629611667,3.01413791499306
2.6619199410105834,2.193933754834001
0.9513624118085227,2.2462302919705426
4.393357098594574,3.7358469325002233
2.984334336424735,1.395131281930295
5.186578380714732,3.1354597458012305
1.9590940127633738,2.5732075843825606
4.482593693816939,4.138217733004192
2.9295871648185248,3.847600607103607
3.6030551747324826,2.5753240029961737
3.0473543779235484,1.0006537700904743
4.182136687941666,4.980643548309057
4.497659191273217,3.7278817148914203
3.9073719413600685,4.727322003348584
2.8650126453849265,3.6715196778549064
3.1600056784051636,3.22483803210248
3.9873686166227698,4.974090065853111
1.166573363245511,3.044328257139125
3.887553694856232,3.070485274184912
3.682071380052165,5.9694538160128285
4.737546228307011,4.440737394561674
5.430634564803514,4.256129164758143
4.706097207403398,5.7707818761872325
5.456411704319106,5.491041906125436
3.402083625797514,5.134471299864481
0.5043486194219089,2.3952495502038964
0.7769597251955965,2.951826872809775
4.066452313288997,5.209878738446677
0.3087434133048279,3.6782830220757696
4.271023596357684,5.849147972233454
2.202793717922538,0.7660532264547175
3.11393118791387,5.034532946656094
4.497846587548894,6.313242991011733
6.068205612198935,5.248182940798275
3.247623242197614,3.2055046415006654
0.343848275271845,2.4328168805928065
4.530811374826252,6.124964628009755
4.253141431898314,3.2257598273180483
3.4144080573651587,5.74365652426104
6.4637108397552305,6.0285914397719536
4.414515118465033,3.4631716258195677
2.6660404592758313,5.5263827877787834
3.9213060320243103,6.053340866161813
2.502542735923395,0.24649356395396338
3.4701731514417253,0.7922552339315172
2.250030422605879,3.4195987843965527
1.2277687882178339,1.7364578374911985
5.635500876339734,6.179648506067178
3.1393084986939765,2.418081911225988
1.443483550552862,1.7300150084827606
4.122628032979515,2.3563578083184717
6.08707340990493,5.015332708934245
2.1518555524379277,0.021783274890425086
5.638836067051573,6.480095185406303
0.6791573960073077,3.03234043584682
5.364978074239202,5.351228279315112
5.640414704340379,6.968059960466304
0.5651044632495613,1.3999317451714686
4.562770097410711,4.932562246045636
3.8173316820076515,1.0383982095146205
2.2845059431744343,0.291277827226739
1.9462226005399894,0.5426596574913618
3.932132440508638,5.289966142874974
3.559759432236019,5.4548529506932875
4.126977722915698,5.66342839879263
4.511897799733698,6.186866024670226
5.789742492872825,5.292444336068803
3.1424076881537397,4.575591007551545
4.581536540971747,0.9233695700260849
1.512548791753581,1.780733296792406
5.612929567656764,2.5477915063344145
6.080122515017692,5.302978663099673
0.2299071075184146,2.4456029783527895
0.207375326953661,4.485101863694553
3.6004462420124055,5.294417169299887
3.096222356371231,5.867511041534753
3.311193060642116,6.185778425264563
6.638630844563558,6.662361070290241
1.2245857985391897,3.538400754673274
1.7817437322117762,0.8060718543071907
0.9022725260724692,2.6468287958920924
4.8969268834968895,3.132902931188832
6.697083546606152,6.890855338745836
5.739937820673131,1.7123895113554664
5.356349102185107,6.932617985788583
2.576303092524891,5.52971784529553
2.159865921474314,2.8771619876098127
3.219300294660118,2.405258565776563
1.5930723835809713,2.1338921571891047
5.5182973034889935,1.000432909318957
0.553926029247939,0.9802277257207805
6.161333867929034,2.8078614634836643
5.490838876821188,4.243926581970331
6.074038268913569,2.3437616615156216
5.046373274002192,4.977502325316239
2.399241980433839,5.736177680518914
1.7600844350489466,0.2213645686393323
6.6959267469798425,4.424351216381816
6.596670514925244,2.1645929573172227
4.176050903532316,0.9393840251521679
6.792234999086221,6.416820623786728
5.526383520840222,0.7537015727644353
1.2204248112318519,3.1994319179819115
4.003246297060054,0.2980745665887775
0.7801594044950275,4.2696076628136765
1.5335317865038918,3.000713554458824
6.193313510176642,5.695811646044944
6.542146543569536,1.389489362934894
0.17948056695321235,4.507070675167386
3.4445996996068255,6.804207868660228
3.9927432773465026,3.0174110256815942
6.978539254435155,3.5520738232625653
2.346024003042295,2.9706701499261055
6.894306989682298,2.3590570887499465
3.5393922260151855,2.8282901055610026
4.809680170244798,5.224504189389213
1.3122051667369812,0.4132077026247871
4.602054004554046,2.9581755821808944
2.894239909102616,5.158119745730904
4.5241078162600665,1.1644719248989652
3.814970665774641,0.5432688520982523
4.7248451443965065,0.14409545047183314
6.27460139091216,4.292627001329046
6.9792853525710825,1.5812258883513057
4.097598162553326,1.598158211864268
0.21435764489370845,2.7769035360296432
3.4443498079236785,1.2562092517639893
0.8068307934503738,3.2546019242154682
2.2268531302457193,5.736744983266092
0.020413961440368666,5.130417712502737
5.505886790527974,1.8655688640717183
6.219552310621029,0.7591272357718237
2.826450025476257,5.109774254060781
2.13113348914598,5.08089271666287
2.96993962644027,0.9097868457461497
4.343990092900367,6.480502558884951
4.207658143148355,0.7039206926119866
6.174888592467161,4.196225086647435
4.95550321829699,6.492088504952118
2.3015108473122385,5.073004235319699
1.9385258088672779,3.8611331351197604
6.613312390856749,2.0239198769718953
4.005401470286024,3.945002169386875
2.8962755091848655,2.9999492372377055
3.2012638213327818,2.6889244033116753
0.6359992653147333,4.1370563921313215
3.5679775684434607,4.931216254234995
0.5518779200480917,1.6905497769055855
3.6015315782864823,1.7188575325042317
6.048846651088543,4.7966145894723295
4.263160741151491,3.27268269904072
5.240403444980938,0.9876418003547504
2.4475748308937333,3.0623652476527154
1.8167240537320104,3.985918384573794
2.2954228254246813,2.3486944526475315
5.925700971266549,6.924812849061001
4.532565257501267,5.550994660188657
6.565114497780166,2.478965660766867
4.228097030892014,6.385604097201176
2.4449801051743245,2.4170295056235087
5.8259694877693295,6.99901672072483
1.1430139101552041,1.698922310893779
0.9553460115628519,0.7421389548036457
4.051090936229169,5.79787303783908
6.433000695555797,5.092560284743658
2.7363793911357552,1.632824755129021
2.5353426107597548,3.8637219334350474
5.285386192711477,1.7868692694564885
3.0594147547872708,6.042252413069355
3.613238621068484,0.6231810046659452
4.82163573156448,5.7182320025769995
4.475835187009855,2.316304394137778
0.42569416462671883,0.7459125871610117
4.099856830420453,1.2735362102505987
4.246239196977412,4.86799455006434
0.37389334178890987,3.649860065682729
6.752726071959156,5.051479242770714
4.534697905424837,5.083376579159629
2.58065658854846,4.973810833678442
1.419384215383472,4.232570568696643
3.2726888286229787,5.4876328053866095
1.6540839446321538,2.992044474921764
5.216559151684319,1.1685207263897877
5.33080937232087,0.10691183153328065
6.108329652303855,4.744404082984623
5.344773815406317,6.232095716084052
6.946948304133095,5.856833798046114
0.7091683940631849,4.161488671662739
2.395681679056209,6.750614934487596
1.9905056791154148,2.2622432686465164
3.2543465978526562,4.609888770974904
6.98267978798602,0.3559445871202983
5.585314561724543,0.40715860137454185
6.327879811834691,5.313700846768308
0.31291276054340933,1.4997434801836063
4.101006294717197,6.924048674951583
1.137773246565985,3.7056355395983216
5.131227683837254,6.957122026496293
2.789281088226364,4.743723980683189
6.658778986853499,3.3565473296200166
5.75968181103224,0.5771913065041938
2.2587923084181107,2.50604522882747
4.505736664463445,2.045969310447594
3.355192523068541,4.268184138850353
1.4037571763148695,3.167291081324602
6.882436828394241,6.54675541393973
6.954731556375031,5.091091615263428
0.043483139400236404,0.39494552489373613
0.04638382790668294,2.747600392977393
3.8115334462067016,4.57270357830716
1.8727826750197427,3.0412216783173376
3.243889993899044,2.9202219031071515
0.34330918009989253,5.784381695459189
1.904236768236256,2.146463710104878
6.003153713612202,5.0778695253842265
0.9632058128799246,2.522171783652854
4.379535086098466,1.4155247514402376
4.35019092031299,3.6941728771062774
5.110563919626729,3.9814397805617334
5.2950471960995715,4.1080877477581055
4.7116520623226705,6.896304282142932
0.8606544723712141,1.6056984116094077
1.266821286859118,4.585040027449744
2.157796271872296,3.7793569015712034
0.20474270377178028,5.644120742131921
2.7934535005730927,5.2875569354821375
2.6924864058116285,5.895593583778888
5.36479380043717,1.6244116461538347
0.5553975069469215,1.329650813768348
6.068882822167744,5.653119541572497
6.457854440081234,5.934415514105838
3.1413665504739985,6.793042333920789
2.957614846867652,1.139108395766144
3.28118554538794,6.608987629060747
2.222410752286268,2.0948028933565808
2.5875520435772277,5.330408441606753
2.226935396141368,2.9702044854433822
4.80032988126225,3.242117301327626
6.086255783844269,2.0593926193527867
2.4671045824714164,6.12551603733918
4.884173106923825,3.1167883423648535
3.5247964396830382,2.945965049561029
1.35123253801031,0.4949851712994172
6.403086186531005,0.32387310988406093
5.0115210999130095,2.2076212432179947
5.9698371576212095,6.485057913270614
0.5358995869060793,5.5056754210159236
5.887621517297378,4.755995166883896
4.115266067446884,5.027700574496273
5.159758982161757,6.221578932658476
4.2227280433671766,2.7969252101807083
2.8693910471999664,3.477224873995468
5.4502785016428925,3.4886385270211795
2.7873553237854445,0.6177999982877926
1.2792702585548168,5.626812053560801
0.5646274901932671,3.253481425385992
1.7244657139737216,0.38590408333453063
2.8494788878891395,1.356132973937242
1.3764547317213571,1.9868444160907135
0.24188982287660588,4.115173428801983
4.563011883625111,3.380928944046535
5.2778642634502635,1.6162597847584144
3.0987189307933884,0.9789396091599089
2.0844186670379954,5.821193704132757
0.8011978500720078,4.494164128149456
1.1026470395506012,5.073365070874615
6.9682545782513285,0.21267286107716088
5.587854237004799,2.9356489734422953
4.900119400319651,0.8302222108759146
3.3154509515180344,5.714517787589063
3.7402943574233602,3.057927704898265
3.462789002953338,2.1241480046452947
2.723750227189353,6.530746880754492
0.41935928605982387,2.5140771419115464
0.3160159128991714,5.860701095503375
2.7804438516707255,5.519849102297747
0.25037052731031895,5.7268574334975275
3.3933473524108195,3.204773323148533
0.5145168988979302,2.2910078587141407
0.3622376261767436,4.672870810865161
5.2984643830439255,6.424360982980127
5.719027804837166,1.9518648396853933
1.2143153005453864,2.025822970235684
2.6545180150993155,3.800167761146364
2.294185638483838,4.39730091827931
1.7860317517903623,6.235973898034424
0.22310883112530056,3.251219307966266
6.5839572386163,1.884601535493053
2.7946923724427584,4.6524800988651664
0.5020987895731895,6.1855243986751365
4.661167802674771,6.236942471726613
3.6262460797287566,1.9850600401135468
0.5213148921626801,4.562316265654182
5.427109471148285,2.0422380909667845
3.196881500174333,3.9010379689527173
1.9488434571714544,2.411108864303234
3.434828032916318,4.5853778058695225
2.381982165391349,6.604956935350233
1.6886947703151862,1.9052552418862154
4.5225225331784475,4.34213074750056
4.154230631804056,4.404369729091321
5.167392125142579,5.230908204970846
5.221610625898507,0.6839210807413058
2.4336501889144393,5.44487660323211
5.263944046104939,6.966826150684442
2.325850546257199,1.6500946829970002
5.790208511523523,6.983892709661174
3.7760691346054402,6.601428156442951
2.659703695484105,4.123310053328336
1.3305824468843466,5.064962677454986
3.236660984885957,6.771460543523525
5.0540450917848725,4.088313843614941
4.081613963591382,6.762641489901208
3.957730561676549,2.976089329412407
5.929125262055058,5.669545414932199
5.137695394475271,4.702769901981527
0.8722647381874244,5.269680062581671
3.875148461095933,4.024480592184217
2.2174368978076986,5.527326569879707
3.092827759459967,6.677136515926945
1.2832842430748914,0.1753355162511978
3.9403185037113424,3.19938523340019
1.8444377627984512,0.5671248028335502
1.9949891810439395,5.045471930535498
5.83489618951409,4.038894088565534
1.523506799126055,6.991795423244722
6.765060487974081,4.094809867253809
5.422056267135352,2.8179763700112535
6.764309661917769,0.8046689341080229
6.01008610479132,2.8565610513252047
0.24634378635673304,0.7116196832204821
3.8786409927137133,5.314376774087857
4.028867795148066,6.941382391636549
2.898042440105179,1.4169389774498509
2.0846273830666378,1.3903257178985169
6.6050230841933395,6.987917728353317
3.655375184561443,1.1957742293762266
6.605608031859861,1.1569361294133191
6.210389721052973,0.6160042032817662
3.840352333769441,5.817238925392475
3.870718490899609,0.8553254807425208
3.2546350252702467,0.48107695078084955
4.198179162632401,0.44935002763294074
0.4497321903286374,2.601873053587014
0.05780125879162723,5.3163177253294
6.6457340182233855,5.592441721395069
4.563836623962722,4.468347409435382
1.4051106692732338,5.937928207911674
6.279645582532428,0.8407775842738638
5.33827797603796,0.5188129815925452
5.4368117805657,4.820347673585372
0.2677044230919078,6.287121495061105
6.062315905766743,3.154740456904382
4.071959749836881,4.372211169408563
5.749383248771161,1.4607091614491197
4.220683349357426,2.37928188138708
2.6442203060456655,0.4596631362716139
6.621800290451841,4.230546008203836
1.6756070057365982,6.390648594323771
2.831765421505806,6.077439225971756
3.7059646394386014,1.3295990022772175
2.6459978697425086,1.3231215306459627
6.419129340639615,3.4415236706987056
1.6507219021275337,1.3163607132809196
0.7798053321031487,5.279443204002455
3.7686908003959276,5.91847676412
5.183210177724434,1.4782759038218265
0.9107441100682037,4.206578762160838
6.372417627305005,3.219108061822993
6.047489655523106,6.2993332353424485
4.3571949836708175,4.566982937240424
6.875003212058959,0.5701157553849994
5.128056065512133,6.596886007268482
1.003089562184715,6.551798661457408
1.750091945721999,4.071808010760957
1.6525234507805273,2.99144515521201
3.3277571176183285,5.293463663381013
3.678069606482996,3.9335280793293874
5.162123934270546,5.246625928557518
6.41928214989242,1.5930076197094807
4.92732067990776,4.066821722141072
4.287119780590611,0.535237793465668
0.694039557800097,2.3190472518074516
6.870199910262286,0.8523924454867049
4.8449688137418585,6.4963522959030975
6.61562773387928,1.0023742541821397
4.0809411219109615,6.53927695449206
3.5297453018222935,4.24060833837011
5.915417184700839,2.5136058329860096
3.3948261443154717,1.3192220312212455
0.45533185698597545,2.2193107936181993
3.027983470042895,2.8331294054048963
5.398310503572072,0.9783219834225859
6.3169384021106385,2.6762450938645648
2.0286966932453763,6.245973397224525
2.432777467339232,6.774478254278509
3.4310541625023196,4.845096541061566
2.6831529032430055,6.466186921163173
1.5580029008734486,1.6067244290651503
6.013157122487678,3.8277986252799705
0.8648334902990241,1.8835664559050165
3.437528601435235,4.338727759963218
6.185320168867219,2.667237469740175
5.6670190036443175,4.890771050746892
1.0989845435355643,4.200895649816511
0.6023685501898869,2.943208151876412
5.338136527525125,4.0157197261114295
2.373614416985178,3.302399849906739
5.964194142162646,5.473765703372037
4.405061097904194,6.442596862320728
1.808854366053296,3.820039969983488
3.1160237041784336,5.934102566313044
3.1014636519062666,5.525023306711013
0.4164584100061097,5.896090497618343
5.540823426624571,6.60422156471061
2.5469879411983043,2.770344118790318
6.506672577019598,1.4983979080606658
0.7755735938244074,5.016885195154294
1.110512653103389,4.650703816912706
3.3299966077634133,6.946360310997459
6.523916884283417,1.9529515195566254
1.0934292563260148,6.983953289069605
2.7313901133272527,3.945983187322315
5.881649587603138,0.47884755118142297
2.6323062764919136,5.618217453295662
1.1944472275220757,5.489906988087746
1.3818974690817236,4.725475284214671
2.6907787989623038,0.09761326453629993
6.474671837246697,4.32594107280559
5.837870945028014,1.9254347702976595
1.536907622422699,3.388320264949379
0.8013157317506364,0.7594778229628995
5.633581589886495,3.7755259651923163
1.9731208910305666,6.2047000655359765
6.656045645495322,3.0798647962781094
0.03727075606136121,6.802999872677464
2.7822612739479173,0.49374863692163384
2.5139826981557576,2.454257612962136
1.5154726083622883,1.0858341831000877
2.736445908920743,2.562222139445452
2.593886608386934,0.7644971430351497
2.999077329100782,1.1514472466266201
0.013296217649646502,2.8240298126377072
3.2382305383327052,3.413003586548536
4.773546774175866,0.6167629520554773
3.224742751702584,1.3165889057054518
4.279513505023709,6.493745340378173
3.1451004908884577,6.480258225660667
3.0423660141309687,0.635631649183613
4.707705621626684,5.696080142452368
3.5029776275898965,6.316353838428483
0.8222754091091258,2.844668501492495
2.4258382226616066,3.384002595389334
1.888792090488825,5.013969239464548
6.002431691886242,5.2559091427515385
5.53287618161796,2.187605700445326
0.17719250842283762,1.7996716753764037
1.104714888243001,1.1251951202444261
1.6419404273740024,3.517917563907823
0.73728809831095,0.6625196008947412
4.324530842376875,3.023736733478861
1.360482766378711,5.288075686338151
2.672824461908642,2.5688461740688906
0.8827401466917119,2.6345230380355678
0.6077240358698807,6.933063880497133
1.3164516593851208,4.464451621488165
4.835773364363748,4.417085492295906
1.0295314467405898,3.7806784678164576
4.698464729669551,5.131670023672687
0.8368074015943305,6.870484066914866
5.473438384415559,0.7814263317811404
3.26878261302934,4.22853401090608
6.701426725488355,4.359530514007105
0.8707759539579562,3.980557485042418
4.27833125793963,4.178546031233802
2.026479737052382,1.314064179803697
1.2205734923428087,3.5974421203308453
2.5228892812755364,6.80294392084417
5.023049405815925,3.130883160220682
1.8159864443453801,5.763968160868589
5.23744588545844,5.82246743219147
6.824503151575737,1.697383581708054
1.6007606807347377,4.854832843972156
3.1939226718987515,1.2126526305289158
1.5914161806483769,4.614700018710881
4.116935966762078,4.265722065217952
0.7531221532244615,6.39110421702876
4.957102942980573,2.679548959273174
4.880285377815677,4.9396935046803545
5.235622533350721,4.781517448753639
0.5172975690044372,4.69356684634416
4.22767356252547,5.01142342425731
6.966179274862809,2.680197331669471
1.6466515267735926,5.919123641579324
6.12937633708955,0.8626839574844043
1.3694985788044445,4.259042680281136
1.2798454507988946,3.357376035437442
0.5069991448758497,6.164374971151185
3.385958969826658,1.101266341091439
1.057766239166742,4.941600400216138
3.7831646423614465,1.1321167849372018
2.3996118403775997,6.382525660251921
6.605032292817359,5.922887618417727
1.8413972812173716,5.421123654230885
4.882198047253127,6.776942203891588
0.10235883138195023,3.2032605062344786
1.703308478421726,3.78682499716009
3.2908826832161955,0.901476865581029
2.2391427969821205,1.780077680582072
0.3431937977387268,6.003542272834176
0.4378007123210699,0.9530185095885928
1.9129499301458714,6.405187339062858
0.7054235126843975,4.534351104372733
0.8125699957908563,4.861163226681436
5.11632071756526,3.2360705981089617
3.436517816876805,6.77131157816462
5.757837110816531,3.647011841375575
1.9852821674658592,5.5377180323741095
3.165416261202525,3.4650308958740976
2.2482846321357686,3.8058446954381875
5.333123718812044,1.6049237745084368
6.404957431120262,2.260447264726255
2.1258032746142095,6.666682527967451
2.9854310431166273,3.255351865061169
2.1871199453691013,4.335362968592791
0.34209131650842783,3.308356299459119
5.4625343836862505,1.1523323427296381
5.9910503387777005,4.129603339626063
5.938020581750452,6.922927390724143
2.72021344933577,2.889578745981766
3.376005616490273,3.613377231622633
4.593324459657361,3.5267746613962023
1.5932862474081007,0.5020258052860602
5.604489206463994,2.327441311416166
6.189721929843658,5.338512143918026
3.440130187019234,1.7508755014909352
0.29316184883150265,3.230687622752868
1.019937248592612,2.01732656912467
0.19270520065479502,5.88064966415493
1.2600976157391695,1.8665051450712768
6.9531900156363005,0.9264439090690045
3.11907885863556,1.2426559218140683
6.008023705334142,4.6228327496766815
0.14678444215454733,0.6705050732112384
4.305321279314043,0.9131826477909213
2.5392172265054294,4.276290016178182
4.906317152491113,2.4919043844387456
1.966929587852687,0.9269276629509078
5.781661240275296,3.1314988382354425
6.383283469665283,1.715428278332349
5.936024815528518,6.015283561529733
0.9370059785784884,4.242686131488245
0.29642236926133736,2.923880410192808
1.9474314727802373,1.1534158146136368
4.426728426946498,2.8638847842027757
5.813972898920162,3.051787206976681
0.4615350379980089,1.9258587780310203
3.838753721004695,6.187006934871828
1.367828277897067,4.186494959025405
6.325492693095643,0.6316783390442635
1.8044787747957884,2.9059748599535897
1.6894291343012313,5.985135402300082
4.312022340087043,0.9779173125803046
0.13001705562901555,4.679464161184622
4.881167331167678,5.884577325357809
5.778416408187088,4.817942516702867
2.9497962980645562,2.751162956987863
6.563111437339424,2.366382353235404
3.9438257586727214,2.3341089878698558
6.608719697353343,5.471865892893925
4.387894234890279,1.7601319654704226
2.567123712335712,4.481624034342896
4.982131089568798,6.824631666219512
2.6280268330503507,6.590349683032592
2.7718156750304193,2.6324005355898143
6.566300127126461,1.1829299667296658
1.9138447378174508,1.6856973393834256
2.932527101406225,0.8372467988068374
1.2893448525201099,0.4127681914678808
1.7554277528556488,5.419178852472586
5.728747222238848,6.1473710486337305
1.0751780093303347,3.4682336740343787
6.3949902134206145,1.1633701853739586
2.016804203641507,1.3114021734608348
4.135259222339762,3.1286250845696832
2.224926608114415,2.5604744114589
5.215980829314326,4.617810053860862
1.6988564092626453,3.3658003254951865
6.958820001850099,1.4247232261126443
3.1576370740189414,0.8000199401613025
6.151039067002127,1.8175066846721792
6.476293866177496,6.80237452004369
4.120385771054912,0.6397209594053884
6.597404361456776,4.58109813951868
1.0425849842123953,5.027394907727096
4.626948534455124,1.4320725388359028
6.42996154069319,0.7783841692678567
0.4428998696704969,6.186774666493534
5.298096025731445,0.1637365839524697
4.593534741422637,3.3998120629142825
0.4810631020352082,3.8001369472097206
3.3481714777589198,2.0425964185977477
5.174971796149647,3.941410170957682
4.089372007789345,4.393621244151277
1.0367143582309217,3.4244358723224106
5.38751535767158,6.690360782050508
0.8544051511827229,3.2872898282791168
4.5362136623440765,3.5785185647187694
2.335816950965638,5.6199097173668315
2.3892555639386575,6.146892882211602
3.1945748740003213,0.9155020189459405
2.9333129208027433,4.325669153333285
1.3277621626816791,4.938939568216903
0.6093188127163489,3.357667006634488
0.9840464487020724,4.530064787952651
3.3257046278871667,2.5723391421239814
5.571935481092074,2.947912136760119
5.352506659855305,5.0400578340185405
6.607969690509162,6.5986392922301516
1.1227275677264124,2.459621208515074
3.044058491013086,2.309073970864331
0.4892061279617431,1.9104111691740886
4.333064422674688,1.9286439134236835
0.46446428483023083,1.2117350030972327
5.315197028335518,2.330606211974491
1.227394444105089,3.1127434318611247
0.1557302769801301,4.608766299050319
1.1898081729312642,1.557641249454138
0.2884227292089283,2.2576425376767606
1.7787892759162152,6.443595814285876
1.4325201956075013,2.661038296227667
2.086809950762496,6.735771805573281
2.879846148913989,1.893058417313281
3.33561096446767,0.02491602441407792
2.1455961445721865,3.4918833525608792
5.610122894244528,6.015061745775564
2.04367963813771,5.325210440999004
0.15928524391183752,5.283812844038014
5.117270366374392,6.4951825672643375
1.5320676411912857,3.781773593767996
5.389999727535933,0.5922013771558652
6.148037641832669,3.1023954273883394
5.941301509066002,3.5645036227631097
6.795404472668259,4.75693463429945
6.315303357411663,2.8631581698014283
6.779044704273016,6.309385859718725
5.159835763167678,0.33543384380261543
4.829823977358728,5.240879604346909
6.480092273373744,4.653724177084673
1.3214044844821795,0.26829817521629773
6.537177437247976,3.4756369467452495
0.12837835388836216,4.901762025626863
6.843804748483004,3.1189878428853737
1.1685172088789981,6.101520352673881
0.27285642921806363,0.6973279160515088
2.3174166164642642,0.9616706930356214
6.961968822642078,1.540538782185994
2.861020582091609,5.674659625890763
6.116124524095755,3.9137887206329123
6.632669596379171,6.094845569035796
3.4769846664089887,1.0322531047964008
6.4858220706658285,6.525726840300231
5.262664043945861,0.0618350138833641
4.45191188100065,0.35836984083898327
3.588061145013597,4.285573509083573
3.036571426128596,0.1238101026091255
3.882081500998346,6.9259083466159375
0.5349288920787694,1.6167888622517275
3.626544072454381,3.7084751563848415
0.2898610017900102,2.493216868766773
4.629461482936225,6.462035427295664
2.683380140820544,3.1420409356899124
2.7128641607110855,6.981540677663943
4.441260788281896,0.48272960611386906
5.987570301521562,4.515906885733485
5.955844289451761,6.808312867249612
5.047036209252402,4.316129935915016
6.501212027808857,3.967976961741144
0.5444348031022251,6.159502284454809
6.918329609711107,3.4416934442632856
6.336927101287091,0.1988687659121392
0.11929520128827864,4.572535766138848
4.342601571408076,5.475543002658193
2.3833052092739386,0.8028515346799413
6.9646545484704365,3.172049318616768
6.840646304227319,3.1614587827806035
1.1652658911964675,2.914387633709746
1.0349139539668357,2.2397400860827315
6.902917204675628,5.859101257116422
0.8654435619256222,5.863476123605078
5.452066598450337,5.806035588751375
3.4695093715031664,5.037995519094727
0.234562997215072,4.012148636303394
2.948024861238859,3.7592060846000366
2.5637431154807953,3.745620420428673
6.545381813369565,0.85576248921064
2.928397834526048,3.1241468733391105
4.086553131607806,3.1239591173246244
3.645986224886833,3.056508355515497
2.0240337607937526,6.230201242957916
4.4795527694806365,2.735167730787213
0.5147915598918802,1.0301119891170656
6.709359326804733,0.11984715968833659
2.9291352064445384,2.7062618388694824
6.156608199812442,4.635463706325438
2.5973461613466178,2.5204907997530808
5.055875349076924,6.109765012094005
1.5304499710628368,5.513708611965164
1.5891802933046173,2.761653120441765
6.520605002140727,3.6920736277470625
1.7833289982068536,6.379562833533238
2.74572532053544,5.635845895641177
2.0691178929582206,0.17571389860855535
3.4508444627597354,4.743350387958123
5.070125345530838,2.700704847068313
5.065911076006024,5.851628814305038
1.978692874344993,2.470098118612718
5.262155104933305,3.146169932391845
5.166466210451208,1.91849575521768
2.6185639537926084,1.1373176264701375
5.73004064496996,5.055207062534187
6.583568671349109,6.971957007834285
6.589004364619806,1.658461266872382
1.7538684112974687,6.738153792178387
6.922045067633574,0.9151209655748973
5.618881439991534,0.3451097424817964
6.541105467323898,0.5271837846457309
4.5118428581759815,4.926924426936093
2.306290511147727,6.080782632636113
4.3348044120114455,1.637103579139406
1.3994422866758072,6.420911450981379
1.027139980572715,5.660294776347262
3.3504570631663384,2.820668273175954
4.270374279727664,4.21470035407796
2.4406594245015385,2.596025626174737
3.73022187063182,4.385243476624385
1.886914667823754,1.164361665011679
5.962772509470543,6.29222364098179
5.594463209418591,6.408474565172639
0.841196219838084,4.451632468891984
2.6315702916214847,1.6412322346221853
5.918658781910326,2.198978202415028
5.190591289007823,3.5863218242971167
0.3900201670496922,2.3155663823645964
4.517021206191305,5.878991773195127
3.118017225391425,6.568769190891366
6.533779931680485,3.7896371081033653
3.5334411787251154,0.573753761050996
6.879438202781499,0.8722564702390273
1.3375051421698956,6.403187374216827
4.0393473770340975,1.6986832087570036
0.9119564941895487,0.5725457317576801
0.5526934535632987,4.318714753560521
0.2491032420711632,1.2207507246520715
2.6474396870588452,4.446977924948234
5.471348368076249,3.2645429764525726
3.7336740788576033,6.527995071524012
0.7592392108885921,2.3199238199273418
6.983684909289337,6.826167322183236
5.345918288013184,2.350543071432078
3.8596332368023587,5.520774139536336
5.255938251694028,2.100844938354843
3.452169434904561,3.656763197374486
1.2473207943037712,3.7524210231195134
2.55074589558097,6.348824241063973
4.879858686832372,6.0841353289927085
1.4891158715434556,2.593531993923018
4.056389454435025,2.7662020088906845
4.00144763525774,4.31450367840967
0.3015732408770674,2.378223349247937
0.7371383634466124,2.8988987272429743
1.135970647558028,5.413763893642132
3.614054334553839,5.149300906909932
1.0209664486409986,3.968400886393293
0.991392662737848,5.348974087087241
0.09002544588856798,4.901179764032023
6.731690900466317,3.211026575419393
3.1304010635730752,2.5086711722338095
5.964658166732541,1.4805959828996125
5.302468363786687,0.6883227598895386
4.36787933896143,5.203600920690297
5.649335048892985,6.693103894270402
1.349435525499871,4.011567568105111
0.30479161221330164,0.40270780829485087
4.46864606455393,2.4607322254823583
3.416391365152171,5.764629628230359
6.421006889781302,4.05452224621974
3.663633964684596,0.6515447661692112
6.913692038035354,1.8983235937597742
0.22243440769147182,3.9540373266686597
5.489448249198206,2.577349230406292
2.245367438619742,3.568172958238219
1.873780928076017,1.5247269385340823
2.912995743053206,1.345799020911982
5.734121132612338,0.17145048485711323
5.074186599827074,3.8828627038407504
6.185836585783373,5.526479799338803
3.2643662421370667,1.1039256047132748
0.9225765448839165,5.0891290621013185
5.33578993071622,0.49191807419410094
0.2568015996779933,6.540339537542683
4.241923870259758,1.3676343177505716
4.041851999756859,6.365623287846445
6.227491512694735,6.823905929028532
2.8915054217208724,3.4438555836757687
0.10071777258545145,6.729533735054016
1.2864077365918112,5.606804750614088
5.33003369060701,0.6924271440212605
2.6541159991447874,6.272731162005925
0.05268686273749823,5.658236849247116
2.5473358720418333,1.168743960475426
4.406983937556088,1.465922663951392
0.6691136434873891,1.4384269953690856
2.779621164374316,3.4951061589177717
0.581245448864822,6.348413234536032
6.92003344979027,4.777236263548744
1.6272971603812976,1.4744418004599726
1.3266239836485894,0.434666297940266
0.6479382822799603,6.956863277008172
2.4669143684677657,3.6737377368871083
3.8163756762606926,5.710116745420157
0.02631697595605953,1.568660616078553
5.207390734935345,0.4547608134432205
2.207877227204032,5.219687860403592
0.06607447841405734,6.852898794149521
0.8247715445426593,5.913062705253242
0.5422670180852528,0.9869829090167803
4.738847876883617,5.450433831117603
4.3156068006049795,2.4508256454745423
3.542074188552748,3.049460697127346
6.813386600015081,1.1727598003502688
5.2350436005627605,6.12456105664342
1.23126945642306,1.0597534364862256
3.9801089120753086,1.401655968009044
4.207045536597022,6.700987673305626
3.696539563341264,1.2825950944858504
3.435409906926564,3.108592469215714
2.299287549701911,2.910159815843559
2.1353766407488237,3.1486999996177194
4.740334371388158,6.2379414413211896
3.798379158820339,1.6990041738693114
5.035341343763301,5.149978666339599
1.3495527547044253,1.2018465563477765
2.3492596033541457,3.6053904601668414
6.5668697610473235,1.1257938099134455
1.2863770217006358,3.758615218347937
6.913898809248622,1.7457408325026007
0.31269918836410826,0.4768198811731461
6.0306507191976095,2.0300330671804345
6.2206342255495555,6.744266039113593
4.875508099874426,6.234122297678028
6.5502096552546565,4.710364485463304
1.989680977977227,4.00605664527253
4.810354721369041,1.8655915733107675
2.8866063298171287,1.179025295125876
5.25690055625766,2.094337522762877
4.273731963367068,3.2192281762405823
4.797562979574976,5.533313799107198
1.781195124620103,3.552770171102734
4.952974922495337,2.852891490002936
2.1091454576411395,5.621122741483333
6.533672020421903,1.2294554263389257
1.4171475392080832,2.7603493904640626
2.068645869712654,2.0508502944609344
6.406874206592874,6.023910786298466
3.3891778119580587,0.9674963774953763
3.7006881485336964,1.371967265436266
5.484300106195721,0.039659285297018676
4.68818617236314,3.2932230261556104
0.2614379486035193,6.132730379786307
6.886770201873218,2.3730462777024433
3.319265118021071,1.397305303696887
6.20774022551541,4.212366311598702
5.067107486220411,6.957103903875536
3.1462215092273143,6.532040667074979
0.6848900101392524,6.014040610190033
5.827180112982541,4.062012925976096
4.745402044256126,2.5153197636094786
4.871086836568146,0.4514543349483041
5.943883867737817,6.247054213863359
6.083606780300057,1.8390393969697456
0.2901210301980769,5.239483299924387
4.086872606299214,3.34963207420863
4.471731460849318,2.9681660796401084
5.554054373737679,4.3789217477861415
0.7645800829267876,6.433008862008752
1.67547887153715,1.3574019227915772
2.1201382716921007,6.527010109872398
3.0541552022338054,2.391109724606768
5.961073800374082,0.5984038034379415
4.7330208025490155,0.21704756002694636
4.837360044617121,2.3199987123841614
1.105291998582258,6.3391236080089985
1.4640885796487049,1.3690955351059788
3.5413881603645008,4.988448123320275
1.8850113566776452,6.681888147451243
0.7852633143083078,5.720438819250702
1.8629762415106095,6.708458183389192
0.33243298111311625,2.8621718152412168
6.526948944209435,6.3128041241073065
4.417825010112617,6.1426510023428165
3.0218557040177765,2.661142460485329
5.615194639719201,1.151089808005028
5.418321883905987,0.47492978271871467
2.9132573688546617,1.757306769063738
6.171007823507117,6.127650873715282
3.722483172186206,4.746739706495388
3.055640916293132,5.6080548331789615
2.604168598140426,3.2098602865923263
0.5366329292148246,1.40314293071791
3.2874117816938613,3.7602617730073744
0.697351650381265,0.7252066243917339
1.9294378667060004,0.25086500919716315
5.58585395791971,0.20270896177175846
5.957085629502807,3.9783727361392325
0.5936517513130335,0.507312278054658
5.739771799449108,0.24691607199408472
6.9280968565487075,1.6196134284849104
3.876432763595255,0.8184055582423375
1.1460285668454286,5.735340906995648
5.681999896364326,4.264022278780452
2.1435315899992853,2.6592857476888545
0.3701691118323085,0.7562777007847006
4.252335162696269,3.751746456518911
2.5713761984096686,3.3110752708556888
0.9138194109982086,5.269217927520232
6.170231915075323,1.4650873179202262
5.885874540388521,5.078607696478586
6.930192234626368,1.58556728371686
0.4438507718148649,5.776738361689066
6.557247590805744,3.3238877516159637
3.2858987814836893,0.03080759128451238
1.4825740857252163,2.5515562909671763
1.8691274754330038,5.5256435204021725
3.5154162330488123,0.6480925371055403
0.026841896809545962,2.5447006967637895
4.154203875710921,0.4058055052993407
1.3515741292165506,4.026532960328957
3.8932719879858566,4.230656075767078
6.806683823408047,2.9135783196390967
5.467988987433291,5.209371142401508
0.795407918499399,1.7439649440712321
0.665601351318084,6.614664093886624
0.9094087776217122,5.588346983579835
0.1318542097584985,4.4866229905800665
2.0915936569281914,2.264512138817912
3.840069800450113,5.679628781026958
4.267595329588798,2.0267022512174937
6.714687826363702,2.0820727669171433
4.404088091860436,4.735614979191923
1.36681328121154,2.080948176286463
2.6863881421763867,5.384833019499399
3.989827208456762,1.2968087418683552
1.1250862630993868,6.505919522819826
3.537282829682034,1.1678101206118887
4.79303104049477,6.75152406186803
2.883047357124277,4.7518128552532835
4.871134963931186,1.9502400609173391
6.185499376708754,5.149179944881633
3.7194554837558975,1.4682610701391583
3.9986644619693443,2.1762703974329787
0.7325934307473881,2.3999712150460804
3.4092919504587247,4.772915522385233
1.179248446946593,3.5433983945334
3.7410284528243496,0.5134661389034252
0.6279670309436293,3.194770404246403
2.660730115755814,5.321043112189753
5.357304641591755,2.4953355958412935
5.624222537188476,2.9155655506979707
1.31171828872245,4.832800515745653
2.919170586827367,1.3251210235630526
1.1605766499875436,5.878193849818732
0.8075368588646175,1.2592349785261248
6.521517521411055,5.324997119586416
3.1970828027449607,4.690769138999858
5.028006725387549,2.445040568627474
0.1569951671536456,2.2060417683250306
3.619366866286561,4.245585240939928
2.300308788200117,6.0045721371214995
0.0915944632968575,1.4719042081049736
4.0855057356174855,3.1215961972855593
4.778819373391345,2.712880708244383
4.5892600907706385,4.034215029247388
3.72298989511525,6.82651816337612
5.934425684122289,3.884711482205245
6.839604638237426,0.09336348570093467
5.2789709693303255,6.935164068304887
5.8994593143667124,3.2983665334308783
0.6705641196372237,2.3051954664633296
3.5106424151633773,0.42848262224201017
5.850172719648581,4.658220877063685
4.086742787445787,1.7337327426764508
0.2308029124301184,5.006012122222853
0.8902842885251929,5.974428443821272
1.3746543136236804,0.35733165065495087
2.4773909786127204,6.229128096627582
5.369883287447437,0.2329134934390633
2.8246912581281247,0.9281570778057296
1.8002045271253482,2.322612403305732
6.806551163245309,2.866638102786278
1.6336313714689472,5.675061989019877
4.1763338193236414,1.7979739932241452
1.339014298822765,3.2302605509531057
5.585710139017474,0.03923493083309837
5.68191930365643,5.941625374404034
6.271963886490539,6.8612129581815005
1.4144208731974715,5.507009467363577
0.17984329798035692,1.703192311167498
2.399274908638777,5.989367361467663
0.9992755818357073,6.706623110122559
0.16808554254745656,5.1060886750110255
3.5559636747260557,1.9621783686120982
4.549353873130054,2.0192397717355144
6.479412720734057,6.5006055376782745
6.346645007940201,5.611380270981738
3.4346346133425225,4.713686491941424
3.202333788265491,2.494969050628502
1.6759623371650716,3.457759228049972
2.5554342550000753,4.717705240386643
4.751561793654024,4.044094268895032
2.1090890732904612,5.469932930596346
1.1161841655314588,4.2850998283461355
5.323891071962264,0.46703545838851557
1.8858095826248442,4.209890118596649
5.8987868590753685,0.12454104805388433
6.149922036725371,1.2787823231641713
3.5290422606055705,1.8395679696364864
0.35081489852149117,0.225508468885796
0.6517041914248188,4.900713603922476
1.8926546005195002,5.514632028954277
0.8952794119210208,5.115065080459532
5.480696885693687,6.942734198847095
3.3309114942207385,4.630742510666459
4.009427941798265,5.795094658824766
0.6455350254017667,4.183720896659426
2.39904773243012,2.7860922220938193
3.9889012175861387,6.704952760442902
2.0944261508761928,3.6677457481835614
0.9480902153194857,4.612152703987023
1.646237070525633,4.440661371873061
4.028336055945935,3.321217060541633
5.4072265177350864,4.380127204051716
2.1680961442891284,3.878088033451758
5.329274019634208,5.398029779278149
2.466180132340687,2.4439362748892224
0.1649604065060113,1.6010295037682774
0.15185960484182393,0.746536835636919
3.2494130672624957,2.1306856981233975
1.5675265759735646,3.703438170682538
0.5932057081846017,1.774996875204653
6.230431936006155,2.163406837117048
2.0413250873593904,5.5777029358350045
2.652057185445815,3.730635186134198
6.63681330560852,4.0203385401122365
0.21810298899371316,0.17542052763254612
2.495370579909827,2.5710586100120834
0.8236978649091935,1.369254254918149
1.006741464369005,3.773146622384062
1.403728465187173,5.773209773088909
4.07285693954104,2.376092810016152
4.033631562606504,5.203024139939247
5.079234508735706,4.33538717089878
4.382525312502297,0.9484677486711943
5.31269535249932,4.045597708068934
2.246161623310976,5.6901240172611365
5.716904762619709,1.1011318176162637
2.432379428009473,5.269877761254002
6.778491699932457,1.394025741938657
0.4034000466748551,5.654055482679965
0.8160398822968871,6.563366438727014
3.5925427742561995,3.5864333052887014
3.202410835968869,1.3327581187895603
5.363835701183225,1.4414526251088131
0.8413746770346838,4.1862286497022145
0.5414538487946131,0.18841962002518398
0.8746407401273248,5.406992865861255
6.06276223770121,6.480333801417565
0.06491206913643777,2.852084197393631
4.606972721891163,6.602698015488101
5.1835940795925515,2.086934581020309
3.3841047997627483,3.1695148587024207
1.9995879674213108,6.430412316769234
1.1030266568584273,5.820411876295269
5.657703772585487,4.401864991291109
1.0642332583256064,4.91444315695058
3.074804198027718,5.363486378430043
4.90679598426357,3.4692673504126446
1.4775575255247673,4.568743640429516
5.984163905498322,2.4688666372907737
5.684097949054148,1.027974524475443
2.5850994432230667,4.438531853626349
3.312125416448926,2.5830150362876876
3.6288941620560156,5.706706552210037
4.095176387853543,3.1547301380039476
0.6864818528980431,1.2040791476150963
1.142091938040696,2.7974438870113225
0.8461979102164953,2.8808508562731303
0.009901091815672669,1.618886259418805
4.092631329520242,1.3963755790450372
0.19989267849770032,6.829370119798228
5.188861343429351,1.6633806739362136
5.154803706614622,5.924141060350765
1.4048666907955918,2.0948584728024353
4.551311675260699,3.4979087230187753
2.9203653853424405,6.393723642910876
1.4423931770267688,4.539990381158614
6.4983585503842685,0.23624033428045743
4.417486894348117,2.9543353488576813
3.9992419783053403,4.214838142219045
2.7204436970943116,4.015548267663216
3.844310982526908,6.7268760632046245
0.8941603186889345,4.886436501072413
6.441640068084327,1.4169647150286635
1.8930810645607217,3.1661271453254196
0.2959276454525427,2.15060945486809
6.131810536967123,3.5451860080604156
5.916765267186885,5.599129678831697
3.2951776986431653,0.20607438728774963
0.6006253738002943,6.888408559347596
1.1315303221440205,6.87945818395789
3.069958604544343,4.139137112661437
3.973600559472768,0.24017611528320437
0.73335312805844,3.58413084232582
3.7778260069305656,1.9252110206654518
0.23751934991346157,2.247981174410094
3.880386317812648,5.387348918631476
6.436675275404923,0.6559748434302026
2.5945068743892676,5.796555502224747
3.578461731082983,2.443939406527728
4.831989460168803,2.8445181627623226
1.471864268708957,4.345417031267178
6.473424268022901,0.35109850265224685
3.6468653013738654,4.307546052831185
5.812521531326456,5.711431323623106
0.4357188053810557,3.9385711815767452
5.80355702352532,5.569121250252208
0.8062544577735055,5.978848291090533
2.841291678576712,5.030566704842703
0.7426217208149607,4.387214568426904
4.792534508614678,0.8703419014491606
1.0234811020691783,0.7104939144188739
0.2906212185965126,6.778087709914635
6.310914004191626,1.578609192974143
0.4116268015014761,2.1959426904384562
5.730549027126567,0.1358917646669644
0.8743189234309883,2.876954454511206
0.5838319147265439,2.5359007620227203
6.861312608366989,3.872241068265796
3.2940056660017785,4.3252308902647005
2.6786778803808233,5.412183705840365
5.695909536016768,4.155980990409562
6.739798219442029,4.991467356942923
2.9456504654686317,6.698035838184637
2.5224754836328405,0.8599641831875023
0.6916769273520382,5.833294568849045
4.296749666281771,2.290172289758422
0.28435777991638334,2.1061454608896137
3.6477380636247676,2.344294921331758
1.995912620301584,2.3003831768386993
1.4133406770934869,3.096965191292206
3.0119407570823173,6.882428188714693
5.970954381004335,6.267315153048258
1.924705676063439,0.6582663813149671
4.734559201293342,4.284173621466866
4.814099422488531,6.601292896167099
4.698700454974786,3.0832070088258625
0.6903687830744404,1.37057727370523
0.9712201952778196,2.1024596543487712
3.154259735362772,5.095726217532015
5.433243071950376,6.306613181410871
5.16485977127976,2.1354738506284443
4.786665035274638,1.1702597918418356
6.981554897448357,3.650666388864207
0.3589470152322791,5.0194386397745525
2.2323194366868813,5.393231163964968
3.3537097933943816,3.4113091122717965
0.4066308673784268,0.04046728111248121
3.885611081495382,2.152071001470364
2.6843889186037835,2.8089932124652393
6.351031262330932,5.385769155781559
6.584161686954764,1.3468861285506089
0.7131632987440842,0.8159869219805914
5.541537236878122,2.8760381115814577
5.700075756190021,6.4845111188699285
0.6428812339811096,5.477881256710214
1.223014789065684,1.152348642924172
1.1095551058205273,2.3503544594336523
4.8549200402739885,1.9246493483286025
6.534338021244627,3.009419297961597
0.00968392899508641,4.84616164366189
1.7010455484974305,4.972750411129485
5.029041704016217,2.803658725242606
3.442269011987779,1.731325002467341
2.4413436620507696,4.418024489720278
3.103163498094893,2.5757357044450506
5.926383098424771,0.5240690901143528
0.6831728054006899,3.6868987693970237
5.060670137265067,3.243056687855287
0.5646416612593752,1.5203728426480567
6.230326828898027,1.2836896828467375
6.5827314228713,0.051671405915291735
2.495850221156924,0.13959037771362193
4.361516495909189,0.7143477468625584
5.307069007710448,0.3374166103902112
3.0837585807925025,6.978254627119407
0.8010676003050138,4.4452741599701415
6.0938940188727715,2.3666077884629924
4.9937729892715765,0.35772603785878077
6.329628882439151,4.151563163028902
1.0614169819309383,3.702513815393691
3.3988006897173633,2.5046185360332505
2.3649573627259954,1.251583305578066
4.644182440029305,1.1051221999994807
6.509826594480041,3.907467694030951
4.493598369515069,4.734937861462437
6.512758983965038,3.0362184169137554
5.821231395035346,0.2827825180809892
0.7264647308906272,3.746800529027835
6.715332862090889,4.294584165500264
2.419524435338902,6.682022432290757
2.40433180653143,1.6942337052788279
4.87480175767219,1.6346772680026271
4.144784849309159,5.103999073678303
5.779070204925444,2.997512668205446
3.0384324193477914,5.555625988857301
3.03229199432161,6.476289615896888
3.9773998367688224,4.6700974154201065
2.5973733368723875,1.558258115810529
1.3449940325793064,3.923099664774753
3.876868131230822,6.216846664341549
0.002998979589176498,5.807621482319081
4.699583579098567,4.690038013643804
2.8785944126736625,3.398785900872186
4.219275944025041,2.0224487254134043
0.9120782674819489,5.917660303462095
6.83276519579591,5.80494445524303
5.926327657511559,3.100815897240095
3.061916792050686,4.847055377008456
3.382402893195007,2.5571997558257165
3.4322125702223083,6.228305436608535
0.8472910659974038,0.5053626828136569
1.0381252444373739,4.44153719239105
5.538918646904138,6.784514012312261
4.053372739630046,4.567119576092343
1.1430088157342846,2.5488044979310223
5.680353407622307,6.8677924366951775
5.674240778238354,1.8005240352232494
0.734486222208355,0.7975238395723468
5.695923274492998,0.23809266210413427
3.0216369082934524,4.7126251558177294
0.617365242417871,5.252603013765982
4.753641278759047,4.572353979509303
2.626422031798275,0.4217509830754683
4.615173789054289,3.889017791343174
5.921523047704303,3.4642379138338586
6.138814342526095,0.14779093024727785
2.4748712559209256,3.8965640338092475
4.143858503880062,5.750914989445663
4.676712888287725,1.347116147630599
0.2718512414577944,1.3018386960383408
5.890152204392755,3.424342576588868
5.651292243104929,2.492791637636046
4.49391274860622,5.9627833668395605
6.191643673934933,3.041155821965717
2.283390148380439,6.506980402331046
6.595399963880478,2.168892941201183
3.912686847518992,3.0698983539642466
1.5978239099216331,5.462037151374045
0.6937388544237163,5.9301227789793245
2.497585374180238,0.02490797586021465
5.051452592760668,3.5078817666307316
3.7028925316112726,3.224712476024708
5.139382450251034,6.643710231785032
1.2636068885000684,3.706492718588587
1.8248431413004642,0.12149085603117415
1.861538177163764,5.766398932906707
5.9458100793275035,1.5801116137723012
6.5831067895755115,0.2717229876152698
5.401800889247711,4.166144488888401
1.2437780576249162,4.509757838110245
2.0846319158063267,4.252495204656397
4.571440909753488,2.6744872956395636
0.3466037195167656,3.5247423011485237
0.17436949929846446,1.635286213039147
3.866689794054029,4.756851004713038
6.762632886287759,6.19283454111853
2.0890660415515345,0.9677350704728245
2.7947362850705537,3.2443065950204906
3.829597029623759,2.398646323021623
3.6946716470758276,5.5221886589032145
3.8527252323523062,2.311614168704138
2.7122991448989557,5.701387330941069
5.211838852574756,3.269252603454927
4.371261257074232,6.925734573107762
3.4307242546032053,5.5358059044795915
5.306696882083845,3.2184340928375583
2.3131354383096077,1.2262285748394786
4.982076277695764,3.5868583977510484
1.1935577056879558,2.824497220944532
0.08246663872091653,1.2732701535359152
4.131570867064761,0.7893036501568871
4.373409425361954,2.2150615609186155
3.2784344168356805,5.5786681737517005
1.6602147048315044,0.12350175794097784
1.5333358021848822,2.8225622806448705
0.6536331102070359,1.764655259928417
0.673223316415509,3.3983797373384887
3.91261234100253,6.871003880078854
2.4606684308782607,5.544350918491976
6.773680255953945,4.189040218481325
3.7782310569303923,2.9299684221688325
1.873898824816973,5.527315348594038
2.84519966721142,1.3325182385748517
2.9823712640343074,2.6937070056238954
2.482777917167512,6.632644385789043
6.467046801977494,4.456860026369629
6.049273387054262,4.171942344609246
1.7966631450916517,3.568034539151987
6.109828425706082,0.4137321794451537
5.683604769046595,2.3284461615109793
5.149597019589849,3.426208671216684
6.498264146556148,5.826423297843086
5.333704429206903,4.711410532737975
4.430507098974877,5.3127450757212005
4.6071474652036075,5.576979938861357
3.000099753163732,5.148474848965219
6.46023149364575,6.718851551314217
4.587702373273815,5.875785626599382
5.586532811873637,6.248577842931636
1.4393173330552402,4.402609365962405
6.134876000161084,4.090741458062043
5.344894876726929,5.664156992807664
2.6745862125908237,6.0128385895313965
4.6695715419984705,4.882356383647898
4.278439601496802,1.7985149726281984
2.6189702351546638,0.9260305441270765
6.122622849284301,6.683041468634001
2.251487547783419,1.2497850923128697
3.1575666379796568,3.502600380266165
2.8770939143304934,5.375404194948423
0.9884072630933673,6.861788597177253
2.1012754417971475,3.7619954259801234
0.30520752963768294,6.081786466337373
3.467738781028222,5.488484656785302
1.3944204319367532,6.848943701899421
6.054178025695341,4.321189859586572
3.8706163582338413,3.901181712259379
1.2389527973007195,3.3672225154255995
2.0499338279415107,0.032742574619409326
6.441857003775513,0.8483297440561918
2.4249310104241006,2.302740076662557
6.606122883373909,1.1712475507152762
5.967679710052992,4.181202877148444
5.236343864506155,0.024273572662638965
1.6817469365844282,1.8556012972618596
6.01779304954702,5.1766184808456925
1.236933128157013,5.003856285599187
6.471915497792451,2.343258550613319
3.724895859528812,4.887024540014531
4.11071306934782,1.056375718459755
3.2673321369044723,4.400062766791302
1.7840426590470275,3.188051736025851
0.49614000943173686,1.0862405497444023
3.1659764091644975,6.9846776911788595
0.5125264408330754,1.9094151433410644
2.367075181905766,6.181055847678269
1.7894157067697272,3.7808410756911623
3.9451799880148632,0.36946001808813256
3.7703153165818084,2.9201168963229396
1.2817067517845526,1.639634207637142
3.846244543123723,2.679936231315869
2.61211605184318,2.465643126251851
0.9357576308072292,1.9690691715091022
3.492595616111745,2.8894804647687824
4.007911800261608,6.309087215574657
1.6147219240088493,2.9330172148120726
4.616276024463369,4.736090446225281
3.7604158748347434,1.2333957001772344
6.45850936256802,0.0897931151862581
2.061177030240532,0.5106045923152288
5.856638059489253,6.884949820101635
5.627682946624662,4.038263138436526
5.146992090579848,0.35645173928918716
1.9703906422903161,2.409255689841264
0.06114701634952213,1.5244667141336192
0.2960311061133212,1.6530571748339424
4.9483430379326725,1.3709070296075567
2.4084893544466004,4.856464870666783
2.3825712033750737,5.554743199096713
3.2562078182121628,1.6828985521249136
5.562828219592964,5.255552359189906
2.4721731335783397,2.974237904815307
4.677289147320211,2.4606948413092393
1.573129142821379,6.250926065949731
5.035336094937933,1.293845433485486
4.077350921640443,4.149948568206537
3.8840872670960125,3.0352867818251705
2.5267075649571913,2.525138404060157
5.837166614987435,6.407183810628544
4.250905022974063,2.3168088650314163
6.530830481025867,0.5942755368113295
2.136894305955284,3.6110858633330634
2.348911755725843,0.48566389614658356
3.11494645612426,4.331788165951076
2.3929637817848475,4.835536769468923
2.905638612195674,1.6130255944012597
0.4252190102640506,2.12727702711614
1.1639872141462342,5.695303873205598
3.8219372873556994,6.792486945931088
5.872205519345584,0.4314849522417382
1.1907633621340081,4.531002715852117
2.963422289621227,0.8094775218447917
1.6040359603402337,0.32151717644898126
2.4360284670776093,5.198310392671456
4.2369155922845705,4.765276794721028
4.14088487071707,2.6275836599713376
3.3935893962295247,1.15299703203833
5.167974494338008,6.46083791062477
1.838230329379225,5.220271364181434
3.5814756155238276,5.37676752461482
0.47727706970568173,4.494366894489815
6.154472831292729,2.2327687477968747
4.271781076182859,1.402971975393235
1.8067764587423905,1.4802333639321983
6.9998665430465765,5.122349948327844
1.7752827024999973,1.8203019314221351
5.88204795231313,1.4922257536119388
2.5687980674261874,6.0056143439715
3.0147165101997055,2.1223149043221072
6.351031594883201,1.2911339915085303
1.4722162581618972,3.927176894145476
0.12713668602139494,0.12147089686295154
1.5859375304307157,1.4911255290140704
5.028187093889378,3.989260848364896
1.6478180944164824,4.5548471412743
2.9295492834189525,5.663071192005365
4.69086922137451,0.08639178002901993
5.511854085544522,6.336095998035537
4.327097214926321,5.017856096525908
5.121366124796813,5.358085179386505
5.152308093366988,6.736678190134385
6.892233928457975,1.3789407000881961
3.1686765285314147,6.4808091025183465
1.29726149244912,3.6093318092437
6.636964219099581,3.4294047633883213
2.893216941109098,3.181635324595268
6.53667053371215,2.991214779846106
1.4908043845363248,4.3261267317750685
6.20773929653442,0.24448323258787374
4.389553920490633,5.710607619221626
1.0627356000252721,3.098048149037677
1.1776865645646288,5.631767693711994
1.0242546944914965,1.3078561777978637
4.8117331066749065,1.4858155047492376
4.348300212228634,4.677886397959302
1.642527776056204,6.53321033183294
5.010226431695146,1.988090838046614
0.26395869714390685,6.623279781808467
1.557025949271318,5.109516953274313
5.789470783947199,4.481445821607837
0.3247727026766488,4.367005243131305
5.884033608078355,3.3791950881097037
1.9802168245287861,3.4333304272008243
0.8667205816407246,1.3720927390579514
