3.5,3.5
3.1937711056288522,3.753157462173277
3.8258234674284344,2.85140356201207
3.494422231462367,2.6939362331135626
3.4191710244919142,3.9303695414693802
4.067923909286544,3.574418482068989
3.127541593571716,4.135009898684137
3.4703703455174626,3.8624438912941876
3.112017441282468,1.8705319706886971
2.3043989718863735,2.298728835638514
2.5914133652164706,1.8347181112125261
3.292628275467706,2.6810501153536466
2.6676772093174788,3.8654670928585824
1.9974441897509294,3.0787926411478344
1.6755207274563348,3.313165672128425
3.9111182122364156,2.7356958769737374
1.9466128164556404,2.866413831812516
3.7547927998831963,3.4231636571346513
1.7423826937020985,2.575799882977788
3.8341270960991682,2.363371932803695
2.741786663979678,3.060010323718406
2.058114968707966,2.1368596088080007
3.769180087580461,2.2674930508396436
2.5792348270293366,3.7167814116257567
0.9695248031728625,3.522746288770123
1.8608197508283326,1.4611177115206824
3.5661588264367605,3.52438339400338
1.5431510714185424,2.693954408694466
0.5861899411216015,3.30875068809994
4.117582909342527,2.9862603829559
2.8956806001969704,2.332187893589436
3.184043525743382,2.8464924918736045
2.610716685585647,3.102602949310641
4.414116690759637,4.285025662928549
1.889653644682995,3.129961047571705
1.933179791207119,1.1461452472437412
0.9942824789115764,1.7766168397607143
2.962454849975031,1.0366970881955915
4.4470422055960785,5.265026353261808
2.512181423163671,2.1143977853795226
2.9140200602638244,3.369257237267002
4.956743731505384,5.434088241947298
0.2532869249233747,2.7712940604608134
2.706545457707532,2.651670980957398
2.1648488022269667,3.775200557528483
1.7085679788056582,4.352022011264523
1.8082679956288388,4.265851779927398
0.6623935762297313,1.7516345884453104
1.1546322313570474,1.872095384202769
3.814047899657516,2.755575241374702
0.4180740166729153,0.7987016581043248
5.162492106966065,6.106697621346393
0.6563768744308698,2.231524102749642
1.276178142845987,1.7943632147879214
0.25931072098467145,0.25220968616205786
0.7227658303816958,3.0233158568761453
2.2072451493970258,4.123234249381039
3.890293070252966,1.4159616671616266
3.504651194879318,4.397947887267136
3.989729634053365,3.2660529085713046
1.2079719612011974,1.53705422250324
1.2442010094594842,2.7758321200569807
4.567182892159226,2.035786645520056
1.5839505734251977,4.959257884381791
4.292163125909598,1.831048884924364
3.940665019276684,3.4938323524029826
3.811005292224902,5.863089772557879
4.471555284170453,2.126612376280112
4.6376286794193256,5.922240527209428
1.9084341392140614,2.081517030205883
3.822788967828706,0.5112590463446288
3.133809348079641,5.681076149841995
2.9794134718482876,2.7763742088642913
1.2194561874689716,3.6151282307613006
4.515806995212751,6.036084255773575
1.9521133428364323,4.082758301094867
4.0876967393628085,2.8398583477251416
0.24221211922675412,2.7008485854419866
1.3418206687530958,1.0541248759291346
0.7089505519670282,4.062427557690648
3.3778271659029264,5.3229057559777875
5.349697307707871,4.7060828067978395
2.1696813743699632,1.0560873901445484
5.033985117302089,3.7449238628864814
3.739216693993123,3.5899060248145087
5.299529982735367,4.775143355681653
0.24142667813543262,1.925348906907577
3.7552047641879245,0.45139679647077935
5.649547209694269,4.747244319351653
2.527768010363637,3.5263116629703317
6.345708903906969,5.331108067833443
4.137710126266837,2.3655025705822297
2.422886613171712,0.9418862628239094
0.3782616216629573,3.056166436315473
2.758925008543461,4.4944201650404
2.980057726081507,5.025066383765915
3.4021996015694462,2.6413638636524293
4.200704952807247,5.950871797933126
3.5395186402999586,1.2783307533081996
4.355787625908988,4.901662667892581
1.3684999299930785,0.05941382072009338
4.293983437408135,3.8368611678101274
2.216800500254043,1.5237542667213728
2.134178031813365,3.71023366187116
3.459056215106014,5.989521861788509
3.6945254652006083,1.5363451189865334
0.20355459992485025,3.078457001172594
3.807473616097975,5.601531943166625
3.7572524858530674,0.614453798151322
4.0984917279314255,2.8483265750214923
6.5385474180831595,5.687951939657683
3.374745398188409,6.765773039501627
2.830004077515132,5.558049428553941
2.7877587870462133,1.127239186413726
3.686801378790613,3.818515251902454
0.4881172429413686,3.662432732453419
5.677126229407659,6.622403357563583
2.5234804828199495,2.766345181185672
2.7552023880269214,5.340044935405173
1.5115388423871448,0.10031911167273133
2.6185429158708082,6.109148322282905
3.5137231681117584,6.014878331570711
0.17880730030968317,3.933841829488004
3.019552643267035,5.506051083534719
3.0809762708814006,1.9659614147775728
0.6285301580491759,2.6218681323232955
4.356564048409533,4.388412437507203
4.310841861928024,5.184855320394362
1.787674475733094,6.16330057555386
3.1675901191808604,2.704683934544785
1.7295675152936245,2.664484566224104
4.009105109065536,6.256200176921516
1.292152930141316,3.7221196935338945
2.977433640877435,1.0706147894733382
6.117961155047424,6.576767055373763
1.3634179715569643,2.798690541439559
1.485729589821212,3.3734077090516803
1.8562841522851428,3.2994786476504494
3.419718387853195,3.1195071223863113
6.253724396578531,5.809587339604222
4.000773457835656,5.70000785476083
5.459018609526901,5.465307847913509
5.165589093074928,3.971395978132202
6.043281870988518,4.3301037574884305
0.6867360564560261,3.4355327940658547
5.499754650809389,4.088224903522814
1.1709666349388037,1.8401135879064494
2.745175160035116,0.18121071913928388
4.7600545042345725,0.48912623288526424
5.54898097609153,6.258147795434877
1.6761180496732413,0.6567545910694684
5.388316393740557,1.7321626200813194
2.5779735370726087,4.770365805779301
2.6951729981919663,3.5719344148098147
5.147891690544342,2.74973644632687
1.769215944406362,5.967573275195005
3.3926950467329253,6.877221517036525
5.216888962409853,1.8275135955345054
5.409694842783672,2.6718557118974466
0.7001570360327629,5.363603550394913
4.006348516415922,0.3396889498620784
1.3160434118384596,5.983669515636798
5.184499135736475,0.01450505670098623
3.1568394811814526,1.857722360520118
3.6179049889275148,4.324964097531897
2.85003698080493,3.358903500156422
5.706202425215698,0.19662610476510645
1.303821486274233,3.7238199736809965
1.7377767803606856,5.3158755890385105
0.47935795753171895,3.31050658711571
1.4656646481331237,6.641244916707932
3.512181899587835,4.662211884884491
3.4557265971521773,1.0149441004294464
1.724927041893313,6.559368483308874
0.7310818218451027,3.235384456628183
2.4595254720362902,6.07252972181838
2.2951833036834834,1.3265832158145516
5.824417893855368,6.833543229541179
0.20494504064465013,2.4319153487465455
3.845795098438226,6.941100112276619
3.206066790606848,3.4997507350502364
1.7013201809983753,1.282273377002477
3.9485990916258946,4.686888944519099
6.608857407932941,5.305540140201246
4.756358037705077,5.339349566391599
1.9116706499717742,3.864462485853669
4.76833025343384,2.3673435626787125
5.083696609802694,5.754829327574051
3.549053924830264,0.1263060461488894
3.339696011698027,2.6574033617096964
2.738389739433931,0.4877674095283946
5.998873272076643,2.261807228526252
0.7983444630289859,1.172661979273213
3.029326327922356,0.8608701809237324
5.100623248606239,5.750328323413422
4.762361206248356,2.546386946760668
3.9431881353691134,0.2990784065576805
0.0017095242416031997,4.405820801034903
3.492645103750157,2.1615349774212502
4.10083426557,4.78795251263497
3.3912971097152687,0.7973312762868567
1.6885830141030986,1.5909141018738682
3.0086654449722,6.137397741959269
5.534053854981225,6.321607144936466
0.01677093397483087,5.24359119261482
3.7510217363482505,1.0753077080324949
0.0015880172181202967,0.2513181073118299
6.350618559355436,6.895745414699276
4.89274163167252,2.526190715004675
4.842724607864743,2.0755767341867175
2.101722850273136,6.263557694586604
0.015396272394829769,1.220722571397995
1.2913302170674223,2.9961776531598443
1.9374010286055112,6.404005082342077
0.1759022338841988,2.3276750544268925
0.006849588759495928,0.5642372564088687
4.872395519728908,5.605675375724248
0.5586237428941152,2.4812775344846605
3.0923650114973347,2.347129938500113
0.9244918723638318,5.115947980794952
1.9853058585208185,5.148020492050746
2.719665750799936,5.799605845536163
4.193175495758401,1.6897563776078792
1.8677498754735862,3.980525988395609
2.926646222524632,6.471876562543272
1.4938522089690047,5.1854495823737095
6.16144185283531,3.7258322690033676
1.4483157346308204,2.2552883575369473
2.631238074076559,4.947885393798719
5.886052459217989,5.83830277627049
0.542529898378117,6.048275918799913
6.0057479435742875,1.9502675052675882
6.226724754504134,1.046941455699908
5.506392650534624,0.5520581664689733
0.3337678236383467,4.021764912729709
5.986527570020355,6.215976243183897
5.627506664587473,6.310838968238748
4.140359674881812,0.4269715494342461
4.375780023179049,3.2459270482126583
4.290299607261371,6.156508856474052
5.043811965723155,1.9776519239469745
4.341735234447766,0.656597054319169
0.42968935235910677,4.457188530927829
3.460618534746785,2.6709123562534542
5.611471744532185,6.93496859400986
4.442803096912682,3.651334745932868
4.405312095910219,6.619856462150636
6.288228032830561,0.7316645741948559
0.9265964848237392,3.2641695127423724
5.6420654974885,5.647565667975065
1.0398868107729502,5.482530671831585
3.5862992353026995,0.5848341402296223
2.964117819488406,2.2276900592242304
0.01685859669521661,1.1598844546517468
1.5726892936981964,4.431292140686389
2.067275435999248,4.717021838780739
6.577248454415834,5.2082127618638445
6.179662736791592,1.658271042147544
3.5692144768566987,0.8688791670756875
6.865503919546104,4.551397873368487
3.873049956724008,2.4135964933761915
6.400998950383718,6.531251021390661
1.164794943994937,6.801773567378757
3.3774480960912183,6.87181261205132
2.1864151753485843,0.20232158116761934
4.086608255840457,0.6388667044298749
2.9882573508706116,3.1675875411882535
3.471761017319356,5.411345155804987
1.2739488672758492,6.119754698701412
5.037791073644702,3.7507117711299323
5.788620006853316,2.9253942637278
6.734962561218386,2.026607570592445
0.14563676065834175,3.779709584286197
4.432676392148597,0.5958921250010225
0.7530150930393853,2.3519658483863854
2.40340038831133,5.926565663746191
4.815752599569962,3.626481890262099
5.137981302379205,5.602319651731971
1.8849821735961703,1.6008140980389922
3.4941322905994436,0.1310924474186982
2.723975930265857,1.5508793496676723
0.6710765793453238,1.560705145892416
3.9330480819359077,4.676878161253344
6.845657274027828,2.2444933883990457
5.5638976483778695,4.403505340679764
5.949872842788323,2.0148785754827503
3.3953123965808474,2.5952674395588198
4.915087893430694,0.8381667775854184
3.548857387952308,0.8369884981856502
1.5915947469795384,0.3003990804845501
1.100338426249308,2.7168819816686707
4.218296037021708,5.652712534096293
5.636860980973592,2.857027881208987
0.2785667012105676,5.275579983924303
6.405978125879286,3.7532270214959356
3.6601184549285204,4.905962103348826
6.9845120251414095,5.238793753476232
5.534466636275702,2.2877476400147496
1.6297067425145575,6.194611166803789
3.5393451463015353,6.527041415047219
4.061678462985905,4.774190857495408
0.6977693516497665,6.9603280380870185
4.864451251641731,1.0493545476991717
0.6784459703732965,2.850094484989415
0.9641829806421522,6.100439150339308
6.070582565585627,6.859531299783858
5.972938092343086,4.015174674031901
4.203955335181382,4.636396401023916
4.226068779860624,3.330506843651925
3.823897367678211,2.839658974360403
3.010774276002331,1.4223800874439805
5.072946107465361,3.712097134029802
3.042644405563637,3.992408069217938
2.42843792311615,5.062719861084526
3.5537654506011673,6.108601508371004
2.0842588088283813,0.8232044719874896
4.976179490040631,3.852050625168795
4.028057199851827,4.721868598304384
5.9246722078786735,6.843490606957075
6.826725903352897,2.34099788655905
5.544524052550756,3.3883697974641307
4.359462365282843,5.929712316222787
4.696198775217677,3.609946026407405
0.0584854738051197,5.478550987352462
4.330158765628264,2.6589408134853882
2.8396891683226846,6.821450234464437
6.784604225267172,4.079320810454341
5.787559064323132,4.772417335348741
5.231352466511332,6.864783070106597
2.6069073747582148,2.311741914637821
1.7222674209965068,6.252432553778627
2.423419728947644,6.3133509445415985
5.831800092911482,2.902404439148686
5.445690273109273,1.4906014953146545
6.800034877807482,5.770476137807711
2.7867094373990695,0.8665217425569386
4.048915215442685,2.883850007117868
1.3409184847510303,1.3235456782195603
5.550106240809656,4.764073125824283
6.451041749932551,5.086743289462765
6.601794118263021,3.4889963862152062
1.1553764444803107,5.695349077372735
2.7514594594577635,4.495247772641148
2.721988599378868,4.099866936614297
2.78465142881666,3.5948861743840297
5.717424150469885,1.3177241972693725
2.7432364870418438,1.2133988434017302
6.474381823596197,2.229416650852423
0.5029938845201296,6.4755388430076355
4.264232941765044,6.252286959716907
4.249834382969594,2.895160503898723
2.876498588505931,3.8225739065336253
6.01143298602779,4.754347258875172
1.3692638609333456,5.257458194388151
4.587031325947555,0.5937955535473469
6.011486633352609,2.364623133582321
3.075561828506175,5.308323865925387
0.48930224545914025,0.06664058237845782
6.565956649861329,1.6150408942948036
3.1411212146511827,4.529251775587173
6.105278237061965,4.891118580673675
0.12229906897675058,2.5594466276243355
2.579435136135414,6.5303158290433645
4.443057026240849,3.967084245849735
3.74284946214887,3.5428556614675815
2.693159443123939,1.9244261441799038
3.1613968051582217,3.507378552762092
3.704645251839476,0.11714353902476271
6.965222504052235,6.679834948659196
0.295417542628573,1.0264820314190422
2.6863487767332175,0.7637311746797638
4.606628031786316,4.463695366465665
6.4594111153536105,5.193686719487917
6.3962219518190455,2.445575448060422
5.496848598116925,5.213422438463346
3.900488362909339,2.8641994319527138
6.0013785026628526,2.999198306083362
6.891625306681623,6.741321714675504
4.67877608298386,3.3933270175337924
3.1784840701410837,5.056571703353869
3.8232617175288337,2.39118726514752
3.3961165155437927,0.031042736764256285
2.017957917729976,5.475426100015655
2.8626103432233245,1.3664201777683664
3.233940131552234,1.5044222692089861
3.909837385807631,4.419000887108094
1.3068229944167253,0.9353182945677334
2.1737094500599055,2.3551236226129366
2.78989676903023,1.813375376319021
5.801457473607858,3.2011798089805312
2.659679414628574,3.451984100738514
5.436711357001442,4.711985013867884
3.382700604711195,4.491202075970964
3.052297398262862,5.926670599840385
3.7264056339920915,2.573213266514772
6.072451511232193,3.2354686573290614
5.588257904248659,5.761511972787041
3.595836091765044,0.5197926333249085
5.169767769525371,4.457309012874965
3.755037822164699,1.9199604261725862
0.7918862173722974,1.7718641053280555
6.781539894829418,5.341526985976316
6.574276018699547,5.811011024753517
0.0820900571311528,0.08624303869882766
2.4467064709085817,2.0900498727702352
4.108912349499755,1.5155090289955564
4.605926562159473,2.385823927164538
1.947675230878855,0.5121904917267925
1.1880544712601382,0.9120379665954634
4.08899872419078,5.955406975048298
4.630065889568009,5.436771334387155
6.5460004908458576,0.26739127303333166
6.831846333151342,0.9847512218637604
0.47320928428618514,1.8207525995654705
6.871406953424918,5.3844062350727135
4.100228988964826,5.4466449883636345
0.5938320414117544,5.279348684615151
0.3141546242608928,6.84928438360648
1.8082231126571844,2.774970822574793
3.171038541932703,4.846629398892171
5.172488323581635,4.220126387132197
3.467605839779419,6.024657178854345
1.618368689195579,2.4576624927135553
2.185599129938415,5.869815640178429
0.920770232053067,4.331003237614483
6.051938024952403,4.4012748732289
6.032656602229191,6.056471338501941
0.2813418576814787,0.3854907823310961
0.15358390591145743,1.6536800779167646
1.8025688642004223,4.576036121708507
2.743176740926589,1.7491370140994993
6.754672303347386,2.929243013295188
2.9722930706676545,6.804609987343853
1.5313823139212281,3.948566654190005
1.4116676407796984,2.5289025557408156
2.737381629743856,4.485489171176974
1.729612670818705,3.680148957133246
3.589850427973846,6.236251675545856
4.567357368807344,6.318707462976316
5.982079694749444,3.931127827481363
2.5206642810478566,3.1716184070735847
4.864224068432494,4.386764261624304
6.547590702358207,1.8589873357519782
4.649200809639422,3.3334050984306143
2.060360941060659,3.546255978985667
3.5768658927143386,1.8124844721301092
2.963915091216738,1.8520658778497765
2.938912763475627,2.207452677988017
5.342524083039745,0.6766413518748617
2.4522153545822967,0.7558183173420397
4.320881003599217,1.8124096725612122
0.04945207235877169,2.1714704070551885
2.58257532664583,3.501301959298588
2.6750489504812096,0.23673856933834958
1.1503041738277218,6.587046860820868
3.0296748610166926,2.123778560112123
3.7545845584665263,5.486658778344277
1.9927788799705952,6.236819830404374
5.407548707979185,6.094292065168027
1.5182555663847004,3.427440494023653
3.1108554170961824,5.621302509101326
2.1017294903880983,2.6444279059706703
0.46076796514048746,1.3264266269069973
5.467004494971087,4.164969683627299
0.44863122745762896,2.365023496648543
6.04765603602914,4.549941300535507
2.792461289306938,0.14995622003339593
3.6675758743794455,1.899571067522495
0.7989965619113105,5.000857600722769
6.402435626410158,5.560711949195512
5.139740417354318,3.690544965025416
1.3009956129266373,5.77906722287045
6.811790198542735,3.313418253952753
5.772279487011397,4.72391865098164
4.935866091735412,4.136852630256214
2.3644160281753193,2.386745129542585
0.5205374834139784,5.859605078069773
1.5455700844331783,1.753762640313747
2.869381847992485,0.5498428808088881
2.7335911232222783,2.473569682825175
3.713794551005803,5.10743016377761
5.277070237479444,4.9894210364102936
5.524812407923463,5.018508421292687
5.419931956163176,6.322308135135132
2.4183691553495317,4.891750326300813
6.9762964859182315,5.370701267908287
3.7567381117352676,4.004301294026603
0.25670746183751647,4.358249920010462
5.461783640645964,3.483590677654118
3.0723654731717605,2.932634361020849
1.3885456412793875,0.8605256528697109
5.175114878038444,5.672837756942826
6.902326039729483,5.618959645640471
1.3799605200801226,3.8160718359742
6.633171641792447,0.8990724299147604
2.578990899377792,5.025456900665412
5.774116468994616,1.1766400600184777
2.2473445146474966,2.273697506837033
0.4896502984904857,3.289630461871928
0.4485600411463785,6.628678887711548
0.36279570910920467,0.7858840112682592
1.0906967373525733,1.1132830242635503
2.212865920342935,0.928039458824114
3.7815129675726444,3.1984085921552143
1.7011329319087602,6.252178892824139
4.434677379227656,4.891187750041865
0.9659897719766348,5.1482675979877595
0.9387582474249702,0.18957360269144297
5.275576028251085,4.319039778714898
6.1768070303799325,4.958736438181912
3.7259679757144193,1.6957804145227833
4.270239933086636,0.4185148809885809
2.20712206083617,0.5279256870104837
5.0955123158213205,6.727326048290451
4.3136520522982975,5.65056749841568
2.2161883282512687,6.150148485764492
0.2893893683395007,5.704552367725037
6.3284968766311005,2.388309161217969
5.467678554276171,1.7060859613409107
3.217658830035651,0.9918816572300274
4.636116288495666,6.036278775806356
1.0373506706235371,1.7587426151506016
6.321442763739606,6.471006205941204
4.857507073212642,6.221482189793205
1.2187136947603256,6.343286579542562
6.3997036698486,6.783009793344156
5.338951585330669,1.964823039751539
4.25635359030722,4.255550928141836
5.818141913756405,3.268737599097356
6.351038432082852,4.784551154445437
0.8971702971346514,1.2870658588061663
3.312362455863102,0.8816013550760842
4.265873195565793,4.405731664837555
4.041417669353256,6.523173201532858
5.343805123749543,3.559826479798202
1.7756693908902728,4.2653579439605025
6.357000520659926,4.519924461994292
3.4133810408412666,3.059851269168794
1.383425146214606,4.138164499343757
1.233233462435748,6.51495725103286
0.15573568317508657,1.6719964493908162
1.48429489280629,1.1841803292749549
6.676276934172824,2.913931725236374
1.149264649417256,2.518076302460507
6.447991031802094,3.066649598618488
6.088007277568201,1.4125404587498886
4.3437049941679415,1.5454032861228464
6.670323497807037,0.9441236373469387
2.5273886511964605,2.8086285564070335
5.715875789103394,5.831358122771319
1.2395896059422413,5.398487416409418
3.5075541700866264,2.2302655196898007
3.714291955232313,5.233448171300868
3.0891219343274345,3.6978285678699847
0.13832298971357793,5.7273949830396385
1.6654811107126124,1.5157214957603276
3.3723428038458048,2.6840281045175045
4.380447738959164,1.1937280536822192
1.260088892469048,6.759479833532862
3.768503050415396,6.001862451025483
3.016874936438924,6.714357810684486
4.625922656345345,0.14346626397543838
3.0034030226809745,0.3019809458138746
1.848798908895061,1.0328243992098405
3.8814942821644136,5.991288321531446
5.79840759968553,1.0100593379192349
2.8115024856498363,2.8685621514002726
1.5186636943880574,3.601588916398061
3.8148675832799563,4.939925674015293
2.263975119924722,5.262629869920768
1.9474132995742033,3.5632247603059732
0.23521054606595337,4.075600650919801
2.0932188284350612,0.09160876407050345
5.251952680293254,0.6357322223006591
6.753471760048403,2.679453334967162
3.7351644633417083,5.894635441528082
2.952986858928888,5.615004503581684
3.2830778935858405,4.028151089849385
1.3880566646414318,3.193254065020711
0.12086438955644196,1.3545086717737171
6.93296722085456,3.476913744463925
1.8587931454546638,2.0390955454070996
2.654376534661876,2.474048179643133
3.3515556688091985,5.282252737813184
4.02127681854692,6.256998996494678
2.871586644481274,3.6748288070631654
2.2789422912932804,2.4342109356228203
1.9542604413215265,5.192000921435882
6.975192629848116,1.4367528498811595
6.228682425638361,0.9651016599458334
1.4441181205786247,5.6347034947751995
5.306370494115752,3.4480443366226377
6.448940902388634,6.808635984410116
5.148647300273871,5.273696670268234
4.892096632664338,6.415113395565125
6.415644381128792,2.540969772366039
6.701436080270575,6.522385190456156
4.05324894258816,1.8420810895943722
3.5756496364119212,4.123059720498113
4.065044012373484,4.592860339918248
5.210126139868809,3.0910081060049035
4.7888817253977525,6.775416462560004
1.8092631745462004,3.0653008491324476
4.191579615440109,3.5755297734589373
1.211637934345521,6.098505202939381
5.688875641924803,5.377398876711137
1.8947409645127498,1.2444102261675305
6.444788984143463,6.913892126614886
1.3592920461810176,6.458658442300547
3.9370103049101854,6.708432591477685
4.419489247555971,3.2956451372356397
1.3066833605141248,5.2118915844555
2.145516563061419,6.896212163550217
0.5733395193476427,1.900587830173925
3.0331221527093635,4.143136203606088
2.038503053561538,6.15083907045967
4.666426583846074,0.9118354065996548
4.154078104825731,4.925354199480768
4.630676415589219,4.258400101033738
1.0312444071366116,6.690785373764515
4.322505668474478,6.309099250181848
0.047706496591131464,6.182796822378861
3.3067883271291985,1.20394613105457
4.601080393011791,5.776903066091976
4.487779463952284,1.2624268066226234
4.25534933773434,0.47832103861039166
0.16911793552769427,3.0271779101968113
0.025104419555363466,4.230663160120064
5.740491330720994,5.624806662596046
6.670420657243443,3.681969269350406
3.1278107638686707,6.045543217584843
2.2181596797948897,5.568606163592451
5.6049377307657915,4.746883784079772
1.9712744860666984,1.7506441618844635
3.505186318906934,5.549839889802624
4.982735939717515,5.291867834898631
1.9719793356186694,3.8938579832048186
4.972455172541235,6.843709994514721
1.8557583682997176,3.997872927857985
4.090114977758138,3.840063063060194
3.6315760950152427,1.691970899695919
3.953889207056392,2.5163391174735885
0.050507099805753186,5.724009075331827
1.9301787293013875,2.1830093752466118
3.3738519332586914,6.361149619122616
2.821353695990545,3.8993079628244502
6.850308816341813,6.6513185579172855
0.3944364513218328,3.877701191161725
2.4436308788397936,1.2711660515507865
1.9545777292766728,2.5458386927021563
4.789182765437866,6.253807228193915
2.891158639506853,0.4328267731428307
6.194727942923447,0.8414693879889432
3.8355097004676697,2.7761281317884374
2.356059696013832,5.1070705281577045
2.4785830792404115,3.983673124116517
5.6724323810297745,2.2992677315069905
6.365290789046456,5.818291960751716
0.13239417337466675,0.10697374048366493
5.539819721613529,6.235987568650836
2.838290680475122,4.679744608368465
4.059959282965797,6.914979745194027
3.5629989389189105,1.0612939917700068
6.658399884373608,5.82143064160736
3.7111234694461284,1.4380865386629669
0.23723818981302147,6.11787193994777
6.613426870887092,1.8719474367327642
4.087885425521818,2.1976517928657677
5.467683902303225,6.823837972576976
2.8279322613617923,1.4724005504799478
6.350910239809794,5.3059521644793035
2.696839209126556,1.29802785476054
6.937479144562826,4.417156636380915
2.4836697268053047,6.025583645957614
1.328191803099379,3.7387151739067974
6.595122557411355,1.0406942254186449
1.5669456526746104,0.3165303270074278
0.5583643566851738,6.993385395860145
4.333741283073278,1.908600756526536
5.910190552369154,0.06929526534821773
2.646520727889091,4.468615291501173
6.666111781871756,6.370391073028795
0.2997770326031389,6.766056032359368
4.195922443260321,6.865247276193855
3.3908818811881747,3.171591980650016
6.200855248658398,0.4341169941067795
0.7060105660679891,3.7104512722125893
4.376182403446286,4.5116675879680335
5.4662356697176575,2.2694517079307945
0.17906421347025936,5.795197256909214
0.030722943639794997,5.158661205912374
2.8006345943289794,4.406788144316146
5.191512863493017,6.422413989704332
0.6728816221285262,6.674444843563239
1.2040245361903044,2.3147911820097544
0.7634275448476335,5.4822855741193
3.8525792770249443,4.203756370741286
0.18712378313301703,4.075497293308043
4.05533382580687,4.514930369737909
6.125194554040002,4.346733825146844
0.6680867251697374,5.063322448895721
3.850845277742822,1.048568712521783
4.062724350625559,0.2723440619997708
0.37083807286947457,1.4325075234685432
5.624226200961036,3.697870079518065
3.7591147131395117,2.831239205058613
4.775083720493769,0.6603076596194016
0.653253092174703,0.5230452858661333
2.0836893502361806,4.34246041444878
5.71363855057943,4.410666405238346
2.7325738392248122,4.52120054305692
4.8531288081654385,2.9486707153498926
2.796251842034189,5.765679400305789
4.032111430803991,0.3238528699855122
6.282345024341875,0.015984286130251046
4.991777863335502,0.5040361078763678
0.9771223387778778,6.956759615534937
6.220256961883053,4.017085843785731
4.138795522042903,2.596261618977806
3.354923513373468,0.8977386709130154
2.35182007634499,0.4959579123054817
0.8498946845793539,6.025585318807459
3.640798467905457,1.8278100105378323
0.7936049528202717,1.9205549927761518
1.250757561541211,6.335307098356202
2.2936038244308143,5.0996169953073585
0.5919994042846847,2.2473944515987796
2.393355979739488,0.060485418051484774
0.9270611751308968,2.447404002719419
1.0803709991158772,0.3943216122217522
6.237834600056695,5.861786607828162
2.499256961706845,0.24738185742128416
2.922034881429579,5.308245836247597
2.178300767660377,5.1932499677036725
0.711867708366642,5.5931663918185475
4.680495376578431,0.35805793502721495
5.775460392990524,3.5267144131097834
0.2913055030569065,6.687657065158779
3.2858687861155174,5.699170126629364
6.212276580675571,6.126555384323012
5.05997943810219,0.3300761309330684
3.470878236537529,5.705132742275699
1.3940905402886061,3.737834867105508
6.302436074997363,0.9800206582560214
6.721723503761843,1.175622516765261
5.671190477949742,6.887235846724899
0.23835730779425124,1.8314090837266601
3.5948697939808927,5.862945906558721
6.121455773581201,3.635760885281913
3.717709911485038,1.3103488217661345
6.771512763659831,5.159206315439122
3.6637447387124484,3.4054698786853415
0.7027008363101448,1.326827409908231
5.680086948398511,5.86510621885536
0.6216115936754445,5.033164822113374
4.506274708744208,4.348122814595984
1.7344316414554675,2.574319887644833
4.519006083622813,4.596315352979376
2.2268499523813245,1.8550206243443743
4.997605740086738,3.2922926031424495
5.266493794782948,2.6926704114313167
5.702232905784446,3.1763489603780273
0.8468143450178699,3.0460228103206703
6.160061125304278,1.242396119075737
6.884497670962367,4.900949367071404
6.051971475299162,2.6130240096529382
1.8561857462058877,2.066909673191921
2.033579302774205,5.040031160797286
1.8856080872535599,5.737669517998553
0.6369993019973015,1.5048540708079463
2.7532307952865898,2.162409743017337
1.27840314484579,5.886681167872394
1.6912397724090735,0.7540317948853739
0.08041518657594693,1.5782470729589582
0.0049824914020020206,2.1446827381616913
3.763492207719386,0.16571716630298816
2.3925714214697487,1.7777765951600857
3.502809863421627,4.967792380152793
2.404646242589214,6.742243330683732
4.1026629570228454,3.2230592335988515
5.34285527704779,3.307106061556368
0.7589113018321891,4.878578031733837
4.734134433496187,1.356333856234269
6.389325017369401,1.1782224916171544
1.124963710974141,3.468853447239564
0.5258200951257982,3.886796700589802
2.735449787735937,4.9535414262796085
4.360275212003095,0.84807642046224
4.613509355442133,4.997380372347754
5.766533987466412,2.4878884015039224
0.7844523887609108,2.512786388904725
0.3158394918219005,4.547376848515623
6.8581496749466595,1.4922467648870485
0.4012126653923551,0.11335946275717923
4.04885658131241,0.3206794907022361
3.542802608467941,3.6418108376002456
6.726784464358557,4.91102653629258
4.984458337961657,1.7559832523829193
0.3458382482765425,2.2868082988032175
1.5767913600440684,6.069219629431729
5.308223556121684,6.809939047438242
2.2360873975921347,3.1804900888378413
2.168364451932952,4.789471983559156
1.65938373113399,4.871137395165793
6.68488411464231,6.857605079877335
6.2256248911452685,6.766520817131527
3.9226731693344368,1.7082234425201088
3.678080740613682,6.186334563026184
2.3772761671790867,2.5888427894017445
0.7574400203748252,2.410182769590696
2.079752345097007,4.263268190928403
1.8990549841257627,3.1485294530373866
4.7207626349474054,2.3607656789165703
3.8186117421418935,4.117369234707862
5.094816728940132,0.6195598792271522
3.9831181808219505,0.13792171745420967
2.3333990703082725,2.877700452226513
3.398101787134504,3.578931161266819
3.9754659903420237,6.733292469521304
0.40889459497064196,3.869806877393166
4.145518447553327,1.3837364052312668
0.553545530323128,6.5774100145628545
3.293574691197878,3.884467592392351
3.114463941730999,3.390465117586406
6.870408669912885,1.3714783898454077
1.2013359285786314,3.0479177062346405
5.857115382347436,5.121634339444773
1.055682981008964,3.209626501720199
3.120378239611086,1.546477756382822
5.835353997745886,5.226716700245738
5.270512415912706,6.520976857285847
3.3642074341370707,4.132801736634248
0.18263923398351634,3.6388082478789494
1.2171739973212685,0.1670132452683767
6.974254827087398,4.473055617202255
5.761498459347858,0.6737887126044318
3.4035268854846197,1.4982844259512254
0.9408066520895557,6.620890959789402
0.5874202807804103,4.402717434060196
2.4963754566420215,4.580999053370859
0.8632527149694368,2.9812190477087297
1.9991446574533442,6.3750175624817516
5.6429065891567705,4.65945088661037
1.978680756553308,2.5151484033337406
5.801310257063367,4.376827252838563
3.2761163624715275,0.24563749107959265
3.362468975827447,4.598334678941555
6.447560045862551,2.349521914569325
1.842607067017902,4.337206295299737
4.686384278779294,5.800667662057938
5.110258873883777,0.7922080230524708
4.97463459540778,5.503849748735459
6.5292416822675206,2.27310578264787
6.836699499948444,6.403712362065005
2.0242503157741556,2.266747504825772
5.526843811895282,6.293796590223012
0.21099972391498933,6.688917193797488
3.1482779504060083,6.386180684800366
2.5306204183854977,3.2067960413215295
5.601818987079205,6.330601796094181
0.696750812636656,0.8985200755053349
0.028206559277202947,4.941994742265872
2.290008916941967,3.9429933188787087
1.9864555588847874,2.6731621758603974
3.7650789925423807,0.044982085405276484
3.042381886112689,0.048465001024196486
1.9116882771353172,2.662396967008197
5.966352328617159,1.8712604473825698
1.5061688779828968,3.428851446136204
5.797814646609086,0.4957106263599774
3.30801380164252,5.177968139930961
1.4294050153539035,1.140274255744404
6.686720023355439,5.976083007403119
0.4572218613555846,3.6955739119707065
6.193329150111891,2.3628768421289754
1.1279905277731959,6.519866379671999
6.925396306014022,1.3412246652714983
3.440552593525831,4.034343342448363
3.0548064844598324,4.493082936620645
2.878531971127374,2.8135303555423072
4.520440393680951,1.3543542203145507
4.089082906351942,0.11560649283983182
0.9328561511002684,5.2224368688337215
1.5042738967711988,3.722187116256238
2.1978837810323992,5.9241129279152895
5.442595518511733,5.964497174775181
3.4667335104281163,4.879207835701971
4.819621301293838,3.940642306304726
2.1538436947383275,6.211245743650439
2.1142607548898384,6.696259262949846
3.8119418190811953,2.457692169102371
4.615957107503645,5.683211435179884
3.5181819262197918,4.81203738586206
2.127395152341588,0.7975867536648532
5.709507640869371,3.1589173103111254
4.929095411512506,2.7648338846969316
3.9169297127061045,2.893868867723938
4.76118782441406,6.206718209906679
4.040171304820991,4.697468552333496
6.403934224130166,1.7205129543003759
6.0429894146493774,0.06458223433466825
1.1957832105167698,5.230075660249095
0.4054481977650142,2.5424592228925746
4.017859617724412,4.456445867158303
5.695602468660324,6.356893681193575
1.4663436395802316,6.446200804325195
3.806513551730975,1.0065777406444525
1.2126605128483332,1.353685557643852
2.384970594269955,0.2941031356229149
0.7301937006074183,2.941318774527394
3.3919672345089147,4.609766414454112
5.34231399863031,4.033583151695994
5.031119427884355,1.274789152300615
3.4829853690838637,5.952603782416148
3.197268044096819,3.2064582815235823
0.7930925923993484,4.315996871867669
6.901120536189486,3.1534692316072137
4.214118794222145,6.499037117896853
4.247329310710754,3.5067463261557457
1.0433179242462254,0.17741568504549188
2.5265280151334304,0.20316055696822732
3.778795020761434,0.4859691293274896
5.804025083255439,4.8905532605955715
6.871901139417407,1.5419155949309529
0.6797877937900021,6.67157867998424
1.7721923770262706,2.0468260594226857
4.569752366769719,5.28593036668919
0.8096254495387964,6.7860269694415525
4.083982675901487,4.12309853294022
4.426229126575754,0.3167326152823491
4.895465826597984,3.4067641246126774
5.469763080199506,5.332896978440267
6.194718931453877,3.1246990693874936
2.7519558283687386,6.793776839696256
2.4122052066688706,6.644976269159829
0.9176666865058113,1.1976823416356177
6.652343158848263,5.250062282531476
3.145505052855227,1.318141635912549
4.392044177544201,5.237288936621086
1.5113120632790569,0.32588849210702586
3.8089706909662997,4.616817885155561
2.1591461653943966,6.865833222850352
6.298903896155031,4.902919271009987
0.18666273201683958,0.3347138556178696
0.8725410324230616,3.736953188463417
4.261859732851132,1.1959006205776554
6.7817628507877545,4.791514308426112
0.738611638777269,1.9995404374192862
0.9930187834310904,3.6986140306219677
5.35958524134651,1.8467254504424007
3.0167587834818086,5.289282154304973
1.6637483339552392,4.135051834611287
2.801706514461654,6.864529031317976
0.6156653767054342,6.822056780711522
1.441766099010591,3.6857849260060487
4.265838777568555,1.3564656833509143
1.453367499211306,3.7989472660195185
2.792512258136064,6.904345621563952
0.5277930514130831,2.377130132142617
1.4321748607700957,4.71965385992404
2.5116493891349942,3.3369014916133706
5.471601038757711,5.514387458856812
1.2899523349596111,2.983863704498514
0.8890399697769356,4.857655559584266
5.147007927089563,5.257848691222651
0.9755427762179946,4.100537847262798
5.142058236303866,1.3894129464093932
4.984561472284996,4.873498693618823
0.6856495254685998,2.6311595701208055
0.1991626502930498,0.35921447983036203
2.812573194856226,6.255462394035761
2.3553629487432906,6.961706688524954
0.6633732088309676,4.784355845710231
2.90651511429906,5.750488590012789
1.876514668305461,0.35575696382424016
0.005343898203569952,2.4215617038251542
0.9549662040298196,4.799120676249484
6.11066945710991,1.1189995504253658
2.3596562934088956,0.7663287531615549
2.194787650072799,5.291993388217865
1.9954672222242773,4.9411546837217495
6.592192810765787,1.2836787998643064
2.7644975640873346,6.138045680519275
1.8350295320108296,3.5441706622006977
1.044541990114627,1.1994530497478832
5.111959679358331,1.1897431794117086
6.59319671272794,4.10858907963665
0.7325040441627126,3.2204069213771214
4.272256603860102,2.237481126688777
0.4048052280000355,0.24716591225234286
0.7231140758660937,2.576030719660198
6.407837112791161,1.2306980356570536
4.864313236835592,0.47236786702629296
4.259374071344719,5.710316872471305
6.743258595498976,2.040101476249471
3.989880061706157,3.024174749889932
4.02574287166276,5.141667162405443
6.461452758754486,3.2726810806093365
2.977249922801782,4.147852302786793
6.834943360226161,2.9957519105812427
0.858147587823528,4.023688093665701
0.9015746660998598,1.2180344590279153
6.199005736733727,2.306383307254398
6.3858481611751365,6.999216592972058
6.597258195114148,5.6407237225385085
4.849727688907785,2.6989252117516154
1.6916223020045011,0.41748132449056063
0.9898538540480265,2.5311174902563316
4.406505584133256,2.4506659781579376
4.405220275803425,3.04092936001173
6.207010829400725,2.4269523567107765
4.608925250578802,3.9417503380001575
2.1761665368807255,5.265150294893569
3.1178075592232863,2.365219051737187
0.858880639734007,0.789360349553945
3.076642803767921,2.7482343520212416
0.2559281975308093,3.7632872283482777
3.1005872992120795,2.1974416062142232
3.0979185069503066,5.708334632153832
5.76679158847028,3.9412798682002332
1.1812298438228366,0.8089095270231008
3.8124260449981984,4.6507290000177886
6.828262226600365,0.5843666923214088
4.56612025156166,5.088872469210292
0.8962509577976041,6.851743999076342
0.32371261671372964,1.0058069472893805
4.894548403614782,5.573056777970398
4.6312697439895985,6.454628396351894
3.3949864956609064,3.3529006656973324
5.231232830142791,0.02956249728881921
4.173523893005932,3.326354526909344
2.7116067530430006,0.16901142349676668
3.5134197815310357,6.320573331039606
2.22796498813457,1.1351974809426166
2.012705084237903,2.4636544387103605
1.5405933701141987,2.7989643113903013
0.0696452845069866,4.190047808981927
5.719503971608858,0.7443257904366732
2.4727897463091786,2.8203648094742384
1.0196977944881092,1.5549499860303844
2.5002249975250392,3.0429601512661875
0.8351241122955791,2.751636602035988
2.992847254386693,4.397632373170302
2.7255473828318433,5.3070927441143905
3.6374818635301605,3.4911058764767726
0.7829092950869571,6.3879225215088296
5.804058323088599,6.725645388219808
5.814712584520159,0.7414319153881797
0.5719253813518007,6.55524569688639
5.057769923034786,6.391864117682074
1.5412031620787208,6.939247022425108
4.247440695538367,6.527487831428872
4.762289577301222,1.8815924495790464
4.40222469734397,6.227785793271274
2.0391358476718113,5.552382244054512
3.6674776613017093,5.264744238721869
1.654597322531934,3.632063363073361
2.0933642871631672,6.792162213369514
6.339368920608531,6.452448953925685
4.942502927495229,5.752274722263846
3.460739185448768,1.1348290872206428
5.025060156467524,6.093249855380057
3.951068643096961,4.94403030940634
1.6551168438842736,0.6998473012612445
0.24773824348111595,0.7028230672152501
0.3316002202045151,3.082027428148714
2.9992906838767297,2.091994006133308
2.8001350219310237,0.08671828953089966
6.679607738764832,6.675455537945739
5.170955741290777,2.370258576600511
2.024770483248704,2.5704274171695056
3.0412762703364,6.167478534304023
1.2725730976525944,3.076442654771857
3.5809383472138046,1.7109175982143259
6.14003838718982,4.928194370509048
4.296089052286455,3.959147729493677
0.09170977921515033,5.143699842416424
4.994950166172543,3.44530109808178
6.978264472377175,2.9924755423182066
2.1726322402793743,3.147857327626604
3.8841572300989715,4.328975124183947
4.942588483717332,5.230126785692247
4.462460290476237,1.2818628873054618
2.702612722621599,5.977398821072595
0.21323525787318798,5.167141072884451
1.8443226779010877,4.070013973623784
2.9052415819314046,2.903284990344398
0.6065136765599803,3.9168464917661368
2.2647434303063454,2.1533833688284045
5.397192258761528,4.522981175446395
4.223621806730382,3.5217983346301422
6.920915580232063,4.166036792310617
3.318136358280917,6.427823947452262
1.5732779937842347,6.691931230869599
4.1758888233188065,4.716050695158337
6.722770370524883,6.177442863220762
5.2221111839850165,3.8191614640074185
2.0660528771711264,3.1218197787145585
3.739678081388394,2.052555370405547
5.692995775274811,4.271743476612645
1.003681396679497,6.5987308136988965
4.9697429391394365,2.81693604928428
1.7400322557621444,1.3970246953238057
2.3490937435402133,1.108800335645639
6.297984132166166,3.8515476236898154
5.99261941822223,2.541534395205078
1.5751667388942154,5.802968400397115
2.054849753207976,5.5355936146212175
1.1699630803410948,6.321545808185016
6.818722422514878,6.013067473390644
2.8615976041699027,5.950520828886225
6.747588831267614,5.244171259114559
1.0742743984240186,1.8230007301698268
3.5461250116228884,2.6690423890882657
0.7830462190387176,1.9586235284189364
2.152195326032899,2.3734430382660827
1.1342233378644473,2.9756698323345976
6.467090382692049,3.426787487840591
0.9511608173634221,0.09423005280866159
5.242591161051407,0.39200358999548124
4.100778972206523,5.657881343131545
6.069489822217825,0.6956123287780868
0.286328940740862,1.0785626627123945
4.121825618757298,4.536875342813243
2.7957954643910368,4.118618488818491
0.1949851058569917,2.862028151133593
6.222310949649159,2.9870457293722774
2.264435154321134,4.708039682118353
1.9684592116789474,5.412477675164351
0.6724490744582199,6.738357901000935
0.5957805303570267,5.82207585016849
1.6211645838100026,0.8997436838133928
2.2106525765758054,1.918597933073531
1.4491889018492885,0.41769205269206033
6.445680658244961,1.6232742101060786
4.422774396886718,0.026668002894310594
3.0839763898637327,6.193638755043083
1.3317352653454417,2.0976259735181815
2.1819460761152505,5.877564385896046
6.76720672637256,1.7669993930411876
2.217759588471222,4.388886590596646
1.6711169729137243,1.5970051996254386
3.9887324112169833,4.398389465103683
6.819695350772472,4.581787487482508
3.591656823692149,4.503256246901791
3.2278373910133595,1.8088408123628348
0.27430735867664446,4.238821131805306
0.200036678663137,4.096981525547005
6.714975249214845,5.61231566156143
4.1867949865964755,4.518770963301538
2.014657398655309,6.696579340414983
1.5895065922901013,1.7735783003782535
1.52081685350461,0.02051836841126109
6.453273190974892,5.053260790220109
3.5277580725666238,0.9632117542033491
4.006268571585773,0.16444951455991175
5.3779319380401915,5.870979893925318
4.649258953530488,6.2267838802880675
3.629902677510915,4.2894746720411385
5.550186646042059,1.5781823234680408
0.814362059838769,3.836306864762396
2.2970707249938025,5.09336905416612
3.6583187605988243,1.8237626160755664
4.638381704731958,2.858094263622595
0.584240844457859,0.363023431155197
5.5965929111842465,0.1257853398385742
1.4558406718023105,2.392486898827889
4.569463465737163,2.243861886773284
4.478058207811896,3.1930580447718215
2.995335450733113,1.2996325551732713
4.308382537491998,0.8487298770323084
4.919311950410686,2.2281723730540315
0.15691903757869485,6.34653579539542
1.748772790304209,4.30970104201083
0.4641839677745683,4.59115004796177
1.3397290260209287,1.6895304964118307
4.753820581047288,4.454040259558131
3.9790388526645932,6.825973447590645
0.7660829223123611,5.958376641343997
5.080508533796781,6.371448028563473
2.1456986661179807,3.2786634997894195
4.374596386771672,1.601155358018119
6.636830028124448,1.2614720392408239
6.620137522912945,0.9914376137669698
1.0796930658690274,4.033476129746641
3.1051563862390665,5.922638139586409
6.055264400954353,0.5067481125095201
6.294625559052107,3.81885756631257
5.577644697995835,1.2817962103252234
6.590436873552724,0.3850287341116948
4.9856559872444075,1.1293407267062907
2.902492837097348,6.970325590949164
3.426043230206181,5.005152587685627
6.709241408668145,2.429435657555598
5.9234911533158945,4.090201826074829
6.278727422930272,2.0483402702039726
1.6236128586563483,4.758755493800921
3.7091223991919953,5.096468678721901
6.989947678322007,4.688739351096533
5.159099363423121,2.3831072615098123
4.667397129047381,0.7167932006920622
1.1147494481076248,4.338429275660662
4.045548588392843,1.1596824089191893
6.615463742557273,0.9230814794314475
5.507068045973507,4.21978706403697
4.95679634951327,5.153380593111618
4.4729333268107165,2.8532412027522422
6.9778944384582475,4.396640988438252
0.4976016726459077,5.611009430099989
4.6044493430102085,3.6850198208207194
1.0461890115792254,5.198256364380056
5.920038346106997,1.9861674895643815
5.897601416109787,4.291491518366011
0.9427396404738018,6.654305747790984
6.959992482947553,4.330480007210444
0.8248352327010227,3.0646676977849387
0.08926808918372775,5.3999676666928975
4.706250691325726,6.629804941409242
1.689789380788158,5.821959234023566
5.992778898184205,2.911819432722237
0.9397240374269483,2.8522260820179834
4.344675766288112,5.9456473335216025
2.5993945519763497,5.04796810712067
4.4280249130962535,4.56344722772826
3.501956610089475,5.520072422374811
5.839900063601388,5.660196441488263
3.299649818040697,3.6418225463053595
1.1899223612654557,2.9041367027591978
3.8317519743203787,1.7081073492773091
0.7461481737755518,0.8226966342734018
4.424128836088215,1.9285274622682125
3.7861164149230184,1.150506274575503
5.620056793517308,2.480655083102727
5.153027937232851,5.137460458089667
4.169052920217634,1.9731366392788092
5.434048527323844,5.597121745189996
3.9561888984722047,1.0038288657182457
1.4496840967722533,6.624306253386265
6.6156796002818,0.4227583430710997
2.35234334631655,6.128831648711161
5.909547148136534,1.7321032205713685
1.0349461007953096,5.8048931183425765
6.486624241355502,0.3923353180512945
6.222142809973214,2.1201221057378197
3.3909495771198186,4.512452992345279
2.0886910635119746,2.6420343777438138
5.96865964937596,0.19981628557719833
4.39990248468836,1.0695976226517936
6.584301110424409,2.897391224708124
6.793230284379022,6.376016765282412
5.9107614298475815,5.559824626099355
5.332825821041059,6.058272266094411
5.644991663436756,6.068219238303252
0.7374877846654173,0.2969214100035067
4.334135949119254,3.440961285661692
0.9763023758429799,1.9479176354053485
0.5184388211467431,4.422624489370971
4.574879827216498,0.6971873278905809
4.91869671571349,4.532639295737685
5.943291451723589,5.136511632263066
5.2838970886550225,2.3029623775846613
5.612936441568879,5.736353373937213
3.0470399294409156,5.711048225835644
6.241658890992298,2.715079977259593
6.1094051855979865,1.0412442123393564
4.353431951631734,1.7256018280625063
5.652704414741679,1.7621062739705093
1.6362006713567085,1.6928167494282764
3.6250543318435278,0.4987980660662815
0.5599402957703287,4.9291043860174195
5.617382683781974,5.257021670763175
3.1973909589041307,0.1623407391931737
0.44978030320438156,2.599542259205368
4.067998658281031,2.005938584276589
1.8467761372099225,4.877083616461197
1.4125328582938184,4.710178579916762
5.654734827631627,5.6177036430651555
1.0867616982263955,6.98512563451688
2.6105442334029103,3.0178203523180294
2.799765956341981,3.4488330948088066
3.968435952871167,5.344729537199111
4.5596079518809125,4.046663957016179
4.762778961149728,0.1700007867725255
3.7623557455439385,3.104001291918859
1.6324457968205763,2.4785669861554624
4.982413424164872,1.7333404670291472
0.781117355500159,0.14521562156773116
1.0368026382803341,4.084766688806569
1.0273860434599902,2.0587783773263517
0.7848091740512778,4.834697967310086
2.0097627701207763,2.501721026253434
6.495258163074105,2.1479386636521607
0.6867261456271395,1.5184755641056964
1.4099094366192255,5.969249158130235
6.58198811848064,6.125131862053761
6.115412075883471,0.2696262733373398
3.2408692765931493,1.5280820641017288
0.22333943642915777,5.957471801431058
4.361267191772665,0.28293146037692296
3.653024850391668,0.5412895801678385
4.887758475262823,1.6862349362946238
4.06300165077976,5.729241390248567
1.9399032608385807,5.778275972845792
1.218345515627744,5.022511263096756
4.958280349145997,1.9547028475892767
1.0013228942132035,5.719853276217199
5.817877586519301,4.838140647885401
5.486053457032098,6.711388013275885
6.194519652258324,5.6358150451688225
6.5543968979267415,1.5054846587353785
3.7397748444260386,0.7938853864484519
5.036895050812728,0.984273609001569
2.6103263023181977,1.3922336387176029
2.292110953437718,6.559712764424887
0.06542486462361319,4.808804318103149
2.4005700852858585,3.9290483792355877
5.430002098030922,2.9889901098571885
2.641062119696363,5.732776704185154
0.789446336895284,0.8916396080910013
3.9256892567157555,0.6021203155845177
4.3296965411696,3.36681198513898
0.6245258097669789,4.437693673977826
5.7871184808718095,6.306335651023558
1.5880708195006858,4.190055498125181
2.613873564680593,0.9439542122696968
5.561233746643692,5.2978635295818
6.384352976633136,4.451483103391882
3.09732140694994,1.6969702569161864
5.4667503687803265,4.567324940918157
5.392903914730969,5.513650726638012
0.7079649191880361,3.195984301387199
0.766268790147918,2.9145472681750046
0.5105799305073249,5.10660789764508
3.0354353703944916,2.9460357334208997
6.351459097807656,5.950666322770591
6.9385589308020315,5.846548592986288
4.002326034932557,3.8320850388551824
4.429042329586624,5.649053699663449
5.799340075265973,2.762722977099916
3.824618626903651,1.1230872455669716
2.1375420448739346,4.8015650052542185
3.461492235037201,1.6044853438046267
4.842513070243684,0.14717278239012743
6.6210756683822645,6.193576096150585
1.2116395929455566,3.6274017488004793
0.8515134866576354,0.533105062747812
1.8674452311291478,6.884308152368284
2.7619864310889306,2.8266833960497504
1.0036649917750804,6.773769228205802
0.9916132249097807,0.9168844776266913
3.2903495581270166,1.9997190843157027
6.964033385441559,1.3861711092618456
1.5563695337559773,1.3084911150731948
4.940771380295198,6.64664042660701
1.5725336154638931,3.623186151411548
6.669971698872117,3.800506210365178
3.591364327026105,4.959777013074945
6.699613614364678,5.192400294492199
1.258363336105691,6.812154363838122
4.459062270949954,1.4179288401993084
2.5602955347277048,6.077247814300367
3.776300616055697,3.5306067739909213
1.3737531284921847,6.2730998460708145
1.2733972563065956,4.410580823187996
1.2160054933421605,5.612501885433476
3.528577257742346,0.028849288656075833
3.715066050496403,6.879039876036187
1.442416317280097,0.9198786592023218
4.902662827398473,2.977541378034836
6.362603451339622,1.7039543991385915
6.242456303280203,4.2421053464568335
6.2178371335287945,6.288205455885099
6.695361183507836,0.9794259963631595
3.99577096361743,3.411390498291921
2.4259785796568183,6.198386853694378
0.19263899545865992,2.56385689029348
5.461485602481043,0.5407266183668175
3.707867180096298,1.4020135131376064
1.7379123924517428,5.175682580174142
3.499560417610735,0.142998278661987
0.726875967851306,4.1803488014252475
6.823019454793268,6.760164029053045
5.748394406663896,6.427912743760724
3.163351414692138,3.389871667658465
2.9020586439859772,1.8869163262714173
4.0936960734571475,4.574860348765552
1.083093029193738,4.15313121940835
5.211145191698882,6.3214297760254965
3.430933720577176,6.003626845512675
0.89909573032376,3.1110370890723655
5.948283973500441,2.210085636458418
2.922871147723698,1.6765803919689122
5.255083577693802,0.016801099550158627
6.293116099646162,4.548626194492964
5.394586256324164,6.2750164995462345
4.470596684948641,0.21451556940747085
4.193490973562325,4.702183475938609
5.8012843564271375,0.07741934498572545
0.4936382998239379,1.089072281776129
0.88487573451943,4.0137532749679465
6.472085623543823,0.5345931951196207
6.567823154623708,1.882882697051893
4.307382678931532,6.38236803108189
2.379201672808685,3.7326095751029404
2.9707494721229626,0.23238040094650803
1.561343867610473,0.5343393602472228
5.995176038427076,3.8158186165211463
0.5469950592852555,3.0137867235389724
3.8336256925908048,5.289316861757131
6.202086893253303,6.394217977746818
6.2865078389348445,6.0270034041611575
4.595810762068467,4.011657961691481
0.6632452264975328,4.774226543358575
2.4918894369105207,1.9344992477106278
6.110309664390411,3.2598524067604067
3.3291876261149835,5.665999289860627
6.284926740885226,1.4858860643204326
4.240110376737914,2.797489292071175
0.8656221146640954,1.2648294649614287
0.7539987850028961,0.2948723306604428
2.256018039977606,2.298411500988086
6.45690690458946,1.1455758801470124
1.1092523828454985,6.691585289611023
6.984343422157382,2.5549626931099674
6.447639258443081,0.02766778849469409
2.3662575648185826,1.0509228853316455
5.281281411354618,1.2345730605845495
0.45787387714195793,2.1302205343410083
3.618334770108764,0.6034781232276417
1.610027156321087,0.7271785031955962
2.4752355453872497,5.949073477667586
2.1151895759574684,1.5647769287155686
6.280763238734174,4.7563928165340865
5.2012614269010315,4.251387988379622
2.280290599600197,0.593018049872609
2.3204758268398167,3.553847340028314
3.783461449334513,6.721131590659932
3.87350735779763,5.046383370235154
3.8259728446311034,4.686142783445772
2.140658328621632,4.949505323541496
6.235908008075023,4.342728146412231
5.288637093186199,1.8710298763443225
1.1816065081858578,6.9746155517250745
4.007133972475062,5.844312777620495
1.8428385631928874,3.04537656133034
1.9559253328234287,4.06021049986006
3.9123672593371097,1.8770051278770077
6.9622292162804476,0.06300250355594184
4.809395301381846,3.5562925892718735
5.311219635714135,5.7647956236371325
3.392330303005859,4.190110835150086
4.2712152627592825,3.971040944681438
5.690501933148082,1.5757684331055164
0.6080250596447534,1.1627681923767046
1.7935563605810865,3.3743634179672206
2.0741983622565905,6.467432365187942
6.795542172120782,1.8850599509966246
4.808753120051816,4.771603865094055
1.2259200470247844,4.08276954026866
6.616864047293145,5.6337577078402985
5.7283152648078755,5.918277748005004
6.46028595825759,4.111373716575975
5.329921352477109,6.233059369895475
4.684717547374581,6.9455278861932035
1.6212546677522606,6.9478511188750565
3.5041129653492473,5.4442551807961355
6.753423189505055,3.797556494366786
0.0667729580340567,0.9760645130417324
0.1822545436308709,6.382639233297614
6.8020535614666136,4.706782092463885
3.362148169726969,5.353462536580515
4.115916870171293,5.2233019149706665
6.437316054214865,0.9700162986502127
5.65636830904336,2.3890149641854697
2.6582331551751475,1.2244449754276596
2.879848421380041,4.578474853787237
4.272080465652397,0.15472273567123318
4.433926468170819,2.113549610081342
0.7111217486222691,1.2139422301497582
3.689520527705306,3.0369571761574874
2.0453835035563475,6.770614542165639
