3.5,3.5
2.852194821403912,3.2940008594370003
2.861963404219804,2.52336207673252
2.518465343238657,4.074128321856656
4.366602062038485,3.548434934993235
2.2246235050575662,4.450804337558557
3.8213609779200755,4.273240459389649
3.581833154337868,2.482395244681164
4.471856153576223,2.0799602282545684
3.0489585486913886,4.840266450842336
4.114735798830649,5.094373059095655
4.13642413058864,4.653750470027139
2.486662720960588,4.223271763212049
4.716669999106672,3.572181301746463
4.469525742997369,1.1023176977196407
2.8705094388698784,2.5165639435607567
3.9219618876061277,4.328033924138284
3.161376660034719,4.4727997305314675
3.4960430617873333,2.4851748271070067
3.4713687331676035,1.741442579878734
3.1966218298978992,3.443138447653303
3.743850408520099,3.0148678261066935
3.457969056295913,2.951645786309289
5.030170462134072,0.5750849407296267
4.5260979580456615,3.364645796242491
4.978935052166187,2.4658610764446043
5.073641134516872,1.0388194451158397
3.6033243317669807,4.626847663557689
2.108869984319738,2.4297714540365174
4.337515282028026,3.3632664588094405
3.6552098589812587,0.8543947417256026
1.518451757717905,4.735797052237905
3.077940020958474,3.3170421525264757
3.6791587319823535,1.2674493828774758
2.7826219618766155,5.492046366378789
5.504145039325462,1.5195888958204016
4.415323430384927,1.2211728039253873
2.8860982698766735,3.4912701741726786
4.918259958931849,0.3026534392776641
3.0191259287619125,2.4386888327134004
3.373609508334222,1.7341293028973879
5.133913629939247,0.9826218412181785
2.6596060874912806,2.9941744485871586
1.8711916316951362,4.044134202394763
1.577299724479061,2.017335274447552
3.6855768313716855,1.2603880988426037
4.530585211065251,4.19401811584679
4.809305342113672,1.551458626734458
5.4643732819876405,3.3762124364598396
3.89595421309901,5.242365585920734
3.181926894375398,0.9539532654698495
2.093093050809501,1.9853753036772184
4.8896828896375535,3.1934393209569363
3.043802615368114,3.19281917361317
5.0137055753873465,4.890867823427424
5.9954137302157875,3.1515909341744672
6.289674677712942,0.9546265813189615
4.196817501882358,0.04725748508836536
5.212446505085195,2.0914117092692446
2.755511992854494,2.4546497541298082
3.168889006410316,5.183633474884487
4.449484075307331,5.335343593958858
4.413582092664796,0.8610580804450902
4.328628442095903,1.1304143622590652
5.225583336787445,3.692671407689468
5.576569331049932,2.8996605158985096
5.80521070057688,5.140336784307314
5.924025020050511,0.7782656208780626
5.677956112338231,1.2471170617318168
1.9267254219144125,2.484850448556025
3.8000045756101337,3.3871215979634655
4.1439724785151135,6.103970616474654
4.931382771613001,4.176610354091645
2.146898703978137,5.958037046125769
3.298427450035895,3.8072572448452764
0.6822028752684393,5.259364303699105
1.6282272903570583,5.521396165683405
5.498440776215018,5.8170831495660185
3.2270814117419078,5.2655483843561885
6.710934998198717,5.332354190814376
1.6835048545170401,3.3215543666874785
2.913638950597748,4.729971224653763
6.369578492031073,1.4288777648060307
5.916739457985978,1.034301803441036
3.206532443097882,0.21585176685711494
6.8956127345611415,2.1549068658625603
1.3522531104042925,3.604839732110638
1.2210144514174655,1.9749456319417567
0.6660658342590731,1.516658759283321
0.5271711348306389,3.5265531779582475
2.0968018272966615,6.396616839001172
1.4107035105016525,4.965890174482409
1.8279382572130891,5.459418754270038
2.5611537211898767,4.441820801530799
0.8498773845180718,4.7300078865312525
5.725492051596434,2.443135488210161
6.38117468725857,6.0650400898359385
6.641697692675598,1.1833599041004548
5.819325842497386,2.967222429870575
1.4219795422856178,4.299198137841186
6.762149187004548,2.7991838700136524
0.4626121474518088,2.7816659631337703
3.5741692558634375,5.22074901634208
5.460507901815316,4.689895849545408
1.1684291302467908,2.7743421867034788
2.647453339688523,3.4479041950170495
1.3439569612582125,2.6981133144706404
6.16419823284603,3.7978821895555663
2.78740068758267,5.052474891401614
5.213064757533199,0.6973389983974334
5.319674360805703,2.8775032685482342
1.7493290123932739,6.958597253524473
2.3890350507115565,4.406479495854172
0.8587868356060789,5.29441012883371
1.4021256784587557,1.296793335691716
1.643756393190726,5.470443398601748
0.9421812316140574,6.119956846335828
2.7530594115539095,3.3232951480463235
6.3344850944419315,3.454828739771248
0.1842448355554417,5.47492002856332
4.146689631091232,3.4158587600019783
6.062918501953115,5.286169498092063
1.6492282832655643,6.334245526813067
3.7761732412301434,3.6771368335418497
0.20291441061354432,5.554536685674543
3.023271811028414,5.699198897591201
3.530653640988226,5.651797119190967
6.230147689623541,6.9260044355867665
4.6180726523892375,3.8177694371169704
2.8649380113136482,2.2371891195150138
6.669244469261681,0.5757830214177457
3.2304651179406276,6.45166591603513
3.606367756593663,6.683333134749491
1.7913915872512383,2.562083126634618
4.479174902878947,3.4462841690946484
4.6130111089106105,5.438192394373579
1.7852641598883112,1.7416551862007918
2.4817679029923503,2.4837976384361693
0.9954909652050912,5.164773549956999
4.760488656957322,2.783972350448758
2.812156158820283,5.599039363898489
3.5814728719631903,1.016479481917837
5.594400419348364,0.7974863349000076
4.164868143414422,5.616013484686312
4.108384102751686,0.2213763158934715
5.63694820617049,3.3821685898461658
2.3164870392164314,4.670600551179621
3.2562463941285804,4.775955840567263
6.351657561863853,3.477631881280095
1.6497471379545372,5.239697030506162
4.426182337025896,2.4228264787300935
5.073845496304759,6.5205694570301596
3.008441292571246,4.73799181574526
2.509567659475386,4.503607504885482
3.8590599171664346,3.7989224593605617
5.344849961401529,4.395556279431698
5.241468452756095,2.9274649043981023
2.9336149938834737,5.4216947319855775
5.27656695496978,2.356585442402802
0.9887778186293119,3.180407771053737
6.637603435077836,5.051031312463739
3.3324473135355563,1.7979052928454715
2.8405672740613466,1.8228677535967877
0.8997977106696485,2.934264964509933
6.979996290981497,3.415455922272387
0.5597603260633347,3.2647173766365745
3.660074282706841,6.5881149579225164
5.6164702785384755,4.677349657853905
4.24798722605033,1.3378825098338691
5.772605349132938,4.8601255198776245
1.8485916313208826,4.324292787083864
5.167799025224445,1.9333431396040308
5.956170698856828,0.14274041142962424
0.44539174756187905,3.389442274975073
2.6378375120478195,1.190124902729596
4.640098702389288,3.375381373871651
4.2902455041779906,3.7847864850599544
3.113114918414443,2.4903476982790997
4.541971154567012,2.8763530442225345
2.1915737821680814,1.246591090953836
6.4186451639290585,6.885650543386582
4.777950222508071,1.1655390139215585
1.0393608018856169,0.40462709335403935
6.130061469867812,2.022738124748066
5.6484784936843795,4.70942125288809
2.3128139011618174,0.694123787601349
5.039012065454132,5.6206483270182765
0.599544475005034,6.551246572314983
0.49464823586696516,4.314240845764116
2.966084077021528,0.5613951476262677
0.4773223349129583,2.740378502471667
0.25728414038067005,6.652094307138542
1.8181768761449963,5.283396212256495
3.1354254452630155,2.4178403170252927
0.008409572405529642,3.541563232288344
3.691180194200977,3.562339551709884
0.12366120015460991,0.9969393010190867
1.6409688218755103,2.6572925766072153
6.792687391505937,5.1343264056628986
1.245409809999762,5.070362649130221
2.5729053463294704,5.553562332493911
3.9570019305615807,6.807875233308144
2.63030113495727,4.654605202850515
2.2194110778872096,4.849894745336484
5.608245027464511,1.0648279149974402
0.6472415485646422,1.6543258409967918
5.5732574056640445,4.01227558861615
6.538451703557452,3.663933770621023
2.4252069723034535,4.977352705217283
5.59020199111224,1.6802928369077428
5.366822592620342,0.6455869008270736
0.798454185521867,0.07278273303036553
6.2705767792554,6.801635037542471
2.230987923526903,6.598829262857691
2.0886492030196218,6.017346564349179
3.579741213710422,2.4068794224021746
4.62351116363854,5.189753974146144
4.746713145499611,4.8268425686170655
3.8504692220200467,4.8798851924598035
5.501894153454299,2.1513609626248864
2.137929969875723,0.3084736102077471
2.2681009424387533,5.59812701554276
5.813551561399902,1.8621025300791496
5.827248661732454,1.6688895308266365
5.558400945826275,5.574497479349602
5.817098290394036,1.20269300136812
6.644815346460509,6.592298890999974
6.219949821940616,0.7528670737768142
3.1049929088302592,1.618964335410857
3.6631332005817523,0.7960360481586767
1.4721994664675258,0.047122670484053275
3.7910019825654553,5.354578355911867
1.944679101408583,0.5407717765577903
3.9343357094127427,4.0637988858150536
2.8190034064262592,0.853374120423121
6.191381257441217,0.9246966043994437
4.205601281672612,5.887150998000831
1.3811607604119698,5.929196398743191
0.7104883664231411,0.7501942686163594
2.904452089491862,2.7695855844229
5.185190311713015,2.3576011370325345
1.8344980803306525,3.6753051529919833
6.726702915580946,3.7893049569702897
0.9834821833053193,3.967077611351322
2.8325850456335058,4.559756380825052
4.5178988533865905,2.452333482671473
3.0693101011226958,0.6730621334932902
1.7783837340910256,6.9379002288365035
0.6431763434980703,6.82250303558728
0.17021606067021033,4.002362091195668
4.312287990337423,5.059309941897526
2.740244676369122,6.7005105641334906
3.1008038588088165,2.309763654616016
6.618650494947338,0.3503244195777677
3.2231871722139,6.389980854003437
3.9901239007334333,3.1771735742479477
0.19060814014987537,1.2693230556363408
3.5963504446386314,2.9670473760110996
0.35518933887890625,4.243923809829277
0.13759294161896263,4.3045869454463315
2.9596818290322258,6.307790972381604
4.937014358775492,6.905131799054169
5.315590805657771,4.0260480477394855
6.493373781041018,0.7555310328470835
2.8317529502929686,6.5156998746551515
0.04248881483552791,3.1332627389332517
1.255826823529968,3.821254558399368
1.944637529558975,3.419346912840799
5.062145810859279,0.7521211069615041
6.207140185869658,4.733628496003922
6.304246295298664,1.0113552183168102
1.0663486064739214,0.12717800300804905
3.902500823386368,5.665529241584374
6.496596475492024,3.1776559922322756
6.432822104553404,5.595660076410066
1.4591910655747307,6.648190980805891
6.452483751891272,0.650257233811536
3.0461042785206587,1.0810668947980404
1.5772182572352231,1.4641955493959968
3.414225914572297,1.7281892095419251
5.44018803912931,5.022653553238554
4.071013874532904,2.1833296792060226
3.928298136573745,6.576909310414205
3.89876039180626,2.7230989340971847
6.032842849969096,3.7075775336385597
6.336610835430824,0.6168271572871077
4.280942207012196,3.1781653087907458
1.8143435299813915,5.442395442250183
2.9060819403853704,2.720267994556744
2.2731033768257776,3.012578076386689
4.73218593472208,0.08681830249527989
6.219427814335905,5.9063021948649705
5.392133735655699,6.5923731420298575
0.03722160356776316,0.9572653957423758
5.491133996110757,6.74315501321631
6.875008270154698,5.010274014448866
3.285669797763802,1.6838612437320868
5.066326968101267,1.601531022184166
3.330599188391517,2.010624007814612
6.97794098186304,2.5508052660983145
4.471074942699647,6.365047116922868
0.5541727605954884,0.6582650249940567
6.022309980083809,6.679431007381533
2.300199978738782,2.0279533286471865
2.5479888087025726,3.073746121501266
2.38802187538618,0.9091988006310288
2.583940789806364,1.7135099571662278
0.3679734918850448,5.566686067254436
6.303721867506584,6.633980667469746
4.8092931891071835,5.121002393625613
1.1881098398915904,0.23162950954818817
4.227585907903924,0.7006813833523525
6.840093515049436,4.698690941359129
3.476848831661429,5.66877450441722
4.496910533363851,4.160186790993276
2.685511008911945,5.55301071073907
3.705524409741365,5.879837976240645
1.9700078291948278,0.976160507166321
1.6171337387448945,6.5331876727510405
1.83503836269107,0.3625896037668008
0.3476963218102963,5.0814262165717
3.5699599034738707,0.2622906493690931
1.0037541397808916,4.627978699865632
5.282703546576314,2.806429704441091
4.909932845461639,2.1120794660984217
6.344707688468301,1.3503142346566661
5.989527815217709,0.7745527091574181
4.117404081199989,2.5693333093911184
0.1867317783167618,5.282750823842425
3.0083053014213146,5.154973286046274
0.690843841163287,6.805885677574608
5.904863965170152,2.4685769933710495
6.135844447417327,5.5376672224316845
4.322858542607001,4.773151899612348
1.0923593580548272,6.284292524365746
3.8443434727249466,6.852917510312725
4.747861949737507,0.2082549176221441
3.151599218789406,4.390068613526822
4.1183635718043465,0.3057743472736534
1.3627252410203097,6.7600498132248115
6.058197909755456,5.051325013875291
4.098431452293559,6.323305158238643
6.374253407558018,0.2510761590424776
5.4505119084709595,3.8913715358659546
6.659487755555958,6.322752566983142
2.0799108826459745,6.209019528933932
6.3221276458854145,3.9753534619837443
6.249451527910221,5.454996138629536
0.8191044655748689,4.647075148141265
3.0783324387667776,2.0846490870542302
0.01981311369587191,4.891036381541058
1.156053143995585,2.944177853223229
4.224028446754373,6.301915519700401
3.8387654955080186,2.283309125093234
6.25873959886528,2.995816133144838
2.57035847730414,4.624693007400566
3.3633801791476685,6.016846475531342
2.83275533038287,3.3153413385972095
1.8334471848154656,0.20292704289021302
6.437001372955689,0.5025791866345397
1.7757459407477545,6.805881426375004
4.857418302554789,6.104106462241635
6.034006683923264,1.2625596533025663
3.246683105994777,1.5029599747419438
1.780477319906442,6.030151128653842
0.17202091180809598,5.353265556085795
5.40483661931308,2.977084888872987
5.36160138862589,4.214067392530477
4.898549514079333,3.478350418435589
6.3634510270776605,1.0684489716458103
4.188864532840836,0.9338706200114575
1.6973526623755357,6.706360244284259
6.038456260350529,1.4870331465678577
3.4411546736454026,5.167877953746482
1.5338974984559135,0.9951958571327386
0.20658172449427004,2.0741805301760725
2.1418097244253915,5.417617196623295
5.639648693526992,0.6137041935524981
3.567897554721408,5.397163306673347
3.7473086915590015,3.9488099606920364
2.694129076657541,1.2824755253163767
6.550071654264904,4.584527418192098
5.819368506031547,2.8942451658996786
5.311957289113525,3.095397263438011
6.529042295929202,2.4697575498583637
3.3277552768333396,4.432092916340241
2.0586215636030314,2.223474847656772
6.658489303644747,4.057428728502945
3.0744212295072133,1.4167886419333708
5.244895300637846,1.9102588472743252
3.8981382548412116,4.317242795670392
2.8402914277685976,4.902106177528318
4.274858854986193,5.357957179925612
6.67893346370367,2.4844070107410254
5.716251658477956,3.466312644723384
6.40517767378249,2.375176650463681
4.304122120618019,5.759915583689333
4.463118151500067,5.046370379546647
6.509735573979336,1.6570323305948074
6.755783660761819,2.920195543592568
0.3562562776439542,4.435537624871379
0.7701224450559064,1.2108839287391717
1.653342128701444,3.091027443262095
1.5731027186571729,1.5275847647968046
0.8062034655027183,1.6280821432175134
2.049960773994245,2.667252099243982
4.671884804310882,2.398955395273921
3.884196959908502,5.7694501843817
4.544704480077719,3.725295269695074
4.0417164826042695,3.036540401405703
4.639234447287006,0.44760172246979457
4.207552681466355,4.778941773027339
6.7138990254906465,1.6691229049178655
4.861366267151571,2.271427154878243
3.9725786435930415,1.9907161457846712
0.3907078903421112,3.6049416826254213
2.0364638434360662,2.982441822920997
1.8878004460302704,6.065672278376797
3.7865348246989226,4.314323907884649
1.8921069458053492,5.999934452281379
0.378013046868371,3.6203816213320335
2.2516564620302604,2.620784865916258
5.43976252651235,0.11971058607288976
4.250585071449506,6.216782748059552
6.190454412559651,4.412402889416502
0.45923873077389377,3.8200946741592716
6.3508637669820835,5.739514848701349
1.678554832311403,5.4365172716067045
4.362092599904519,3.928571637450225
1.1559122400072606,2.4601806169856832
3.8720592001370258,4.068459125496281
4.987819496382787,1.2989599423061304
1.0273309600397131,0.7807167699931828
6.967026636542409,2.878551391908243
6.0798328266436386,3.7059977974781875
3.0144432029812465,2.1985997696856745
5.112607697485239,1.2372778861502596
3.361981746521063,2.329168879989774
3.287841874928416,6.714300498226567
4.370518147497958,6.3565469206403815
0.9484953205787184,6.505568804651593
1.058235759034672,6.050806601789904
2.753313948295247,0.028364957084752063
1.3816556215450742,2.687507441116201
1.5306316140131047,0.8351842084403643
0.2215480246806395,5.474359731669536
1.1110042129084512,1.3671534338281797
1.449424029549038,2.117484766248569
4.740109583578875,1.4617051598717208
2.9113570575758376,1.8102457871446314
6.939716136135438,3.7416516925695635
6.505398436165484,1.045515330589483
4.595391002091884,4.202172806745732
1.9271327548697683,0.2777765780993273
3.448347697407712,5.680557720104501
2.8747331008604187,4.2278851299367695
1.6503093375958557,1.5649122914861273
4.6558723779768725,3.3850958677611533
5.25727368621726,5.476904619388677
4.739458103427362,3.3411418826265518
5.615106744641188,3.4114482506386956
6.286783342765782,5.9883067768676295
2.0817408695936876,6.37454036545866
2.872642568796892,6.759429134223996
6.205392561201682,1.2040167923821783
4.5298311896532555,3.337505713797164
0.3175339361937918,2.439061108128173
3.6503963439335685,4.22314000040363
3.2530122529720287,2.528701690143826
2.0640140381568632,3.621053441990012
0.36212074936361616,4.054875935429938
4.150364752565437,1.5794061929835241
4.5296271285170615,3.6919943348803623
6.823383359041232,6.947050786687113
4.536749440677232,2.8563115107130264
1.3520052855103422,4.876414429163544
3.132250156293118,2.32316666981162
0.2860445853316581,1.6923679800275604
4.037589551356589,1.2875571315200598
2.0030486822059763,4.336659992146761
5.693845308528912,5.683284187546217
0.05954818084036373,4.684380655649933
0.6232018667678197,4.169474234220896
1.2983181991713628,3.887761471862624
3.80906112715245,2.017950943534088
5.269736168699081,2.529096527594351
1.4953524937518838,1.4769568384227778
2.387384387550466,1.7596573006788172
6.610876452968327,2.6445798487405447
0.6872803711402163,5.156033369441794
1.3429748736590075,0.23280956621412918
0.1313417638190083,0.5921214364426987
3.696987196679342,5.642981135766594
2.4749615722638483,1.2594467922653858
0.5153825977967316,6.21839726757566
6.778867781458992,2.1027801508422126
5.002980805295065,1.605719452510622
6.6463713055201055,0.8289991735414586
3.9101273532093077,0.8261263916352382
4.270953808341884,5.352009973644753
5.179902517166419,3.0954013232986117
0.4834372907246941,4.109046131430518
1.443578661445995,3.278284054826822
2.6167576535819297,5.658040860561339
3.5129459607520523,5.804704286339273
4.637148955168236,0.19206909347878398
0.5421035529222524,6.783856965288078
6.510182254831388,5.201568373118009
5.866791682264996,1.2003957009535018
0.1347188394354878,1.9180730944113846
6.598572717075641,3.6208637825760324
3.817480904380935,5.3190293231262595
5.439213695175981,3.502229749531728
3.1418262031438644,1.1233287107811378
0.2619406548689197,6.712259315874383
0.33041342529857276,5.759871551380559
6.678172254314394,2.1543041399034415
1.232966122974827,2.5083860477539415
2.6372869202858507,0.9220770054688247
0.387987832479499,2.4763699197506783
0.7378728196272271,4.111430585973382
6.171025529989191,5.348657138718405
1.4802715617208038,0.6464769104636192
2.194172204702745,6.0823448254555075
3.898897812434478,5.8160877169039935
3.654296492165979,0.6358416589058413
0.1970791748896843,3.6202708489703683
5.951524396720394,4.0559351641341514
6.0344752698831705,5.287865939181461
0.32324113034359103,5.76705676808072
5.172659673005546,6.6138806411835445
3.8949550624203733,5.2190493530391855
2.2623508366059406,6.546128808896283
6.501887361653167,3.945376523693952
5.316450306960526,5.902782250660664
5.451208502318384,1.2715286030878854
5.945687355939794,0.2692778827165766
2.5353401679454866,4.694443593688568
1.185153809156753,3.246398541907816
3.8409062020708493,6.020831674286972
4.4794604934676725,4.538895512835074
5.243567987956237,2.9104582733311917
4.992075043606864,3.8452280867089375
1.8393372925558145,1.3783032644905249
6.570713373151709,3.903285573627654
5.7519090266762,2.3114451129671503
4.968963143947831,6.696820561743977
2.639855455188303,1.9046961141624679
3.0206027510784588,5.5279579626035265
4.241588814346795,1.1889442465560078
6.1399508604448085,6.1373279975748884
3.83915399101472,3.2092043195427924
0.7475661688530687,6.255475331836595
0.8860007726572023,2.31444722197313
4.493215824068364,2.975648955842532
2.4048287322019086,4.911832426367434
2.4820761836810994,6.189184661507651
0.734771521771932,0.7963374741892557
0.5896760657704343,6.163385926512526
1.500420435602206,4.727349855622162
0.2822209641975003,2.1176302300102305
0.6294304836692031,3.8300664568274896
1.0743492591085784,0.44717438119577957
1.1810696928182427,1.3640165401373543
1.7108736318312459,0.3646000986316099
6.898919652071922,0.9550752203225705
3.6755028348614016,5.8093008541034425
6.865239804576965,5.152798466828846
0.07386550853735063,0.9862512506353925
1.6036800853763258,5.849296894594291
6.783377026203195,4.834904469236459
4.921364822002195,1.9369102348479605
4.133322397743782,4.487105116004017
4.514567703581284,5.3537828712319655
6.033392995103761,1.4555197280751946
2.165104220623898,2.294978231479445
4.75722303570275,3.460653335847134
5.9671685022535,2.0809655787594274
1.1492350855651075,0.8187529806478383
3.0416552695990022,5.706873359413222
2.6428721528853725,1.900301810705923
3.3262867409301498,1.867437644092286
1.5418803805232897,5.4374886127427215
3.33925735114389,0.08326623833963787
6.873211808749731,6.246421182311331
0.4338504980709903,5.996784363372709
3.379539540639775,3.4583444278592608
6.998222463566135,1.4965909408057665
6.415348854528257,2.6800918909913167
4.814091920953542,0.5316670508522578
5.129359429349137,4.248962768195301
1.9924364528880498,2.1457468348479156
3.166760060920007,4.208065590181166
6.48013794376023,5.223065865441623
3.3957333021363976,0.8268141938846529
5.511460601890065,5.470827909383184
6.500555251463092,4.703875087972636
6.208868779039629,3.599068392869083
3.127956914476544,1.8550193572004838
1.949234080053751,0.12972492863865703
1.2442777744982787,6.177059979528912
4.098539846737868,3.0532391851678815
0.3799528699579895,6.3671568145001345
1.7086583679995844,5.910882219994832
2.7290897689198808,5.445316598895512
0.01244894014993947,4.138408091771415
1.6867500989043134,4.474665177251672
2.921294441155242,6.94492166385998
2.5712932728119764,4.442038562850043
3.9166282299879,5.997897108667241
5.900992237371369,3.2344979207039524
6.411730270786383,0.5794821864454808
1.7971260047381432,1.2405467773892207
2.919675188007094,2.3718183421975163
3.595794088467984,2.7150159528131
5.074490806429283,1.6266139885372142
3.3022899005833146,5.374129297074537
1.20609798523974,3.747358487984158
5.995555426520538,0.16536213522087206
4.175840542752238,2.3208614272826136
3.232791965277565,2.181197380199083
6.454525963125179,3.6624663220625506
1.7518438651267436,1.1546853183467367
2.3460320864807533,3.6405494024309304
1.2620032186328105,5.244428056970997
6.675840610852497,4.690782695211953
0.2036080076635407,6.846233304426153
3.1114831543962937,4.282488857062305
3.708245329136564,0.813320917111384
2.692127037099904,6.048946762653542
6.803701244350389,6.3380118643864485
0.9415180138320844,6.568468396074147
1.0848348906244882,5.33688335509763
3.5630443058978463,5.189236361303883
2.7596664640776583,5.015543905777959
2.202264122674639,4.283711369104755
0.7721046642540387,6.401579458760962
6.565008165845708,0.7721415029810655
6.765975633068397,6.6041696517865915
2.301906132659636,4.226075208980512
6.767814523447817,6.156872707948971
3.0734094059559594,3.1833723825360765
6.786028884096888,4.433634632122958
4.644053934050588,4.730042478919646
4.65034523991438,0.9614608723750193
4.221996456717427,1.8942650968279942
2.787139997720257,3.473994740753873
2.2960643810450776,3.848692846714341
3.780475690053342,1.8736339410490657
4.830721062794953,3.77586031768307
5.465607246634775,0.7217029135679465
3.18382515824581,3.723973076413459
3.00319771393944,1.096807807719878
0.4950647541397838,2.4217809882139254
0.41834637662569885,5.213483233499123
1.9190835253900396,0.7446483300096054
1.0474180143951803,4.709441799760296
1.6213379996869497,0.28846603077151156
1.4780661860945559,0.08306532598119487
1.5433093660081703,5.234446518835434
0.6146623232374829,2.2031865534958293
6.744689745516063,4.85490938134593
0.4993621786577711,2.833184210802142
4.686356135587685,4.030917327541885
0.8370637106890011,2.0417674717137513
3.154068976130636,4.639317955117901
4.979736262006173,3.926716837170734
2.550468574331671,5.471226045357336
5.621445313916671,4.13743346052341
3.9107404394390355,6.144772787831758
0.6676442150164241,4.555786110663107
0.1710929626520502,1.8686352760468417
6.016509948489544,1.9522954279210778
0.19086056103494664,5.173604864533521
6.905780836558672,0.9352821682862661
6.302733913874352,2.0300071661769623
2.716296275950637,4.677971288398675
3.182447726560599,5.452086176516667
1.0898511706533909,2.947243429913905
5.601624373811752,0.9873435505791507
1.7510846126647315,6.488698250739393
2.978094941825798,2.0386320183286153
1.9157003073763197,0.5141443529333629
2.751317052129758,4.282244194038047
3.559654429456069,2.2197354914919982
6.831374698106231,5.3930943426190385
6.024838562764656,4.781897688325884
4.465521551968704,4.568205435934047
0.9945375794611091,3.4668916859910177
6.820716459451156,3.8953438742560076
4.859991119812623,1.7244986442959571
5.367524308922234,4.272339785695465
2.8998900324599326,2.117317237379648
1.6804096976463418,6.882829953395472
0.5957448242680405,4.8326351282516615
2.0315146188478734,2.277299325282722
6.742013369904546,0.08425411613760869
5.093683109739656,5.441992948114424
6.342943415961071,5.415932177062665
2.767550341117137,6.962745101075545
2.2275349961355135,4.178580990185179
0.3118213740905532,5.3320964036727565
1.7994004975729125,1.3940657112811903
4.248033042861344,4.644138613554722
3.0536929560563615,4.19817195116831
3.338036394686948,4.575775454808271
1.4741694425293654,2.4171029790937455
1.5350870974778292,4.395280923362306
5.986574547396552,1.992046778897306
1.7379817528569923,4.296506318214623
3.932842603372983,1.399576841007026
3.400247971853665,2.449381531450307
1.7641899842923936,5.984220852452869
6.934312702403434,1.7614901634704714
1.136053681698559,6.236307506722796
5.214460792384246,4.401133228620685
6.759927739552951,6.045727527785062
0.21699003070367173,0.15239100424513208
1.8713163485253228,5.654765630479176
2.3642798351681327,6.992818056750692
5.904392636390759,6.551174735899608
5.226313850306734,0.05960546351426277
3.156732986668839,5.20870062912155
4.852604396655061,4.483871861522112
3.566870774605208,1.6890394901250079
6.257429684036701,3.6256954739976064
4.451723298135992,5.141159543894541
1.900168956352458,6.693204336284616
4.566103322076387,1.167520860711419
5.271315199403806,4.51442960226554
1.1096000720150465,4.805255282752046
4.479444208710952,1.7140474380243114
2.5731119895277033,6.769101923023984
3.610630404586361,2.143320285437453
1.8958359029305045,5.0590804274003025
2.559087343540521,5.6381033972720696
0.1803117800458084,5.075537833540568
1.6870145333687687,3.9376315941700786
4.472595788055335,3.319229630909661
6.219760932690627,2.9855152363693787
6.2123607932873135,0.8884047237537139
5.455998123387096,1.1281725584391535
2.9633097044074637,4.498618529261607
3.5706249021539955,5.583222963080188
1.164053276415288,2.886082696120535
2.3565972343415886,1.718094287643734
2.479804879005364,5.171722285993337
5.303100350122864,5.6467852681920325
5.178818654592406,1.9202154229471802
1.0717891237905648,6.092287452633739
2.54006268322438,4.101502649114741
2.213316954067134,0.6926306093986657
4.8835021999952,1.4008467494100878
3.5023702651005477,1.4723774558040668
2.9861991146224645,5.230079815678073
3.170393690736042,0.5984938130869922
3.8948718581553767,3.272573104342683
4.309805698488285,1.6645608585105443
5.992791683086721,2.8841086114888634
1.6601694586661986,5.3071068777041255
0.3267601154720098,2.8456007596189297
3.1132589566941977,4.329234305920034
1.7460902395399904,0.09067531212621716
5.9932138731701246,2.7031228760665877
0.2530610898276813,6.618796432926089
0.5722609659103659,0.9125568682872301
2.500295880336535,2.6563179692656957
5.373702208831427,0.7920164026886994
0.43754829883937274,4.325391573853566
2.0514044547106898,0.41257362945091103
0.9194926206031624,5.091954306255072
5.89425696487907,6.2042800391198405
4.50696407747386,2.3988885331111334
3.05348488960428,1.8041277760419594
0.8121813747961681,0.07851994683623253
1.355555616915626,4.0453770838464145
5.781295246216389,6.093805953194056
1.0561087127354911,2.0771297638470525
1.0800290303029287,2.1474556903183757
5.760993568117923,4.991656245148855
0.6051322054016409,6.863491368611389
0.3948077417829763,4.990531558517454
2.742502512591204,4.876162430569476
3.403309197474381,6.022006187034139
1.872521511068416,6.074198745468449
0.0391717318541811,4.47575330398275
2.9294130115605577,1.29774200369176
0.15965168322913836,2.8908023713733346
0.9759073186229773,1.7525114529516852
6.151028673097546,2.1813459666163926
1.7723685968402993,6.950638637528066
4.438225602428476,3.913717420770831
3.7334324621228365,4.874201073386352
2.917315986286429,4.682506445377088
4.335185138778016,6.4662835801242355
0.7285373833397529,0.9440171011380851
2.375565710093185,3.3399858733159444
4.868473041430127,1.617399804624954
4.2622730994208755,4.330492502497231
0.7328351271904863,4.042860527550374
4.587234428857594,5.512795651247045
2.9633775932725954,5.033583442572287
5.778908525448949,1.4814137139137098
0.8294528122645652,6.511787265022753
3.6955796600414175,0.4547391194795838
2.4383370549816936,4.839682342541193
0.8578802840935649,0.6000454367081349
4.050419113401261,5.314475564594381
3.4781477674807944,2.4458071995992623
2.462802423408989,5.561068073834507
3.5192667426241586,4.318514189210426
5.736251410240248,5.398319531881243
0.9474121965435238,3.7231711140417265
3.1749241692417094,5.533416421201359
3.893952577029803,5.905582488928842
4.877530510041997,0.4695185017595719
6.478130469918881,1.6543992113539883
6.297268459840868,5.192392873916743
1.0023582363831762,3.5947706106927764
1.58780604953619,6.320553032159439
0.27904910073865685,0.8140327844343395
2.520082046467005,6.743105995156444
1.0440271574699858,3.963652752568865
4.607430769303398,3.9522825352226287
4.2303712944769165,4.108219939742416
1.4933032723664303,6.218507581474205
1.465943313416699,3.4583918047031976
6.938058728488983,0.037637782718574875
3.211978914750502,1.7532276273778453
4.035069826023268,6.370429069612503
2.058002815605389,2.4501231709575215
4.789751737969214,3.3657144713329727
5.00340270501368,6.9520474136904085
5.238113885708032,3.0681397223794757
2.866306373230437,2.203107206387526
4.92001696126031,6.5559237874188065
0.7402345526737124,3.0786708852246196
2.7343324582740536,5.700691554006486
6.348206741938053,3.334209873105139
1.80670130773906,5.932481312903664
4.398759795753955,4.561661144100025
2.228984087311906,4.523345042762368
3.8124834738971116,4.600418093941881
3.5720951501695097,6.377284739183604
2.161372192788553,2.3732253848085705
4.301460230845199,3.9416450457724372
5.043476832627607,1.463917118999578
2.9734936780120234,0.5007704720453268
2.627266879009746,4.571236483951012
2.591499603320986,6.180751079940668
6.7931684105923535,2.620101553802409
3.7966192500108153,6.22204568339364
3.6815687232384935,3.580216225521792
3.752303450642183,4.158882783134699
0.8305817651999203,6.988043647569814
5.164470625826015,6.016463517864432
4.860633784290058,5.72765412073985
5.636705775941423,5.644131778461511
3.871955298132722,1.3865445514453505
1.8667774187175257,6.51268664463855
5.4575594731985095,2.8962889984229934
6.18810491127579,0.39595339658877415
6.978980696806903,5.113473409269722
3.2144723102714714,6.7046133902579035
4.802034621438768,2.620088909144555
0.07316140297451834,6.287277256322836
5.02262345105008,5.296395379104474
2.415034178960886,6.113242731767831
5.6492610200062785,1.9308312946337796
2.368837534949796,3.003053665714412
1.1142902459378725,5.44727779191727
0.6791774886089015,4.445646000096731
1.970740639417142,6.538027135634411
0.6815497967722607,0.7896029649146522
6.228693150551447,1.3193927940682055
3.805570673287551,5.557635690357268
2.811647975274671,4.885427633167019
1.2369061473643792,1.7866616776021715
5.991361277565853,3.6397688211997927
6.624161654767918,4.204068021590092
1.8236309639163872,5.891283386498261
3.2642920196255885,6.853848549336098
1.8950511855666092,5.09537780987516
2.2541360188951414,3.3113040768473447
1.0177015747192772,3.322842588900442
0.9646053009122622,3.330368786919075
6.096974685770636,4.852980200312489
6.314880298081004,4.123938468867302
1.6120624799471153,6.629283140476678
2.4249037839849708,5.02293928092566
2.3692446905876534,0.6364573256966564
6.8006149645547875,0.10062347764611945
1.2954720538179147,0.5988211260156521
3.5445224039226835,3.544373207586912
2.385563252034964,2.401988925109409
5.77740228605363,3.670529450733543
5.164387914834642,2.8175274236427743
1.9252455304296077,2.8800486682528885
2.118318388463365,6.3088879079295355
5.38586283732423,6.600465555820898
0.16015371334209527,5.8994405814882445
0.8858146419505339,1.37753034698312
4.652860459925352,0.6973063960491234
6.609924949103831,5.441947716169991
3.260901640901876,0.24037788778207436
0.4525397640109158,3.2970542227749604
1.2256855662810364,0.7851015261399622
4.416810422044177,6.224837963805062
3.219306212714088,0.33422374531048216
6.551444158714928,1.9571130135165018
4.965376018208643,0.10394541437897542
3.9849903449661888,2.559923836999156
1.1041613466793674,4.978731504466231
5.1023836960037405,2.397316136806736
4.045514268122867,0.5045823585883489
5.708603676983356,1.935966903749108
0.2998285418842537,2.3521732055385547
4.565527631332547,5.464572467061069
2.4861375449281953,5.25690843375271
2.9081869079452454,6.789988021336576
6.55492269726768,4.2508674251726655
2.6577147881768215,2.7867684781581383
2.501953962292861,0.2296874039647282
2.082413489830332,6.666984606887532
1.4939572724425552,5.118286414455594
3.8102744477633728,6.687222474481921
1.3483082844396672,1.3753281893602132
5.1659736586072444,6.383634656577776
6.222553198677677,2.207455441829172
2.080221895712669,5.273214460213938
4.151961638486991,5.666167806856603
4.362885895136667,5.032718515920898
2.5818866766615014,3.7545063912965864
1.5015972595903908,0.6256548288501075
4.570790186190781,0.4503147505415568
1.9173116352492854,3.9532282910329726
5.132151914815914,1.1440258530720293
3.896903533677049,2.5899395727419448
1.9780083753702156,6.797126714727513
3.9992490921899035,3.4077892483329952
5.449166409870095,1.6818482435607818
1.9981499279733326,3.2268004528980536
3.848403075537138,0.9618634084147144
3.1987228091997015,3.858390551143718
6.411917807004922,2.774348959341377
0.614071852503007,1.816341218578751
5.781964828495865,1.5437052695376425
2.1306311125511623,5.496005514008742
2.5830620873041497,2.4133710064349514
2.6611939867787267,4.962814024019341
4.406163539177829,6.31145344301108
4.686129924353896,3.047259270565025
6.621800978697228,1.8331589566961304
2.9975948030057604,6.4731078037393415
4.898721399583997,3.1439781378486673
4.518348195225531,0.16076325080191867
2.6160561372494104,5.766708724249187
6.903498826363848,6.953967703159636
6.9669757281398415,5.82360348218396
0.527971559415713,1.9668462166055884
2.0634745807808317,0.5698510293225718
1.8509067086819984,4.541031248875492
3.1251353832213495,5.38336244275581
5.903721392105075,0.021934929216542165
1.2832396965024093,4.0750399888131
3.524434393252827,0.7823085423659139
3.252267293050959,4.506160144989517
2.6041610005063154,5.072111012809425
1.7037127320528875,3.1102292584296176
2.9295742661404596,1.9479025356214703
4.883213476600213,3.933291797851066
6.593580993320354,6.19839647548728
3.85583222668485,3.5027522900481523
0.6439995181769752,0.03276977331733444
1.0296882872618984,2.7162920239596327
6.783546828965452,0.7717863927647317
4.3421755177032875,0.7567964955103562
5.5186538864637,3.63561799912234
6.679265768665732,6.193764303860314
5.6687620570258215,6.516475471990155
4.575771525966723,4.166402427002636
5.681941254728686,3.647081888412387
3.9863548664071082,1.2296705827617123
5.3905004515774655,5.451066616703444
2.6015170977397855,2.341896885062919
1.185651382426944,1.1803262251872275
6.258111388457079,2.304265181890544
4.738498988240528,2.149940475623784
4.979669304221426,1.6327049229609192
3.0560569777741335,5.4522258776467165
2.7062939195236124,6.601565355329803
1.0778410238253202,3.8371512224095365
1.6610131499588543,2.7027148743964013
0.08318122022138197,1.0175799695239425
0.8953669050983647,6.284734415933273
2.862488326343545,5.074357433854987
4.42680592841872,6.3577832171410975
2.8316515416229118,0.8974964643198942
4.706494308026503,1.730584670555778
1.6326087088873549,4.575845013032733
0.22546261335215734,6.797423963006399
6.4165574070290115,1.1840754081354163
1.7390256656776621,6.630408406643857
4.686867860443759,3.370430785283831
4.66778975958739,0.2877912648711115
1.520523014374666,5.287368500970815
3.8493596814112836,2.9070955584153757
6.0956925595759115,0.2284578906424637
2.2241300108005744,5.751058431214339
0.48117929265435355,3.82245382359954
4.617112122478444,5.572025326614541
4.442290434613087,1.7817975732779936
0.7018726137456943,3.4079324708474337
6.018086459913859,3.281813357861171
6.338708501318598,5.8932785641287575
0.9285910472711267,3.1966790605167588
2.1740130962213673,6.912941902699037
0.4647651876092962,4.439697676929412
6.986848834516237,6.043507414414197
3.164597465517928,0.06946996612869594
1.421908792546327,5.483638096139591
2.835184680016935,1.0146657062461162
1.9055828790141869,1.4040157183431465
6.219749866441608,4.555473192830475
3.8815004025770508,6.476149536640791
3.5826081032927872,0.1754594645676092
1.7710133206668006,3.7044595227534196
1.9447082710811014,1.4844126380183686
1.559523662111519,3.589156624229745
5.553109212966707,3.8580650817226956
4.092554292487782,5.109979728672232
0.5991755118384445,6.002699463647997
1.695330887678508,0.6982568178171973
6.279346548840962,5.654469287111432
4.414525171765376,4.450455598767518
5.294163635107494,3.686859316637017
4.396262213054326,2.191087600070318
3.5406200517728843,5.741408176401881
0.3963472636412617,5.082232560749121
3.580699197873139,6.223110474935572
3.9671003280473283,1.1969091205408238
4.452535387867217,4.9976607160960915
1.294238453587643,3.570114092938304
2.1531792109237995,1.9199892188650294
2.628358353529399,2.0173017097603796
0.7636271361710739,2.751172531709866
6.380055361215743,1.40155732214125
2.7255620471812505,1.046775561160225
4.701520733911574,5.508996572017732
4.527556905190206,5.351872904318764
1.7530291369178008,0.26524762356793685
6.138003242569377,5.509891075776388
2.8190354300701834,3.8139126541423076
6.155849128247268,0.979520656809509
0.5682902086239591,1.4635948216010797
2.3692525818226406,6.453214683286067
2.7706372213333053,5.640579595792594
1.7873450183936983,1.4880145322259337
5.227920473230557,6.93964846232387
0.16753299486994622,4.791197614966967
3.9019656948969956,2.927768360252804
6.431295161540649,3.67576278749162
5.389184017506027,5.596906311777649
0.8135316750584742,6.798686349751596
0.3547552062729802,2.65761324222937
0.012281157014064514,2.234111371845645
6.643465187553873,0.0255102307823295
5.798217439438481,1.6536814928506673
6.526781617453823,0.5454641117529728
4.269941817960299,3.4901857490297177
6.898410955831096,5.524065691632305
5.068339885725521,6.040283301094587
4.671721229019948,4.944615233532192
4.1031585224095055,5.486851429197918
1.7071595079530895,6.315451440936133
6.845704446132255,2.165709623875025
0.4110892912719124,6.645590981633094
4.14149634493937,4.5007146766064015
3.5668045226176037,0.8100023852435904
4.505908622886704,4.838591256156671
5.388191646997146,3.007369945005455
1.102946380955349,0.7962110559081328
1.646775434899101,3.6159759979434103
2.074181075197046,6.7008569983311626
2.179754923730254,0.8145618226314824
3.7127497953524906,4.262618476292124
3.0014979177828156,3.4420353415300857
1.6133296794666063,5.963614528828567
2.5809757508532787,3.550834558289859
0.8963420203715073,2.334844730141409
4.448580739639516,1.9774858312800203
1.9597297661935575,6.697099339226671
2.8156675376639106,4.1662915121640935
2.771180007049722,5.2741897970047535
1.7655294796711396,6.655512349193363
6.709496717505315,5.903813171188325
3.5926997145158377,4.081190322911793
4.0916200259202045,1.518374385319087
5.810502772059056,3.9481487573211203
4.485002122667172,6.748119998409112
2.5289610907073437,6.1766516259622515
2.791333377535363,0.8695976900577469
4.511349190440833,4.953988294224871
6.620882162686758,4.0733042920046
1.3353274015364645,6.866969972265514
1.4382006835737329,3.7795826037792373
1.905388118618026,2.117661395615298
2.194366616115836,5.432882338488518
6.581094628458187,3.2842822747602813
3.506080741272105,1.5472561194688117
1.2579859392013886,4.223736223125652
1.2355260059114173,5.609998073145725
6.857678191676235,5.440493490928553
1.5117160506350293,4.580110675076912
2.8019085416394978,5.059698929027778
5.903188000786815,3.916642733011229
2.763606706031148,0.1876618075138784
3.4176353260636785,5.54272813687548
1.397125972307942,6.3060074041192795
2.8917352332300634,3.944983234456268
0.876586482687355,2.464717814086745
2.287656444459804,3.1679134637515713
4.229396860462745,6.409979662405471
5.500050397944349,2.2010622857499067
3.139866994075158,1.5749616316270583
2.5693761455068196,4.903988510306086
5.096204176870225,4.432640725497266
1.9727796955015955,0.25223389351854664
3.5602618660323366,6.9760469866093295
3.6978306118264848,5.5938275501475205
2.169031799546902,3.8267063923387825
6.883533419803303,6.887341775579569
0.07788614985656839,2.577783065386927
5.904772971158055,4.957835951595623
0.22713169058125582,0.2680980566797282
2.3682304875853273,5.551568443475646
2.0861160710694175,5.284976327267405
5.43149558970901,4.52374013097394
3.666288885364646,0.6445586572166794
1.3579420548114127,6.709029295698671
5.497582055064121,6.8199737175912984
3.7975193938639094,0.9283011146858484
2.6062207703117846,2.7271807795058365
4.863174613473859,3.195669125179879
6.8139371959572115,1.717371334736749
6.28928321136345,0.21297774227194632
0.12823559208622004,4.387008937413717
4.960335297237332,0.38397604562940724
0.970438838787986,0.9068757212452179
0.9043665608849721,3.235750152858207
0.3459618887105417,1.044464629066612
5.545152059037867,0.946536822649487
0.37978056059203946,4.679363731999718
4.746243549878269,4.741019999105398
3.5481155671519984,4.614822396653432
0.8213300664141724,6.173269771871996
4.442564585564316,2.2496024454195744
6.240113911227536,2.093979235534639
4.808933646750079,3.527801838635119
4.117097314385793,3.2989556923092804
2.3409130618709146,3.02711590077183
4.713690722221618,6.302021775439174
0.1132112131511328,5.46072185680387
0.30948763698293913,2.627071982147973
5.1265507715206615,4.802499923174363
5.416929764628718,6.233187968390872
0.0608317356319914,0.18741425578277726
0.631224976479587,4.961498612873786
3.9892258068019393,3.7485373338660626
0.57312894824276,1.7521531113744886
0.7229115316800434,5.544196911236885
6.0713962544023685,3.980182785631751
1.5820805587059854,5.637346714141007
6.547868681083488,1.362908537110145
0.5700423257645579,4.656435910324691
1.6072480717297895,0.2900339073519983
2.8792096669037885,5.280474030066616
5.465863505934604,0.6275300371078357
3.6282943712581215,4.134204413449362
3.9784349400081984,5.857960091891366
1.6532784161963237,3.65802044677848
1.5175147392930977,5.402911065006948
5.100173092201706,1.7656402999581928
1.2565942511868369,6.774372767165018
1.525342740661611,5.326512179979553
4.2663202330278445,3.2672801862395904
3.485204845032176,5.938732734363606
6.1115017349015766,6.916421007931501
0.3099990969866676,4.9648918427629685
6.80377217151098,6.78962754317398
5.8047590496542485,2.64926348709748
4.443257779965337,2.5788408445624897
4.210605262532299,6.780666980267938
2.544711645016781,6.142840327195042
6.949689661650505,3.7801996856913678
0.09404781759436986,3.733244708737686
2.687158700180523,6.019747538485467
5.623652541850319,5.5734208322731895
4.31926470304901,6.013829465137608
6.382904178641329,1.3709018075463417
5.177978003489086,4.639731181482156
4.628898928010397,0.3899407069808959
0.7387525897816213,0.15618575022331138
6.848899484888023,5.008798478408488
0.9755439063147254,6.538398550444701
5.015435853556798,0.1662601720977317
4.386786051460419,3.2363621572221946
0.3743962750100913,3.3351630342052974
5.419601318100664,1.9819039855704623
6.13860510967241,1.787871708339241
5.6035388218991535,5.4716452123439145
5.09376446908292,1.8216373959404115
1.0434767376994354,0.08375921318341384
4.405414564896621,0.6208155903000069
5.848766739061945,1.1855581823306964
4.691090250289873,4.878563478782985
5.077415657480705,1.4128557812743554
1.588199465294129,2.8979000774844272
4.358793047821571,4.406342947222418
2.6721969090793296,4.869690851591195
5.5117692783395835,5.906824433138825
5.514141410065449,5.606653198975472
6.079026717646222,3.6944239270514263
3.007160560698701,2.8350046560250433
2.4927637306813812,5.1903495256676
4.1272704758341545,6.158064193872171
3.1744231134546776,2.9244175499778726
1.0841588162432365,6.118533195350539
3.6775653428596358,0.3794223671135556
0.582541400852331,6.643268207781579
4.7242143361101085,4.015482863124792
3.5670160737025,6.36967706355244
1.2753507252028415,1.039528624642431
5.507388318210442,6.411246916523497
6.5848833394118556,0.4336269997735469
4.668308902545895,1.0393375724177927
2.449323501352673,0.5976193576562647
0.11421272347813072,0.1963594819349398
0.9965206696973252,1.783344034657907
5.749158671582553,6.828577033860517
5.7175746243651275,6.138180969917316
4.102977955215685,5.748494398428484
5.025552966402563,5.090668426145412
3.8973888355838864,1.3949698195767035
6.787318301373644,2.185093218051903
1.7272037979222516,1.8228633268567984
4.163726707017448,4.738205991512108
5.724080228763622,2.979481348707289
2.0119174800147896,1.8930723241293088
1.4901862610417638,5.941338334867136
0.9829856454650838,0.41942927952300957
3.0838751215048728,2.547431447498113
5.649645079288176,2.7552244421363103
1.2026115397837973,0.6520782316307782
1.215749575014184,5.753819516441687
4.4557694426605705,0.39787086495462143
3.963088092594101,4.239640308023571
1.1460687495438908,3.206881809551117
5.8349356577523,4.089164532129504
5.0607867824705615,0.7761307015286977
0.9259450155473118,5.8329970035044845
6.204284357592774,0.3848072438208189
3.6228565767529846,6.576783340752691
0.6759686863980316,5.853193979227562
5.345335299567721,3.705355223957342
2.539015871630605,6.073113814288938
2.3049146783278722,1.9534352202928718
0.6348004493963377,4.581599611101749
5.48687869439459,1.6364996695361291
0.37713800573266043,0.6967059314605976
6.211524727338904,2.1330114380055303
1.4117458796966242,2.8136583109307667
3.7725040741954943,4.080147674254383
1.585353837409983,1.9455458379224573
5.126470933385884,1.7934228562560879
4.5271386128233715,4.296530250103493
1.82728286244256,6.472303295089736
2.6543110095856894,2.1276231828739154
3.7869621840434338,6.840867656298667
5.451698526584247,1.0606292694104755
5.811827337808092,5.915219820467074
1.379807725636653,6.225913645816994
1.0745448592478835,0.6131984688280063
5.018622821255869,1.8160437997121681
6.42593019133784,5.117760590246876
0.2821747977710847,5.568657886455808
4.591271846514768,4.8659795685043346
3.6387672257946244,0.0778144296344786
0.41154960553531295,4.52442111168347
5.882937804003124,3.0938478457242145
6.3338928091200675,0.326563495911414
2.273111365087792,5.5780531716020665
5.86021532220079,6.321567265445654
6.770397458723199,0.265230271855894
5.926795659719285,4.0672334017321585
1.4045678984549708,1.797603529013204
0.7977249430654645,1.8029896116608763
0.49035735959658644,1.0076290242006962
3.21386726938212,6.713910373283151
6.823843789194501,5.626084348027251
0.8655293240652829,0.6500720207929714
5.094653914171785,3.004640104027107
3.9992382001613302,5.214006641746007
6.491935515712848,4.48268065131051
6.3826022178490165,5.2727678469280885
1.137963768178406,5.476016939662461
6.469772788072085,3.466517790375188
0.30198535393930603,6.6514410198948015
3.4638649427388852,3.1633233210939156
0.4659357925396136,0.1531209818213023
0.964926557249033,2.639944680233288
1.1489837957767146,3.1564845232551884
3.5085434584000756,3.724809133617758
1.7597935853961866,2.1198450131210973
1.1240503709053882,4.759859331821695
5.466709002597153,2.198229965005523
3.543891700741338,3.839631529382876
3.196293864584033,2.4082190801707313
0.8033760354918649,5.7937859888111864
4.961909979568794,6.831502292888736
3.987759391515326,3.023602119443794
4.195651289760418,1.372075303425968
6.645732308876368,6.962047655828597
1.5108162590772736,3.5715320675532345
6.585396959946829,3.028977681716172
5.9320984618126955,5.297167035558854
4.5727816915981805,6.303375343611805
4.013407476417084,2.202141792752065
4.039005084139736,0.6077550862349237
4.954494381818778,4.354713652344073
2.741727015937571,0.31883541492590706
0.36171372479340014,2.141934554468448
0.4061859620564161,2.179352146648899
5.512281709723844,6.228811561655329
1.6398955735760974,5.188018099332168
2.5729868354594894,2.3971486429530016
3.349160088124895,0.6227101254898922
3.6404429163323013,4.510726243608261
5.976834430434692,2.2964395424512536
6.565981311488302,4.1819924663143455
2.680046672949738,2.8777485698582397
5.171774007054287,3.818543502579035
5.329296667829832,0.886435041569317
4.359009381308882,6.248943729614394
6.8089181215373324,2.941937667533269
4.976811848471089,6.517625466228723
0.9429141895917018,3.2985631626246668
5.494563450807707,6.110902659604764
1.9390087157926643,6.818557101985934
1.822177511206196,1.4130885035950838
6.971748175524788,0.23583494254769233
0.35618040113985217,3.570909385071519
2.9220483404219557,5.74095207876249
4.773048622801522,6.537994758506569
3.5884064763701686,5.446370730016319
5.548113899162194,6.911841699793295
3.336155107242491,4.487228830061549
0.9630686462141267,2.151026408598303
6.520275743716174,6.825463262892486
1.6138668135611263,5.065082834171261
4.621206672085155,5.221468844848597
4.4789332004020315,1.8801111582478391
1.5528435930375113,6.989165801562968
5.023428173019305,5.2078011764469565
3.265590211070913,0.49783899190486625
6.902625236305653,3.0139788906633784
0.8649459333638083,3.9412854494073644
6.954763991555268,5.388483794155718
1.9290885000905225,6.389603195956661
4.759924713413942,6.588139529625809
0.4549313776078614,4.111649501246445
4.879888966361312,3.000004033165067
1.0886718207468467,2.3672157242431653
0.28386638441313594,4.049227915935567
3.7464471051510615,1.537991321091686
6.960401950319273,4.957813219521665
6.654134698794467,4.675280043093747
4.013322645357913,6.27991013177499
5.756284158383249,3.417277471316717
5.303565051701113,2.3309130607998947
5.988962058611152,0.03358048719103679
4.107266125194819,5.790256776843464
4.119848003604524,6.290687387601596
4.864956628272046,6.850477311104977
2.914933382521343,5.849580158782538
6.62193028365569,1.8111564949297976
2.382536275905127,3.8500166949788155
6.886518597916885,1.36045296110308
3.4171050206164453,0.2641848189595595
5.306330923536526,4.810194761444378
0.20977631043054779,3.716337176340769
1.9123427957572257,2.580359072149933
5.739814193016273,1.3769475422561757
6.960887232299447,4.1040477017098596
0.6195236617279656,1.5325254232794692
3.1998569358759177,3.9100336742525803
2.12898568354243,2.011643056507668
4.363233110630218,3.108535713123082
3.5721943544356183,1.3737101818939226
6.739567052044396,5.113197438238255
4.842870692217581,6.534656394966231
5.494168679942181,2.3595875108354347
4.689729180052832,4.617282874738819
2.781959364118824,3.9984080050177044
5.65995393436138,6.847259565465455
3.778943040170588,1.318481355586744
0.8121180446833153,6.5555546576667005
1.5921556926506675,5.527591439607834
0.07462613264846596,1.5555541415201097
3.5283325137044255,5.906818804727279
5.4636810141899375,0.4954943717528234
3.9377542146769686,1.5812139267570788
6.788699844237047,5.591002661991537
3.084981849444244,1.5255323962166094
2.0722100430732726,5.643886683451834
6.294498128580642,4.384022748061748
0.40636782845257247,4.356965956233369
0.1321221726497357,3.2257568585086513
5.258865028093698,2.8495132662762517
0.5259298375516589,1.2545165394769089
0.9858448821610298,0.7125385278775044
1.1317210682525647,5.288172750521663
5.786832926345781,3.698223739049273
4.521774722335342,3.225445299967039
6.734495569476744,3.734681311907331
4.872795299456851,3.3132668078574294
2.3237138419961343,2.627204500007264
5.120976851642407,3.387266048035346
1.7979282288332465,2.233926362567363
0.9133554984463254,1.4461343467209855
1.064693077362059,5.506422498063701
4.366616573982105,0.8300141438871719
2.366782697438962,5.172869638940529
3.0049740805364697,2.489895364796753
2.8621075397756877,3.379067997034483
2.883185365280604,4.056347729015125
0.9898769774411891,2.8881278740329126
5.669672776313445,2.8801335675452377
1.0438966778245908,4.525859212514947
6.283989769241305,3.7442235877946404
1.8754099327938882,3.982889872420581
0.5858149444283083,0.2679613673844169
2.933990280155128,1.1651254333514367
6.05286063460876,6.031537885390177
2.88249503188184,1.0542009208180096
4.180699994647433,0.6059951955720021
4.440503206309753,6.876645827622015
2.9529938692633104,6.738166900827501
4.933586389976168,2.3012132603743636
6.602187266098907,5.845780763458138
2.498198760161963,4.012352305678098
0.9824741192831958,2.869474417791721
4.3132307929171825,4.570446783338056
4.511106207889145,5.841780555562585
1.299353385391394,6.56175103617098
4.722159177065767,5.5140377836763825
4.779928263619727,6.659896151334166
3.38952514090182,6.440325785414902
3.1333975925264665,6.991301804835985
6.458694815035606,6.672810478454705
3.278126673852606,4.755341431650636
2.134035455359091,3.9546988802605334
0.20095154468017062,6.073120569828793
2.8713634903601633,6.554679403340403
4.511332442506697,2.1667558439087786
2.9597606625204134,6.269965917477185
5.86247599178833,2.9710355440746494
0.7596283965012007,0.6442033825120514
4.054484930801812,5.315149484514856
6.250660590443057,4.313403133748678
2.812461583172468,2.6712060976889695
0.5790942401563121,2.684205313080165
4.035667877334473,4.71230349050986
6.478076703308095,2.4014821592095594
6.227619218497981,4.255182337237924
6.884113246143098,3.2346205543363484
3.67087846519831,2.016843556693856
2.0900073309807903,2.012494868296019
5.224060905377598,4.32024591768028
6.406569892129862,2.5090620852497394
6.648836575653197,5.102527135319161
