3.5,3.5
3.881870753424052,2.6895497327729294
3.9944637654788373,3.4714093192854856
4.321156204327881,3.19987722197839
3.2611105127559137,2.917891606684197
4.332730016903934,2.01887679206777
4.305435810849996,2.952577816641675
3.384921351435473,4.088084674085472
3.838693081661948,4.403174856686872
2.528009219485604,3.6474555580505768
4.764487912050223,4.690981814917048
1.9527228518141757,4.249407017807902
5.057938826860066,4.403188980300307
1.4349084417841924,3.4904593157075077
5.053302242520725,4.875798041350284
4.352277901117831,3.9505828369868548
5.0530162496208515,5.312212458440883
2.1759305176327923,3.18482369883948
2.8575454184410067,3.684282243543458
2.9224015845859443,4.33051692390478
2.605360811514179,3.1207628662411717
1.555594480566437,3.9936678943325434
5.884885529423022,4.0939338857957
1.2026129849238076,3.165991050303382
6.297449728473802,3.5929308110187312
5.2848364938043435,5.232629521269628
0.923585748600551,3.2327755004846663
1.5666674334719861,3.430836794587009
5.67256302090894,5.42910038629828
6.116749679920169,3.8018811541228428
2.433620930569864,3.7452707273332333
6.020089014746388,4.946322639685414
6.166937878775195,5.737274276841145
3.258667784947964,3.9555296993668296
4.754182271688275,6.179818429826691
6.797726617440839,4.900180929197043
4.670225270827785,3.408659261675501
4.811743879352478,5.823135573745695
0.8991975398076005,2.5082595252457853
4.408727726375247,1.4453615713819503
3.373576579709663,2.73718075431868
0.2389356795919445,3.69580234849078
2.2245898776150117,4.013042076348713
2.989458559419931,4.404688345652345
4.943886421994842,1.904738729765306
4.7710958842085995,5.4063845266949135
5.950510334589311,5.097719700196518
5.5381430853251565,3.8692937718958307
0.03774859295144384,3.869534555478194
6.0860263521385445,6.685833800824994
6.306980920972543,5.67747860146598
6.509634524275849,4.43750493851101
3.875901261926398,5.06093642937005
4.375352422177042,2.210513542977633
3.9974975835773434,6.552906863581978
1.9776684983096657,3.4728804467116343
5.407518836781739,3.551426126485607
4.31862634289099,1.9195644116165975
2.074343111555702,3.0937280718608804
3.972470040321184,4.874507136077287
1.9316156084888854,5.071784796772517
2.827952548551177,3.69942044830114
3.115422370803333,5.576158200894563
3.58520169962853,3.7981468728332604
3.249238540433468,4.536518415342087
3.285022623130324,6.4522128919681325
5.6519650637020655,3.0447899468508495
2.473084846345497,5.72599874519835
3.963419782603088,1.885159758599154
4.218119836452735,5.313664183125675
2.5237329150346,2.4213504156130212
5.9731433320198075,6.081385202005674
4.813735470359918,2.1024679087574474
6.81912214679139,6.9584772897503555
1.2992284552234032,1.929597718550869
1.7918485165399032,2.5808241626926822
5.061226425523434,4.735587286654219
5.876150017304545,2.2140273394750363
1.3040307579473691,1.0316187221882358
0.5983589178280451,3.957986009340222
1.8041982868493078,0.978548391637774
2.3756868826031146,5.49564466784114
2.0482903398006522,5.500887754244239
4.796704538943652,1.3272498845335108
3.617073797649793,1.7215549931409324
1.1883401649144139,3.5796561880451265
6.395225094433594,6.751409365675131
0.9496217608340446,3.0922209379861947
2.482313420146962,4.28035607141544
2.6467560484256523,5.10270117448535
6.169144153981311,4.488251359780989
1.3221380077402025,3.387061319397657
3.712106789865628,2.163884006226773
1.9234676619212938,2.157920671112297
2.744917234772531,1.1219613567241804
6.053853315862754,5.640991144492921
2.238261285386893,1.2513476222084994
3.336048700041329,3.356166380428429
2.226008237997096,2.658918065853197
6.799147650850544,6.52821438574364
4.4038582922964435,0.5443172307386533
1.3529342633482844,1.7585678383789256
2.254462110309519,2.326823498879697
3.257190881186842,1.8995272877598794
3.275306925765384,6.3199843064598245
5.1952928689113715,3.8751242040464353
5.645785164833097,6.464461096154951
2.4153695163121895,4.736287523135749
2.8744385007794984,5.691919268167732
0.0505110994296184,2.3739196403795
3.753093375303351,5.289014528497261
4.777737627909121,3.6838618528122
3.6827424638753206,0.39658681400427465
5.050772906159481,1.2420559355853062
4.66890111493002,5.1735238627737345
0.22173766191638888,3.0392949739730115
5.082726050038871,5.671428356508341
3.040848161761569,0.06275310847313675
2.223162768613547,6.169981045111606
3.7035574014051114,3.2074560257532094
4.577799312579714,1.276851001867711
6.0641145733624535,6.895084010314838
1.9120183147915817,0.09263297230176437
3.070738840426057,2.140332944506459
2.041662266069953,2.068219969584279
1.891114799611182,0.14627996380949715
1.209246562465014,3.834070890959211
2.2495754616599366,1.2642009365071722
0.16809573734163674,4.61258750486061
4.051904858490789,2.019862410489137
4.712417205805088,2.1703538248756837
2.793499424000509,4.4964629666558436
6.253630012539218,2.9570829147387023
2.4364817680630035,2.116713199919267
4.012806760740541,5.731401263999741
4.52158373995779,0.9611349761268195
0.44664476771322037,2.385732407298238
4.832734748374052,2.2505455261602036
4.1609859433409335,5.557173313985716
6.493570877236875,2.3158439238462503
1.0772735909500506,1.1013576467453727
2.9207054508729473,5.481295933700083
6.0935744127244655,6.410991118551407
3.821110133507043,4.191094880847409
5.0426586029575775,1.5193583371987633
3.8726367514215174,5.999354022896438
3.280263045869928,4.6599353748518
4.740911258251537,0.10162208984399712
0.8327828611791448,2.4811808797378507
2.776323411995288,1.9824750488967662
0.9750091233878709,0.563707531254515
1.08894444475336,0.2701097720288502
5.746256857569122,6.5294329501709685
0.7962016490350918,1.3833148627456158
2.9765768459469917,6.7512242083943805
5.0178293692437785,6.083431212508016
2.3379622590507476,4.110517489343225
4.844721409245045,1.1506095481294292
5.739907974222824,0.8832293416947959
1.2772980013981006,1.568593873720373
4.992763286262022,0.6654108847664465
0.11092088775067122,1.1593359394910783
2.2554364399951434,4.0821239241767096
5.3095896717047895,3.1962846142624652
2.426298684164777,5.509427836502931
5.931982552556594,2.928336851998263
0.1022386675959871,5.240391003304103
3.8383484850344063,4.721495348502908
6.374761331831983,6.502731633124507
4.0140915297348085,0.02485369847765917
3.8880223891794925,3.5162197525999006
1.9917119107940056,6.666285182868881
2.606618932602472,1.3301749104887897
6.9718227823122785,5.929958756445509
3.5496757995658177,2.1987578724485832
5.122336171467119,2.5552213613423786
6.728743017747797,6.030525692083887
3.271591303191398,3.384573912992735
3.1718948791664134,3.6827889495629096
2.956362037984119,1.2643638765561032
5.174868710244122,2.8184671632025387
0.6044316624976094,4.860212446005178
1.367586905346839,5.51747478056929
2.5655890168590676,1.954422124985214
4.213065283244624,6.433242044512555
1.546331525666468,5.328679267420758
3.3267853104459437,2.150692004493974
4.812752610377824,4.168469821217306
1.3642783647895045,1.2376640001836958
1.0110049344625147,1.5855276491822594
2.558874645659612,6.396847707904211
3.2839396728155323,3.5439180853434937
1.3388207014976237,0.5664089327849214
5.706033238763225,2.9131905694172895
5.620943954599983,4.388777758866155
1.6908731180447023,6.8046016158167015
1.345000508210122,3.0331642560603838
1.2757798288752324,5.265821855659369
2.4948953486758514,5.3954216595697835
6.690139982610573,0.9165032166774785
2.361545368467452,2.7707715397421193
2.709839817714248,3.422049807386996
5.312062967116819,1.6981303530406529
4.066971125984376,0.5548100013099625
1.9802343622090017,1.8278519299364944
2.425645878979644,6.941069534233625
2.5596648154657258,5.207154764080656
0.5415550033012754,3.8226146513609347
6.895027065618472,2.377660098977212
6.176522605232021,3.218320211344399
5.288157584872239,6.169204107687075
6.181207697087324,4.945972748607762
3.9317134808771965,5.721095227936808
6.946755454888246,3.5489317993162706
5.484868546164163,3.5625123512420998
1.888687409852316,0.3571991385072786
6.8647244416254685,6.411386139265968
6.204812153848434,2.011166922062908
4.695068526536446,3.640465481000659
2.738733874908445,4.588604758368215
3.0360153169982413,0.803113741221797
5.839277599721143,2.856058532515171
2.3493521220454063,0.272682077630237
4.761027569772654,6.355353962351902
2.4844353539044026,0.8819104523074621
3.730994700776626,5.228387378474084
5.392032918971775,0.28218098243451395
4.333273156345995,2.794909844588023
0.8124025207659754,1.8313437915223134
1.7596470106300488,1.3444000406800471
3.116243248877737,3.483760759830658
0.8546357679697697,1.6047225786363661
2.9387146727477456,0.9227823088399136
0.07618054853603184,3.2623834254748294
5.477556297985699,2.051348106957081
6.8344120032213365,2.5654738585618206
6.125381291461401,4.443920868775862
6.268661164876999,3.705972785077574
5.955807941277623,5.277681714617906
6.199087965911221,2.448814818369906
4.4981712085646715,5.43613328385302
0.3429451269209277,4.2718338877686435
5.811618776465574,4.244624905267434
4.936906875088852,2.311232311141087
4.732503184515059,4.371025316870421
0.9655314306584012,3.1273205630041554
6.708523041858326,2.1910232157422116
3.113972742871948,1.8308350007856689
5.433898295196306,5.238499241790978
6.398481063437888,4.759663587753409
5.419019731588923,1.4462584161975411
0.8837573505942604,4.671546096334856
1.367668396689319,4.5375672797230155
5.444522338989193,3.469806242374116
1.1637405611279896,4.689917393092266
4.24953275004548,2.663019613372236
5.630805103487631,2.5886070670919032
4.835116164304758,2.0863833930200686
1.3324887419572746,5.129941379494045
3.872996960994769,5.435352825248318
6.381593950519655,6.904572275682179
2.222075845648964,5.254540381066827
3.2510719797468894,4.254080295924638
5.031260248468637,1.9434782993285666
3.2021720640754396,5.883765345607478
3.3308136600282148,2.5375322283390602
1.2799260465873221,1.8138933406587634
3.1671492517983006,2.8752393761577726
1.1389981276461834,4.500737923831781
5.874163524364167,4.812082186350747
5.868928188630396,6.636259117052751
0.40744998775560337,3.255439454375677
3.910348409398125,4.178836879794787
0.15963293770546605,6.016083975561354
6.762034435132233,1.8730276372562902
3.638215493457687,5.006510949026022
3.1811432584836643,6.721003827741747
3.3630616827180724,3.059107903285376
2.4896503046043135,3.7012099369636196
0.10070791850335514,5.9892526150744505
5.832685925651526,3.5741633838821265
0.5488479403129559,3.2394421154957085
0.9219842112199135,1.1001372523647792
0.7007912458885367,1.2688633428551803
0.06536190258951635,1.2072734274759522
3.165704170987485,4.353120396147881
1.7542987540209833,0.7308236572817359
4.207612202585844,1.8310452411354068
3.00446852683124,1.6431983495623674
3.623255739647209,4.797131954773396
2.1956311643409383,5.503364418749941
1.1479458712250183,4.074077476344226
3.0318358500751073,0.115172064683012
4.813586769037336,2.927193105911182
4.243289400716227,1.5238927666973519
1.8526985494692525,2.55459810326811
2.661822173911923,4.362186260531915
6.694395899613951,0.871575968161068
1.7315622443661645,2.2051570169741908
4.251520831181589,4.955871198600905
1.6876598003447287,5.042859565821633
2.3552216249742886,0.46205193152230417
0.21554419530628344,0.14071860620002363
6.736093989840489,3.9629470281763903
0.3838184656286998,3.235904810612488
3.334656339909741,5.065238249662771
4.878321694756442,1.779160769273224
1.2585677070565795,6.409819981698889
0.637891173595699,3.1465114385563893
0.07337125433399083,3.5424949686038074
5.080945367664516,4.019205030009685
3.1962407576715006,3.6655823763503586
5.51022327761428,1.79411105982084
1.8408808939839434,6.657513553719934
2.889757197563744,2.8612144902270633
3.1118069431160262,4.965988753205665
6.8877874285364085,4.771924980165169
2.8297359795279933,3.840557941080707
3.506174268216317,3.483849043414398
4.577998351808503,5.308562582447721
3.642871768200359,0.408081756520953
4.930817884428544,2.9810005067353194
6.299875236750623,1.2560055361586042
5.623476753350492,5.0405366070112505
5.704844197690923,0.09092388295505582
3.586497435454269,3.63345008032539
3.4232210810855683,4.328292883494579
1.3503580945424267,2.674341400666118
6.381965908759416,1.6974609233057802
5.850062799054696,4.0601320342248925
1.345516560170001,2.7302978740399677
6.731145511446777,3.485533759242408
0.5332735040799756,2.4335707637609203
3.934549213674935,2.4038141691125476
0.04522552124806878,6.1264170065561
2.788385163373584,3.0519986133285917
6.411641957910675,3.089879785618597
1.360151999445363,2.4267419245541495
0.14709222564375646,4.267062934310582
3.575161074178691,5.535359140447147
0.2934498588518404,0.17710238039632265
4.404825585075944,6.4978419171718285
4.63673095966088,1.0390924663867676
0.3092897091989746,2.041020372064236
2.12026764375661,4.8305446069429525
3.7149494304209347,1.6357661541537163
0.7712601762941912,2.9531593898479107
1.6338096756072291,1.9017904122318674
0.3884460164093029,3.816263630604282
2.4356674803943887,0.8867596266412532
5.670432225151465,0.9658754277779233
1.1697163605507916,2.8799840032611796
1.1848865544528304,6.264399500515026
0.6767650782268138,4.305389284255326
1.4994100428897577,6.748237529854805
3.2703953772577696,1.5454464619122206
1.9778258090934928,2.8515275934697364
1.891939354374716,4.190171588888351
0.48399374347252977,1.5686085147310833
3.081310617174246,2.3351426474823613
4.255424769290635,2.12498942482072
2.0632034381981534,4.190609851851663
6.127155524397339,0.11919166790591929
5.283941248371697,6.754600529322705
3.6453302755657515,2.43770012771318
5.727917330757432,3.2661105833336332
2.3197238942980833,6.386440932726498
1.6095114817345508,6.942150687166044
5.486296577218457,4.312623260598423
6.2771343936108925,6.720253615718047
2.6794596037197143,3.077589003072362
6.089780533492937,1.9402604441328755
6.2157148973354515,4.679438429588649
0.5218038999143358,6.1908293569490365
6.259608219783101,5.431525679368684
5.184506079251877,6.888496914585957
5.776908225085507,3.7030116034727443
5.834568053792838,6.73639551309704
5.4412120124057965,1.9228700499115412
4.8150225116242815,6.768576925581719
3.6575459194067834,6.294543451837359
1.0428731825716375,0.1888738428722304
6.461767080523211,5.616966594002602
1.9243512685299216,6.461997396357464
6.5636050653195674,2.736751040348519
3.0031885978993857,4.457666973597142
1.958092455303157,5.698701876087769
6.3913982569328915,5.7486011403443795
2.046899736277791,3.120594997189293
3.1845256384047107,0.4681045939294711
2.972799426539084,6.380801787145769
3.060049084430779,1.752650898287862
3.153117087453122,6.826014657474616
0.7401374368617739,3.8477727650122766
0.5656744992121521,4.44962049874087
1.7924695543746643,1.613091078023445
0.6840863554290684,2.327094852023067
6.66265370308516,5.323767156027854
4.446826126637663,1.67189313034796
3.8588210034392674,4.35159926629398
2.115712901574598,4.481152252633295
0.6648073808220145,6.243718791661965
2.985626738018189,6.664010682761442
0.6629047143095447,4.653521120014654
4.7020629403642245,4.959151520237902
0.8942870600682702,1.169768083030153
1.7786106001974555,2.5176587280895353
1.4122313615113202,3.810256575989116
5.386311097237917,4.613536539604398
1.472556025570005,3.446999703393819
2.747047277137176,2.153057046480863
5.6558129972884545,2.121064385147651
5.584704961043861,5.056707102344285
5.369800837991178,0.08808560568261448
4.50589685879621,3.220167562837252
6.490788809847362,6.455271366153855
4.776755618132048,6.140505788936968
0.7949967056344844,2.7736124501121457
4.401592541135533,0.7795191122208069
2.7941582839875387,6.4696551605101655
5.0119893156694095,4.1646205095280004
4.433265722724385,3.612986513723386
1.408933033005526,3.698823940691738
3.0956461865787244,2.545349603270428
0.4710475620283081,1.0038801240172819
0.23904656222017295,4.523680101489766
5.581586425154935,3.6833761427121017
1.9371054799128453,3.754488054317469
0.8730662624100775,4.844971587762675
4.555719922514971,5.971769968652878
4.525777549042423,5.321702068655182
6.939025832227354,0.8448706451338553
2.268079006882175,0.521802934669396
0.5788374144841953,5.566924713474624
6.114607265388454,0.8957269991090293
6.317861412698848,6.5448649267294945
3.2813408485180595,6.826057492477209
1.355691200374915,1.1853154053749275
6.254047712129284,6.481969387957854
1.0521035923567421,1.7684325174086655
6.75378447551819,3.1263956626282328
4.950107811821611,3.3195041773310763
1.2472569244820289,2.7626528406700377
1.2593647996608006,1.6637409599196178
5.936100230015338,5.009858883663197
4.01704517891924,4.379639536575861
0.35580632492769115,4.59255208419387
4.4367391612260985,2.910247834330372
3.6226974405024324,4.0554824023844285
0.32089641303599403,2.84938545745489
1.9073275060061217,3.1560688962257624
2.8484907396037227,5.443788685108269
5.323874593564394,2.450833102983795
2.2586659946629295,2.6244162888098623
6.171103349236667,3.8926202132013445
1.7799188526215093,6.1131796146153645
5.0995983077374785,2.77583478196612
6.639815166141502,1.9529215809509393
1.5945514346372573,5.803511819499231
0.5433551042888339,2.271222407386847
3.461458813769659,1.5433468820161442
0.4836342595225456,2.91368773791298
4.516856217340175,3.3332822512699583
4.0928928774594535,6.732442504386908
2.09998554994742,1.6654036144707152
2.6308730059049124,0.9122044293584005
5.05062110753949,0.3292112901592158
3.370970082397676,2.0673878020489567
0.8238285242165387,4.060811387020785
1.6998040556910539,3.1482584150358703
3.0742871473146405,0.5294825082604994
2.1178531830528957,4.869175009632831
2.6346045992880835,6.05064473839712
1.5857934938290614,0.5614794548897016
1.7600085961102243,6.363842967160508
4.732377196834658,4.398674756467448
4.40976896050594,1.6824807408401274
0.9733833923839108,1.6334369127332278
5.522077194339814,5.230879361291719
1.5487861956399973,0.5965002709073197
6.2917132134779195,1.7496614473315644
6.4905748003231984,4.138089751211261
6.956855207024464,4.166456949818391
4.085810477428764,4.537963394536757
2.015675541040194,5.186282958349243
2.5849630481819332,1.7020665431470094
6.0610526212543645,6.2757207491750995
5.049120338210074,5.639857572132632
2.7117654603633037,5.653944430830035
3.1246802856969143,1.5939830323958444
1.3657213252534262,2.276867973363771
3.8142534919566384,0.06199523207767721
5.217128859165441,1.5138782681023604
5.318697569035852,1.6398159930429506
6.570106063774969,2.221678790157057
2.2423964738899174,0.32239404050588083
2.6345089997198325,5.410000526700659
3.437264856014618,6.375656098464825
1.966120851418,0.11182354180874587
1.200962361320276,2.8263450549404006
3.8659786029604897,3.80840211992017
1.8619070774713804,6.81623370362137
5.069320454264926,3.1091525003869687
4.577028778180379,1.4060420614631561
0.07430181990925888,4.715425654141517
5.604294686603528,1.4130053085695795
6.120685215544552,6.344502640666552
5.184222766906325,0.6739427239419736
4.530656656842427,6.426979530420928
1.7728663531114397,6.138561138075068
5.783761337989614,2.2991538320095555
6.937023126505969,0.9514250716185302
5.848504253139584,5.359480828715819
4.290267495892617,1.2370747579307202
6.99543198455144,6.0999369711663105
3.595880171374272,4.549528835291658
2.1884661654245594,1.0573386089187982
3.004605237912375,2.868475284898116
3.828197050555181,6.641988855584814
6.5938985178285225,2.535289862869441
2.5988215958134027,0.0028225080189706597
6.274330967237213,3.4263205704363835
4.38277258817614,2.5347727158846496
2.0968990751740266,0.4250694920940009
3.0666737973487663,4.030777997613203
4.626613415437913,1.6682751429180058
6.504287871638059,6.92614700092072
2.889594753293631,2.0171297064248983
0.7713357046799807,3.655431680385026
0.556623118741983,6.846594937461642
3.4597571649050938,1.0807022870785818
0.28797687220285073,0.9389361805942734
6.853359208460091,0.31246523565283746
5.6204637184198765,1.9154945504767422
4.227402562090061,5.839403828513972
0.14238619440110778,6.3696810906982
2.1949661945479013,4.850096746825354
3.412537387191404,0.7668750223380939
6.780934253406499,3.4349112373478485
5.154594750313381,0.08962029928581727
2.301586838265877,5.667485266252501
6.96102943542794,0.7098607329115002
0.4858798788231914,2.417207426498443
6.523883323221117,4.298587005418746
3.0894370344568944,1.4359940185337134
2.7275140870507046,2.425621233423778
3.641090527755398,3.9311865768741483
6.231425735103489,2.8344552119623354
5.577420493956625,0.36255649110923305
3.7284811707249808,3.8581010372760374
5.351843574023323,0.17709170916622652
3.1732906567697508,6.010228866573022
1.7724489870543911,0.17845140911851698
0.07528330567838737,2.158925384935539
2.6196179951123377,5.972657251477812
2.976797034573176,6.575704351623699
1.7328593256113198,0.5826802171554949
5.326394989529824,5.4483302226149455
2.2257463798599,5.398999958696453
5.155810947955339,1.18691311150917
0.5620125578468816,5.998846290560843
6.024750576335659,5.145894775527208
5.77754803200534,0.9001133421147771
4.448580615510072,2.917174085368617
4.6213540443097845,0.6882320028359041
1.1132171272977978,6.7148594377656545
4.713737496101353,0.7143538259510024
3.5516917967198642,4.164569263233694
2.2105464352345967,4.821150745726066
5.225442970895641,6.636680243450114
4.056292497005355,2.3504503759964166
2.7009097823963435,0.5907719428028775
1.9611811276154105,2.334906297058517
1.836598317501556,0.7452808493080072
1.453738868237272,5.131527893616547
2.048923709185776,0.6654774175677162
6.708699321626481,4.00221515255472
6.800795204897994,5.082190550276895
0.4362946130835518,1.7658679601989418
2.308449654384817,0.22137131885106687
5.875981442055378,1.6793253642657149
3.340592986494305,2.8997237239240703
2.644614435266653,1.4626492749250852
4.218928152228141,0.637331087267275
2.805818926904778,2.7147326902707922
0.2747613485137961,1.0846170298906876
0.02660251782914924,1.043173449862854
1.3248065661519757,3.2102482171452844
3.564165160699117,2.0998371365894712
2.6205481189841793,2.742443582672809
4.876455156382717,1.7101481755178454
6.080496063700678,1.0801525174587714
0.5323617531926639,5.077379012634622
0.8995903884203997,3.3966122812368664
2.0588693860887357,0.82318406238457
3.8304890590060126,5.000181537007674
6.246678912634558,1.0715531723336693
5.945147522159623,4.125531325101411
5.3994008362966,1.336034365919172
4.364606200767632,5.546308988888903
2.581362243401271,5.118057547492439
0.12446440670263903,2.759185814562306
4.890344628060941,5.286862843721663
5.633802003622372,1.829413238409591
5.30282090026046,3.8044802430777103
4.605240580843947,1.1905858172941355
0.9482499840747779,5.040327278150757
3.8414388367052044,3.391874294677492
0.5118837216707699,1.8114191917176217
0.4669753959730356,4.106232138846517
0.43483319823547495,4.0542395820902515
3.1413877101773378,0.5533598119381772
2.442654165164934,5.26254827844917
6.830440129129588,2.0479400141624984
1.3936714208777854,5.425844553343702
1.913708572414796,2.984986799998571
3.031669211449322,4.0260708376601775
4.701040713049131,6.479274593984216
3.2749318387332806,6.168180094840283
5.54054990072898,1.7781582911437162
1.2767740543455601,2.921847932512195
6.161839959966888,0.740756685270888
0.6252957889880691,3.6037876843843226
4.666240509544812,5.926080045528532
6.613612866990017,1.7673497740360862
0.08538942875739386,4.134370242712456
2.5196208451682667,0.37480018348467603
4.141910273478626,6.145018432767444
6.322664804779173,4.23198599807097
2.366844680333631,5.932208290874131
5.066181393344444,1.4362795792657654
6.506034452516949,4.320858774020454
0.09722507410782999,3.970747015148615
3.391718404402176,4.546145122688735
6.6314822539097555,3.0154786051207663
0.567518951739523,6.0207617410096095
5.659135634508097,4.806341290678071
5.097524769669544,4.276001705960934
0.8062495389421923,3.856150895204788
6.842624285745234,4.889715333504794
5.456125077112238,5.2551775178776206
2.3310239710643503,3.770831042444826
5.130537852342812,3.520644870092731
3.7166280644868404,5.111481746011313
1.372207541658888,3.218431055263833
5.633229556516201,0.41174776765039756
5.869567374926843,1.9463124061936776
3.0748767192158257,3.9464826011284
2.9536144160424875,0.9608287289349845
0.8534001551335286,0.03871115635506128
5.175070372969428,2.1438181132580114
3.818047195010684,4.55463781485516
1.9050216603575385,6.743771856153166
5.035764859369049,3.7706752174663047
0.1817289063958385,3.4648033673281082
5.200801321529389,0.2031635047645347
2.322187233493903,6.328042461965485
6.051398335379796,4.849263618889548
1.6384879742559577,5.015699995029375
3.3460340942525417,2.365248494121632
4.604066677778107,3.1208202706719277
1.345664150860308,0.7654497858096987
4.281914178410548,4.02183536435866
0.11154329957608267,6.129505589754179
6.906492400170853,1.61312703138215
3.092462802242089,5.194206761422645
6.670726355905553,3.0853919050056913
2.0652337624865638,1.530357944875691
5.796909019313243,4.4003705589888105
1.275683973599695,1.181791112237934
3.1568451010652834,4.00101446391077
1.2338241602290387,0.3717809703412166
1.6284749969618946,3.3878228861005653
2.276320518487028,2.217538844363775
6.680580946539906,1.2330996058888963
6.480781001668277,3.541598921587599
2.3417981263952,6.908583868692604
3.9992994228474794,6.450082430785729
5.487676970472916,4.728075052298067
6.015138381767089,4.167227772321148
4.70566785280511,3.1816510168074723
1.5039270251155559,1.7776908632574284
6.062532847847222,6.152431834526546
4.191675195685166,4.943472546099321
4.186312499221586,3.37203023982074
2.9868391421248224,2.0466027272749603
6.082376733624207,6.80582971191717
5.766326484625742,6.652540633944932
0.5528074599007634,2.4721733240258383
5.083752247995756,6.040646704544324
1.705792141513291,6.257403746536229
0.4179040018494117,4.268208615342816
0.6591695552458443,0.13588911056634545
4.740529123174269,0.4739284662707022
5.600247702268298,5.083575155210275
4.305272225923794,0.551671462138807
2.8491901014754872,0.07573979338618508
3.5539126806817194,6.71514007592508
5.685936496357217,3.978730921943267
0.7369397350695763,1.7164325996565395
4.62962638954833,2.0913681404692164
3.2795386964513056,4.729636307816477
0.46564381899573837,0.8048111164859385
5.962758409343371,1.22973684042625
1.8026252613851672,4.343787296630584
4.340356463507211,3.126247465059091
0.8820240331957889,1.6947377918910662
4.372593069171071,6.602598073330532
6.821409609034502,6.724881134190391
1.8306381279107358,6.928130509376464
4.9746820308944955,5.497310816343712
3.6862021110439094,0.298846897182135
4.383100492084699,2.1757088967467717
3.3850214928180673,2.022602319648602
4.733053120320425,2.442443309119387
3.8525394205513437,0.7857566239657306
2.7279497460183824,1.7184194928901841
2.309378408105786,2.4768814217274473
3.949858630895613,2.7628756594396764
1.9405415202490546,6.597121312100634
6.529298119325473,0.36925280566898533
4.12932228685035,0.8400213434450231
1.5965108121460974,6.880371341049667
3.0143345558170487,2.6439514132535757
0.20449560965406977,4.864743515475407
3.3232841531851443,5.148812302328118
4.313303915202031,6.896975904520001
5.911512445687304,4.771248473537798
5.437093411158924,3.6635528801895
1.2327750574774448,0.5492190241835289
6.054282810329529,0.30342374349305
4.1245530627847415,0.5524510985665506
0.6042571092477304,2.5865980179467325
2.816845812303522,3.480533517504562
4.516260868143191,2.2950859686768017
1.7708157292258244,2.818301145620728
2.310517149563235,5.331333024086688
1.8422019342674603,3.7472214475873673
3.6725679356220904,3.535982835707787
6.943500402128523,0.7316705471383195
6.047090277504072,5.431236536359511
6.884747777270908,1.4609777916795905
2.095497548433844,6.860067264898345
1.3960129830037658,2.333722894953593
6.630874943428882,2.750018717411468
3.0888786878304284,4.374196672137739
4.668182742137988,0.5713403551054234
4.8662465510499855,3.645705151109341
0.4325487816117133,6.5858275901975825
6.339650213847504,4.824586695198759
1.1402636557207608,2.583079967356899
4.72801965448712,0.6413161239288727
2.2285765511826825,0.4178433966309133
4.447441546199184,0.7908483780395736
6.545069481433133,1.528695602179553
1.9381216170506819,2.737782360874822
4.825363315447614,6.1702922033298195
6.517663842379885,3.8073863141685664
2.687669446305973,0.3613748236947629
5.1226523678699305,1.0607308802533835
6.600437036701042,2.4890382167015765
1.274591034193109,2.836030611119027
5.792167955795165,1.0106595968875673
1.3510797005760806,2.936404432731832
5.86704975382256,1.4032401311678688
5.847635640925581,1.5965036974815119
2.490557934536967,1.380163993239171
5.479102132773523,5.803707555822346
3.0225429962137556,1.9974011462682655
2.7996252371592614,6.902576150852187
2.3964861198047815,5.904585644303652
5.901662383602469,0.9376938646724067
5.464503264257136,2.755489525989851
4.5980663948721245,5.058330518600446
2.950093178249957,2.0683326258524146
6.681402295604861,0.22103192778306502
2.6174208895871924,1.4473451509937356
3.5159374318764134,6.318580505765125
5.828517352837098,6.87640492959758
3.854765158921456,4.156014481780376
6.764016744746597,0.22398682037240636
6.055644547510857,2.8890604367179757
1.430391608454529,1.996118918870219
0.8287989183529787,0.36141446446470404
1.9437968793036569,0.8458253266670697
5.757507371375462,1.1703461482597113
4.074857507187528,3.5525573576729457
5.5915232710986,4.423534686522249
4.063423606875141,3.576655505119884
1.923648348253868,6.174415438720049
2.632653415289646,0.5932739677682852
4.342414649144886,2.344510921885256
3.393782555669075,4.886654842901151
2.102993011262735,1.3222118585234977
2.8393170650745594,2.497584685446548
6.535550709207025,2.215458041890803
4.839631901986909,3.3778460746724255
0.20161995587557646,0.41342238527956066
5.479726543104369,6.134272949915708
2.8846423327849875,4.5490120676607875
6.943037093271251,0.3178732716857354
1.5061290070760143,3.342561196408793
5.386096095169097,6.948738830216893
1.4340657185324437,3.938564582716028
2.6074965216322203,1.4717648204275573
5.714003564959711,3.078553448642022
4.490995879662017,2.986847879862286
0.05993335791440213,6.4654903582807135
6.644329043299301,2.25852668739264
3.1409821213208953,5.832615213432248
0.5369897240093788,0.6591762996386559
2.3722188203185515,6.988870955940536
4.461817595010329,5.132763466070303
2.015942008661096,4.353290513118449
4.642952118226062,5.233339503133178
1.2824237351319128,4.030391513825913
3.024644550085486,6.32113912581999
6.609944332421627,0.5408509220470689
0.08036306639784785,0.13997773864258278
1.661229716644486,3.364087807511008
1.379295627326767,4.20139716716174
1.0058310473215522,5.012101479478988
1.4311638588751991,1.6292647714568487
4.490738932812726,3.251904946699918
3.470863256997025,0.7241370054445639
1.1817487139980738,4.501099706932282
5.054124488499189,2.2893686459926097
6.571520987382726,5.105456722864922
4.039065893878071,3.513901780870936
0.7147974407499414,0.507452528717937
3.6525762012119865,0.940521272723106
0.2658030744559553,0.8421236360712688
1.1993187207077987,4.323121866884726
3.6976479028842197,4.609782277796229
2.7024443178107638,4.168888485682868
2.0775251047529704,2.514091694027602
2.7172203316182224,5.14159610134912
2.1590120511059623,0.3787340208045721
0.21948059120331098,0.2417178269692728
5.362481017167541,6.180003165238796
3.668588911928173,6.876901396666897
5.6476198487894465,6.400421567590529
0.5006678870559647,4.195977773441244
1.9208984470341015,3.827875392729953
4.681389524229724,6.565855368439076
2.533833930632273,6.192988163022725
0.17104985013976926,0.021295176678510996
1.330846745581648,3.3801942043998094
4.59207985153592,3.839158200979296
4.201609918426308,6.235559922157791
3.5719929535597874,3.5012450422384114
5.1445879220549084,6.363506107581007
4.697384964672263,0.943702016569361
6.819414764624901,3.8118312221329886
2.9928856167714697,2.9736173249579974
1.391906193929947,0.8433986471160783
3.7890847308810907,6.094810945216919
0.6518925780438702,3.2266615208518763
0.23934278292889533,0.6200863579510008
6.6705775936477565,3.4689967906106802
1.984853363464448,2.3992084754767586
5.599250925795465,0.41213058793814406
4.8250631442729555,3.4108799664744742
5.36900563919282,4.846788598766654
2.9521273857172083,5.9827997751442545
1.8831628710293398,6.957553782261219
2.5399333026251303,2.7402163441451366
0.5685316227097882,3.4262862363478717
4.644529135943225,6.476571215403697
4.184472429867796,0.821998834055431
5.00214010597081,6.351784396697421
4.33166461355466,6.845620668696378
5.889915701805675,1.3108761363332437
0.8909767199023381,5.126872150761977
4.790413027274638,4.6731418910156375
6.506239138544213,1.0162597319743951
3.2222157039356483,3.1952037062736176
3.3924666110278165,2.155941637611852
4.836142547972187,6.803226574351117
0.569818777314888,4.532611319312974
3.3937870773919885,5.49833585780947
5.146302873946974,0.9015038557963644
3.0817288522433115,4.345831204789978
4.713462096544561,4.292078031008286
6.542176008293909,0.7252537844335379
3.9121270461453865,6.328259186059482
6.575384951830227,2.819544686401204
0.6202238218448279,1.3468094629670007
0.15900564874031575,1.878167095684022
0.4355653971048815,0.07262596938808674
6.356988363037116,6.064538278471435
6.0706819025146785,5.02570677793935
5.117242781865446,4.672694912643698
2.9593415497908184,5.248861908325481
1.9726173183260296,6.7612618428634725
3.8524969848345805,4.518225282457861
4.930340096812509,1.6681696542113973
1.9131711583707394,0.3497986933488739
5.953352077387458,0.25355340749107713
4.479211744972845,4.363547528099514
3.3836550142223416,3.3692363328312385
4.7889265882592555,6.431208991231721
3.3398601102589973,2.405890585787863
0.46718900167622324,2.111155449790069
2.9108409515650546,1.9256608231582029
6.242283659035691,5.828652200578614
0.7419431512015718,0.07832947596418449
4.624273608011921,5.732528951959531
0.2777937139086951,6.236851356669762
0.8291577211427834,4.710114260977849
2.1381303511758185,2.8953326023819965
5.393844739983701,6.101104190594932
2.3381394737710037,5.065376058617117
5.928535029733023,4.774797227031785
2.819397304086822,3.446065910224469
1.1681266749899644,6.023609668579666
1.6420959001472384,3.495115216026223
3.6400133603360922,0.7699338756785602
4.285361804740781,6.844352151697292
3.090772626866883,3.8468319234704196
4.9841500436408595,5.094216733914583
3.396405687151563,1.4280917491715306
1.318706468125026,3.2643722231067733
4.723524278914891,5.329486709913056
1.502078835119504,6.009257413171712
1.952614813057226,4.565017086644078
6.765115940832354,1.0298667690031764
2.547882680407792,3.8991487232870896
3.2299799193053023,1.467631845475349
5.5614198737017215,5.674394728831714
0.2874717379927906,5.134642476123654
0.5004317877527993,5.760203775128887
6.014632585535658,3.431063476858542
1.744185160781625,2.4473535863376004
2.940946185218551,4.887533509469811
4.33711403888996,0.3105069952323706
3.7692563192889876,3.4262373454686434
5.5537689625374345,2.3890492456255834
2.712152547291635,3.393527347719655
6.270223158111121,4.669572118014925
2.812658410918647,1.5802793590075306
3.555727994526759,5.632144061699313
4.456078401197111,3.841505409576609
0.9435088700721492,5.975621226469296
5.853123184960093,2.9509944637663605
2.2745116326615076,3.006074475722703
6.2272127378321205,1.445296310325032
5.190701280379611,4.842023204686438
1.9404050443968202,3.6079638311606805
5.977977556585865,0.6519738737623773
0.9315013976447448,2.5264064143460523
5.022715024725217,3.2181438301396854
0.28637332128875315,6.623907790450848
6.15597577136207,6.931729126126049
6.180142926602317,2.2307399354069593
0.8409144728183536,4.235555773363096
4.530731261307678,4.414205585639684
3.352517278289407,6.730183690111642
4.531356498320249,3.56191300789985
5.062867891457764,3.1263474597101277
6.742860655567831,1.358371162182829
0.7515542082900012,3.687993387818028
5.494339672184953,4.6188599745021355
0.6483551242808829,6.310326626311665
4.677079073031183,4.219542872708795
6.587428976511381,5.376259989023088
0.7393902951110425,0.9547779538398795
6.575262666848957,0.3723154048775068
1.02756790356845,4.925317075320474
6.62598084178247,3.523205571108679
4.94065776249438,0.6027975768282413
0.33813203839622363,0.13409275832268186
0.31802426252831895,6.828329007503063
0.5504420649608036,2.873227731410321
0.5056057540392235,2.275538139670294
0.03678726064183735,1.6881897417548255
1.2892529270515167,2.610463859678521
0.16639818275612128,0.5090873287567045
5.319316660943586,4.472796190584165
1.943657601481522,2.7709960798036275
5.742639634613584,3.717459819667986
0.1755835659649685,2.537664812795922
5.194498233260798,0.8566110588380393
2.2067237545036393,0.1052463057257943
1.136892171431258,0.43102253207826124
6.9300626504445555,4.479645122748338
0.3390978494099526,4.33687732212218
0.30740541989445913,5.384743261264628
3.3211410598233666,3.999651305643947
5.921365880666792,2.6304256514909645
2.9104016803102213,1.0220233035132091
0.9507551610827123,0.4190862211909975
5.142935024313833,6.1968250483612755
0.35529532773553063,6.652777263675667
2.1541916115372124,2.8607539385988647
4.550014978454022,3.897363062659224
5.922836313517578,4.929267245512286
6.903848739997271,2.353511574959479
0.3543857248436838,5.028241799393172
3.0684258748817195,6.27136298352149
2.78107274300858,6.015967626851888
2.538978473896164,4.804073974535546
1.5386797665923713,3.6698802270941653
2.2469918294857725,0.16447064523931187
6.5496998989917,6.530258541154267
4.5325055295036645,4.530544692697548
3.233940171069146,2.298465225248744
4.44386600942493,2.0218931337165396
5.81848003525676,3.0470026626812983
0.31683944245973916,2.8940539887499765
4.626145830471024,4.572370585077165
2.8072234576664528,3.598920492855095
0.4041186919142141,4.782707630260743
0.6315371808154261,0.9478940894277259
4.412972446143081,5.887623579419819
2.2510983249584333,2.289007871523571
5.864457851486439,2.8439442644193202
3.4385899022314352,4.128082878421307
4.5272356888342085,2.1010241105298686
5.530334028921132,0.16071930744403673
4.797272681251442,0.4583833408793677
5.093238343554567,3.437789930927285
3.5259246847174044,1.305558782097466
0.648451041275398,0.5321594192811163
0.7808764997187918,6.181771086121814
2.353448603042829,5.5146485232462314
4.808176333372773,2.01593384728449
6.547180809084596,2.5837058282395504
4.824195831476573,0.4270919076151882
3.862369532851791,1.0799870303410728
4.76471337598233,2.9980994375271837
4.708357414797832,0.05391187353918514
4.951521101438709,2.1324451146118855
2.499948477194118,3.9392777345235874
4.071658266750898,6.151478911967158
3.308080149060765,0.2943110718795079
1.6480674817921899,0.16998238398125776
6.505715159995527,3.255293865625732
3.3283601084474244,3.524067592524921
5.949277390160035,6.961851067635494
0.7887451013246363,1.4804281689416148
5.858697791993313,6.088008521993492
3.695831298499508,0.7487914522698761
5.429742747785248,2.3442077595328183
3.5943093530075814,3.9205778398194004
1.1900870116409497,1.9806023211881705
1.6466727180192025,6.288344936486601
3.2782272629905056,3.429109833614289
4.432346168215803,3.496042039344796
3.810428238176699,2.412557929960861
1.74474689025502,2.06234503652881
2.7293982933785053,3.037565925645646
4.719840165032069,6.041225930463877
0.3237659673540436,6.932546826902789
2.314862116672632,0.0705395167826457
6.230963677886308,1.2268092921471956
2.2900025259115404,5.43411032612839
4.99233988915986,5.010312572023303
5.616757943752468,5.891758237709439
2.8686063384807703,0.7663368717043464
0.23151820003880752,2.1341484003756115
2.494060853485659,4.065489205611748
5.898930109114964,6.215738103096076
4.09395549879812,3.1677979195915067
5.368549994410605,5.282134353487001
0.13228238428186923,3.313072936897756
1.5402259670174623,5.76772304684568
1.3481281406680323,4.508275563937421
4.23810851927535,2.816539725841267
1.1970275637583392,2.6771075437255227
1.9051420886014043,6.928934705143597
3.2317866266559743,4.40040678390952
3.665040590885434,0.045735199285985684
6.3300790501241355,5.216691230459256
5.434072335548772,3.5565505174579077
5.88548425339544,2.2613455958511546
6.999889874764616,4.117065083605004
0.19710561474541155,2.575096198782313
6.877461600491664,2.0359496197255877
3.0431502866647318,3.745120644215625
5.408117461145604,1.2470199439171852
0.8174938769026179,6.780472549412671
3.180293339944892,0.3467237788941203
1.9813590698587817,6.237847121231732
2.124213528468566,3.1715531009525018
2.0317175735954627,0.011465447552360897
4.912087635246293,4.021680246195615
0.10731690373676395,4.443072991959361
0.16496693374397908,4.838865700133189
2.2310113330462267,5.17260973868448
3.260379883491876,3.873133948531508
6.798942063461083,5.453718825834833
2.1097874795926,0.49836938894589855
2.2711989494598317,2.088752650469333
3.7916444391473383,4.599458360478947
4.466573801811245,0.48201375520744805
5.719577664511045,3.5476924303410797
3.2794964720020996,2.674326571696387
4.391204051762879,3.915298122910749
4.319420851363086,2.9772938597688845
5.9130803228123945,3.1038806168171575
3.939310150459109,0.3558507877267447
2.534484487878235,0.8778871693726369
3.99838875754811,6.53239122182231
0.6522372317477101,4.147643938978532
0.2876387466404001,5.483374626820076
3.972388548404783,4.669255912414622
0.35111282791639953,0.9403336634721498
3.8842823869181844,1.6601250901646867
1.6612121481126696,5.560359005266398
1.6372297397025104,3.5982049518201413
1.8868495299255743,4.056684845091371
5.451833577904522,4.285721917818115
4.519758599724554,6.332864638235611
6.97943464697658,0.4501488122533732
0.9337498055259769,5.55929400673565
3.944676320769407,5.037964190876045
3.2455012385548097,5.028795689048409
1.939766505663219,5.415488006189527
0.6866156782009425,2.3643394211674433
2.4329324397826335,2.605440637005365
1.333140710563023,6.51086794908592
0.5186419110564476,4.172883933558236
3.368312848549004,5.362975213947311
6.680245656746583,5.057184108036882
0.6516700812797009,4.220171552044965
3.4998367774655543,2.2221249942687176
6.820873089644894,5.097731615395511
4.570414354130465,2.779822906316881
6.592008290183596,6.3219311206931215
2.688516146355528,3.9157972879057525
5.258078518658157,5.675784242770549
1.276622142905543,0.5140430978853392
4.764855966784074,1.5363455475471899
0.4807244172560846,0.9444559981438244
2.9301964702589567,3.2612234456189637
1.6804882918440507,2.7002824050825827
1.8028726881257975,6.485912468425662
2.994815930663278,0.4890266008614331
0.7440933782355487,5.343020407465764
2.269980322921219,3.7828722195977154
0.6168957758149483,0.6495855876108723
2.5849191182709848,3.266356775540306
6.818983588653797,0.19490385437875724
4.369389442854642,6.598223719980861
1.4868612156058472,4.352980905793512
3.959279242631589,6.8710311270309825
6.41284165781329,3.5850352685229803
4.942427168106655,3.190556843018546
0.8590434552693537,6.2817967380444175
0.9912051906658973,2.920165458004895
0.7555630671864122,5.889291412513312
6.494369754458841,2.680384316967749
0.32601652889991495,1.9776661078330617
4.220573121635559,0.6053251097326227
1.5664317742555465,0.40115694349787523
5.075337903659971,2.0587523843460924
3.5118995474459505,5.9859313075620015
3.3921123235528823,3.2875815089032043
3.2541465503628535,6.942561271875752
3.601237502401161,5.84517779414922
1.1376311033125681,4.704100574065184
3.8236085256255845,3.185277361798437
1.5936485683777837,5.870190564680199
1.3475908201649067,3.4582890795238717
1.323270477286977,4.1419308115020215
1.0812214403127203,4.704202717956671
0.8771480934160089,1.5280890232516096
3.5600838286203675,5.9639122486431315
3.154065265179149,1.766744875556002
6.034038302623943,1.2303292296312414
2.1563599938252596,5.124822217450429
5.083355280017719,6.4773176070100105
1.068642454680214,0.648263970801842
1.5887886098984276,6.607191688935949
4.53874269550579,4.3052301991994275
6.412529930374732,3.2158014827187316
0.004477764266527462,4.575355039538173
5.379588387752003,1.2489255661475132
6.310625167392697,4.330592169469127
4.365676904366258,2.042859501237069
0.616946061304842,6.905726989399039
5.714263669032871,0.17089051944077516
4.893048690576009,4.887964291929121
2.6033325444227273,3.39306356633715
0.40133415017335017,4.304476243366029
3.539628655552384,2.8360221938461514
5.5677746084637265,4.15374086927665
2.715042258660275,0.7749959475447157
6.1549982618395855,2.723436063545522
0.9245555185707748,1.9200094101847696
3.012960514555129,2.2217456507409237
1.5224989952028234,0.5334210270343293
1.5308082415734505,4.286830498625989
0.6588433292428573,2.1553407404412726
6.860380835630002,0.08415941741208499
2.2962000220091996,0.03797646796959775
0.0645272618230246,3.772812358432625
0.39551378733027376,2.0923034408402628
1.4756643712724693,6.669279073289772
4.700343629647363,6.958333629818355
0.6409869450413344,3.095590988969325
1.5062322325935615,1.305720941848299
0.5686966838372064,0.10297840721659346
1.0332981491474253,0.8701522307447563
2.3009287168713017,2.9607489493906334
1.8979443027442024,3.8752198062629692
4.92872736384252,4.885600062258879
0.8520350055746363,4.090155376623042
5.6590137450342315,2.8281135178726178
5.0058534805995825,6.743204892640737
3.8611089040988817,3.5617745441527515
2.7134364823536554,0.9597596574341286
3.351634280793183,1.1829795951268856
6.135540459444156,2.2176148700958342
1.18638553463874,0.9637605790602495
2.947594708745668,6.224454504721993
1.6918981468240752,2.076218360864033
1.850803837070497,5.915348501022747
0.5981409117404993,2.823981850652353
6.6968390583915385,6.442808274109302
3.6568310787049585,6.578563626783951
0.3222379560875297,6.543032839894331
3.6042159520012023,0.41436531676687804
0.907375728671544,1.8950350427108107
4.834055329453279,2.251016916343385
1.8590331596423688,5.791839625345695
3.228682900548216,5.110514685792892
0.34384038558152374,3.344772189512317
3.1466268796340087,0.7503490555991733
4.931456394466246,5.408778531395069
5.478924880943352,6.680349091109909
4.022195614265299,4.310716424436531
2.928646134536601,0.7076618503216222
1.0740183584105494,3.208085424029828
6.279777036577721,5.808538224353779
4.725468601470562,6.712522631009909
1.1398317040349577,2.4618489497584024
1.0144504758775423,4.224708492002618
1.897388918299305,2.577311141458557
3.132777200791958,5.987139409451892
6.09105873337989,6.205092288367332
5.379394320110235,6.952721555008148
0.03951129884715854,4.314291552369756
0.5021036946342009,2.044066614882476
4.957459597131145,5.185969082372459
4.35549632421275,0.4953950823943516
2.8401676714206916,5.647757646304441
6.827145231518654,4.6630535397246025
4.357568461474674,4.476674016159355
5.530883142928324,2.8359212303956647
4.296414782831189,5.756083716023228
1.2890434142363856,1.0056626800686472
1.2471799622049389,2.9547503312470798
3.5593393054452793,1.8558769541497413
6.648872773054838,1.475029478493732
0.03127315379202267,2.798809704883456
1.9094183053613096,3.8101122012138484
4.245480680304488,2.6829299714128023
3.7434051510339237,4.020630977233675
6.161978354588567,5.29733790745819
5.253278881219195,0.5145544031160061
0.4824721028305107,0.9100467484583848
4.709178204796548,1.5562920097255162
4.512216123933532,0.6094140215647209
1.6619749009789813,1.7950017678521428
5.407959696366022,3.3538200774883276
3.3016974385063467,0.5491571712168997
6.578657853291869,0.8405231785246823
3.9100705115238066,2.3137284513597947
1.0785570868180239,0.4709122232479339
2.2018310050486933,5.495334793035088
1.3059694178981665,1.3165755324224726
1.9477138571674786,5.269514392153506
1.5316882211381297,2.780151896746429
5.190795061273416,5.972893708454448
2.4012902584857816,4.509881370414127
1.288228983769746,6.11334647735968
1.5632136704664903,5.701113332466479
2.367446786681933,2.4022064375292027
0.3787517740080084,6.527807996287826
0.5619309492604484,1.2800332531394867
3.766109878520112,2.581873595306764
0.5114524578242163,3.736734827725165
0.3250848040478441,5.539949692402345
4.386588057924329,2.1676896329834796
3.506593447127491,5.565575662193855
1.375533860962595,0.1257644313828119
4.75642448175614,0.44063363246436216
3.204339920935487,0.5421998770421441
6.9607522945429,3.845092133076623
2.6293389461567407,0.7628499631483197
1.0480237882434627,2.358679162244308
1.8485134791947817,3.525337124015158
0.48942477232938064,3.53659431211108
2.5505305224858295,4.793884882281282
1.355270982674512,0.386145011902972
6.01014744675204,1.6391583698767391
4.036640476613318,4.304566394146939
3.653733631324323,4.1590396768967
5.368658371903409,2.039540243135165
4.418630467395026,5.571338265997077
2.733195311913396,0.16207917100296798
3.2059455147440743,2.754812974433535
4.44344228771082,1.952288033136707
4.958553813497871,0.7435691402141719
6.094308781979658,3.5249223515187893
3.9566037367851896,4.729288965116587
6.449762625724058,2.8797811376012414
1.9331262695713696,0.4812523108150376
6.229553363976067,0.4580188915153428
2.6987376398562763,1.5767210247335375
5.398872604499231,1.9307162460862752
4.214567572823958,4.597067659834678
3.665309724723117,1.251177990927232
3.683216753021391,0.5813551198509859
2.68820800509681,3.257316633606167
3.3404855269005087,2.858901280523526
4.33257913627892,6.585624307982492
6.9360699903313225,4.339137422444889
6.839496882522226,2.8247716048215215
5.220344353303526,6.2220437775302155
4.248459368340614,6.694687507120101
1.106809581713421,6.769996369867414
5.861899097281847,3.6449881041409893
0.845640941281394,3.7451496873032935
5.19675886490595,2.7458224211864226
4.401258679818191,4.264507711797367
1.6436216726841737,1.893930043905125
2.954734123842022,0.14469112811078044
2.222477785023928,3.060702610785431
1.0888984188145399,2.7917700628421764
4.9663683728535535,0.8793427927107689
6.709034000583351,2.1153375432287063
5.868293967902699,4.5616507643651945
3.3612591948651804,3.6366061614761955
4.081862383940331,4.847835759539179
5.582465173583068,2.3806305762130546
5.8892167624662175,0.3117326932438611
2.9574993228507567,2.666188053248069
1.3495197670957533,6.653931129055381
2.7217651296801684,1.6271672462389306
6.078517834144092,1.405984067386735
1.6131523298211485,4.400617777258031
0.17237909453081768,1.4493129766127866
2.1756021318039904,0.5968454064772899
2.493537562494022,5.97853085125413
1.531707886270393,5.416850095565483
5.647121358991553,0.6983745970627654
1.544965743659961,1.0946361411813519
3.1783009765741443,0.8355951531904806
3.8580398975275547,1.028253090058556
6.279817451869588,1.7260523742115332
6.816799051346614,2.370727544192573
1.0814294003465654,4.883643886739749
2.6842245866581127,4.267051808033079
4.248801032509494,4.7060555541892946
4.487766800622397,0.3547353360174341
6.232586245054685,4.148858129769631
1.7429675887722522,1.5111338951348507
0.062419071928952796,3.84687355084783
5.905412930524001,0.7607797539526433
4.002148163101786,2.1651938044432266
0.7812065030045438,4.36100334357258
3.536893578868929,0.023012564962189175
6.721899789856928,2.085006454161849
5.7194523469136485,0.6773148918360116
4.645010484697696,4.539586342252421
2.0453034493874944,3.519175324943369
3.7517719145769206,5.6863785254063615
5.795286705885962,1.412630637001403
6.359631803273126,1.6456963256522605
3.3538510813871687,3.9740608629495897
2.0493812852954107,2.7822097197198006
3.0450314159835927,3.9715504035284814
6.360109825706004,4.095401580209832
6.798049772674887,6.639018307238102
1.9426121295938508,0.5604432656595504
3.72447804210009,3.1898766903680884
0.3156689630428151,1.2709906731513456
1.674296522757161,1.3633203330391488
1.0996226324354201,2.743825748867733
6.993670863213065,0.5589925594357178
0.24120495212198678,1.8627747298767259
5.3136730926203075,4.5004614618408
2.247673075654319,4.776153663839192
2.948098788302418,6.880800429882714
2.6657780631094967,4.055207832461569
2.372179657004325,5.255064055507382
1.1826340978652634,0.3647749433673355
2.9154102013344514,0.4989117295186274
6.410401510937098,6.574831288994908
2.7628105460778216,5.5918156850034375
3.207209320162796,2.9019107981167664
0.7240847877708769,6.879102414574262
5.6400875737417815,0.9161502755998925
0.7265059704903872,4.225553262835078
1.8148658334840444,1.788296420704305
2.0970708662538127,3.0207590405490774
6.331456527010379,1.7556427847799183
2.229220806384859,5.872419027950082
6.558229823180678,2.557903305400674
0.8879094238612641,2.5950950605578598
5.820330047683446,2.9382122788030283
2.284250366684578,4.542651485887688
2.3847017577205105,3.7228369512137
4.076628950815303,2.8238351212910073
1.8938708530987678,0.7780829460787461
5.734972230607019,0.7203290565302973
6.5290709304768715,2.0191927323171837
1.1515322001342088,3.9314222231058347
5.237555214259102,4.3680863013970335
0.1783091035050075,0.6411385230768363
1.8370300743214911,0.27375312765685156
6.822659106082971,5.358407812299893
6.1809033868957455,1.8725293835697452
0.10026038736243914,6.358219165541764
5.812556052567768,3.2573545580776297
2.8620416213314783,3.482999396998094
3.2857622938555426,3.408807635286377
4.815586513581188,5.325887071989094
1.8048094090486537,0.578483418499223
1.4810533042961902,3.8354771388974567
2.733652775801565,0.43219344235925483
2.575665797707652,1.543944493807534
1.0606261473500118,0.02511852694054395
4.6491078513532775,0.16198548879325703
5.3365133542479155,6.380373886818425
3.1902815476041053,2.5003928488994585
4.249919994079194,5.041345364202416
5.877306630036792,4.71722347838594
0.4171237766273037,4.1462326615877245
1.520055813795096,6.862574936210687
2.7502526081665812,2.8434603560303273
0.3512908416170172,1.681397519385635
6.982392926592421,1.5940698702562202
6.17020365784525,5.2259941028803665
1.2627003443186027,2.543657026746289
4.902370345231803,4.508771879681932
5.795294620202645,4.250558268662528
4.1036478383371175,5.932937502189401
4.8464641158141815,4.036225363630534
1.147599001468817,2.67487331639828
1.6633180251986883,4.741363652162313
5.710218344170286,4.546863320017588
4.094787417035619,1.311273193191723
4.648656336075938,6.330389781935927
0.9256932448061326,0.6653355256771725
6.6285485242041755,4.9829074331707695
4.016281344465648,5.92358111627362
6.459705806873976,5.978551631650487
0.5009469685964179,6.439053306354611
0.18633388794792116,1.1053941615546476
0.9240973288769415,6.165732618403291
1.9038143867810453,5.516897383298393
0.14589741330677786,1.2763374877034552
5.8061797594093125,3.267205042290731
3.114332126034883,4.335701214084921
2.5742970295813854,2.0893905586712975
3.306733620254419,1.88970278994706
2.0707507859846883,6.07167973683612
2.2198193145165686,2.480498519163448
0.35727671906223446,2.0215988796801687
5.277254441109864,1.7290273345563527
0.8505607260935252,0.6258248562051401
6.009615849351815,4.260968178947713
0.20879723118017324,6.180947994968681
6.1053954884379875,1.9056013652920076
5.148982504331492,6.427947678613143
1.1255614357861994,4.747434487337538
4.524629677085292,1.8399508534656237
4.372706282844508,1.1237739253979875
2.465571798604893,6.423154440148547
1.5273245879069057,5.777719639961357
6.68315358631668,5.487653588411922
3.1724859505209464,6.99978452960737
3.6482865337267807,4.896925692670282
6.408671900383735,4.6581675616813385
6.4219380867877405,6.109625729210497
0.6891896095140256,4.909840499964431
4.7458106467375085,6.956865771305727
