3.5,3.5
3.016321612311154,3.5286890047328416
4.3782722319410095,3.5436218844270897
4.059434259576086,3.9747264463572387
4.059434259576086,3.9747264463572387
2.193932037497657,3.3442679491318943
2.644101102472481,4.115720296313746
2.644101102472481,4.115720296313746
2.0241710063423253,3.14241680357257
4.123158162413224,3.9001818067255813
4.123158162413224,3.9001818067255813
4.123158162413224,3.9001818067255813
4.123158162413224,3.9001818067255813
4.353836052720402,4.525710046064611
4.353836052720402,4.525710046064611
4.353836052720402,4.525710046064611
4.353836052720402,4.525710046064611
4.353836052720402,4.525710046064611
4.353836052720402,4.525710046064611
4.353836052720402,4.525710046064611
4.544428244311395,5.020678207476956
4.544428244311395,5.020678207476956
4.544428244311395,5.020678207476956
4.544428244311395,5.020678207476956
4.544428244311395,5.020678207476956
4.544428244311395,5.020678207476956
4.544428244311395,5.020678207476956
3.7456653594549127,3.269143908753013
3.7456653594549127,3.269143908753013
3.7456653594549127,3.269143908753013
3.7456653594549127,3.269143908753013
3.7456653594549127,3.269143908753013
3.7456653594549127,3.269143908753013
3.7456653594549127,3.269143908753013
3.7456653594549127,3.269143908753013
3.7456653594549127,3.269143908753013
4.983676157496972,3.362350612617881
2.9686716718038073,4.88317988031887
2.9686716718038073,4.88317988031887
4.2231572422902035,3.33501088826292
4.2231572422902035,3.33501088826292
4.2231572422902035,3.33501088826292
4.2231572422902035,3.33501088826292
4.2231572422902035,3.33501088826292
4.2231572422902035,3.33501088826292
4.2231572422902035,3.33501088826292
4.2231572422902035,3.33501088826292
4.2231572422902035,3.33501088826292
4.2231572422902035,3.33501088826292
4.2231572422902035,3.33501088826292
4.2231572422902035,3.33501088826292
4.2231572422902035,3.33501088826292
4.2231572422902035,3.33501088826292
4.2231572422902035,3.33501088826292
4.2231572422902035,3.33501088826292
4.2231572422902035,3.33501088826292
4.2231572422902035,3.33501088826292
3.758091246115439,4.148493893122594
3.758091246115439,4.148493893122594
3.758091246115439,4.148493893122594
3.758091246115439,4.148493893122594
3.758091246115439,4.148493893122594
3.758091246115439,4.148493893122594
3.758091246115439,4.148493893122594
3.758091246115439,4.148493893122594
3.758091246115439,4.148493893122594
3.758091246115439,4.148493893122594
3.758091246115439,4.148493893122594
3.758091246115439,4.148493893122594
3.758091246115439,4.148493893122594
3.758091246115439,4.148493893122594
3.758091246115439,4.148493893122594
3.758091246115439,4.148493893122594
3.758091246115439,4.148493893122594
3.758091246115439,4.148493893122594
3.758091246115439,4.148493893122594
3.758091246115439,4.148493893122594
3.758091246115439,4.148493893122594
3.758091246115439,4.148493893122594
3.758091246115439,4.148493893122594
3.758091246115439,4.148493893122594
3.758091246115439,4.148493893122594
3.758091246115439,4.148493893122594
3.758091246115439,4.148493893122594
3.758091246115439,4.148493893122594
3.758091246115439,4.148493893122594
3.758091246115439,4.148493893122594
3.758091246115439,4.148493893122594
3.758091246115439,4.148493893122594
3.758091246115439,4.148493893122594
3.758091246115439,4.148493893122594
3.758091246115439,4.148493893122594
3.758091246115439,4.148493893122594
3.758091246115439,4.148493893122594
3.758091246115439,4.148493893122594
3.758091246115439,4.148493893122594
3.758091246115439,4.148493893122594
3.758091246115439,4.148493893122594
3.758091246115439,4.148493893122594
3.758091246115439,4.148493893122594
4.602239942849915,3.0308740858143035
4.602239942849915,3.0308740858143035
4.602239942849915,3.0308740858143035
4.602239942849915,3.0308740858143035
4.602239942849915,3.0308740858143035
4.602239942849915,3.0308740858143035
4.602239942849915,3.0308740858143035
4.602239942849915,3.0308740858143035
4.602239942849915,3.0308740858143035
4.602239942849915,3.0308740858143035
4.602239942849915,3.0308740858143035
4.602239942849915,3.0308740858143035
4.602239942849915,3.0308740858143035
4.602239942849915,3.0308740858143035
4.602239942849915,3.0308740858143035
4.602239942849915,3.0308740858143035
4.602239942849915,3.0308740858143035
4.602239942849915,3.0308740858143035
4.602239942849915,3.0308740858143035
4.602239942849915,3.0308740858143035
4.602239942849915,3.0308740858143035
4.602239942849915,3.0308740858143035
4.602239942849915,3.0308740858143035
4.602239942849915,3.0308740858143035
4.602239942849915,3.0308740858143035
4.602239942849915,3.0308740858143035
4.602239942849915,3.0308740858143035
4.602239942849915,3.0308740858143035
4.602239942849915,3.0308740858143035
4.602239942849915,3.0308740858143035
4.602239942849915,3.0308740858143035
4.602239942849915,3.0308740858143035
4.602239942849915,3.0308740858143035
1.223623252294967,2.9625169657111057
5.019331266717644,2.2513218031552378
5.019331266717644,2.2513218031552378
5.019331266717644,2.2513218031552378
5.019331266717644,2.2513218031552378
5.019331266717644,2.2513218031552378
5.019331266717644,2.2513218031552378
5.019331266717644,2.2513218031552378
5.019331266717644,2.2513218031552378
5.019331266717644,2.2513218031552378
5.019331266717644,2.2513218031552378
5.019331266717644,2.2513218031552378
5.019331266717644,2.2513218031552378
5.019331266717644,2.2513218031552378
5.019331266717644,2.2513218031552378
5.019331266717644,2.2513218031552378
5.019331266717644,2.2513218031552378
5.019331266717644,2.2513218031552378
5.019331266717644,2.2513218031552378
5.019331266717644,2.2513218031552378
5.019331266717644,2.2513218031552378
5.019331266717644,2.2513218031552378
5.019331266717644,2.2513218031552378
5.019331266717644,2.2513218031552378
5.019331266717644,2.2513218031552378
5.019331266717644,2.2513218031552378
5.019331266717644,2.2513218031552378
5.019331266717644,2.2513218031552378
5.019331266717644,2.2513218031552378
5.019331266717644,2.2513218031552378
5.019331266717644,2.2513218031552378
5.019331266717644,2.2513218031552378
5.019331266717644,2.2513218031552378
5.019331266717644,2.2513218031552378
2.782743959636167,2.631019282256641
2.782743959636167,2.631019282256641
2.782743959636167,2.631019282256641
0.7759193983192614,2.6940075321649113
1.4176575027203033,3.010890974890926
1.4176575027203033,3.010890974890926
1.4176575027203033,3.010890974890926
1.4176575027203033,3.010890974890926
0.3252577638941412,3.4816176043033367
3.961248203773234,4.5661055583883305
3.961248203773234,4.5661055583883305
3.961248203773234,4.5661055583883305
3.961248203773234,4.5661055583883305
3.961248203773234,4.5661055583883305
3.961248203773234,4.5661055583883305
3.961248203773234,4.5661055583883305
3.961248203773234,4.5661055583883305
3.961248203773234,4.5661055583883305
3.961248203773234,4.5661055583883305
3.961248203773234,4.5661055583883305
3.961248203773234,4.5661055583883305
3.961248203773234,4.5661055583883305
3.961248203773234,4.5661055583883305
3.961248203773234,4.5661055583883305
3.961248203773234,4.5661055583883305
3.961248203773234,4.5661055583883305
3.961248203773234,4.5661055583883305
3.961248203773234,4.5661055583883305
3.961248203773234,4.5661055583883305
3.961248203773234,4.5661055583883305
3.961248203773234,4.5661055583883305
3.961248203773234,4.5661055583883305
3.961248203773234,4.5661055583883305
3.961248203773234,4.5661055583883305
3.961248203773234,4.5661055583883305
3.961248203773234,4.5661055583883305
3.961248203773234,4.5661055583883305
3.961248203773234,4.5661055583883305
3.961248203773234,4.5661055583883305
3.961248203773234,4.5661055583883305
3.961248203773234,4.5661055583883305
3.961248203773234,4.5661055583883305
3.961248203773234,4.5661055583883305
3.961248203773234,4.5661055583883305
3.961248203773234,4.5661055583883305
3.961248203773234,4.5661055583883305
3.961248203773234,4.5661055583883305
3.961248203773234,4.5661055583883305
3.961248203773234,4.5661055583883305
3.961248203773234,4.5661055583883305
3.961248203773234,4.5661055583883305
3.961248203773234,4.5661055583883305
3.961248203773234,4.5661055583883305
3.961248203773234,4.5661055583883305
3.961248203773234,4.5661055583883305
3.961248203773234,4.5661055583883305
3.961248203773234,4.5661055583883305
3.961248203773234,4.5661055583883305
3.961248203773234,4.5661055583883305
3.961248203773234,4.5661055583883305
3.961248203773234,4.5661055583883305
3.961248203773234,4.5661055583883305
3.961248203773234,4.5661055583883305
3.961248203773234,4.5661055583883305
3.961248203773234,4.5661055583883305
3.961248203773234,4.5661055583883305
3.961248203773234,4.5661055583883305
3.961248203773234,4.5661055583883305
3.961248203773234,4.5661055583883305
3.961248203773234,4.5661055583883305
3.961248203773234,4.5661055583883305
3.961248203773234,4.5661055583883305
