3.5,3.5
3.862259618421718,4.246018928291312
4.721686471111902,4.7460283886932455
5.211753745176999,4.6405518866413775
2.6865034692115,3.7175600220450775
4.130034541002002,4.195314326288879
4.126216206439749,3.1766206938947725
2.3339472077897065,3.896660250248458
3.289415613899139,4.462152505709836
5.326230745517668,5.428909228875653
5.585719311067845,6.027799630068203
4.582092494640052,4.8135991139902305
4.5410143711256215,4.929630713677335
2.110663768746492,3.585724600957092
2.6749727267353216,5.206078069960218
2.5995457063277465,3.1402688080451493
1.9438362361133419,4.583865611003231
2.4215969402708635,4.173616953197372
5.235342314616977,4.374889289427204
5.136637630855855,4.99360480770585
5.73092684471667,6.116458829074337
5.6458434128149975,4.4971771635032525
1.5225891743353284,4.2768157368901285
3.637141076582945,3.400058978907818
3.5995181777001815,3.3782433726984014
4.724327069389958,5.853229364793879
5.899750015537452,4.86630684592004
4.735506335316753,3.6570153306049114
1.1029199798132792,3.4098884741176496
6.418797155672555,6.4286968303947125
5.815070740597297,5.034495525242985
1.2633529304939186,4.802058917777311
3.779033509969361,2.8917652398856584
0.36449131979506366,3.564271916577443
4.450431544256416,2.871271321148995
1.6672969842327103,3.3943178169138135
4.214079423465952,6.00781422710176
1.5773336060319907,2.889102367536019
2.5770709668483547,2.581453332340869
2.2906366306861603,5.562637413269911
4.651449162794544,5.984657550471453
2.7879874766561983,4.670229168135354
5.796232181243798,4.389379922842927
3.425440758418031,4.994811590432181
4.2691337223566626,2.06892997818562
1.78683048433217,4.815143689348365
1.0578629699727942,3.7604463676629543
3.8047466082043933,1.513143629572172
1.4570895034655247,4.739635967012658
6.667117957255444,5.65512343173528
2.515822302858876,2.714127313870372
5.032860830740503,2.7672290786255296
6.433606773117354,6.530130357511416
5.330424999234035,6.067444005717313
3.865962562167902,5.119861805709294
4.810175416048163,3.284734421818058
5.87707800127355,5.666308194724387
1.2789860797076211,5.4425871557790435
4.723613219733563,5.508294323610023
3.3926920254363067,0.7307809833560697
2.5804903829613965,5.249102690820069
6.383970861246945,3.9383580139677616
0.7247678711935271,5.50623082205554
6.080564594825321,4.11346877812279
3.9581854920389845,5.863545885357215
4.029664984571655,3.2588354019113814
2.7299874233694075,5.367394991840352
4.601113523884619,2.1847186036975836
6.162837873755226,6.7289193867328985
1.8707000986775575,4.535411565321303
1.9589230494611116,5.408705593590951
5.746518727700643,6.523204224356181
3.884790262106217,3.114769460829983
1.2020152898973508,3.213323479211122
4.220117048257782,5.116106721346892
4.1361748004833885,4.607434058552057
1.6371782246298,3.291271997996675
3.3361893341919187,1.1311431836228385
2.8911607207782195,2.037871348543731
6.212379200588114,5.510924921158996
3.3499874855798932,5.3937454900371
4.547683924113457,4.977961910356166
5.126735777282134,3.5395701623986477
5.189985081867821,5.514501111924342
0.5614119238179336,5.149444279223082
5.8927735882322905,3.75531431568097
4.269706958363336,2.7173361043220368
3.338373479782474,3.9557456097717796
3.497679835955603,1.980337891561466
4.421861528541337,6.840880009461119
3.851740971964031,3.1244290242707295
1.2149562485833574,4.701412606414527
5.912794243578119,4.808958547274669
2.78241975569554,2.0029559587997148
4.571475718830736,5.131691726200271
0.8438689437112955,2.8468665225415184
3.361850620825023,4.412581730548464
1.3938740437076125,6.121787789349624
2.7923669063914516,1.3895995928339246
5.4845226568421515,3.1479847670274306
2.7071761500700746,1.1941589577248168
3.757836297036782,5.756094762559939
0.5473480253605514,2.4337602001357004
4.703779553279968,5.466072646233065
5.142620953445595,2.9133999046255976
3.2954372494868553,2.1586574386608213
3.525835958544785,4.158409983096622
4.141240484211191,1.041451369702467
6.026007573747457,5.572647263368514
3.6436079917086492,5.7108223010850905
5.923237593683025,4.140446332870687
4.842933535540503,2.557065790026808
0.10386158006641744,5.1844378028180715
5.589913469163206,5.690009629890043
6.400199897022213,5.990075812503454
3.8159331901929194,3.9505967964671322
2.988832778088589,5.342080520637195
5.759738944364656,6.724695409513195
0.9422998158407466,6.923836642042101
3.034110337069773,2.699043923282919
5.040079810105415,5.760166193815959
4.913166700666963,1.9915547812493186
6.108840158666018,5.785285528691441
6.299951951366619,2.6680083369053884
4.736440688355717,3.62635440740409
2.574644482879019,4.421823137777765
3.673445600820903,4.330949182911648
5.4351317146754425,6.3274106143713515
1.255716953500991,5.297774325505559
3.5916056395252935,6.673567461699033
3.666022867249782,6.43209875245562
0.36017922970191685,5.984556858868712
6.928137580081007,6.763254203468385
6.449530579606652,6.239254592842082
6.947211895390741,2.9781581591546074
1.296306902464409,2.4472587462984894
2.7174067467235523,5.254693085968776
3.2463491130107984,2.9500307965690715
2.259229725782778,2.4275295303492124
3.9285061782696427,5.004343354846714
5.078305670167577,2.0791795636408397
1.9763070733469155,2.833786920811124
2.4514739871798232,1.794237669168275
0.9807080261457759,3.810223244069743
6.409538753083269,5.229469028779751
6.446678284563326,2.7651841819326552
2.7938000922302515,5.701572251576958
1.3394686218892429,2.4852809940047345
1.128551554932477,5.866884471372789
6.543347228092379,2.2431218468092027
6.3880337613482965,2.0875450517487066
0.35489099066529173,4.644452654173643
5.864833574377273,2.0942771888247282
5.5936778922356245,6.324388024096667
4.845593488314372,6.5518501340003334
0.8427027751648917,6.122596670636695
3.5265563373894366,0.5247252529209531
5.366978122818916,2.389294683439081
0.5281444782965382,2.0846040775337977
1.4771855189612593,2.820737167296374
1.415234968361907,6.731852456701556
6.450502512981913,4.22396504380542
6.770725047379414,6.428591485924955
6.860737388121841,3.3617521295568467
3.783731203586742,1.2369797576136596
6.49834524833085,3.295558117178415
4.235548364454054,5.6223441587877385
3.1285780889534784,6.956869476562014
4.040185654063664,1.6781445033851994
3.1346569686750883,5.435219239276758
0.3196050715499943,3.999331529260075
2.180357478504198,1.7156538046685532
4.276035719476714,4.7096565100449315
5.957956658566442,2.659079074133277
6.466384719860288,5.499833410652979
2.017763534547265,5.3527792357135935
2.99198497838975,1.4176361573138523
3.8206255670698126,4.753230038293729
6.366193367974812,4.768398598140543
4.019088156095314,4.708365942382287
4.1602468221471725,1.792959613981394
6.161473135605797,4.1461760931381
3.3316331597457784,4.995101239540908
4.924145527707619,3.2412330315645974
3.6279785453880864,3.6475810379190703
2.075867007544896,1.3302008076652863
0.1703929959160978,3.228797660745614
3.905086947066058,4.131547954594297
5.0787657320976844,6.73142158926977
2.2983937683987965,6.677840245400767
0.19410839195355511,1.340218413936313
1.1722583913230313,4.733886800778256
5.149433693367781,3.422434112030536
3.409084747810292,1.0460829411008317
0.6222778395622923,0.6183722082718461
0.46488094606108277,2.5796559367451666
1.399522192798682,1.2760729500488708
0.48906995935114883,4.8833232010458785
3.3739377123119474,0.5879369464703962
2.522582942978017,2.0740553864108744
3.0119116578292124,4.924407810730955
1.8060121997565068,0.9222515522005352
2.0238277278847017,6.004392567170444
6.023978244555722,2.9685573250652557
0.246742480616173,4.563728994014802
2.2258469040002273,0.5300423962588198
4.360627295283635,0.08515360755911683
4.865361825137504,2.912594362157317
2.7564765734763417,4.733837406259559
6.924640918273794,3.118888260627894
1.8662143270223788,4.789311957601822
1.6726608432372716,4.232615017131694
3.489639563602473,0.42886031124365886
3.212626345757826,4.322070881258899
4.776635909876949,4.250410584108954
1.0025128675748625,1.4923838938423049
1.4094273579228633,3.4888254344213054
4.69781275655287,1.9093185070657852
3.451073437966543,2.294700009708717
1.7539355267885082,3.8804390914955746
0.1867051505858638,3.835767225155995
4.978590668605971,4.162723608510895
0.7248455887366432,3.2740428261429795
5.168777010481537,2.367146159790667
1.6796094583485575,5.4564997591565785
0.5855355333103434,5.010937832717035
1.5555766647335645,3.022029862484313
6.674830264239152,4.601634147127044
0.3120293885544001,2.4011321375783274
2.9268117917410406,4.33814914535338
4.913323720329326,0.3075696208774783
1.1629960843049876,1.4755760599055265
5.64668601248795,5.125555868735161
