3.5,3.5
4.129454881951913,2.845757780100219
4.209691065314434,2.941644080270539
4.209691065314434,2.941644080270539
2.6133331514871863,3.1975087755871066
3.694683120646508,3.704694788186874
3.694683120646508,3.704694788186874
3.694683120646508,3.704694788186874
3.694683120646508,3.704694788186874
4.774310148719198,3.397509214557639
4.774310148719198,3.397509214557639
4.774310148719198,3.397509214557639
3.383041892894233,3.5195176200031164
3.383041892894233,3.5195176200031164
3.383041892894233,3.5195176200031164
3.383041892894233,3.5195176200031164
3.383041892894233,3.5195176200031164
3.383041892894233,3.5195176200031164
3.742818466655159,3.2918843121435692
3.742818466655159,3.2918843121435692
3.742818466655159,3.2918843121435692
3.742818466655159,3.2918843121435692
3.742818466655159,3.2918843121435692
3.742818466655159,3.2918843121435692
3.742818466655159,3.2918843121435692
3.742818466655159,3.2918843121435692
3.742818466655159,3.2918843121435692
3.742818466655159,3.2918843121435692
3.742818466655159,3.2918843121435692
3.742818466655159,3.2918843121435692
3.742818466655159,3.2918843121435692
3.742818466655159,3.2918843121435692
3.4104090378859158,3.7511499645191613
3.4104090378859158,3.7511499645191613
3.4104090378859158,3.7511499645191613
3.4104090378859158,3.7511499645191613
3.4104090378859158,3.7511499645191613
3.4104090378859158,3.7511499645191613
3.4104090378859158,3.7511499645191613
3.4104090378859158,3.7511499645191613
3.4104090378859158,3.7511499645191613
3.4104090378859158,3.7511499645191613
3.4104090378859158,3.7511499645191613
3.4104090378859158,3.7511499645191613
3.4104090378859158,3.7511499645191613
3.4104090378859158,3.7511499645191613
3.4104090378859158,3.7511499645191613
3.4104090378859158,3.7511499645191613
3.4104090378859158,3.7511499645191613
3.4104090378859158,3.7511499645191613
3.4104090378859158,3.7511499645191613
3.4104090378859158,3.7511499645191613
3.4104090378859158,3.7511499645191613
3.4104090378859158,3.7511499645191613
3.4104090378859158,3.7511499645191613
3.4104090378859158,3.7511499645191613
3.4104090378859158,3.7511499645191613
3.4104090378859158,3.7511499645191613
4.106118123207429,3.358022321021962
4.106118123207429,3.358022321021962
4.106118123207429,3.358022321021962
4.106118123207429,3.358022321021962
4.106118123207429,3.358022321021962
4.106118123207429,3.358022321021962
4.106118123207429,3.358022321021962
4.106118123207429,3.358022321021962
4.106118123207429,3.358022321021962
4.106118123207429,3.358022321021962
4.106118123207429,3.358022321021962
4.106118123207429,3.358022321021962
4.106118123207429,3.358022321021962
4.106118123207429,3.358022321021962
4.106118123207429,3.358022321021962
4.106118123207429,3.358022321021962
4.106118123207429,3.358022321021962
4.106118123207429,3.358022321021962
4.106118123207429,3.358022321021962
4.106118123207429,3.358022321021962
4.106118123207429,3.358022321021962
4.106118123207429,3.358022321021962
4.106118123207429,3.358022321021962
4.106118123207429,3.358022321021962
4.106118123207429,3.358022321021962
4.106118123207429,3.358022321021962
4.106118123207429,3.358022321021962
4.106118123207429,3.358022321021962
4.106118123207429,3.358022321021962
4.106118123207429,3.358022321021962
4.106118123207429,3.358022321021962
4.106118123207429,3.358022321021962
4.106118123207429,3.358022321021962
4.106118123207429,3.358022321021962
4.106118123207429,3.358022321021962
4.106118123207429,3.358022321021962
4.106118123207429,3.358022321021962
4.106118123207429,3.358022321021962
4.106118123207429,3.358022321021962
4.106118123207429,3.358022321021962
4.106118123207429,3.358022321021962
4.106118123207429,3.358022321021962
4.106118123207429,3.358022321021962
4.106118123207429,3.358022321021962
4.106118123207429,3.358022321021962
4.106118123207429,3.358022321021962
4.106118123207429,3.358022321021962
4.106118123207429,3.358022321021962
4.106118123207429,3.358022321021962
4.106118123207429,3.358022321021962
4.106118123207429,3.358022321021962
4.106118123207429,3.358022321021962
4.106118123207429,3.358022321021962
4.106118123207429,3.358022321021962
4.106118123207429,3.358022321021962
4.106118123207429,3.358022321021962
4.106118123207429,3.358022321021962
4.6064294209679195,1.9800664392867606
2.1211509314153667,2.8974006960788907
1.7512628856811507,3.3602895417251926
1.7512628856811507,3.3602895417251926
3.571437138596787,3.7417174449310666
3.571437138596787,3.7417174449310666
3.571437138596787,3.7417174449310666
3.571437138596787,3.7417174449310666
3.571437138596787,3.7417174449310666
3.571437138596787,3.7417174449310666
3.571437138596787,3.7417174449310666
3.571437138596787,3.7417174449310666
3.571437138596787,3.7417174449310666
3.571437138596787,3.7417174449310666
3.571437138596787,3.7417174449310666
3.571437138596787,3.7417174449310666
3.571437138596787,3.7417174449310666
3.571437138596787,3.7417174449310666
3.571437138596787,3.7417174449310666
3.571437138596787,3.7417174449310666
3.571437138596787,3.7417174449310666
3.571437138596787,3.7417174449310666
3.571437138596787,3.7417174449310666
3.571437138596787,3.7417174449310666
3.571437138596787,3.7417174449310666
3.571437138596787,3.7417174449310666
3.571437138596787,3.7417174449310666
3.571437138596787,3.7417174449310666
3.571437138596787,3.7417174449310666
3.571437138596787,3.7417174449310666
3.571437138596787,3.7417174449310666
3.571437138596787,3.7417174449310666
3.571437138596787,3.7417174449310666
3.571437138596787,3.7417174449310666
3.571437138596787,3.7417174449310666
3.571437138596787,3.7417174449310666
3.571437138596787,3.7417174449310666
3.571437138596787,3.7417174449310666
3.571437138596787,3.7417174449310666
3.571437138596787,3.7417174449310666
3.571437138596787,3.7417174449310666
3.571437138596787,3.7417174449310666
3.571437138596787,3.7417174449310666
3.571437138596787,3.7417174449310666
3.571437138596787,3.7417174449310666
3.571437138596787,3.7417174449310666
3.571437138596787,3.7417174449310666
3.571437138596787,3.7417174449310666
3.571437138596787,3.7417174449310666
3.571437138596787,3.7417174449310666
3.571437138596787,3.7417174449310666
3.571437138596787,3.7417174449310666
3.571437138596787,3.7417174449310666
3.571437138596787,3.7417174449310666
3.571437138596787,3.7417174449310666
3.571437138596787,3.7417174449310666
3.571437138596787,3.7417174449310666
3.571437138596787,3.7417174449310666
3.571437138596787,3.7417174449310666
3.571437138596787,3.7417174449310666
3.571437138596787,3.7417174449310666
3.571437138596787,3.7417174449310666
3.571437138596787,3.7417174449310666
3.571437138596787,3.7417174449310666
3.571437138596787,3.7417174449310666
3.571437138596787,3.7417174449310666
3.571437138596787,3.7417174449310666
3.571437138596787,3.7417174449310666
3.571437138596787,3.7417174449310666
3.571437138596787,3.7417174449310666
3.571437138596787,3.7417174449310666
3.571437138596787,3.7417174449310666
3.571437138596787,3.7417174449310666
3.571437138596787,3.7417174449310666
3.571437138596787,3.7417174449310666
3.571437138596787,3.7417174449310666
3.571437138596787,3.7417174449310666
3.571437138596787,3.7417174449310666
3.571437138596787,3.7417174449310666
3.571437138596787,3.7417174449310666
3.571437138596787,3.7417174449310666
3.571437138596787,3.7417174449310666
3.571437138596787,3.7417174449310666
3.571437138596787,3.7417174449310666
3.571437138596787,3.7417174449310666
3.571437138596787,3.7417174449310666
3.571437138596787,3.7417174449310666
3.571437138596787,3.7417174449310666
3.571437138596787,3.7417174449310666
3.571437138596787,3.7417174449310666
3.571437138596787,3.7417174449310666
3.571437138596787,3.7417174449310666
3.571437138596787,3.7417174449310666
3.571437138596787,3.7417174449310666
3.571437138596787,3.7417174449310666
3.571437138596787,3.7417174449310666
3.571437138596787,3.7417174449310666
3.571437138596787,3.7417174449310666
3.571437138596787,3.7417174449310666
3.571437138596787,3.7417174449310666
3.571437138596787,3.7417174449310666
3.571437138596787,3.7417174449310666
3.571437138596787,3.7417174449310666
3.571437138596787,3.7417174449310666
3.571437138596787,3.7417174449310666
3.571437138596787,3.7417174449310666
3.571437138596787,3.7417174449310666
3.571437138596787,3.7417174449310666
3.571437138596787,3.7417174449310666
3.571437138596787,3.7417174449310666
3.571437138596787,3.7417174449310666
3.571437138596787,3.7417174449310666
1.5454027917691828,2.1000364589942424
1.263243866068033,1.2252645553284012
0.639189070618131,2.278822257138298
5.180153421463855,3.0906674602448296
5.180153421463855,3.0906674602448296
5.180153421463855,3.0906674602448296
5.180153421463855,3.0906674602448296
5.180153421463855,3.0906674602448296
