3.5,3.5
3.1089860905728233,4.187213486732702
2.3277831023567184,4.404760147128554
2.614487150036561,3.534213867206468
4.360484570484873,3.220761011719552
1.9086603724933648,3.421525271385057
1.890126029588004,3.7388602940392386
5.08651957477935,3.892061979381447
4.145055207078524,3.878246555763477
3.4269134604817593,4.443661646568635
3.1254455735884603,3.923059690735955
2.775912044479716,3.439567821430926
3.1052297733879626,3.640840273843736
2.800937161773163,2.9423458902373616
4.106616812824319,3.023113356389801
1.444065775810539,4.05360353427481
3.440367026161062,3.778767576011174
1.7651374097933838,4.808320007778839
2.8724926388726217,3.7266260671963867
2.354801839276022,2.526985360116459
5.118379298129704,3.08385669574427
5.316482494299344,4.040036305693817
4.510547197956738,2.8867883487968964
4.456107474447323,4.340982141037051
1.5434719866253237,5.765077420499974
5.259963134334878,4.408967082895617
1.1951267515984063,6.576855299717421
0.9706407565849584,5.9332328135479315
4.305208525743576,3.398440613142552
4.27156099397007,4.165253347706896
4.944977129617816,4.36519910103511
4.87205987140201,4.433563769506292
5.7713280679328625,4.594280115831117
5.528554661224813,2.6262385911656203
4.361747850381575,2.415835302601187
5.399064982582267,3.805737363779893
6.514083594108563,4.131768154525022
2.8628062095185993,2.979962001748413
6.360749958495303,3.8621510703397566
4.869568787566715,5.250072850941446
4.346664564856447,3.7711719095639284
2.903189986128512,4.404426019506217
0.8403535272711764,4.662721901877497
0.608066808485804,5.640568044187892
2.6501224330766946,4.980446034160897
5.63721083127543,2.936850318166057
0.1469714826736529,4.926406725241257
4.729918432076957,4.254702107047515
6.672471995829846,4.293558773178702
2.7653591363507033,4.010988052534116
2.8494699445944396,2.4341163297427957
4.720073008736592,5.445642351947476
3.4565839825035494,2.4763134861984133
5.193951629181355,4.615643528983731
1.4532351709016798,5.203787157996372
5.5282103699223395,5.871459450412448
2.7252989260652356,3.688948840233188
4.101317649435851,5.512258966330354
0.4392397204979587,5.5739067644659555
3.6535217293895887,5.51736087839374
5.5223608055313385,2.6419852858169164
5.946577146872481,3.4866259324294924
2.5293872166197424,1.925097218756252
1.1593968983606997,4.632167992884659
0.4542407755416432,6.252709746583951
1.7301325046846023,6.714062076236416
2.4014867177384014,4.232526794407235
1.5020292292162616,6.951712798887694
5.107665352737589,3.7191749299592596
4.838948455091747,2.46930484456201
3.5476810067452904,5.282781393273093
6.06231249752859,3.0819364249147227
2.210383148791419,6.152973163959813
5.0055526705994176,4.493473844123377
5.8338377601458085,6.304174105109812
0.559872277470601,5.245557990721078
4.495613572685914,1.754237964474295
4.470172087089912,1.0373871189086674
3.497672418654607,6.024354830534944
0.3779491636941874,5.021079166784359
0.7479647549507895,3.7878632908909458
4.186669261286601,2.6046220119702808
2.991619361174352,6.6958738880999515
2.7094754777027275,2.977312679764433
5.780376034873859,6.182353881389382
5.34355174743915,0.9880563879563111
4.148544125209072,5.111793452605416
2.936553041421106,2.2297740991946093
4.491850217958183,3.0298382525264005
0.4510178038499565,4.515531238969599
0.1608884714557426,4.491687594871715
2.094474099931221,1.5030272987293745
2.625381901540553,4.098433746975115
3.7951795985789465,2.4641260190364114
5.699969397654627,0.727094977254043
5.079290078532896,5.658798143848212
1.7077330430828173,1.9052554036180944
5.4203593216133905,0.7528808372404907
2.955910537917325,4.422823138753518
4.083588892489831,4.102231485039424
5.703088774121643,4.137635781784542
1.2914662451472347,3.4002182583386467
0.33726194308425106,3.0560348327390723
1.7948589122880083,0.5721374344468256
3.505937427718179,6.06357501084145
5.184387060806009,3.5321491209557294
6.5848446441709765,3.5425240156376745
0.1119507788674966,5.581434339871589
4.346368962446052,4.515668974810341
4.812425819188009,5.165234058272597
0.21825336839555098,6.334233909623167
2.6458144561381873,6.093630212077291
0.6504870320675894,4.049952166602921
5.7458436516097064,0.37884077975633046
5.428535910293725,0.9483829549501008
0.3038075471281061,4.905280686074624
1.03839803980214,4.580055845797199
5.4979193970827644,3.4740931230840424
2.39746494022477,0.4778115104912172
3.5410816382280723,5.722557987266993
5.1760752288992276,4.3778867963000785
6.490575406312151,6.177882850365881
4.614809469230114,3.8093414742258105
0.17029256417400174,5.858492722088428
2.618150779408693,4.1950580698223146
0.576826229451362,4.456602531369416
1.5420387866312182,0.1742107853754853
6.303797718422923,5.725986429193886
2.5775335929325984,3.413163963678902
6.696895861387634,6.931866482953277
4.905143193595762,0.018980306497338284
6.182068860628959,6.997099493239456
4.325726681373894,5.912798464204787
2.0979430045713694,6.048685795667355
4.579776869520651,2.7203862710512627
4.660367598156458,2.6906410208531093
0.776486736971967,4.270929714383019
2.2255018719400157,4.288483295752837
4.541037284786777,4.975259395906169
3.553689015735012,6.827095653706525
0.11245417853685402,2.6472476045702615
4.367575644438279,5.351716125327996
0.5310327853135016,3.133576469369091
4.875228743513007,4.347502096471597
1.3195358181355488,1.4665110870202422
1.0785818328737333,0.23470060744813437
4.4773568037562015,6.317984094702561
5.82907935230457,0.261376965824093
1.35568424547533,2.252206284581581
4.616068294841422,1.6996153716944664
4.459673336119474,6.172969248053304
6.426544131131473,3.2276330257910946
3.46296898638779,1.4553754699534633
6.907471374026818,6.766690507545104
4.2832056943038275,1.461363906153725
6.177886426941255,6.055259443209981
2.5897080453940804,6.493872746358423
6.442383296587297,5.717521940263301
4.70254232263009,6.938642462199558
1.0455031742841512,1.799192545752172
2.406824831344579,0.6456110976984215
6.164454492777287,6.671745225121716
6.7010991440913035,5.618890402237906
2.9233516745553283,1.2837450874180774
6.828986606843252,5.879762402027973
6.364081718182158,3.158498765920812
3.471110386052855,5.639355622039469
0.14139451234164535,3.5516850625992253
2.8729033684503005,6.914559187345791
2.6191185746229535,3.403286673710223
0.9864747249997382,6.857728837790625
3.607827152272459,6.815284470267403
0.7428240939685012,5.917601227013907
3.5468976204304985,4.961247656882437
4.483497593862804,4.114150262512951
3.1882609667704265,2.0057586433158505
0.30041561591856814,2.239021877713465
4.696174961569295,1.1325242543415759
3.522222420011805,3.961187861488275
6.053849881923227,0.22083634773823746
2.287252923707456,4.828771499439379
6.36032985522912,2.994416577624089
6.443825541757659,2.6746342341292557
3.7855229344510617,0.6047231338089469
4.583401730410308,1.1269343473791835
1.458599589916564,6.1822766681793215
0.331100141229534,3.687681318637825
2.562106567269635,1.2070398148888335
5.585446758868147,6.587831893864435
0.6796051970422751,5.763413897744767
2.382721874883112,3.5697566787283628
6.725711128193266,3.7808789436517216
6.360185167085051,2.191595558093884
5.977343427941433,1.345380698964498
5.8401196855948125,5.412853844798429
0.6494553765101656,0.39662777422856055
6.8336287759355905,2.026372569444727
0.6509245603734817,4.042961161569353
6.899022891154672,6.51112889336813
2.3149081201175794,4.219470899741073
1.9271839999391782,3.153187227273823
1.2567066731269432,5.208032728199091
5.774721544131194,1.073272860370537
5.645423432764235,6.4334266552304955
4.283736215602006,0.11541049414231652
4.372292408213198,2.083983254530335
6.850316493600341,6.1589251852833025
6.314595579088499,2.1144494697117677
6.874846639941358,4.136286788639582
0.20963125280055317,4.599818333460456
4.296122744007157,3.088841198023188
0.9099904171725984,4.508393897871711
2.390785679666755,6.754422099430956
3.1213049121341703,0.41884637011293735
6.712498414470383,0.48475753854140635
1.4800524368897081,5.091992517893931
3.5808981187403854,3.943568990581162
5.77855461460098,2.8026761325615093
5.427841755462488,5.025047221170441
3.9113285681735883,4.6550544529530855
6.73515777425836,6.566373627990827
3.555048751480724,3.8556253008534753
4.802480799645204,6.934894975218833
3.189379514907556,0.7497743801216944
0.2416481958947796,3.928466178528121
3.158474270338801,5.3170015926706355
6.79958003663639,6.257977893542145
3.852297382776689,2.9345207633455095
6.589543620064803,3.5622168082246692
1.5517769218007347,6.508181374340607
3.7306278953626957,3.2082822380256335
0.02305273205471392,0.7793566309326979
4.913611931774295,1.2723833232309119
