3.5,3.5
3.2223165983958406,4.253838426134243
2.452588767514482,4.372279679492653
3.7347539195014354,4.720621897655793
3.8053063492908583,2.8781374827111916
3.7462881650267352,4.767099349323203
3.7462881650267352,4.767099349323203
2.361080125901419,3.726900747508684
3.6235163080153843,2.450516317853497
2.5990901228518717,3.6011635814424254
2.5990901228518717,3.6011635814424254
2.5990901228518717,3.6011635814424254
2.5990901228518717,3.6011635814424254
3.1023494139004657,5.03706047761101
3.1023494139004657,5.03706047761101
3.1023494139004657,5.03706047761101
3.1023494139004657,5.03706047761101
3.1023494139004657,5.03706047761101
2.211702806618336,4.2521659978569675
2.211702806618336,4.2521659978569675
2.211702806618336,4.2521659978569675
2.211702806618336,4.2521659978569675
2.211702806618336,4.2521659978569675
2.211702806618336,4.2521659978569675
3.7587958880283767,2.386228008809037
3.7587958880283767,2.386228008809037
2.491389831072163,5.310266438154138
2.491389831072163,5.310266438154138
2.491389831072163,5.310266438154138
2.491389831072163,5.310266438154138
2.491389831072163,5.310266438154138
2.491389831072163,5.310266438154138
4.114183980557398,1.6946132206887192
4.114183980557398,1.6946132206887192
4.114183980557398,1.6946132206887192
2.5526539503582777,2.6729924336262467
2.5526539503582777,2.6729924336262467
2.5526539503582777,2.6729924336262467
2.5526539503582777,2.6729924336262467
2.4974816903065147,2.837689983873089
2.4974816903065147,2.837689983873089
2.4974816903065147,2.837689983873089
2.4974816903065147,2.837689983873089
2.4974816903065147,2.837689983873089
2.4974816903065147,2.837689983873089
2.4974816903065147,2.837689983873089
2.4974816903065147,2.837689983873089
2.4974816903065147,2.837689983873089
2.391225434810233,2.130561688219645
2.391225434810233,2.130561688219645
2.391225434810233,2.130561688219645
2.391225434810233,2.130561688219645
2.391225434810233,2.130561688219645
2.391225434810233,2.130561688219645
2.391225434810233,2.130561688219645
2.391225434810233,2.130561688219645
2.391225434810233,2.130561688219645
2.391225434810233,2.130561688219645
2.391225434810233,2.130561688219645
2.391225434810233,2.130561688219645
2.391225434810233,2.130561688219645
3.420576891654634,0.9835585243483221
3.420576891654634,0.9835585243483221
3.420576891654634,0.9835585243483221
4.091299339735362,3.5303426160087925
4.091299339735362,3.5303426160087925
3.495119152217482,1.0763426025328993
3.495119152217482,1.0763426025328993
3.495119152217482,1.0763426025328993
3.495119152217482,1.0763426025328993
3.495119152217482,1.0763426025328993
3.495119152217482,1.0763426025328993
2.774455864147948,2.370060210976675
2.774455864147948,2.370060210976675
2.774455864147948,2.370060210976675
2.774455864147948,2.370060210976675
2.774455864147948,2.370060210976675
2.774455864147948,2.370060210976675
2.774455864147948,2.370060210976675
2.774455864147948,2.370060210976675
2.774455864147948,2.370060210976675
2.774455864147948,2.370060210976675
2.774455864147948,2.370060210976675
2.774455864147948,2.370060210976675
2.774455864147948,2.370060210976675
2.774455864147948,2.370060210976675
2.774455864147948,2.370060210976675
2.774455864147948,2.370060210976675
2.774455864147948,2.370060210976675
2.774455864147948,2.370060210976675
2.774455864147948,2.370060210976675
2.774455864147948,2.370060210976675
2.774455864147948,2.370060210976675
2.774455864147948,2.370060210976675
2.774455864147948,2.370060210976675
2.774455864147948,2.370060210976675
2.774455864147948,2.370060210976675
2.774455864147948,2.370060210976675
2.774455864147948,2.370060210976675
2.774455864147948,2.370060210976675
2.774455864147948,2.370060210976675
2.6456999465741045,3.097324600550562
2.6456999465741045,3.097324600550562
2.6456999465741045,3.097324600550562
2.6456999465741045,3.097324600550562
2.6456999465741045,3.097324600550562
2.6456999465741045,3.097324600550562
2.6456999465741045,3.097324600550562
2.6456999465741045,3.097324600550562
2.6456999465741045,3.097324600550562
2.6456999465741045,3.097324600550562
2.6456999465741045,3.097324600550562
2.6456999465741045,3.097324600550562
2.6456999465741045,3.097324600550562
2.6456999465741045,3.097324600550562
2.6456999465741045,3.097324600550562
2.6456999465741045,3.097324600550562
2.6456999465741045,3.097324600550562
2.6456999465741045,3.097324600550562
2.6456999465741045,3.097324600550562
2.6456999465741045,3.097324600550562
2.6456999465741045,3.097324600550562
2.6456999465741045,3.097324600550562
2.6456999465741045,3.097324600550562
2.6456999465741045,3.097324600550562
2.6456999465741045,3.097324600550562
2.6456999465741045,3.097324600550562
2.6456999465741045,3.097324600550562
2.6456999465741045,3.097324600550562
2.6456999465741045,3.097324600550562
2.6456999465741045,3.097324600550562
2.6456999465741045,3.097324600550562
2.6456999465741045,3.097324600550562
2.6456999465741045,3.097324600550562
2.6456999465741045,3.097324600550562
2.6456999465741045,3.097324600550562
2.6456999465741045,3.097324600550562
2.6456999465741045,3.097324600550562
2.6456999465741045,3.097324600550562
2.6456999465741045,3.097324600550562
2.6456999465741045,3.097324600550562
2.6456999465741045,3.097324600550562
2.6456999465741045,3.097324600550562
2.6456999465741045,3.097324600550562
2.6456999465741045,3.097324600550562
2.6456999465741045,3.097324600550562
2.6456999465741045,3.097324600550562
2.6456999465741045,3.097324600550562
2.6456999465741045,3.097324600550562
2.6456999465741045,3.097324600550562
2.6456999465741045,3.097324600550562
2.6456999465741045,3.097324600550562
2.6456999465741045,3.097324600550562
2.6456999465741045,3.097324600550562
2.6456999465741045,3.097324600550562
2.6456999465741045,3.097324600550562
2.6456999465741045,3.097324600550562
2.6456999465741045,3.097324600550562
2.6456999465741045,3.097324600550562
2.6456999465741045,3.097324600550562
2.6456999465741045,3.097324600550562
2.6456999465741045,3.097324600550562
3.0037113699957034,5.8517478313153255
3.0037113699957034,5.8517478313153255
3.0037113699957034,5.8517478313153255
3.0037113699957034,5.8517478313153255
3.0037113699957034,5.8517478313153255
3.0037113699957034,5.8517478313153255
3.0037113699957034,5.8517478313153255
3.0037113699957034,5.8517478313153255
3.0037113699957034,5.8517478313153255
3.0037113699957034,5.8517478313153255
3.0037113699957034,5.8517478313153255
2.664163883875183,5.626649598315373
2.664163883875183,5.626649598315373
2.664163883875183,5.626649598315373
2.664163883875183,5.626649598315373
2.664163883875183,5.626649598315373
2.664163883875183,5.626649598315373
2.664163883875183,5.626649598315373
2.664163883875183,5.626649598315373
2.664163883875183,5.626649598315373
2.664163883875183,5.626649598315373
2.664163883875183,5.626649598315373
2.664163883875183,5.626649598315373
2.664163883875183,5.626649598315373
2.664163883875183,5.626649598315373
2.664163883875183,5.626649598315373
2.664163883875183,5.626649598315373
2.664163883875183,5.626649598315373
2.664163883875183,5.626649598315373
2.664163883875183,5.626649598315373
2.664163883875183,5.626649598315373
2.664163883875183,5.626649598315373
2.664163883875183,5.626649598315373
3.942357307486282,5.8340400037325955
3.942357307486282,5.8340400037325955
3.942357307486282,5.8340400037325955
3.942357307486282,5.8340400037325955
3.942357307486282,5.8340400037325955
3.942357307486282,5.8340400037325955
3.942357307486282,5.8340400037325955
3.942357307486282,5.8340400037325955
3.942357307486282,5.8340400037325955
3.942357307486282,5.8340400037325955
3.942357307486282,5.8340400037325955
3.1137099008919416,3.4445989887910753
3.1137099008919416,3.4445989887910753
3.1137099008919416,3.4445989887910753
3.1137099008919416,3.4445989887910753
3.1137099008919416,3.4445989887910753
3.1137099008919416,3.4445989887910753
3.1137099008919416,3.4445989887910753
3.1137099008919416,3.4445989887910753
3.1137099008919416,3.4445989887910753
3.1137099008919416,3.4445989887910753
3.1137099008919416,3.4445989887910753
3.1137099008919416,3.4445989887910753
3.1137099008919416,3.4445989887910753
3.1137099008919416,3.4445989887910753
3.1137099008919416,3.4445989887910753
3.1137099008919416,3.4445989887910753
3.1137099008919416,3.4445989887910753
3.1137099008919416,3.4445989887910753
3.1137099008919416,3.4445989887910753
3.1137099008919416,3.4445989887910753
3.1137099008919416,3.4445989887910753
3.1137099008919416,3.4445989887910753
3.1137099008919416,3.4445989887910753
3.1137099008919416,3.4445989887910753
3.1137099008919416,3.4445989887910753
3.1137099008919416,3.4445989887910753
3.1137099008919416,3.4445989887910753
3.1137099008919416,3.4445989887910753
3.1137099008919416,3.4445989887910753
3.1137099008919416,3.4445989887910753
3.1137099008919416,3.4445989887910753
3.1137099008919416,3.4445989887910753
3.1137099008919416,3.4445989887910753
3.1137099008919416,3.4445989887910753
3.1137099008919416,3.4445989887910753
3.1137099008919416,3.4445989887910753
3.1137099008919416,3.4445989887910753
3.1137099008919416,3.4445989887910753
3.1137099008919416,3.4445989887910753
3.1137099008919416,3.4445989887910753
3.1137099008919416,3.4445989887910753
3.1137099008919416,3.4445989887910753
3.1137099008919416,3.4445989887910753
3.1137099008919416,3.4445989887910753
3.1137099008919416,3.4445989887910753
3.1137099008919416,3.4445989887910753
3.1137099008919416,3.4445989887910753
3.1137099008919416,3.4445989887910753
3.1137099008919416,3.4445989887910753
3.1137099008919416,3.4445989887910753
3.1137099008919416,3.4445989887910753
3.1137099008919416,3.4445989887910753
3.1137099008919416,3.4445989887910753
3.1137099008919416,3.4445989887910753
3.1137099008919416,3.4445989887910753
3.1137099008919416,3.4445989887910753
3.1137099008919416,3.4445989887910753
3.1137099008919416,3.4445989887910753
3.1137099008919416,3.4445989887910753
3.1137099008919416,3.4445989887910753
3.1137099008919416,3.4445989887910753
3.1137099008919416,3.4445989887910753
3.1137099008919416,3.4445989887910753
3.1137099008919416,3.4445989887910753
3.1137099008919416,3.4445989887910753
3.1137099008919416,3.4445989887910753
3.1137099008919416,3.4445989887910753
3.1137099008919416,3.4445989887910753
3.1137099008919416,3.4445989887910753
3.1137099008919416,3.4445989887910753
3.1137099008919416,3.4445989887910753
3.1137099008919416,3.4445989887910753
3.1137099008919416,3.4445989887910753
3.1137099008919416,3.4445989887910753
3.1137099008919416,3.4445989887910753
3.1137099008919416,3.4445989887910753
3.1137099008919416,3.4445989887910753
3.1137099008919416,3.4445989887910753
3.1137099008919416,3.4445989887910753
3.1137099008919416,3.4445989887910753
3.1137099008919416,3.4445989887910753
3.1137099008919416,3.4445989887910753
3.1137099008919416,3.4445989887910753
3.1137099008919416,3.4445989887910753
