3.5,3.5
4.257806255504397,3.308250916160424
4.445624027105865,2.8595771238743786
4.014010608183568,2.748621875492618
4.308544198352704,3.6300269406072916
4.982163282788881,4.036913718236803
4.886076880137006,2.4102402208255973
4.604153628412898,1.4767057081809802
2.9626238036098114,3.2137862390073364
5.329940145584915,1.6976165455005776
5.114129049907703,2.345823163608918
4.8185813983406245,1.393981467896286
2.727413872455699,3.920579754275269
6.106149970841427,1.5765543639693256
2.1224232742000795,3.9079444313015865
6.444706977952153,2.3555978881679613
5.5771213957926875,1.1355650280067824
5.436517216981626,0.23190412136796723
4.955187211982017,0.9763352382306403
5.017736460122496,1.2672735158147082
6.925631038222412,2.5277903629471483
5.160544469502784,2.4331264667870722
5.391257835538228,4.6725112255099654
5.266797596253789,2.244801964518449
1.9791403746628724,3.893960031792039
2.6020726566192827,3.709731568930667
3.5711932274700997,2.9580594135360165
6.444003749313335,3.036726872494055
3.441826609580747,3.143957241209625
2.2078869638423915,4.894606890697008
4.022879775410161,3.036639795546743
3.920847875613644,1.3289159145752798
4.057012268721596,2.5808790828578636
5.755731450887618,3.009546387032957
3.714584772583401,1.0296370992968429
2.222036988430978,3.90311830317839
5.989219964722989,2.2822322415716734
3.487262484556809,0.36445368040845705
5.341658036949197,0.8666577575566554
2.3144677948693433,5.877125026896621
2.223532123283954,4.602719412310377
6.063898863195871,3.984086302607196
2.9103228609158167,1.5633985610799441
6.443553610754687,1.8227227365239735
4.486558223816403,0.9364924204827741
3.004518864947279,5.866855911082496
1.5168991974716102,4.499515099177527
2.6225987680988023,6.63613050679563
6.22980378365589,1.3074039063276546
6.793588649276395,3.943330356693936
6.4042632875307355,4.1195742611572035
2.06400662259842,3.343453743362806
3.988632980921811,0.38303403569046335
2.0182940224372126,1.7023111769188488
4.383370827523023,3.837030196840689
1.4739796404387437,4.167567381058346
6.2961456015978765,5.091735643117709
3.675290292803233,3.8303879070492717
4.465324710674332,2.7239878207489596
4.272908411068071,3.8378644287595596
2.507315702772721,2.516578687984339
3.8805408086283046,4.653625111590058
4.265955390331676,4.628124518237371
6.6290201481398725,0.9004313421085658
1.9145749818129132,6.60128506413209
6.783500731790198,1.7297130259747373
5.5240364152269255,2.703807984172094
6.696502883980486,3.303218537591982
3.5957617248573586,5.747615305258744
6.9487753303740085,4.121705809746651
6.349112505909031,0.403822852052765
5.5115039063024245,5.70135857853347
6.043502062019124,6.468875503549187
0.5194916899128542,4.005390727604581
2.7596701563900323,5.5066722653124796
3.319998123331068,6.961968891319901
5.074570657727147,3.7349361605005216
2.993658299888294,5.815888619711625
3.0294244983863328,6.548086349027392
4.742057411444147,4.231744664741409
4.7278905993436675,5.27024069018486
2.513264333083566,0.8316212713300905
4.66316718206532,1.184436711318704
4.171427013759113,6.2262254437476
3.472285018836113,2.5797753661158804
3.4986038040984804,0.884186675975382
6.242886170715595,3.850771214826451
1.8071036319653175,5.8012892214278935
4.190268889646799,0.9880445397951974
6.470775171370973,6.133660921004753
5.653260751648789,2.780314098176051
2.349836980466069,5.144223794436663
4.779362946637567,6.666105825289799
6.587068299182626,0.7098520195678695
1.589071288416358,1.5199569766210437
4.858121806284416,6.445052046401727
3.7845475178481567,5.726677215138553
3.582657914154564,6.240751251331876
5.747525550333828,3.539539261406555
2.427754317191315,2.896188474211101
1.5052418357461503,6.794495784227661
1.6437675395476576,1.3481426469477895
6.605783805377576,4.381680035689955
2.9823334492274634,3.6219202436847766
5.344882455767758,5.71886636049734
4.916521564402016,1.6557034946379108
4.072889612247904,5.427751719067905
5.886475028607665,2.412049251046578
4.164127799680373,6.9626602945001945
4.047047335391793,2.2272031339932776
4.696856445220476,4.761462628368015
5.035570298717329,6.571413414987343
4.336366563581973,0.8412243656792803
3.583454130426287,2.5751052348559447
3.8048028957326037,4.10970457329613
2.3945440593591556,1.9400447228769524
3.853995923912444,5.533282596643443
4.428773769051395,2.4696021395660575
3.075115517587477,5.9328580788811465
5.211799999673831,1.2646873829357994
5.876738393668867,3.152163576598786
6.833081566023832,1.3973782775251442
4.469109060907535,2.432368782539025
6.500178840333433,2.771877181817871
5.9255597085227985,6.436512804509652
1.049607884461496,3.488932852444021
1.2787147318115957,5.187540486585554
4.46620447492695,3.9198556104577036
1.1219498378874073,5.022967383850435
2.3972662616329625,5.635074402088264
5.589991664053723,1.0147647281812868
0.3016215600743687,4.12109772628852
2.1781872443611228,3.0293018398619136
4.231438577474411,5.0868746718083795
5.572639002704115,5.113834976767901
0.43342866814392733,5.137019662851037
6.740760376344173,2.363148618781494
4.0350325545724886,4.763670406507664
4.597029426877546,3.8525221880881197
5.753376354168087,2.1237471915021837
6.177227677666311,3.8614753079704887
2.4500854507502496,0.12160290761188453
2.7054366315560063,3.6222318787304495
3.06966270908209,1.4675096311791727
4.135459756181347,2.1920019549432843
6.7562170986731545,6.4401562613448755
6.705873075609654,2.982376668925336
2.0150717386106374,0.10545743977020217
3.5038845851682847,5.5653484123367125
3.464412282553927,5.31707514324812
4.16171682723137,1.2163774760995314
4.722290985897212,0.32439322482566035
2.2495802177472677,5.84629709803476
1.6756140089076434,5.075542460286366
3.854958063200156,6.33445509674788
2.667995508122587,4.633320235060322
6.440765258926551,1.7155219456638582
0.18093602172260603,3.8566957875378094
4.743116702036707,4.27908076750751
4.03592132213084,1.770486892207722
6.005525536045866,5.697333433207425
1.0191680171958817,5.533059271048205
6.2233120130271775,5.65505014345762
5.557852669984659,3.9820817042612586
0.4938208298330352,3.102395344751149
1.3704119908043144,1.3878366195231058
2.701996011803075,1.2106494012280744
2.885668691196845,2.8091698404067826
3.6678553466189943,3.40440981617179
6.759774313530013,4.197084475073956
1.4210499708051354,0.39078846723020666
6.177142446997367,2.6950541464713647
5.133703002708044,4.2028590960315455
3.986383203195458,6.428899749272199
3.032249639539038,2.0636991556597892
6.006646051179374,6.69154064990791
3.0422945982035055,1.4535625917847017
5.984278379533183,2.699528607981997
0.6068011759340847,6.981947750094307
2.2237768476404325,3.9902897677177838
1.716791606930848,1.4496505601573673
2.752296964415703,3.7808063461128585
5.600275659424733,2.3487453136979517
6.525375635603373,6.5239645590998165
0.8375855297007652,6.250706624189946
0.6079354778204996,2.767057896810763
0.7118885215324927,1.4261016588582374
4.625204272082033,0.9682831639102468
4.614920889567968,1.905404237668336
0.35768474026996044,2.8024000650260703
4.229202699176068,6.5657188627396685
4.967219494400705,2.809843423048155
0.10266609174854324,5.254588233921215
0.9997224337607244,2.8771314861961548
2.451020568773015,5.115872995847805
0.977412299962544,5.965254391600352
5.2314000646166745,6.0695874220566575
4.797823712399549,2.1869220104107567
5.442977078860038,6.280456628790576
0.9663827938786963,1.9444516753613508
2.1406713620054934,6.209861072829333
0.7175301851999686,5.197264113307844
1.9722020732145107,4.422843950300237
3.9304271441947325,5.555714127836003
0.8401501263131137,1.5380851857344793
6.251829680371138,5.516906105385997
1.3836491710154324,5.966749511744783
2.977597877411873,5.198208662186213
0.887574663650186,0.1638939450985134
5.023689900912778,1.139353486604591
3.349015830321563,3.8029674345071998
0.586616070226888,4.895259172756139
1.4687850576153965,5.838803622297489
0.9727925704696075,4.786545913608526
4.222330962308229,1.3573050261022697
0.6302250784657067,0.19871685691934937
0.042103610875642294,2.5163386390138096
1.9316021238157695,1.550012555568399
0.005269064580202487,4.318446353434578
4.740314404044187,5.844344344853804
5.569195163208971,1.5050912143539266
5.021050069882674,2.6178578973327165
2.748138952889866,3.734812720922371
5.271983937594099,5.68627463330621
4.584481110244589,1.83396700950781
2.188137043807995,0.32451284861191365
5.839175658805538,1.5559055373269033
5.96813525926341,1.5512703442735258
5.188966402536396,5.62406593894251
5.689283334883829,6.999963651206805
6.522990265220233,3.4896141998055485
1.672457833361673,3.435671627074014
0.3232389043886482,4.116544311678912
