3.5,3.5
4.256996319745565,3.0660200688267882
4.068267797850991,3.607062766838022
4.068267797850991,3.607062766838022
2.602905229383933,3.243452808132037
4.649511001247651,4.381626731699949
4.649511001247651,4.381626731699949
5.160619820213068,2.9229458327296594
4.890841574357655,1.9777190774744535
4.46140554211521,1.3554784172958685
2.7604839323372095,4.010347190445207
2.7604839323372095,4.010347190445207
4.2750248582380985,1.6677709616864749
4.2750248582380985,1.6677709616864749
4.840406345749636,2.3943371374165268
4.840406345749636,2.3943371374165268
4.840406345749636,2.3943371374165268
4.840406345749636,2.3943371374165268
4.840406345749636,2.3943371374165268
4.465436227386894,1.4701838988625475
4.465436227386894,1.4701838988625475
4.465436227386894,1.4701838988625475
4.465436227386894,1.4701838988625475
4.465436227386894,1.4701838988625475
4.465436227386894,1.4701838988625475
4.465436227386894,1.4701838988625475
4.465436227386894,1.4701838988625475
4.465436227386894,1.4701838988625475
3.338810371133447,4.512638246907388
3.338810371133447,4.512638246907388
3.4916057874444166,4.3779675684870405
3.4916057874444166,4.3779675684870405
3.4916057874444166,4.3779675684870405
3.4916057874444166,4.3779675684870405
3.4916057874444166,4.3779675684870405
3.4916057874444166,4.3779675684870405
3.4916057874444166,4.3779675684870405
3.7079109444221947,1.126029193491671
3.7079109444221947,1.126029193491671
3.7079109444221947,1.126029193491671
3.7079109444221947,1.126029193491671
3.7079109444221947,1.126029193491671
3.7079109444221947,1.126029193491671
3.7079109444221947,1.126029193491671
3.7079109444221947,1.126029193491671
3.7079109444221947,1.126029193491671
3.7079109444221947,1.126029193491671
3.7079109444221947,1.126029193491671
3.7079109444221947,1.126029193491671
5.290492021823659,3.9263247673779755
5.290492021823659,3.9263247673779755
5.507416806072254,1.942947602931075
5.507416806072254,1.942947602931075
5.507416806072254,1.942947602931075
5.507416806072254,1.942947602931075
5.507416806072254,1.942947602931075
5.507416806072254,1.942947602931075
4.992524211768921,2.963118256473555
4.992524211768921,2.963118256473555
4.992524211768921,2.963118256473555
4.992524211768921,2.963118256473555
4.992524211768921,2.963118256473555
4.992524211768921,2.963118256473555
4.992524211768921,2.963118256473555
4.992524211768921,2.963118256473555
3.1121070010707346,2.5220533472715614
5.740246902010511,3.9874194039856588
5.740246902010511,3.9874194039856588
6.13645055044571,4.2905092199749655
6.13645055044571,4.2905092199749655
6.13645055044571,4.2905092199749655
6.13645055044571,4.2905092199749655
2.9000708567186635,0.9539284220689559
2.9000708567186635,0.9539284220689559
2.9000708567186635,0.9539284220689559
2.9000708567186635,0.9539284220689559
2.9000708567186635,0.9539284220689559
2.9000708567186635,0.9539284220689559
2.9000708567186635,0.9539284220689559
2.9000708567186635,0.9539284220689559
2.9000708567186635,0.9539284220689559
2.9000708567186635,0.9539284220689559
2.9000708567186635,0.9539284220689559
2.9000708567186635,0.9539284220689559
2.056482958498732,4.6571050539587695
2.056482958498732,4.6571050539587695
5.973798317326054,1.0777127469771068
5.973798317326054,1.0777127469771068
5.973798317326054,1.0777127469771068
5.973798317326054,1.0777127469771068
5.973798317326054,1.0777127469771068
5.973798317326054,1.0777127469771068
5.191420974906134,3.8116156575137117
5.191420974906134,3.8116156575137117
5.191420974906134,3.8116156575137117
5.191420974906134,3.8116156575137117
5.191420974906134,3.8116156575137117
5.191420974906134,3.8116156575137117
5.191420974906134,3.8116156575137117
5.191420974906134,3.8116156575137117
5.191420974906134,3.8116156575137117
5.191420974906134,3.8116156575137117
5.191420974906134,3.8116156575137117
5.191420974906134,3.8116156575137117
5.191420974906134,3.8116156575137117
5.191420974906134,3.8116156575137117
5.191420974906134,3.8116156575137117
2.513011794154374,0.23327424051111612
2.513011794154374,0.23327424051111612
2.513011794154374,0.23327424051111612
2.513011794154374,0.23327424051111612
2.513011794154374,0.23327424051111612
2.513011794154374,0.23327424051111612
2.513011794154374,0.23327424051111612
2.513011794154374,0.23327424051111612
2.513011794154374,0.23327424051111612
2.513011794154374,0.23327424051111612
2.513011794154374,0.23327424051111612
2.513011794154374,0.23327424051111612
4.378004427215154,1.7232861559530255
4.378004427215154,1.7232861559530255
4.378004427215154,1.7232861559530255
4.378004427215154,1.7232861559530255
4.378004427215154,1.7232861559530255
4.378004427215154,1.7232861559530255
4.378004427215154,1.7232861559530255
4.378004427215154,1.7232861559530255
4.378004427215154,1.7232861559530255
4.378004427215154,1.7232861559530255
4.378004427215154,1.7232861559530255
4.378004427215154,1.7232861559530255
4.378004427215154,1.7232861559530255
4.378004427215154,1.7232861559530255
4.378004427215154,1.7232861559530255
4.378004427215154,1.7232861559530255
4.378004427215154,1.7232861559530255
4.378004427215154,1.7232861559530255
4.378004427215154,1.7232861559530255
4.378004427215154,1.7232861559530255
4.378004427215154,1.7232861559530255
4.378004427215154,1.7232861559530255
4.378004427215154,1.7232861559530255
4.378004427215154,1.7232861559530255
4.378004427215154,1.7232861559530255
4.378004427215154,1.7232861559530255
4.378004427215154,1.7232861559530255
4.378004427215154,1.7232861559530255
4.378004427215154,1.7232861559530255
4.378004427215154,1.7232861559530255
6.332544646555508,0.3733942371836957
6.332544646555508,0.3733942371836957
6.332544646555508,0.3733942371836957
6.332544646555508,0.3733942371836957
6.332544646555508,0.3733942371836957
6.332544646555508,0.3733942371836957
6.649554715745659,0.06804483301837083
6.649554715745659,0.06804483301837083
6.649554715745659,0.06804483301837083
6.649554715745659,0.06804483301837083
6.649554715745659,0.06804483301837083
6.649554715745659,0.06804483301837083
3.2988195626221897,3.8053465079723647
3.2988195626221897,3.8053465079723647
3.2988195626221897,3.8053465079723647
3.2988195626221897,3.8053465079723647
3.2988195626221897,3.8053465079723647
3.2988195626221897,3.8053465079723647
3.2988195626221897,3.8053465079723647
3.2988195626221897,3.8053465079723647
3.2988195626221897,3.8053465079723647
3.2988195626221897,3.8053465079723647
3.2988195626221897,3.8053465079723647
3.2988195626221897,3.8053465079723647
3.2988195626221897,3.8053465079723647
3.2988195626221897,3.8053465079723647
3.2988195626221897,3.8053465079723647
4.322086320488928,1.3339632072877747
4.322086320488928,1.3339632072877747
4.322086320488928,1.3339632072877747
4.322086320488928,1.3339632072877747
4.322086320488928,1.3339632072877747
4.322086320488928,1.3339632072877747
4.322086320488928,1.3339632072877747
4.322086320488928,1.3339632072877747
4.322086320488928,1.3339632072877747
4.322086320488928,1.3339632072877747
4.322086320488928,1.3339632072877747
4.322086320488928,1.3339632072877747
4.322086320488928,1.3339632072877747
4.322086320488928,1.3339632072877747
4.322086320488928,1.3339632072877747
4.322086320488928,1.3339632072877747
4.322086320488928,1.3339632072877747
4.322086320488928,1.3339632072877747
4.322086320488928,1.3339632072877747
4.322086320488928,1.3339632072877747
4.322086320488928,1.3339632072877747
4.322086320488928,1.3339632072877747
4.322086320488928,1.3339632072877747
4.322086320488928,1.3339632072877747
4.322086320488928,1.3339632072877747
4.322086320488928,1.3339632072877747
4.322086320488928,1.3339632072877747
4.322086320488928,1.3339632072877747
4.322086320488928,1.3339632072877747
4.322086320488928,1.3339632072877747
4.322086320488928,1.3339632072877747
4.322086320488928,1.3339632072877747
4.322086320488928,1.3339632072877747
4.322086320488928,1.3339632072877747
4.322086320488928,1.3339632072877747
4.322086320488928,1.3339632072877747
4.322086320488928,1.3339632072877747
4.322086320488928,1.3339632072877747
4.322086320488928,1.3339632072877747
4.322086320488928,1.3339632072877747
4.322086320488928,1.3339632072877747
4.322086320488928,1.3339632072877747
4.322086320488928,1.3339632072877747
4.322086320488928,1.3339632072877747
4.322086320488928,1.3339632072877747
4.322086320488928,1.3339632072877747
4.322086320488928,1.3339632072877747
4.322086320488928,1.3339632072877747
4.322086320488928,1.3339632072877747
4.322086320488928,1.3339632072877747
4.322086320488928,1.3339632072877747
4.322086320488928,1.3339632072877747
4.322086320488928,1.3339632072877747
4.322086320488928,1.3339632072877747
4.322086320488928,1.3339632072877747
5.08489488135957,3.7271735028891624
5.08489488135957,3.7271735028891624
5.08489488135957,3.7271735028891624
5.08489488135957,3.7271735028891624
5.08489488135957,3.7271735028891624
5.08489488135957,3.7271735028891624
5.08489488135957,3.7271735028891624
5.08489488135957,3.7271735028891624
5.08489488135957,3.7271735028891624
5.08489488135957,3.7271735028891624
5.08489488135957,3.7271735028891624
5.08489488135957,3.7271735028891624
5.08489488135957,3.7271735028891624
5.08489488135957,3.7271735028891624
5.08489488135957,3.7271735028891624
5.08489488135957,3.7271735028891624
5.08489488135957,3.7271735028891624
5.08489488135957,3.7271735028891624
5.08489488135957,3.7271735028891624
5.08489488135957,3.7271735028891624
5.08489488135957,3.7271735028891624
5.08489488135957,3.7271735028891624
5.08489488135957,3.7271735028891624
5.08489488135957,3.7271735028891624
5.08489488135957,3.7271735028891624
5.08489488135957,3.7271735028891624
5.08489488135957,3.7271735028891624
5.08489488135957,3.7271735028891624
5.08489488135957,3.7271735028891624
5.08489488135957,3.7271735028891624
