3.5,3.5
4.223700809424162,3.0789497141665776
4.25214897601998,2.9506739043502357
4.25214897601998,2.9506739043502357
3.399289179557854,4.337609456007657
4.826299533882012,2.905506626053126
4.826299533882012,2.905506626053126
4.826299533882012,2.905506626053126
3.0358607507381192,4.65317779015016
2.421316529767857,4.828978932829416
5.336674854853998,3.318490105604332
5.336674854853998,3.318490105604332
5.336674854853998,3.318490105604332
4.055325734591644,4.767699028029559
1.7805980578862135,4.666092729436628
4.8649818948555135,2.6422495049002523
4.8649818948555135,2.6422495049002523
4.8649818948555135,2.6422495049002523
4.8649818948555135,2.6422495049002523
4.8649818948555135,2.6422495049002523
4.8649818948555135,2.6422495049002523
4.8649818948555135,2.6422495049002523
4.8649818948555135,2.6422495049002523
4.8649818948555135,2.6422495049002523
4.999187747649231,2.741699984801478
4.999187747649231,2.741699984801478
4.999187747649231,2.741699984801478
4.999187747649231,2.741699984801478
4.999187747649231,2.741699984801478
4.999187747649231,2.741699984801478
4.999187747649231,2.741699984801478
4.999187747649231,2.741699984801478
4.999187747649231,2.741699984801478
4.999187747649231,2.741699984801478
4.999187747649231,2.741699984801478
4.999187747649231,2.741699984801478
4.999187747649231,2.741699984801478
4.999187747649231,2.741699984801478
4.999187747649231,2.741699984801478
4.999187747649231,2.741699984801478
4.999187747649231,2.741699984801478
4.999187747649231,2.741699984801478
5.776145924326948,3.918077283857975
5.776145924326948,3.918077283857975
5.776145924326948,3.918077283857975
1.0654081720217787,5.185756825233077
4.18171025464433,2.2221687361368216
4.18171025464433,2.2221687361368216
4.18171025464433,2.2221687361368216
4.18171025464433,2.2221687361368216
4.18171025464433,2.2221687361368216
4.18171025464433,2.2221687361368216
4.18171025464433,2.2221687361368216
4.18171025464433,2.2221687361368216
4.18171025464433,2.2221687361368216
4.18171025464433,2.2221687361368216
4.18171025464433,2.2221687361368216
4.18171025464433,2.2221687361368216
4.18171025464433,2.2221687361368216
4.18171025464433,2.2221687361368216
4.18171025464433,2.2221687361368216
4.18171025464433,2.2221687361368216
4.18171025464433,2.2221687361368216
4.18171025464433,2.2221687361368216
4.18171025464433,2.2221687361368216
4.18171025464433,2.2221687361368216
4.18171025464433,2.2221687361368216
4.18171025464433,2.2221687361368216
4.18171025464433,2.2221687361368216
4.18171025464433,2.2221687361368216
4.18171025464433,2.2221687361368216
4.18171025464433,2.2221687361368216
4.18171025464433,2.2221687361368216
4.18171025464433,2.2221687361368216
4.18171025464433,2.2221687361368216
4.18171025464433,2.2221687361368216
4.18171025464433,2.2221687361368216
4.18171025464433,2.2221687361368216
4.18171025464433,2.2221687361368216
5.717108506308525,2.4013870109194886
5.717108506308525,2.4013870109194886
5.717108506308525,2.4013870109194886
5.717108506308525,2.4013870109194886
5.717108506308525,2.4013870109194886
5.717108506308525,2.4013870109194886
5.717108506308525,2.4013870109194886
5.717108506308525,2.4013870109194886
5.717108506308525,2.4013870109194886
5.717108506308525,2.4013870109194886
5.717108506308525,2.4013870109194886
5.717108506308525,2.4013870109194886
5.717108506308525,2.4013870109194886
5.717108506308525,2.4013870109194886
5.717108506308525,2.4013870109194886
5.717108506308525,2.4013870109194886
5.717108506308525,2.4013870109194886
5.717108506308525,2.4013870109194886
5.717108506308525,2.4013870109194886
5.717108506308525,2.4013870109194886
5.717108506308525,2.4013870109194886
5.717108506308525,2.4013870109194886
5.717108506308525,2.4013870109194886
5.717108506308525,2.4013870109194886
5.717108506308525,2.4013870109194886
5.717108506308525,2.4013870109194886
5.717108506308525,2.4013870109194886
5.717108506308525,2.4013870109194886
5.717108506308525,2.4013870109194886
5.717108506308525,2.4013870109194886
5.740786151858676,2.0912486095891083
5.740786151858676,2.0912486095891083
5.740786151858676,2.0912486095891083
5.740786151858676,2.0912486095891083
5.740786151858676,2.0912486095891083
5.740786151858676,2.0912486095891083
5.740786151858676,2.0912486095891083
5.740786151858676,2.0912486095891083
5.740786151858676,2.0912486095891083
5.740786151858676,2.0912486095891083
5.740786151858676,2.0912486095891083
5.740786151858676,2.0912486095891083
5.740786151858676,2.0912486095891083
5.740786151858676,2.0912486095891083
5.740786151858676,2.0912486095891083
5.740786151858676,2.0912486095891083
5.740786151858676,2.0912486095891083
5.740786151858676,2.0912486095891083
5.740786151858676,2.0912486095891083
5.740786151858676,2.0912486095891083
5.740786151858676,2.0912486095891083
5.740786151858676,2.0912486095891083
5.740786151858676,2.0912486095891083
5.740786151858676,2.0912486095891083
5.740786151858676,2.0912486095891083
5.740786151858676,2.0912486095891083
5.740786151858676,2.0912486095891083
5.740786151858676,2.0912486095891083
5.740786151858676,2.0912486095891083
5.740786151858676,2.0912486095891083
5.740786151858676,2.0912486095891083
5.740786151858676,2.0912486095891083
5.740786151858676,2.0912486095891083
5.740786151858676,2.0912486095891083
5.740786151858676,2.0912486095891083
5.740786151858676,2.0912486095891083
5.740786151858676,2.0912486095891083
5.740786151858676,2.0912486095891083
5.740786151858676,2.0912486095891083
5.740786151858676,2.0912486095891083
5.740786151858676,2.0912486095891083
5.740786151858676,2.0912486095891083
5.740786151858676,2.0912486095891083
5.740786151858676,2.0912486095891083
5.740786151858676,2.0912486095891083
5.740786151858676,2.0912486095891083
5.740786151858676,2.0912486095891083
5.740786151858676,2.0912486095891083
4.741368935002368,2.2437330914146942
4.741368935002368,2.2437330914146942
4.741368935002368,2.2437330914146942
4.741368935002368,2.2437330914146942
4.741368935002368,2.2437330914146942
4.741368935002368,2.2437330914146942
4.741368935002368,2.2437330914146942
4.741368935002368,2.2437330914146942
4.741368935002368,2.2437330914146942
4.741368935002368,2.2437330914146942
4.741368935002368,2.2437330914146942
4.741368935002368,2.2437330914146942
4.741368935002368,2.2437330914146942
4.741368935002368,2.2437330914146942
4.741368935002368,2.2437330914146942
4.741368935002368,2.2437330914146942
4.741368935002368,2.2437330914146942
4.741368935002368,2.2437330914146942
4.741368935002368,2.2437330914146942
4.741368935002368,2.2437330914146942
4.741368935002368,2.2437330914146942
4.741368935002368,2.2437330914146942
4.741368935002368,2.2437330914146942
4.741368935002368,2.2437330914146942
4.741368935002368,2.2437330914146942
4.741368935002368,2.2437330914146942
4.741368935002368,2.2437330914146942
4.741368935002368,2.2437330914146942
4.741368935002368,2.2437330914146942
4.741368935002368,2.2437330914146942
4.741368935002368,2.2437330914146942
4.741368935002368,2.2437330914146942
4.741368935002368,2.2437330914146942
4.741368935002368,2.2437330914146942
4.741368935002368,2.2437330914146942
4.741368935002368,2.2437330914146942
4.741368935002368,2.2437330914146942
4.741368935002368,2.2437330914146942
4.741368935002368,2.2437330914146942
4.741368935002368,2.2437330914146942
4.741368935002368,2.2437330914146942
4.741368935002368,2.2437330914146942
4.741368935002368,2.2437330914146942
4.741368935002368,2.2437330914146942
4.741368935002368,2.2437330914146942
4.741368935002368,2.2437330914146942
4.741368935002368,2.2437330914146942
4.741368935002368,2.2437330914146942
4.741368935002368,2.2437330914146942
4.741368935002368,2.2437330914146942
4.741368935002368,2.2437330914146942
4.741368935002368,2.2437330914146942
4.741368935002368,2.2437330914146942
4.741368935002368,2.2437330914146942
4.741368935002368,2.2437330914146942
4.741368935002368,2.2437330914146942
4.741368935002368,2.2437330914146942
4.741368935002368,2.2437330914146942
4.741368935002368,2.2437330914146942
4.741368935002368,2.2437330914146942
4.741368935002368,2.2437330914146942
4.741368935002368,2.2437330914146942
4.741368935002368,2.2437330914146942
4.741368935002368,2.2437330914146942
4.741368935002368,2.2437330914146942
4.741368935002368,2.2437330914146942
4.741368935002368,2.2437330914146942
4.741368935002368,2.2437330914146942
4.741368935002368,2.2437330914146942
4.741368935002368,2.2437330914146942
4.741368935002368,2.2437330914146942
4.741368935002368,2.2437330914146942
4.741368935002368,2.2437330914146942
4.741368935002368,2.2437330914146942
4.741368935002368,2.2437330914146942
4.741368935002368,2.2437330914146942
4.741368935002368,2.2437330914146942
4.741368935002368,2.2437330914146942
4.741368935002368,2.2437330914146942
4.741368935002368,2.2437330914146942
4.741368935002368,2.2437330914146942
4.741368935002368,2.2437330914146942
4.741368935002368,2.2437330914146942
4.741368935002368,2.2437330914146942
4.741368935002368,2.2437330914146942
4.741368935002368,2.2437330914146942
4.741368935002368,2.2437330914146942
4.741368935002368,2.2437330914146942
4.741368935002368,2.2437330914146942
4.741368935002368,2.2437330914146942
4.741368935002368,2.2437330914146942
4.741368935002368,2.2437330914146942
4.741368935002368,2.2437330914146942
4.741368935002368,2.2437330914146942
4.741368935002368,2.2437330914146942
4.741368935002368,2.2437330914146942
