3.5,3.5
3.7340303390443745,3.5135801140188785
3.498258297758484,4.14981102837137
3.498258297758484,4.14981102837137
2.869678648577695,4.513730565527352
2.869678648577695,4.513730565527352
3.710986194718405,3.918772624641547
3.710986194718405,3.918772624641547
3.710986194718405,3.918772624641547
3.710986194718405,3.918772624641547
2.594415774415569,5.059533963185697
2.594415774415569,5.059533963185697
4.54348793644403,3.7927188966784255
4.54348793644403,3.7927188966784255
4.54348793644403,3.7927188966784255
4.54348793644403,3.7927188966784255
4.54348793644403,3.7927188966784255
4.393073830471431,4.780554682741696
4.393073830471431,4.780554682741696
4.393073830471431,4.780554682741696
4.393073830471431,4.780554682741696
4.393073830471431,4.780554682741696
3.7087317203113734,3.378897703816095
3.7087317203113734,3.378897703816095
3.7087317203113734,3.378897703816095
3.7087317203113734,3.378897703816095
3.7087317203113734,3.378897703816095
3.7087317203113734,3.378897703816095
3.7087317203113734,3.378897703816095
3.7087317203113734,3.378897703816095
3.7087317203113734,3.378897703816095
3.7087317203113734,3.378897703816095
3.7087317203113734,3.378897703816095
3.7087317203113734,3.378897703816095
3.7087317203113734,3.378897703816095
5.1857539991900214,4.179324643292404
5.1857539991900214,4.179324643292404
5.1857539991900214,4.179324643292404
5.1857539991900214,4.179324643292404
5.1857539991900214,4.179324643292404
5.1857539991900214,4.179324643292404
5.1857539991900214,4.179324643292404
5.1857539991900214,4.179324643292404
5.1857539991900214,4.179324643292404
5.1857539991900214,4.179324643292404
2.7486470738502966,3.697768474559133
2.7486470738502966,3.697768474559133
2.7486470738502966,3.697768474559133
2.7486470738502966,3.697768474559133
2.7486470738502966,3.697768474559133
2.7486470738502966,3.697768474559133
2.7486470738502966,3.697768474559133
2.7486470738502966,3.697768474559133
2.7486470738502966,3.697768474559133
1.986821463936429,5.7062397555119695
1.986821463936429,5.7062397555119695
3.950676723112046,5.119811550061685
3.950676723112046,5.119811550061685
3.950676723112046,5.119811550061685
3.950676723112046,5.119811550061685
3.950676723112046,5.119811550061685
4.9186432375775375,4.843079697136267
4.9186432375775375,4.843079697136267
4.9186432375775375,4.843079697136267
4.9186432375775375,4.843079697136267
4.9186432375775375,4.843079697136267
4.9186432375775375,4.843079697136267
4.9186432375775375,4.843079697136267
4.9186432375775375,4.843079697136267
4.9186432375775375,4.843079697136267
4.9186432375775375,4.843079697136267
4.9186432375775375,4.843079697136267
4.9186432375775375,4.843079697136267
4.9186432375775375,4.843079697136267
4.9186432375775375,4.843079697136267
4.9186432375775375,4.843079697136267
3.633050634358562,5.520712787127615
3.633050634358562,5.520712787127615
3.633050634358562,5.520712787127615
3.633050634358562,5.520712787127615
3.633050634358562,5.520712787127615
1.9017512322360015,5.375305647770478
1.9017512322360015,5.375305647770478
1.9017512322360015,5.375305647770478
1.9017512322360015,5.375305647770478
2.7041215870467807,5.5333673389486675
2.7041215870467807,5.5333673389486675
2.7041215870467807,5.5333673389486675
2.7041215870467807,5.5333673389486675
2.7041215870467807,5.5333673389486675
2.7041215870467807,5.5333673389486675
2.7041215870467807,5.5333673389486675
2.7041215870467807,5.5333673389486675
2.7041215870467807,5.5333673389486675
2.7041215870467807,5.5333673389486675
2.7041215870467807,5.5333673389486675
2.7041215870467807,5.5333673389486675
2.7041215870467807,5.5333673389486675
5.474609728315356,4.333888823089355
5.474609728315356,4.333888823089355
5.474609728315356,4.333888823089355
5.474609728315356,4.333888823089355
5.474609728315356,4.333888823089355
5.474609728315356,4.333888823089355
5.474609728315356,4.333888823089355
5.474609728315356,4.333888823089355
5.474609728315356,4.333888823089355
5.474609728315356,4.333888823089355
5.474609728315356,4.333888823089355
5.474609728315356,4.333888823089355
5.474609728315356,4.333888823089355
5.474609728315356,4.333888823089355
5.474609728315356,4.333888823089355
5.474609728315356,4.333888823089355
5.474609728315356,4.333888823089355
5.474609728315356,4.333888823089355
5.474609728315356,4.333888823089355
5.474609728315356,4.333888823089355
5.474609728315356,4.333888823089355
5.474609728315356,4.333888823089355
5.474609728315356,4.333888823089355
5.474609728315356,4.333888823089355
5.474609728315356,4.333888823089355
4.519534135703231,5.6000481100841615
4.519534135703231,5.6000481100841615
4.519534135703231,5.6000481100841615
4.519534135703231,5.6000481100841615
4.519534135703231,5.6000481100841615
4.519534135703231,5.6000481100841615
4.519534135703231,5.6000481100841615
4.519534135703231,5.6000481100841615
4.519534135703231,5.6000481100841615
4.519534135703231,5.6000481100841615
4.519534135703231,5.6000481100841615
4.519534135703231,5.6000481100841615
4.519534135703231,5.6000481100841615
4.519534135703231,5.6000481100841615
4.519534135703231,5.6000481100841615
4.519534135703231,5.6000481100841615
4.519534135703231,5.6000481100841615
4.519534135703231,5.6000481100841615
4.519534135703231,5.6000481100841615
4.519534135703231,5.6000481100841615
4.519534135703231,5.6000481100841615
4.519534135703231,5.6000481100841615
4.519534135703231,5.6000481100841615
4.519534135703231,5.6000481100841615
4.519534135703231,5.6000481100841615
4.519534135703231,5.6000481100841615
4.519534135703231,5.6000481100841615
4.519534135703231,5.6000481100841615
4.519534135703231,5.6000481100841615
4.519534135703231,5.6000481100841615
3.14870468395594,5.656075128324298
3.14870468395594,5.656075128324298
3.14870468395594,5.656075128324298
3.14870468395594,5.656075128324298
3.14870468395594,5.656075128324298
3.14870468395594,5.656075128324298
3.14870468395594,5.656075128324298
3.14870468395594,5.656075128324298
3.14870468395594,5.656075128324298
3.14870468395594,5.656075128324298
3.14870468395594,5.656075128324298
3.14870468395594,5.656075128324298
3.14870468395594,5.656075128324298
3.14870468395594,5.656075128324298
3.14870468395594,5.656075128324298
3.14870468395594,5.656075128324298
3.14870468395594,5.656075128324298
3.14870468395594,5.656075128324298
3.14870468395594,5.656075128324298
3.14870468395594,5.656075128324298
3.14870468395594,5.656075128324298
3.14870468395594,5.656075128324298
3.14870468395594,5.656075128324298
3.14870468395594,5.656075128324298
3.14870468395594,5.656075128324298
2.735090036471244,3.725582516007771
2.735090036471244,3.725582516007771
2.735090036471244,3.725582516007771
2.735090036471244,3.725582516007771
2.735090036471244,3.725582516007771
2.735090036471244,3.725582516007771
2.735090036471244,3.725582516007771
2.735090036471244,3.725582516007771
2.735090036471244,3.725582516007771
2.735090036471244,3.725582516007771
2.735090036471244,3.725582516007771
2.735090036471244,3.725582516007771
2.735090036471244,3.725582516007771
2.735090036471244,3.725582516007771
2.735090036471244,3.725582516007771
2.735090036471244,3.725582516007771
2.735090036471244,3.725582516007771
2.735090036471244,3.725582516007771
4.812353609544936,4.489899249647389
4.812353609544936,4.489899249647389
4.812353609544936,4.489899249647389
4.812353609544936,4.489899249647389
4.812353609544936,4.489899249647389
4.812353609544936,4.489899249647389
4.812353609544936,4.489899249647389
4.812353609544936,4.489899249647389
4.812353609544936,4.489899249647389
4.812353609544936,4.489899249647389
4.812353609544936,4.489899249647389
4.812353609544936,4.489899249647389
4.812353609544936,4.489899249647389
4.812353609544936,4.489899249647389
4.812353609544936,4.489899249647389
4.812353609544936,4.489899249647389
4.812353609544936,4.489899249647389
4.812353609544936,4.489899249647389
4.812353609544936,4.489899249647389
4.812353609544936,4.489899249647389
4.812353609544936,4.489899249647389
4.812353609544936,4.489899249647389
4.812353609544936,4.489899249647389
4.812353609544936,4.489899249647389
4.812353609544936,4.489899249647389
4.812353609544936,4.489899249647389
4.812353609544936,4.489899249647389
4.812353609544936,4.489899249647389
4.812353609544936,4.489899249647389
4.812353609544936,4.489899249647389
4.812353609544936,4.489899249647389
4.812353609544936,4.489899249647389
4.812353609544936,4.489899249647389
4.812353609544936,4.489899249647389
4.812353609544936,4.489899249647389
4.812353609544936,4.489899249647389
4.812353609544936,4.489899249647389
4.812353609544936,4.489899249647389
4.812353609544936,4.489899249647389
4.812353609544936,4.489899249647389
4.812353609544936,4.489899249647389
4.812353609544936,4.489899249647389
4.812353609544936,4.489899249647389
4.812353609544936,4.489899249647389
4.812353609544936,4.489899249647389
4.812353609544936,4.489899249647389
4.812353609544936,4.489899249647389
4.812353609544936,4.489899249647389
4.812353609544936,4.489899249647389
4.812353609544936,4.489899249647389
4.812353609544936,4.489899249647389
4.812353609544936,4.489899249647389
4.812353609544936,4.489899249647389
4.812353609544936,4.489899249647389
4.812353609544936,4.489899249647389
4.812353609544936,4.489899249647389
4.812353609544936,4.489899249647389
4.812353609544936,4.489899249647389
4.812353609544936,4.489899249647389
4.812353609544936,4.489899249647389
2.5508262554725336,3.358488591185051
2.5508262554725336,3.358488591185051
2.5508262554725336,3.358488591185051
2.5508262554725336,3.358488591185051
2.5508262554725336,3.358488591185051
2.5508262554725336,3.358488591185051
2.5508262554725336,3.358488591185051
2.5508262554725336,3.358488591185051
2.5508262554725336,3.358488591185051
2.5508262554725336,3.358488591185051
2.5508262554725336,3.358488591185051
2.5508262554725336,3.358488591185051
2.5508262554725336,3.358488591185051
2.5508262554725336,3.358488591185051
2.5508262554725336,3.358488591185051
2.5508262554725336,3.358488591185051
2.5508262554725336,3.358488591185051
2.5508262554725336,3.358488591185051
2.5508262554725336,3.358488591185051
2.5508262554725336,3.358488591185051
2.5508262554725336,3.358488591185051
2.5508262554725336,3.358488591185051
2.5508262554725336,3.358488591185051
2.5508262554725336,3.358488591185051
2.5508262554725336,3.358488591185051
2.5508262554725336,3.358488591185051
2.5508262554725336,3.358488591185051
2.5508262554725336,3.358488591185051
4.4424870550983,4.179803322455335
4.4424870550983,4.179803322455335
4.4424870550983,4.179803322455335
4.4424870550983,4.179803322455335
4.4424870550983,4.179803322455335
4.4424870550983,4.179803322455335
4.4424870550983,4.179803322455335
4.4424870550983,4.179803322455335
4.4424870550983,4.179803322455335
4.4424870550983,4.179803322455335
4.4424870550983,4.179803322455335
4.4424870550983,4.179803322455335
4.4424870550983,4.179803322455335
4.4424870550983,4.179803322455335
4.4424870550983,4.179803322455335
4.4424870550983,4.179803322455335
4.4424870550983,4.179803322455335
4.4424870550983,4.179803322455335
4.4424870550983,4.179803322455335
4.4424870550983,4.179803322455335
4.4424870550983,4.179803322455335
4.4424870550983,4.179803322455335
4.4424870550983,4.179803322455335
4.4424870550983,4.179803322455335
4.4424870550983,4.179803322455335
4.4424870550983,4.179803322455335
4.4424870550983,4.179803322455335
4.4424870550983,4.179803322455335
4.4424870550983,4.179803322455335
4.4424870550983,4.179803322455335
4.4424870550983,4.179803322455335
4.4424870550983,4.179803322455335
4.4424870550983,4.179803322455335
4.4424870550983,4.179803322455335
4.4424870550983,4.179803322455335
4.4424870550983,4.179803322455335
4.4424870550983,4.179803322455335
4.4424870550983,4.179803322455335
4.4424870550983,4.179803322455335
4.4424870550983,4.179803322455335
4.4424870550983,4.179803322455335
4.4424870550983,4.179803322455335
4.4424870550983,4.179803322455335
4.4424870550983,4.179803322455335
4.4424870550983,4.179803322455335
4.4424870550983,4.179803322455335
4.4424870550983,4.179803322455335
4.4424870550983,4.179803322455335
4.4424870550983,4.179803322455335
4.4424870550983,4.179803322455335
4.4424870550983,4.179803322455335
4.4424870550983,4.179803322455335
4.4424870550983,4.179803322455335
4.4424870550983,4.179803322455335
4.4424870550983,4.179803322455335
4.4424870550983,4.179803322455335
4.4424870550983,4.179803322455335
4.4424870550983,4.179803322455335
4.4424870550983,4.179803322455335
4.4424870550983,4.179803322455335
4.4424870550983,4.179803322455335
4.4424870550983,4.179803322455335
4.4424870550983,4.179803322455335
4.4424870550983,4.179803322455335
4.4424870550983,4.179803322455335
4.4424870550983,4.179803322455335
4.4424870550983,4.179803322455335
4.4424870550983,4.179803322455335
4.4424870550983,4.179803322455335
4.4424870550983,4.179803322455335
4.4424870550983,4.179803322455335
4.4424870550983,4.179803322455335
4.4424870550983,4.179803322455335
4.4424870550983,4.179803322455335
4.4424870550983,4.179803322455335
4.4424870550983,4.179803322455335
4.4424870550983,4.179803322455335
4.4424870550983,4.179803322455335
4.4424870550983,4.179803322455335
4.4424870550983,4.179803322455335
4.4424870550983,4.179803322455335
4.4424870550983,4.179803322455335
4.4424870550983,4.179803322455335
4.4424870550983,4.179803322455335
4.4424870550983,4.179803322455335
4.4424870550983,4.179803322455335
4.4424870550983,4.179803322455335
4.4424870550983,4.179803322455335
4.4424870550983,4.179803322455335
4.4424870550983,4.179803322455335
4.4424870550983,4.179803322455335
4.4424870550983,4.179803322455335
4.4424870550983,4.179803322455335
4.4424870550983,4.179803322455335
4.4424870550983,4.179803322455335
4.4424870550983,4.179803322455335
4.4424870550983,4.179803322455335
4.4424870550983,4.179803322455335
4.4424870550983,4.179803322455335
4.4424870550983,4.179803322455335
4.4424870550983,4.179803322455335
4.4424870550983,4.179803322455335
2.743203569891109,5.127991410357311
2.743203569891109,5.127991410357311
2.743203569891109,5.127991410357311
2.743203569891109,5.127991410357311
2.743203569891109,5.127991410357311
2.743203569891109,5.127991410357311
2.743203569891109,5.127991410357311
2.743203569891109,5.127991410357311
2.743203569891109,5.127991410357311
2.743203569891109,5.127991410357311
2.743203569891109,5.127991410357311
2.743203569891109,5.127991410357311
2.743203569891109,5.127991410357311
2.743203569891109,5.127991410357311
2.743203569891109,5.127991410357311
2.743203569891109,5.127991410357311
2.743203569891109,5.127991410357311
2.743203569891109,5.127991410357311
2.743203569891109,5.127991410357311
2.743203569891109,5.127991410357311
2.743203569891109,5.127991410357311
2.743203569891109,5.127991410357311
2.743203569891109,5.127991410357311
2.743203569891109,5.127991410357311
2.743203569891109,5.127991410357311
2.743203569891109,5.127991410357311
2.743203569891109,5.127991410357311
2.743203569891109,5.127991410357311
2.743203569891109,5.127991410357311
2.743203569891109,5.127991410357311
2.743203569891109,5.127991410357311
2.743203569891109,5.127991410357311
2.743203569891109,5.127991410357311
2.743203569891109,5.127991410357311
2.743203569891109,5.127991410357311
2.743203569891109,5.127991410357311
2.743203569891109,5.127991410357311
2.743203569891109,5.127991410357311
2.743203569891109,5.127991410357311
2.743203569891109,5.127991410357311
2.743203569891109,5.127991410357311
2.743203569891109,5.127991410357311
2.743203569891109,5.127991410357311
2.743203569891109,5.127991410357311
2.743203569891109,5.127991410357311
2.743203569891109,5.127991410357311
2.743203569891109,5.127991410357311
2.743203569891109,5.127991410357311
2.743203569891109,5.127991410357311
2.743203569891109,5.127991410357311
2.743203569891109,5.127991410357311
2.743203569891109,5.127991410357311
2.743203569891109,5.127991410357311
