3.5,3.5
3.895519062476624,3.9077789352922676
4.050081852857247,3.2916831496658263
2.6822766171803933,3.3666468364180493
2.009598154948634,3.0433770579200496
4.80959743512955,3.0336577881976683
3.700824122911463,2.7904995527963696
2.1822839497076894,3.9557602934070593
2.624956594562144,4.109239193152719
4.683922761682599,2.842909704386095
1.76019702137647,3.4665726199428915
3.413383620749801,3.8239539259944624
2.787450076948076,3.4143501827271816
4.115046291578858,3.228252430398259
2.3330048581020586,3.5300418370850717
3.6275660200284543,2.4367536331264064
3.1070481431282517,1.8275640381087246
2.205027481589285,2.7830769072262966
5.195611631457635,3.667037266696295
0.7793957117628938,3.6191685099279742
2.2170488792328733,4.76880147011221
1.4944343161694018,4.8659806447553215
1.1491363063914288,4.943360938672313
1.5957532647511523,5.031664376370256
3.798202112563887,3.8218859599043222
4.884452701222748,2.616980265452081
2.1560107128864074,1.9132985921087757
2.504706163009914,4.748397993031048
1.3230310033205397,4.340735355872093
2.03183071966639,4.995083982051769
0.39082889801577947,3.6412764511372533
3.487922496803745,0.9249287557268001
2.9351511358778626,0.31338595459537777
5.288005772797882,2.006244947387693
2.894060582524055,5.429887324634919
1.4149431457344965,1.357280021091268
4.291068262680992,2.437963521134665
5.039701147141633,3.7629736185058427
1.611548861445402,1.1490428042209564
4.975023101562926,1.3157891162426338
0.6670113375078799,3.7150628439304185
0.6773932490488973,1.6477788614475883
2.970038397389049,6.119151848134521
2.5704952245469075,5.820350430852197
2.8252787380084508,1.3662087104439662
1.0520190193234644,4.023828145501686
3.5705699345548845,0.34024276605928017
3.962019889006098,3.3582757082546344
4.318814042281492,1.9656444463209366
3.2387700605349927,6.7448559138194994
3.042367091592031,1.6750127375989217
3.666972448208019,0.0670751241887122
4.770111486167823,2.1923818606541725
2.5554136483083907,4.601038541548741
5.10577204475359,4.316941125275834
3.5762532162822636,0.37258593483563074
2.4728109583035716,2.56975530013139
2.870823385194118,1.8427799192949084
0.5412858930960811,5.612979667121378
3.756336560131561,3.6784521760843365
0.9662947746166345,2.524635221099521
0.6768467395289448,5.765521057566092
3.5820163514747385,4.033135116035556
2.466894061876012,4.462374975813414
3.916643237968807,2.783848672851903
0.17556496459858084,3.400555956622251
3.842316494583822,6.845304592753891
4.142483842430755,2.2531178005920305
2.8815383415644047,4.864127862117804
0.730210521373303,4.341310354103247
3.935043079210086,0.9374287126204496
3.9124362576254788,1.1208981241215743
5.452577080955006,0.613357142732368
3.0816050074514307,4.154710176486734
0.8882345437510143,3.151218165441257
5.889876522017347,2.140081039385475
4.673802927583256,3.3470655745814484
2.0430634794914404,5.6220334101955025
5.487593577547235,1.4225962112835284
1.9147150689758206,6.387386379951007
2.265336522819176,4.620211872030422
2.647518527634099,5.948626768823916
1.1698342196458138,3.3470118186049005
3.9856395906584323,1.1690451942069087
0.8020328101236596,4.946374688392869
0.0355452112547856,1.404943442307976
2.5783277197051673,0.06916426360471284
0.5096442271289423,1.3308449174739958
0.8680906001004464,3.264214301569504
4.736419146699509,6.894805784593397
2.192812250026325,6.129689130847189
2.5716043900285306,5.00974690944418
3.5842960093202985,5.768872502048908
1.2249662015556972,3.640250419931211
1.5709300718104682,3.572915066835328
2.0957562372941823,0.9340092002385022
0.9186654673860716,3.2261260836454775
5.355470388431981,5.08384233406903
5.909752531963776,3.718144101792588
6.240571980605109,2.2752161443918633
6.0755581303339845,3.0695236872827394
4.263241597196124,6.825286658791805
0.8308289338090604,4.551750019879127
1.2631842687551345,2.891872327977291
2.0610347515745904,2.114031421483173
6.511539506315289,4.4579357304238405
0.08869269900552523,3.3538597286251415
4.381156835404262,4.591085455076753
6.13618188783866,0.8501554314854743
2.4125954522169613,6.995377286053504
2.9138952724051173,3.0843271800727523
3.8803423799031633,4.023574355497518
3.6491691405767224,2.5122874383846976
1.685936606031731,1.9246287188339897
2.393483811880375,2.948160291794543
4.769189950711039,2.8696509403744415
6.168573991674377,0.9544573843107768
0.32675136639678937,5.395579782923078
1.0656220214868066,4.068483207103081
6.202414330841963,1.035620621075842
4.978547806566833,4.684092367629624
4.286677359801498,5.483916622239913
6.188083238293354,2.9110359023969945
2.5536214862965743,1.6270171534950473
3.8509797073435843,2.6456674350495804
4.562994788124782,3.528957961869595
6.968636311111063,5.057049519847753
6.136275734573972,0.3498668890535257
4.214654574974086,2.737446396338383
1.596537170785186,5.452205117834917
4.428174961645931,0.7559798006532281
0.9370725015449096,0.8786074273979292
0.22221765783740333,4.7002326187644075
6.5991544773758655,2.4407558956382855
5.87184542700338,4.676876935812155
5.212073789090833,0.03381992195081751
1.9911674049790147,5.196623158105701
2.2783742185859186,5.73502355426989
5.502629236919039,3.0610152559739072
6.37226051200924,0.8127610201190887
3.3581627562370597,4.242450797914658
2.8909369028346124,4.251176692420935
2.1208691227167162,6.871435007686437
6.56581338380468,1.8823044520386567
1.770630356436515,2.2847429276415516
0.8728956335859357,6.6088019178636515
2.7566656937514114,6.1474401332869855
0.44837966736900625,5.980852595452435
3.7245225280678174,3.03507839482199
0.696521014689083,0.3661354149464173
0.653300607944562,6.62773632890294
1.4480587329486108,1.5558519352245128
3.518980202520722,0.7374619766441524
5.337424011002712,4.673404728175116
1.018415452816778,6.626027397856426
6.620534389360511,3.777466422252821
4.065200706758797,0.004326516517497159
6.0247336392085264,2.729175696358891
4.8619721641389875,0.40978744237029374
0.6832412266791869,3.5397934853469377
2.9697309830060377,5.993774594948393
4.3744860045002225,6.018630620631379
0.23908401377209088,6.722712403489145
6.831028958638456,3.800030696277073
3.5163006817783624,3.9817144238024067
3.6804587476738138,6.8498218505967525
4.9551933850726595,4.370133407110185
0.3355604130086197,4.2797346353955215
1.8911522970963075,2.6635310566166908
6.9633581802375515,0.9497340134690736
2.9096612781854727,1.5343592427867934
3.3531092618620253,4.316722099482779
4.117114289788812,2.0014604547689183
5.339410844202901,1.8481637667559108
0.5634760058627184,1.5225909295119897
5.781319699889881,3.0253609568538806
1.2645623116625102,1.1666717863298248
5.805615983173072,3.8839599244427823
6.6952439386712035,5.558494818817227
0.1906238132709871,4.579140733661603
3.6827723226319264,0.23129505449499865
3.5900882410633725,3.1542068738719635
6.434092241940933,3.574933811629785
5.1055946694963374,3.8040132371402215
3.8882679683025643,0.20193060152711606
6.012006879873544,1.411659624854423
1.6964245181883122,3.2998271991666592
5.40266873681857,3.5742419934187772
2.783183958781226,0.73218065136538
5.859683878876622,3.0412344194813654
4.3439492222052944,6.4502949258999
3.6263976402380464,0.14807127370690887
5.225079387610037,4.106959818048899
4.717833702611449,1.5066231036781605
1.5156571577914053,4.062878332018543
4.015317032140974,1.1844031415018201
4.708424290605939,6.040484372958674
2.694262852061743,3.939075102063178
0.9161847639006322,0.05246901780472868
6.536072337816866,0.984789733089353
1.7715218064151281,0.8382478590401156
1.0785103691946363,4.989721740912175
6.875532685670952,1.6158258765919924
5.687376297430267,6.843998115454632
5.29691888742442,3.51497601279971
4.795556364689715,0.5919993673849019
5.731725553886843,2.6798388003338114
6.553219983106669,4.199491438982005
3.7395096281836886,5.910113321746542
0.6910493729822437,2.0438794546432937
3.934005546824224,6.055965306819552
2.1161195469420084,1.1118408603989915
6.467028482804884,6.731471989783436
3.6653682373461973,2.3447982544053394
6.136508139364336,0.8646458956913063
6.050851607594981,0.815686992320011
1.5362732393991876,5.245026807340304
3.398246576698201,6.437394854481211
3.6953978398130505,4.320751932516398
2.180476657433638,4.187800128696049
3.9772460639277574,3.49178046974608
2.760900644986283,2.3440656137497853
0.6131965317506723,1.422978989600777
5.749569588524698,4.354651708611731
1.1449652837621707,3.851458982155357
6.290616871064571,1.2508246480998022
1.2661304242018379,2.8909477919882445
6.79231912991324,3.5756284834162027
1.2589975250547316,2.7055260069330354
6.992298270526942,6.719198212164104
1.2817478355426077,1.80333549588454
2.856344483441178,1.3065430337853658
0.787052396636004,3.3800187079048802
5.780496973533646,5.177227645236199
3.7310164058619697,6.163459297675933
5.221119202826925,1.4769390698709124
6.058222159442732,0.04341621141172225
6.352324062323277,3.9354015334502335
5.153860123912811,0.1698345108089847
2.6890556902544693,5.135711242196732
0.8263078649599972,4.881605238899018
3.7409866520778023,5.197200148544331
5.9756949619694275,2.297608461635576
5.331485266643729,0.2700072493397435
3.6295861758254437,4.673228797597349
0.6846077205997172,6.561411406344791
4.824680513860431,2.0666936736847292
0.22933730338677594,5.8074668545416746
0.8006792002320762,1.177624473539904
0.7323694895555972,4.70280535490285
2.4362916062951325,2.394584079460586
1.871560971013801,0.1165298945387554
2.3639165644953786,2.9802556796496864
5.90257529743747,5.926700935450941
2.2173973613616274,6.50652707432469
5.174635658235659,5.266320804415439
2.2113856696405776,2.2279863786457543
6.365025585701338,6.65072451429158
3.188967682273014,0.7368010313983071
2.880436977875678,6.900555912519789
1.4434981735165415,3.964919665209381
1.8804060920669086,6.093491717710071
0.6831521654987701,3.762425009801404
3.631002695818481,6.611423878279257
3.857573173935041,2.099192845654923
3.0625710588407666,0.6858160961623971
4.657276767645213,6.7923361325421325
4.450518118802371,2.493302750961831
3.7031725810166805,1.6271364742911874
0.9725626839275436,6.281670486347183
4.863799362035551,4.238760345135539
0.01991077222020854,5.2954699906853016
3.491902047393827,5.9952719474177005
1.785901549483576,6.327999807823924
3.28122090600455,0.46608074382325504
3.0301715091020824,0.750904216272998
6.987509501707436,5.610795033519819
2.6334391830641386,4.868764555017914
0.5116322703614202,1.8822407941058028
2.1624861331383305,4.205381159316406
3.2767461588082525,6.854980428148452
2.3844036259352697,0.5824419199990255
4.950799618447862,1.8338816416004988
0.5939083400295537,4.115850663389882
6.529657633507349,4.233971306062313
5.553448348550058,1.5657963574587517
2.38359200753167,4.670903194217746
4.309742471915826,6.7457410090897865
0.47530868421138084,6.905037595175443
2.253821648436137,3.3735133505657346
5.589497787801779,1.7773992256362492
3.5871941718514906,1.8595191193683083
2.59967297010518,1.4601351834771146
1.5107511674803915,2.371841753491808
2.0301912163739604,0.7952059197313591
0.4812300784445922,6.036501746485296
1.1646842157760022,0.14997961216690758
5.644697476396293,4.795498682998336
5.544540319596894,5.417764543148533
5.132971961367239,3.6513677039391013
0.8024173027040425,3.520871878119461
0.5953924481276797,5.21250422327717
1.432637464316628,0.6183554601476265
1.9802411901862764,4.567199418891926
5.217285628794761,0.9342408355016137
3.8637011863857604,4.833351126625123
1.9158091461731663,0.4980265276402539
2.403585603948162,1.8267463583853065
4.998014133674756,4.776814737200402
0.0841613347744985,2.895879183400563
6.232836440534222,0.8703169804224875
0.062096837600178256,4.006690835224428
4.024073986828909,0.851676815039168
3.386312161990843,6.320216501197235
0.07882992811901268,0.4226794726244455
6.94730878701332,3.784202499946569
4.026917463952876,2.386315293197521
3.9297967249015238,2.5352109366904134
2.128039768567057,3.7369671529172273
1.243322873215416,4.816166081510158
0.5881199627887271,5.347331550356495
3.4229878880550126,2.771819432735387
2.57433297150796,5.84905870778221
2.6729797556991457,0.5122003731686443
1.9324465728511364,5.395816751228198
0.25742349102085094,5.623752727190518
6.181850133054264,2.7778506934882072
4.8333556766536265,1.4886385112139822
0.7012240253295375,6.93546872061047
0.5505178791976949,4.140555354239023
2.493146607440327,6.576960024534322
3.142934414977459,2.326178514153358
5.256940443827045,2.6988429979345034
3.741315356826465,5.557952583668315
5.525909187311086,3.296350710285894
3.0104445234710733,6.253658409331746
2.3999544187834916,5.204490833421777
0.9635803297227841,5.821948789702406
6.420978300338256,5.11581830085168
2.267589450320533,5.540144897702984
3.991267958751626,6.499311961357456
3.484720200877221,3.4767160848643637
6.5788051977784185,2.3032598842386403
3.0252743279097647,2.665292282289769
5.901974374537374,3.7137753348089455
6.952272163939965,2.8830201986732606
6.2751329142257015,3.318561130125294
0.5566961856910049,3.708542762287575
3.1651480878199867,3.824924086307525
0.2803857651754891,5.529147275752659
6.5775799364681555,4.998041471995332
4.487361549756768,5.344125122945639
5.822734290796328,1.345829094686354
3.963232512027856,1.7598389168413409
4.403033651339197,0.2969036602087781
4.523252095375641,2.0387747396347353
2.1635711592972284,2.725089726141712
3.182350708789879,2.4947522229553964
4.304903805229943,5.423644124008385
5.057313492914722,3.689737576649333
5.0082823969168295,2.399707589514271
0.2514133565755421,0.8626686907383048
3.991080850925454,3.4568259521957656
6.916668907974034,0.9713612475564793
5.052314816941049,4.459973048647698
0.48627637270280366,5.365752431598431
6.504650082437786,1.9437130023996967
6.430389048959827,3.939311412674978
0.7179069429294144,2.9324508385919494
3.676478845620285,2.844671595443314
4.776968861492724,1.0314526786421956
1.5128099106041726,3.6840156782945224
3.432808770276434,0.08261318841265852
6.801074805782501,0.04653904266173392
1.6867009493253065,2.534851257494984
3.9838672009438834,4.633610381924976
0.5014384034716166,0.612055929980193
3.7347545215088434,4.367971950393246
6.217396997731555,2.8657303877025115
6.128611791177832,0.11894182596103808
0.6407706474111534,6.995932094459926
5.819695740088064,3.3341498242957153
4.813542327155129,0.7351667371549262
1.6306528987353408,6.16749631471284
0.7341921712181467,5.8686292745591775
0.5465812516286095,2.277153109180066
5.377438936554114,0.6899455351824609
3.930583259289791,2.3586597971476606
5.262989273598937,1.9159827161223886
