3.5,3.5
3.618350956262154,3.63761178166065
3.638686772863169,4.469826610420755
3.6805733805420364,5.045874332104149
4.000853450760591,2.7753844743216023
2.925727619256357,4.898390852014751
3.53500939783862,2.0326841465216208
2.8964474554864457,5.614454583146762
4.247743133840555,3.9715201047719924
2.8535375618650676,5.643164598930248
4.439663112604973,2.379941881394076
3.8391515547014814,2.283452347832079
2.4950005698371984,5.170204038360172
3.4543046637765427,1.062986928899622
3.217872558808018,4.428831575804646
3.9743452007608733,1.2193980184637112
2.4153309280706416,5.898659146822578
4.834146544116134,3.5946677090550976
4.886870162564831,2.618565860869866
5.100616717924156,2.7534574197503705
2.965086830562085,0.5660173115011872
4.481661510094895,1.2938877401133557
2.627978383053807,0.5389469021018471
3.0728540627994505,5.260402766229186
3.9788143260267708,4.181143543361249
4.567152450269927,2.111117615177702
3.197396482490803,1.0855064313708542
2.4462522551756303,6.580049179324707
3.494701354946916,0.2704253805358523
5.701242483464651,3.9665529983569954
3.800946767677175,0.5122512978858479
2.592482131349609,3.489860961627869
3.058041031602202,0.6312082988885271
3.845799093476474,2.979515854782229
3.1906052735761605,4.710634668322839
1.7690271438655358,5.120162491430563
2.5553842604781054,3.7788596330647284
5.304560633762843,4.40898090557408
6.376813447622539,4.554212623560282
3.927495878097185,3.8704768250133097
1.404097860246148,4.1952212795029835
2.6308482653904557,4.247609054938207
3.011310043161659,3.389785148882797
2.792450658792977,0.28012365581179033
2.951864307454678,0.06665799409279094
2.7670576647896694,5.79337606669285
3.5035715060888677,3.519320543711091
2.7985711306304464,0.24754369940685772
2.764047101070143,3.2180668672100765
5.647573335047273,4.351497680836152
6.037237390780595,3.1006027062656445
2.5224047830436067,4.4358950085887265
3.1129231697667885,4.549691685118291
4.447344629699576,1.131637506016028
4.115098281239723,4.408418578421957
2.1599790311185707,6.732745640378277
3.9703317316184386,3.036783107112737
4.265915284849051,1.0794960623560095
2.233899646772535,6.2053162616862
2.4384823937516638,5.408466205434301
2.6164049841507313,1.599354536747408
5.2608450064485535,4.7647809839966335
3.1481784752664046,0.22001091978208387
3.422134258669384,2.3346315292007187
5.255360412210992,1.6607340841221498
3.961655902294896,0.3409683390195215
3.3909562744902053,1.2076948737467936
4.796814453259503,4.402281838041726
4.762882202729696,3.1383123696869655
1.488801161467161,4.5970365562010125
2.1514652741641225,4.0308814860381315
5.781913778488195,3.5305894069866506
2.4820520101089443,1.0163686930698512
2.304018973847789,5.285970221421894
3.4263455124269844,2.014748910673779
1.449809489658725,5.996493776982806
2.5833888582281452,3.691871990603589
4.760065286754044,1.5430536542375075
2.6277142293830478,4.048936308382555
6.0681831054607525,2.913529497405319
1.4890914285572197,6.345359146648043
6.9774902323508465,4.291831733228974
0.4363478770939151,4.3740392498152385
1.5731223274458874,0.6902683763967093
2.570005996897368,1.6262653767617044
1.5649318788861648,0.014885663398534144
1.5711510137038096,4.328528431050368
3.9448142289798294,2.3314159322619017
6.301276955045722,2.390125134013287
2.9309544907369585,0.9154237713583835
6.174483206528691,1.3161295057223923
3.8281991466904923,1.0563800540030415
6.0734315442519655,2.18902332948105
1.6389613331521238,1.0309033182128502
5.867553167759308,2.5515712744974994
2.569555483293539,1.6652069241006489
2.440662490188112,4.040098928241767
1.548157059834936,0.11826857440172056
2.583524932698232,1.0189332089365144
1.595564405150204,2.0207308046031387
2.4189442122341296,2.3504918902716843
4.814436766900285,1.718523668949099
1.4732967469807061,3.4885586192805316
2.308881698020533,0.07020934278249968
2.5778366207164143,6.109650699137157
0.0712332588078548,3.574442390825233
1.6134621505431461,4.158288429277435
1.7951618637826368,5.339996976227479
2.637589741489048,3.0423038203636326
2.945715604320382,4.063544468109398
4.976171886903547,4.032621124287267
1.5276971571256905,4.023699837996274
1.1617332523053165,6.408577443461636
3.5788672295862507,0.04049321438836595
0.8864977089513858,1.9190094697702493
5.28172175224725,3.4677161871273348
5.765432980876196,2.863198864437035
0.2918286239156622,3.0791257272333934
0.8152747889561406,3.5281623784651845
1.9447459959740878,3.9777655112426897
1.6548741276138181,0.9856704588850441
3.7697835967570734,5.346072594428761
6.890855369198281,3.2070271859807846
4.675267473649279,5.41894705298066
1.8173337428138865,2.007577558850596
1.9083498732135626,2.2174537867699904
0.9350899577707681,5.572206246242871
0.504821691530377,5.350911684621127
3.953689137575874,3.3701663684575554
6.394817672720213,4.594460791889681
3.7558191671698973,1.2933913678787186
3.591537850494618,5.5412716587827795
3.1817428755635193,5.296580350398871
6.294865410772654,5.148002936954724
0.9165372609512884,5.250586727936574
1.3946500434854583,6.608947751053765
3.256934380515561,6.566857544037272
5.760547454623888,3.8980046751208652
6.44729228829506,5.134818036857908
2.8791212901304926,4.836364480123561
3.2824898836025005,5.912813049617182
4.678710961057782,2.3281537934658587
2.210471577981684,6.877641128638529
2.1213106418611325,0.14941048245001853
4.307407074232075,1.4408355313562236
3.7657344485424358,0.28179335453817844
5.177710067868988,0.9269618942705152
0.4002514366146698,5.869672481189575
5.45120490779743,4.059245878224368
2.137084383352509,1.8958559092750566
2.749524783178122,5.797520921437073
4.650923567594894,0.030943249657451433
5.080363641150868,0.7055484900974984
1.2586072071811012,3.1954080625049333
4.133168117583611,6.467829582183386
2.327919884313771,4.582195212914003
3.0455826193964746,2.407903658209932
0.6337012746898523,6.3458999735465325
4.836947614149822,2.9371748364111845
1.6589437666144007,2.154841502815918
3.2609493604767597,3.9471755020822017
5.525223375206645,1.4742445270915285
1.0379700655334814,6.822764600461448
1.8356845161607107,3.0365976393745875
1.121376350050915,5.564155538622714
4.4461671024847025,4.431114924673397
1.0929235375307875,3.5851268340079336
0.4196600601205476,4.031910392320115
1.1236359936836338,2.152477650960358
1.109741590086529,2.5926691482764346
1.9997324565726833,3.7794286444571163
3.6867884125748307,6.434486587210938
3.803020073921012,5.429722089421295
1.9209854271864932,3.6389949962489982
6.020298922415541,4.349300767177641
4.903678533716504,5.240767377077299
1.3575957451253977,5.956637456277187
2.0982224810611134,2.0421400238508607
0.4829112533068701,5.834513193385477
3.534406959002871,6.349949561311649
1.8651977529524533,4.0781633528701695
4.591537996949314,4.0027987533502705
4.772245468615556,0.18553707344239134
3.817791261988856,5.253780316635824
3.684777680789428,5.104166833918908
1.9709039147272431,5.998300842919715
4.478514684851825,3.9387173732806566
1.5611931895538917,2.1393057887334312
4.7281736357259225,4.925689351013236
6.349321022370954,2.035741173435269
1.1523731818503873,0.9061559902314107
5.253441387131481,1.6131200435321293
6.904560455186916,1.8512735426854623
4.0900975338525205,0.3594173904071184
3.093360575278041,1.3126133623457783
1.5264329536493433,5.701840195590377
1.2798010028693518,1.1039445773407228
5.012809609153969,6.783684298693278
3.893040319555904,3.8497054177742553
4.066340625267134,0.3390921062708946
6.159810714748634,2.2013142426854957
4.6411581049969,3.874915078060351
5.9313449444572655,2.2525594027241267
6.47160632668847,1.6620911396834779
6.007253584589366,3.192144474549191
2.4010719087127566,0.6095041703922787
4.8975311232121435,0.9463708007977015
5.22792674417646,3.216635478242099
5.020798750460968,5.139992380742129
2.4565618165068104,0.5704860871397384
0.7272363939779307,4.953187530814928
2.7628952727709004,4.262750300050093
1.5199248382266428,2.8490265679239384
1.9671376302274328,0.5733891742052367
1.6817194707817824,0.4832161766345481
2.6733653425877564,1.8837732342970996
0.7502815815409948,2.203366511249478
4.5247587516130805,2.9681087525252354
5.36635400590605,4.5242138052048215
2.616217309615844,3.698859728061344
0.2881089631281266,4.234719196202386
1.6980743737282393,4.056611894673922
3.5246503907829996,6.926370800530042
0.9225098155583696,5.538720412797141
2.414717884423469,5.517002258849978
2.258259721917237,6.05574419440723
2.6359562625085413,0.7686151318353314
3.699939255329517,2.9461321646060474
6.399710991411952,3.7051555887390437
1.4714511911131996,6.947395110152275
6.369716342519983,4.1106903783718645
0.2322238172474851,4.480370342055432
6.071076745720846,1.2677174260988862
0.32419610930719134,3.923760649818983
4.583326381202792,2.008019623862717
4.794774603876158,2.5374770148123003
4.147638322131637,0.8480227652879072
4.918444999263694,4.487304794816716
4.953313214181711,4.643821157263282
1.3527392947755077,5.078163636899011
6.169618771154462,4.757694696340286
1.1955702714186178,6.028015306226708
0.626279891822291,1.1595599255766942
4.369935588215143,3.2358217938953446
1.7765068218970352,6.503000738156709
1.4666399986513492,3.56519244209801
0.9036257528165527,5.55672271396668
3.4405425085588495,5.282515177771257
0.5170188979515339,5.827394791913818
1.5858538774598516,6.193617903392308
6.559737882518304,2.4961447945179174
0.76607108923548,6.183838674154159
2.2128363483199065,5.128828031666916
3.641090675927853,4.70048667997118
5.305343802883925,2.1431749647522
0.8901646731663887,6.39116261332521
1.966703488015868,6.8621968016048935
2.2225261162344285,4.966974038046165
1.0622754820455387,0.36253682749801963
3.0514398178931925,0.6381932641634465
0.05748653938659787,4.618420814754741
2.419981135371482,2.127645053015756
0.3381324491759228,3.03447461095257
5.224499128485093,6.846027239941614
1.6237398078148115,3.612035066592317
1.6119975746593886,6.374745252944107
3.641103939081849,4.311705655998895
1.125120030484853,4.1443570010478
0.7951130359078116,3.7101449757042237
3.150463254970541,0.13676031779645492
6.007037331485416,4.289323474732324
1.2477510299769574,0.37329122632365375
5.153325067430583,6.690737120972673
3.51471205376884,2.2694354707985775
3.040508955006762,1.0923779772355098
1.3957443888046557,1.317315609838384
6.835863796354768,3.314460709234284
6.682892374072492,5.378768410539969
6.821617041812649,4.9600101424432825
3.858513195292799,1.5749146693944067
1.9216456773594879,1.9702084203455945
2.803471616929773,4.2364579473822594
5.566711967851222,1.9533963652908903
5.712166931186924,0.384729166088537
4.903222689978198,4.672101855964916
2.268868978085629,0.6071752120317077
1.670938527828309,4.736684485728237
6.125132960932304,6.55216902637505
0.2935189631014211,4.297539191497617
0.29487839799000803,6.727848088277012
5.368790578936437,1.786664408054226
3.994036333081888,1.3942457780228852
4.642694770588892,2.0762943553170055
2.975164947361459,5.442395582071254
4.803510058414441,4.774860152808688
3.000487781363038,4.023990111399864
4.881094287083409,0.5643178248805546
6.464341606474044,3.595038468487429
1.3772529533458913,5.767464900310072
5.580036321401261,6.927337834457471
4.296880822010796,2.1921247563054367
3.0416473766266874,1.7671342873136493
6.68147638571608,1.4177501561288226
2.4842585791543685,3.2209341202793045
2.3322641586371935,0.630614812469746
2.893278199840513,4.135966127724593
2.223258813622814,2.305974052748725
0.20106907674597196,4.381323694198922
3.7468915068473336,5.658672055705021
6.719520520041545,0.8908706958814075
1.3146343662874567,5.809227334986168
4.3453055336335495,4.2848172335618395
2.178552467237445,0.6168859945926702
6.254783343308288,0.11856014934501247
0.11125475809427632,5.03672576643997
5.580073524833469,6.436783807206221
3.6637889309151883,3.265947752489463
0.6451564430026783,0.6514394858975145
6.460173023000707,1.1766081665713868
0.7522864326110639,0.002909033464806199
0.2911366523121748,0.06484746574412081
3.4739461312931765,4.884483453202034
3.046004227158143,6.586188224936947
4.722099060064243,6.716361705736898
5.207474693085337,0.4084420052443416
3.6266695348600546,3.958118952618552
5.487654380740416,2.265152627842503
3.1233280724948633,5.47251459922904
4.351737929759008,3.488080520696583
2.3768733680646417,5.248269959859708
6.604458693250909,4.633598823034381
1.1275420632918354,3.6525065727515695
6.864159503225469,3.763670384027562
6.485442416015804,3.345337580597275
3.0562486550223307,6.663076383372303
2.936813486778831,3.595945020119744
6.6956602908021425,6.877564974138186
4.318041441091998,0.2741303507803582
5.426252980567838,6.82393368479231
2.676433383184273,4.968932202652543
3.076861906658153,6.5507553322887615
5.165886574094154,2.5476041824811846
1.1630463962782907,0.5489953232261755
6.918196903017963,2.8891642287785757
1.5898333123558959,1.0867199153275924
1.9044633052845716,1.8094102487132555
3.947914872806731,5.384796674800524
3.2958288837007195,0.8141520809550474
4.773141916592982,6.053898447952093
4.325582511081939,5.664773417031335
0.45818457881504726,1.5217019636910765
5.7404642363208636,1.989801927950976
6.152015164853736,2.425222612419702
0.921279948747012,3.244711422974083
0.41293365874763654,0.6023839002476584
0.6179602749427623,3.725209068206468
5.327344131748018,6.394795684168207
2.2632670703449396,3.8579054092120604
1.6281807966421766,4.003110140782462
1.6597785748782923,3.8086239803314506
4.234365767908964,2.600841514419199
3.7367073838938194,3.3233966028700794
0.8184362801705218,2.1416648874446285
6.119994603153893,1.3169955692693611
3.1210027471313624,3.22746203355101
3.948512279294628,3.989661239131758
0.00587004761025256,3.3832730758646834
3.2746827564284695,5.5625548593143215
2.732323656717293,5.382053238594805
1.402500934930421,5.5289786892236155
4.964285069271262,4.368950501731795
3.63139585067086,5.895926240670518
5.801468099894698,6.770930754323646
3.4837999225383296,6.9535536341483795
4.566051151090939,5.919502143025244
6.707000395234165,5.963484825450825
4.417317474246213,3.1658390702510566
5.983033628237726,3.5084134248804486
3.3507057623726513,1.083052826589646
0.8551046535216568,6.75834622059455
4.635590754596285,0.6695102908490761
5.601435410640346,0.13247311926880023
6.535071087355741,6.428148752185558
3.13350121344352,2.1045297818603954
6.6776829034441025,3.770616544683786
5.549384614610753,4.906297450973208
6.542481098675655,3.8224013924466584
6.005134625784924,1.6436361793694556
6.071727598570654,5.466945139060395
