3.5,3.5
2.8308943830598627,3.0512277321168915
3.352397557886174,4.38937667823334
3.702980694350655,2.8386175299608265
3.143449656278791,2.5745485772013925
3.4733010646088878,5.049931934561772
3.4941402605134373,2.335670293727489
4.053907949864611,5.10043136668984
3.1138317238225373,4.083822483910415
2.7809422500999084,3.9026290327443762
2.327800552515067,2.931628581202086
3.859601967268893,3.8032978198275655
2.565873434867079,4.463641088874381
2.3785820765973256,3.90752045678407
2.63590791090059,3.3091863974857016
3.8051494363323672,5.20159706701195
5.05326624592192,5.085893172455308
4.058873777295763,3.8641073269607604
2.2274256348224233,3.4259781468835566
2.1228635712515382,4.716153051743267
2.6594116112143285,3.993363820790723
2.4413963556993914,2.303012036957514
1.5947906014575741,3.7244607191191825
2.413540837175587,3.40483013880979
2.886768247196555,2.173607417911538
4.352247470338311,3.4061238253806208
4.5324631070487635,2.6232521889131584
3.605861998342491,1.692406695041842
5.444647450275523,5.3644479186701854
2.2430683156351447,3.2845731522851915
3.642141206227736,4.157732399624065
2.3373855187412564,4.331713614561295
4.534281929933178,3.5340090604962797
1.246542956362192,4.839193708660955
4.170606578981239,1.9514535040198195
3.730565755657892,1.8235985700075177
2.9397695331536964,3.5015580360978715
2.546609281910059,2.457125403306117
3.1275777084915233,4.4169696551292645
1.7997784930063028,2.3290274624108793
4.507956544115095,5.193182594411684
5.429356518870158,3.9087927771951696
1.9655684565900509,5.250364180861157
1.1849297278373943,2.8522153615672927
3.9674453270004557,4.736330576791601
1.6933264857020023,1.5307768366125858
1.176784620211297,3.8387734933735
2.772438963369835,1.161205527297703
5.361817172961068,2.735619147302631
3.570055161165051,1.441649672481281
1.799941521218069,3.5732911230540143
5.717369213399012,4.694020642596373
1.588673880201249,2.5490147076075536
1.3538357730902948,2.8565244408632706
5.791863565528193,4.420587835566891
3.201360736506089,1.149102383498473
1.7332117310007058,3.7859250332429526
2.2305288739997713,3.7850292834925994
4.010320399935866,3.5850919931782195
4.9389529721164,5.083720078010708
6.7698928609570945,4.214945091584577
4.362972481397699,5.043560900503699
4.951823888310532,5.565608266079366
3.5379101298572944,5.705810661331457
5.171664756659511,4.206788751099334
2.570812447394106,5.199250171973931
1.9984375792879479,1.3516042285768428
1.4623896280561193,1.8632720001026348
5.207820915743543,4.234293910616691
6.258139429573524,4.09992208871201
1.928592294034853,3.6832096979386666
2.6232269460033484,2.441849989501577
1.6918447909005896,5.145824249390532
2.0747520734926344,2.335552115105112
3.6658251005348683,4.347545275532062
3.9411244416042432,1.755723724937881
4.782654498259564,1.5020510904222846
5.487517705154428,4.3397402712781945
1.0748644458949763,2.6551156062693013
2.5919697287257946,0.3740257766048172
2.7850608723248484,0.7206046285017581
4.683210152307083,3.2409914561389437
3.317486693077745,3.862274341529109
0.8214051526971471,3.141752669896355
1.320992248644464,4.662241857089652
2.3847631204906867,2.6418576023530553
1.940808059610608,3.628784824485148
1.5820833116939004,5.399681939094839
0.5848712540904285,5.363342588769915
1.3851199062931077,0.9641352657785203
5.588554741274827,4.477491613375484
5.064157643297881,1.7503300856475152
5.972409478885572,3.663320155770595
4.105686152657049,2.818755553404513
5.775473479475874,5.942002214265742
3.0744264003878525,3.27558191618415
3.117842442685383,2.5675684390695084
4.323947789064983,3.953710269458721
1.7168875925942264,2.932996161285929
5.2425601684868255,5.720085216881964
3.9029049987342495,2.696495061889969
2.063354548227773,0.5381027977213482
0.9025834145660842,2.5052765200806393
5.966787782716049,5.507414137580939
2.9457323362544923,0.7617291814912441
1.7470996069671654,4.057344799223968
4.490532454747112,6.399266117683398
1.201896423591177,1.7754387910238965
4.912551814921256,5.00453459676698
3.326392867988392,3.2384375559798237
5.883420483839717,2.090001056030456
3.2747171708798417,4.9568297778439705
2.9002342703805093,4.7340987357578195
0.7749522752800525,0.26606696960341447
2.7160635777539786,0.07503486040842589
2.4027526105635766,0.7777624497381629
4.987955918139301,5.895203537241748
5.394246975200201,4.231227102550336
0.3433664670262919,4.976025431652274
0.38860994038127783,0.6698592297568886
2.6585221197782865,4.12235062235807
0.707758093709938,3.3422846933411323
4.738464843844706,4.4254816602052935
0.24050409848618481,0.9675536722449812
0.26850731526979743,5.582524496023535
3.1098489296481744,0.5536294773825268
3.817967349546702,0.5813162818390641
6.323399973346802,5.4132535368144605
5.542196061378977,5.91980399262209
3.764427236300285,4.426022254718209
0.1530865973539084,2.615312832414794
4.680098145425517,4.340969810615143
4.88662089884912,5.191388330771489
5.81448647250955,3.061617599447035
1.0306464764664025,0.12488235683457327
1.2651995073132076,3.4015271810876753
6.628376404288453,4.173670381960768
2.485080415857315,3.9317415702707508
5.77647572525024,2.072576700086879
0.0027646647747419095,1.855977201199079
0.20221310082683985,6.028655068589938
0.7088551491856343,4.612302109948379
1.8882655844347922,5.783289312610259
0.8605938151507674,6.044106403288422
3.126887091617153,5.268819797610641
4.024516776837033,5.8451202570949405
3.416864890609761,0.7514430196791583
2.561799197646566,5.81488590681033
0.6424407144976856,6.199928482975446
2.346529243259022,1.7629340223376102
5.755407698625835,3.0840108045103127
3.7645358984756307,1.8266437025261346
0.19665581946150623,6.851261924099832
4.083463456636649,2.6224078623870875
5.385874722604283,2.3230535942005957
5.869621141746904,1.7290671963439923
3.028374306598269,1.0698275456352042
0.9669239179613317,6.769906668464615
2.2889493516751838,5.251151759074306
4.970233511959698,0.8298261093997387
6.2915442769880014,3.3021546666314077
1.8201859534767157,3.2600171953437824
2.3254490624912076,1.9590380464350732
6.456645700320516,2.9255098838125067
4.885061864247266,3.165827127462061
6.821696434883738,5.308253665424649
3.0379607457919207,6.117292606040293
0.8915678713906318,0.12488887073086496
1.1792174841948277,5.7067801183317615
1.886803141116145,2.215532534815046
5.358490904168826,6.317121650212978
6.9189648351109305,4.181892034859445
0.24119675042882827,4.20605146271137
4.980603386722343,0.31295435844529207
1.4775555631902564,3.9910780840561006
0.7742454742123633,6.539863720830486
3.801094316668333,4.446075831137955
5.5760757718816825,0.7125284794270731
2.099957571803246,5.874197245683853
6.00207850684755,2.58146078537786
3.7764195424480467,3.313470178105967
0.3193365083765394,1.3984607398812567
3.8220629676689066,5.313747149869362
1.8190298201700474,5.197599684618664
3.943929532699017,4.915659510238235
1.5833095598135252,5.6150679422205325
1.6941109214697225,4.517784025372893
0.1632452342047962,4.9804462716953335
3.717405575494196,1.811841762877819
0.1148751585099429,3.7357611209604964
5.0382295670679795,3.447414553833125
3.3091246557660075,6.702962685733794
4.876790003260686,4.952949584057386
3.058575043278135,4.930677257366077
4.047351714202175,5.198951228977531
1.8924623683179123,1.9123472206061667
5.631999851895035,3.9706131861338925
5.9807779573378035,5.2731628965408035
4.784511711673364,5.272158036023682
0.8544177949294496,5.5012434635906615
4.843870817536884,6.154769773483389
1.576544364966483,4.63995070525898
3.2101249634325555,6.980098289145547
1.9352215655619194,2.5929970859221023
6.322959374574811,5.78628851759499
0.7915488911831002,3.679971548451535
6.506930624254739,5.188520802920923
5.687999066254061,2.672053376086444
3.3668501602986622,3.4986665640951164
6.629195924721606,6.471837980841143
1.0218224337982673,6.481509392906772
0.5100860243892399,3.15317736033031
5.0976993789111145,4.340115105603541
2.9137137335782715,2.6380753136903934
4.519399270830867,0.7628096326869507
5.110733251494406,5.280614895659385
3.3138248732404683,6.928081268719809
4.393184812103722,6.782582521755741
1.2981232622590446,3.051372544627011
4.864620848342433,3.895251587353822
2.159044034783631,5.90525418307502
2.695283894891968,1.1079502069322718
5.038022581549522,3.5494688367161427
2.637548725273004,3.1738571787091447
3.965781771966602,5.095764469361253
0.031384915878492015,2.8705728813426363
3.167136602600258,6.075535923563761
4.321659542653736,5.366337021898319
2.255647404839002,4.88912040364032
1.9566127823091843,5.981198304092936
2.675333118016285,2.5335127503313313
5.878505239661285,1.2149830554114633
4.658501608082754,1.8513792492838024
5.285467894341945,2.167075134634798
4.8813827874638225,5.238479797705143
4.01250988336791,1.9287113604913917
4.907708273879516,2.971820069717921
3.161873353631755,6.115370684882553
2.4336271992192393,4.586101832970363
0.6435751968135204,5.745497022867566
2.4070423346089718,1.654858214888817
0.038936437394552215,2.146001932588776
1.836762752587722,4.697356913136375
6.347240615167776,4.5411730307932014
1.27691302192459,6.314513454487834
5.822266475134583,6.172135310198569
3.3858195180932666,4.671985912825177
2.237838899734676,1.9223265346404508
0.7388846143666447,0.6308691375743225
5.186490447031226,4.078464089895751
5.4881577056012905,6.979616090569452
3.9818904338442014,0.19563404110285687
5.267590286013576,2.390622287537876
3.299265706685111,5.498970094680286
1.8250953839392894,3.8656658242821833
1.9604968995500358,4.615555051168724
6.775337382451202,6.946785859977708
1.1449999547369605,6.62453877941589
0.7768093636700739,6.573137552630675
1.3504300475681363,5.021646700089908
0.27176760062071226,3.4306443796412176
5.879606382200363,1.3963834397430714
4.6362461922014795,0.16878916889417306
5.583415321023839,0.9927148136739372
0.7343076351268968,0.3089539874768249
1.5401303987352961,1.768015623254692
6.676477505908891,3.1726967785331386
6.659816060330864,5.661850734300517
3.5228275167023533,1.2974415583609131
1.4641092877372213,6.070988689070054
2.7989263100984796,5.453942317279522
2.947046312090923,5.628390672547466
3.225754482303076,4.753325374142367
5.583145148702086,5.5903199440143645
2.3141126337010176,2.0777222223963134
6.861785864561993,3.4669040316625686
5.234405575834291,6.370259654350234
2.6668642739992077,4.9117408851229465
3.1275855167974815,2.5411665431191945
3.001574824307036,0.3488447099354598
5.329183163795598,1.6650498470810933
2.788455250862358,3.8864963053228676
3.8584947776195997,2.147308799947259
6.807445657265965,2.3688330339817862
2.9224002318879476,6.937949489318253
5.418731890340468,3.2262801625313817
5.011707987543161,1.9832729577988055
6.824499260274372,6.106871201424492
3.5099335882616662,5.241841342788576
1.6811109593060303,1.9481130465565974
5.9103355053389315,5.566575712661267
1.270574933986667,0.6641370342987658
2.108844370645814,5.478413588998553
2.268110900528667,2.3889025763969256
5.388429271377187,4.880166835592816
4.732534525385612,4.750988942328063
3.1923868989643824,6.630392759015973
0.7732228795888091,6.991188472168812
3.6960977885689834,2.5740935658649726
3.0617783407946217,6.809642601262558
0.008259558257403765,3.6352888650739295
5.99504122520862,0.29291488808281163
1.5475688609716034,5.174520921186963
2.5913399126186003,5.279256151494597
6.791360763354933,4.306685997664543
4.942553683042708,2.5762852445032256
6.366101042503656,3.8963735979965035
6.946705432633046,0.05687189387242986
3.9860228792910366,5.021470201860174
0.47596165052641604,0.9003420872811774
5.8755052674238275,1.0824864214189065
3.8465554595131493,5.401121944812879
3.617736867554972,2.7775042543409305
6.235371532104384,4.62371036869838
0.589143362598466,0.19651303450574775
2.6497560961354405,6.048524267337943
4.18152718378054,3.2061657944665787
4.3592593905543895,0.8656951325156315
6.914200676215967,1.794479162176086
6.266375214813724,3.61249226151593
3.9589976326144702,3.030182134527619
4.636176180640389,2.2071535536057345
2.0602660992969004,3.0082741080989517
6.355567400113831,5.957320170602556
4.796643798576,2.9467536556920235
1.3763865632050942,3.392819250188566
1.7009141252577682,3.376338972701184
0.19123671616489724,5.50057859480242
6.151755105170812,6.0585798088785285
4.883464330821828,0.7301272847128923
3.7629840577205296,4.502498755728172
3.764376787720715,5.233934022169356
3.1850037910465927,6.975418404361951
3.318663144628104,1.2231060334567077
3.730591372758338,5.868825831441328
4.598319628732965,3.8224010973062557
5.644042828613124,5.476059258755837
0.5011654894280371,2.968688611535085
0.2434735658039271,6.494083738310516
0.6729771414008519,1.3736655443586339
4.567467353359432,4.986470994870683
3.258188661440452,0.11934867870445587
0.15063000899513335,6.471736747311302
4.426697467894446,3.991719491133102
5.473343652170058,0.9987340522416263
0.0017719920296266345,3.698131389654237
5.9045081986174335,0.2640872796289536
3.2209007892376373,4.022668399321591
2.8083113216373174,4.8473827644103515
2.7646209893961515,3.897096380244643
3.128008876790336,3.7507462795151545
5.273657381014879,4.475938429583568
5.168390179561673,5.423992687059367
5.304687654228586,3.762240869482329
5.206336806699105,0.7605222897149216
5.070951663349165,0.5749487793302112
5.944042331644165,1.6409774619872994
3.244373818526365,2.5366008982983344
1.1995171687594879,4.008658901491705
3.83515812215507,1.9923100399232785
3.2865016866701438,0.5628902089697759
0.8652589273105961,0.8206082280332185
1.991583060338285,4.419623891750339
4.730939214764826,5.934752527352517
4.468689951954991,5.937670907623455
1.0295631264860843,6.245773378463446
4.807321198057592,1.9685197597046495
4.80816565026876,6.274549625021623
2.4450446789924554,1.9398263921193692
3.694208082311385,4.489411589549897
0.6610383657181382,3.9702675317526865
2.86490580457892,1.78966008789441
3.681892266075094,5.514805293930405
5.758794812496972,4.445026163026187
1.4541446649098837,2.592451210837454
4.490838921547905,1.4421402873785687
3.5473624933422605,0.17386420111955514
4.2796053839784625,3.8979428613980467
1.0238665354050582,5.09105753463688
0.20996819478196693,6.293444367239281
1.485299554559686,4.4223857385151035
3.6622510203344243,5.735070956143311
4.345154846841005,1.0469339386397776
6.7421263059025325,1.666818037770451
4.4526565174426285,0.3739165665829025
5.424533679429688,2.4768558010259727
0.6779533176377249,1.6757717152242613
4.687383413743002,0.532877346502206
4.85351917018838,1.3547147071364822
