3.5,3.5
2.851179342125799,3.143455843259098
2.5151318285163704,2.339691071975457
3.133575774420198,2.59049332569134
2.982559688218598,4.114816142044194
2.331246540013066,4.20409530930173
3.1851024876536917,1.662346599123277
3.4896071385204106,3.998028511284247
2.9131522317643155,1.3436023672353132
3.3921079126187443,1.4844318706116177
3.723979752924448,1.5289650953324412
3.120316444952246,4.341254746500869
2.266396380055304,4.289640475760432
3.8293255894459515,1.2326422264435812
2.591321246464986,2.5614845707179987
2.367413741898618,2.292720442042232
3.5515145464545403,4.430346356325147
2.283777005589628,1.756551428666273
4.181532515625578,1.0343721563242083
2.4171860232113795,1.3099985229714317
4.217483051758024,0.8898905970435985
3.574082804063689,4.050362288757247
3.7842828884245687,5.239149875697994
4.76685243654482,5.066968946728184
4.7244228638714745,5.717319187075183
3.6277174227835904,0.09164921981482732
2.5646391923474736,4.014451572219263
4.319012169389609,5.247387588225607
3.8872879258092032,5.406742810490508
4.743182017998834,6.483453285030572
2.1308629815734337,4.905868982928846
3.6614005167967894,4.544623211672163
2.118948324334326,1.1296597746358041
3.3735390572427417,5.706268605470786
3.9079955979879806,0.31895589538343316
1.5324018705011082,3.915316246397741
3.8422501271108356,2.3989075798550705
3.3211094009924267,3.9674659272699158
3.3979538992925216,1.4941907833988959
4.561492581758066,2.8869044389574134
2.7033680476838984,5.660713454869482
4.597117004989494,1.4224284618851306
2.7912215129949733,2.1601295354121572
2.4935523369449,0.7445212963482368
4.015388920463716,1.49961023168921
2.565373126372181,2.288367992824428
5.342948098373228,4.681003307171461
1.8417010812861594,0.8383116253285402
5.536151442434659,6.299523222627206
2.140737352601441,5.286646934321542
4.006492063455226,5.602189901354705
3.922472761385781,0.7773649364914492
5.718891491802242,5.86457116435813
3.7734352734650907,4.263654261379065
6.237014209700028,5.049639674716411
3.049102151254507,1.529622397442078
4.5973658701182405,2.9396787465873526
3.054549147720716,3.135277126508595
6.681159191853816,5.775243285807449
4.074285944056511,3.10498183942183
4.518653539563166,2.243638438357128
4.545706114213387,5.898918277154851
4.453732291720273,6.752727465867233
4.730090146727337,4.532769091758176
2.53454566330291,5.015714565355286
3.1792691696392965,4.614412742654373
6.330788061609747,4.916444901645052
5.416325292871355,3.35348530470323
1.8226696005992706,4.811067091719971
5.769364260965959,6.159129342824896
5.2307844647201565,5.892564060060877
4.025060670286953,5.669279066592428
2.318541357406811,0.19396517543173675
2.373362251743091,5.596643113696079
5.595727290437521,5.979134920244249
5.08759978192294,5.045888327018677
1.8932630232813072,3.6131554293329935
6.418550576540151,4.848149671684913
3.126410979795566,4.863059368392541
4.10105410674561,2.4615806320543765
5.000417436135363,2.701516475889452
4.905146974712212,0.44445631827776966
4.4023919459020275,5.304187460575857
6.258114323126893,6.744253424576119
5.2758166003948865,6.682467007903528
4.64975556237149,6.328262617587164
2.088968617219475,5.4608959981621386
1.5711066823813873,4.798617875812446
5.899166735648864,4.242871097989523
4.454465098445019,6.672625096022619
1.908850537531941,3.858241842159564
6.160939910253003,6.9002563765310025
3.7419852628743175,6.927038075540723
1.7106286368558443,0.7923961340400459
1.4054781378096572,2.9701203911805365
4.298868598417484,5.829050177878413
5.8664435761997655,3.136353331916113
4.8644436253596925,0.8907146247782571
1.7574856868188822,2.573462855424245
3.6957381072271693,2.4155375691464225
2.060919423500233,6.442430697678493
4.272417814782774,3.0855836383270003
1.811241580670496,5.866848423713844
1.9178244213540974,4.566219920453717
0.6746927108701324,3.1497087141919127
1.1360306786634997,5.394585970756862
1.6305035752833323,6.539416380839284
6.208309291319018,3.294616282612978
4.6671069649282915,2.943558174059434
2.5896603291857128,4.782824125951555
6.600469455879388,5.388978760231206
5.2601118845889925,0.013295306265690088
5.413113281110627,6.163300792819959
2.2433477504647734,5.627233533119141
3.5905133840959946,3.1942298053032365
0.8931805201581852,4.414594690323636
3.9492897247871217,4.934545268210587
6.168834726803749,6.880134475585879
2.2118355592762042,6.44053381896837
3.225954183204318,1.1399546119136434
0.9700707912456449,4.409509847877003
2.6563607915569394,0.8690190382666526
3.6451334860288425,5.8383438197853845
4.464659797645282,0.8856674259364905
3.040247399049392,4.192651342235799
2.0269070035759666,6.209526595802018
0.9146711593801561,5.067718079022907
5.1600594538369755,1.378509026426821
4.296955995637427,5.765814803680764
0.965989660676781,1.1596137112902836
4.730710328978794,2.766053627240187
6.575464793031924,5.837126497213261
5.411910814653994,3.813732423626936
4.743927690890526,2.866635631587867
0.9441227064632564,5.018246247229952
5.790657375727349,2.2003881786985824
0.9934196281993314,3.6619633348111194
2.212460996155855,4.058078154214046
1.8124238699780189,4.481294145794959
0.37316666306547364,2.65908111295091
0.1732261437000462,4.180288677072133
6.777296480594899,4.836964719730869
6.431601649762087,6.206844629890308
3.248681336099935,3.2797368871351162
3.741464407453384,2.060917361555695
3.34021993234687,0.8129982371930721
5.420234873796192,1.5738021451650612
1.8306131486764663,4.715962579722244
3.63411109328935,5.461637199821162
5.353299984867677,6.514421263653465
0.26751819443188396,4.346561998333634
3.940022726185647,5.190450957862565
1.9942957981065106,4.820946114204935
0.42970576904519875,3.389470475810858
4.314264807844457,3.1051173012261675
4.006321797519309,0.04499344837803876
0.4099808633127284,1.0768491362015755
1.6268039312675986,1.2131899863709106
1.6751024534238192,6.515464882679644
2.2670465119311647,1.481051261509896
3.513003975662304,5.042479314497636
4.4057716702725385,5.7790814486195785
4.56896788678511,2.1885853731108575
4.210451358357644,4.0521146521216584
4.57811844368419,2.2933738633882617
1.9451397450256493,5.543368722379094
3.5150149836320743,4.107663005498741
3.399727574404245,4.292390501708007
6.78258395770737,5.8694163201577
4.004469650157875,4.812565313561977
4.913382063581138,5.114594339907665
4.44733716265331,4.334872458170995
4.139103518608906,2.918555479058489
0.7191130951527419,3.7468594971966915
0.5689933335297056,1.5344414176630818
5.883431584422651,5.133293362064409
3.5828136367671117,1.1888543740014694
1.3794841315275665,2.756126228745176
5.561263444749138,5.4433239852443895
5.632877177239531,2.957531717022995
5.268716346670972,3.1491768733626984
2.911501723858311,6.447803169188017
2.303331717346925,3.8438105807208856
3.027596600110729,3.1517741250050704
0.9139656589951528,1.607423431088217
5.680371892590093,1.829256771049589
2.4111219592761026,4.842127753208677
5.5859679711765695,1.1431915206781558
2.128496291842236,6.625294398524626
4.759803850971952,2.5958406080893104
1.5989076304621679,1.3635626274225885
3.5319681537708214,5.389225055357482
2.329549031612914,5.146240037279629
4.881704149018589,2.536633446637798
5.518436992226828,6.0743467629246455
3.29109285083943,1.4389213837447459
2.020898747992572,5.390500059902165
5.690783239812847,3.7638364684301346
1.643162941976236,3.944319138981719
4.716618740159902,5.914023445318582
5.975584065811858,6.512552325971619
6.751173688426591,4.185735809558517
2.9125899657173733,6.155290532623271
1.431785052354559,3.125261455160446
2.590759705634934,5.730054877058285
0.7855634088037955,4.915186032820899
6.965268063690383,5.327340881663635
3.6207495287074196,4.563985379920226
4.70407240186545,4.025472674476514
6.51168184587886,1.7856188917701559
0.20259781936628563,2.868509904166017
0.6969252937998098,1.8420252099525152
1.6527803966208165,4.839787359256895
4.990373839937777,6.83851413904293
5.298371246645721,4.602288313403912
1.0723538170623454,2.2345502026070365
0.7205085087075281,3.7570817562191934
3.0242603602401434,4.9595669950504835
1.9854262123890285,6.902109605969116
1.9950338538010688,4.9077101007416815
4.405733513255765,6.832086417772002
0.779088514391141,3.9251780627302906
6.112957301224643,4.233759252159455
6.107642989042528,1.098409116543081
1.9418205292418378,6.325890854439334
5.9936193568631,6.904116528742828
6.770211390867225,1.709423430281389
1.612417286328836,3.24547390628695
6.470005454507228,6.581310598165707
0.23990757258343232,1.259827833844719
2.924878700101603,2.4779788490403822
0.3532948012849654,2.6248389459091035
5.756017283456403,3.038826750282624
3.6170862366545786,5.448976078794941
6.693810992438992,3.912552607157379
4.809916268942505,1.0512639381029745
6.5835439966139955,6.228032617896426
6.914259865875762,0.8242810421400821
5.687013609914025,3.9237133219308804
6.209096443507073,1.4001711676000939
1.5068207706037415,6.908707173165066
1.39302798926694,0.21882844686265757
5.109261315729031,6.6677928344179485
3.433327943796214,2.4422408981258203
6.077777387278358,4.1849265338185475
2.089014170615413,6.677893799925956
3.1437757213911617,1.9175329684488522
6.975235445687157,5.898077403645316
5.910698943288596,3.5600743714531413
6.315805363796376,1.0584324890943266
3.4861942104838537,6.0962028599848175
1.2901726747485167,1.2873245856001816
5.464168360170801,0.7789197677863393
3.4886920184184262,0.30065027739202743
0.5944660783542602,3.6310658185929707
4.012315065610006,1.920881759139059
0.32878835623142444,1.7814983646305018
1.3861917259690655,3.6638198143685754
0.43179278348988825,5.897874621638944
0.9146837126771344,3.07276250802214
2.3980562238228935,6.666081166068926
5.249158114736675,2.8930953747712356
6.399663722775672,1.7122311775848975
5.237552371347013,2.4310229574075377
2.078750626567677,0.3352736980599823
2.035457573664376,2.400483369494355
4.742783819833512,6.5461579056972
3.736138069428577,4.505285428069967
6.357547371340707,4.155192286224913
2.2645784130624143,4.13033978490564
2.5397008859212,4.016916262455937
3.818363508823489,5.735914319626712
2.9677816269017394,1.1115565949756234
6.219192020478801,4.185419589586316
4.4721258861842905,2.254645467553473
1.9003356010298056,3.349319122315884
1.4158292621053545,2.919341702697209
6.08638996189403,2.4557282883864575
6.544049178397703,6.797272666998724
1.5986493548373732,1.9003366122163527
5.949725508362016,4.76570579326257
1.694492971596576,0.8082083663645075
4.824066952585706,3.1850332857866968
3.6057718677253883,0.8865725009155071
6.096926840747739,3.0690574103901302
5.596598279201209,4.766133217838477
5.443246166263949,3.4442087730907494
4.924187252265325,0.6150308673338537
0.17613863614791458,6.127261945231671
4.232047258039682,2.190409449673144
1.1079242206267002,1.627608116657942
3.581938628437057,1.7078059208356668
6.842383490397806,4.2311509888459575
4.6763934014730815,5.614585843820703
4.58525218203612,0.9321034221400119
2.566967700466939,6.451408174399752
2.5442852693607225,1.2379243540233096
1.2688988752947163,6.331017543958467
6.0761995541681975,4.629073727028364
5.23912276973183,1.4248764413328174
1.598824468751199,0.08140411529971026
0.5628120849125896,2.4031230751002317
6.768512676794273,3.1427008300560435
4.851771380001711,1.0883682344687429
2.8575922127237865,5.3284807911064505
2.865947794592069,1.0712971967248022
6.5771340437064545,3.186121905723335
3.537106000409392,4.067801494500782
3.446453868862777,0.8519178621699296
4.083539225306897,4.100976147374673
4.184078068656244,4.43387478879184
3.8283418989353195,0.5358775623120048
2.067165256496257,6.136115085344848
4.81333245452374,5.386899854663463
3.928120698277286,6.833271331649161
2.2066452824119533,3.058719993338207
6.358842286446215,0.9173922241401433
2.489964196579692,3.732006264437117
2.0070698438186745,2.4439308573577456
5.0252079789100454,6.853961320005006
3.1518160310157834,5.079019206014454
0.8148057253603462,1.7292655456233827
0.3974055919988586,5.411592907915303
6.197334379269276,4.808591067871848
2.4519397839875485,5.6080276145017525
0.11390592762269325,3.271663422987695
1.9728725884087996,1.24427645536874
0.6746448248494203,5.145948919545767
1.0371545892420806,0.034881351316092046
4.0720404459837845,0.5505310354035201
6.640345366154106,4.723333694722659
0.8996116622722428,6.804733064362082
0.8091274899290526,2.7516780243546037
1.7993780810645088,6.648718160294879
1.4446216770679432,5.309808065191094
6.956979914368451,0.6041440705168283
4.921636454040836,1.1614519684500888
5.353713227755748,1.2652515270859617
1.2010303539803413,5.879421899700195
1.3849853386134514,0.9089258947421313
3.1649192417806793,2.3768543435260345
1.4546431228218963,4.461531949946293
6.21334943169136,0.25095115900985854
0.04125483370217686,3.0903645113156877
6.109249854960007,4.681488280396454
4.831461296492111,6.192809950187333
1.033000311129546,5.241188150862833
4.142136772137569,5.507701729992995
1.3057539128958784,4.811633496189951
2.8190005595655,0.8620538980368859
0.8062613433497975,4.905449737401551
0.19870429085081276,6.806351972762137
5.13654965927371,6.851906297017507
3.8841964963368154,0.9946387820937017
6.9964353870168505,2.7698513286179205
4.91245261618098,6.548750348924662
6.220879700615955,1.6198250274697328
2.76426964114399,3.3174462159482827
5.5779096401728365,3.8434872162214244
3.104972032032725,4.608982448815701
1.6623722566891477,1.0128957564296261
4.140531519208459,0.22105387646180685
3.8876192010342745,6.48758491593272
2.626675884960221,6.380855125707546
2.138586138431566,0.061899612000614224
0.2587558749662259,4.605066963137109
3.3589578488792617,3.3824039251353817
4.685584197980154,1.8042982015576987
2.4501943664820613,3.3803177512713796
6.235501876593073,1.3058259158047187
1.0839232439541513,5.405615207594016
2.4524494350574324,6.8208517779407725
5.496024918520922,5.282675321775048
6.317795468702612,4.308211733360411
2.139050685460841,3.2826642384678757
4.6210320171899975,4.67873707566391
4.845594989374796,3.2393593523610567
3.8328856323984732,5.946273290966282
3.6438503849452006,4.007964400317669
5.618042481390645,1.7699362830204572
2.398809305409512,1.6849999607106063
4.64021699647195,2.2117773085436747
6.85277608727043,3.7911298217609986
3.2735915993896363,3.9233038996807146
1.379938532326923,5.973898861815261
4.580364735793274,4.4635665337198835
5.565560256082547,6.069759824597076
3.462427935163372,0.9436006521330366
0.858611586541158,0.5746048946776999
