3.5,3.5
3.2065821081046204,3.10494780346289
2.9990349022185243,3.7300962205076384
3.4900231166387057,2.224754948789726
2.0637097042526653,3.6381009058432685
1.3622663053245088,4.31115549526688
3.058696559281621,2.893007101344666
1.4942595040252016,3.9705534657585506
1.3376814445144207,4.39548002234303
2.020646342819452,4.564307202812785
1.3305882991837514,4.41061300988563
1.5886188638992766,5.202329365033245
2.2109313332971454,5.729858401700296
3.9772220705013863,1.8461951065228046
0.8304125708645332,5.242719360741869
2.406185463664623,4.18452801333696
4.575980325817282,1.6993279876918066
3.815125691237276,1.252490550490453
0.2695975219261152,5.413890439614353
2.0620097048254236,5.922561120537408
3.228457956718514,1.0039376641171684
0.018482197547890045,4.985534294217574
4.13707632901265,2.062655216373312
2.7619444588311057,6.205418280690218
2.3467376708067187,4.262328784800256
2.780134607692857,6.4846464719693095
2.6754968409055526,3.085561882984411
3.6911133042223256,1.6105948994943542
0.14804046112388003,4.392295080869566
4.32368398709001,3.4236220104342774
4.036537532744888,1.540660123708801
3.3597107893581786,3.6798441240159194
3.883530167643327,2.406139962426697
2.1669999847581876,4.896534146790599
1.1053806475481822,5.465667893085036
4.34749370618942,2.641962648121424
1.6194183282057248,4.871360479262553
2.198600351369243,2.3626011795921715
1.318131899429825,6.34182940065908
3.0883816627946628,5.502235209241207
1.3249565003666866,6.381409129717942
1.263451292307666,3.3011856425836625
1.070157639266327,2.946433547962407
0.14765156399767776,2.643897799991172
1.2668893177249418,5.351009127899641
1.1086220506864293,4.017304632706503
4.797731096283118,2.5288453594474802
2.2157903951297593,5.949964390136538
0.06417100632806672,3.759539053469147
2.4489151040388926,4.939382789875764
0.5403344013567645,6.67864679274615
3.130929575765828,5.402920458185085
4.43231858872336,1.2927773087315604
4.866316982104437,2.038572831060664
2.803232868926231,5.5874576934871065
4.812737699765643,0.5593373058081131
5.125914904751432,2.113790510169856
0.41410503507932805,5.1388216590869265
2.671194198964061,3.654994678333855
0.6863726041314376,3.251654685897907
2.8014735405626574,1.1141931918970083
3.3420656732428657,4.7089070175166095
5.493155463189811,3.2076137711363097
1.5287560160617553,5.4502904139802935
2.932822481188301,5.941917633071509
0.791660042846558,4.872169328373092
2.70627007364972,6.865829767921175
2.194797478112181,2.264983295592642
4.796938517936872,0.6852915271377038
0.8548073713531583,2.888235635994996
1.8273691689630776,2.093084056201949
3.8850505964851525,0.5275546632303935
5.842787562284891,3.0522251148289836
1.676238921183205,1.8011123908089837
3.4094331373339495,2.3259302989847734
2.707590526320118,0.3219750051174769
3.672537748689151,0.9001024424990236
1.9660570584239017,1.1628809610356652
5.780635654475071,0.662400633503767
1.9261796568141474,5.303508724312197
3.4381213165513165,4.156959506594293
2.462817875163545,5.628414366025637
1.9939333752817263,0.2550531301698855
1.1191188495370485,5.264707740900668
5.328046933981569,3.4406491089998212
5.311515022097716,2.010505012012368
5.992914065968958,2.8688881431185296
5.268427650884195,2.2515065861052577
1.1963606083352585,3.436980574879357
5.802331918719151,0.3772818751134551
2.350397412109872,2.504379855555234
5.381665084977037,2.8298779511387373
2.5780222916688564,0.4310662751355626
1.2713937862676006,2.1942415561035506
1.4934402208059956,2.736363342586867
3.8076824876437447,5.92252864395702
3.953299599147722,0.7282785100203931
4.957783665023248,3.4421467849951197
1.7479533739424538,1.1994493855805595
3.7093366798270506,2.9055409769494576
0.9388535371994604,5.501834608198453
5.149691237683756,1.2449915630783328
4.343255772062442,2.9773221095587097
4.511667194572765,5.484509785486479
0.537265947095482,4.913397800691998
2.4938332058705193,2.0479505369050455
3.5039598234987195,6.428975627404927
2.7210174571219925,2.9774470502190296
1.477723050338165,0.452412076586321
2.8584044831381057,6.214352268941054
5.639104254395624,2.036356429447738
3.254408908793999,0.11655609224426589
1.7955065695782308,3.0029897710431275
3.153125963929118,1.4247809025328224
5.403033647965387,2.9877328458548296
3.568406434736607,2.6372338051117836
3.583709560815905,6.293329290441499
2.1433386343584058,1.5653759988791558
5.4906231104923755,5.41813362096797
1.6616151851819034,3.687934771235762
2.2656064416512995,0.8491432620865564
2.4250905223104575,1.089973214603762
6.745365400303004,0.895354113615544
4.777396464525592,5.3798143278156685
4.275563001531498,6.074828990118913
0.47402920731607256,2.8993919485197828
5.148209100809616,0.09527900535793499
2.9023588186268805,5.35954136773538
4.166021888702469,2.267646627133521
2.5173636592777244,1.3560736485401463
4.3880121757723725,0.09071497690710839
2.486993010037508,4.202539330732838
3.0368127354835304,0.7161908544393221
1.9598811189965049,6.570812058575089
5.79258353438382,0.7327892143346268
2.5722906212089622,6.195433389082952
4.15935228584542,3.2048498767703473
3.3550462016016214,1.7641287463330093
6.478415443680335,1.5116526101577787
1.5446559025150655,4.275331573189303
3.415721159167403,3.763383951904438
1.9126531006853038,5.557867167140441
1.5334600323053262,3.686142277616198
4.321467977789439,3.6174675042058144
6.407919256547461,2.240974532469801
6.871247343304993,2.32169786177191
0.6404288365705285,2.1096705414739434
1.118598025978864,0.1894678150941549
3.5321373830487555,0.389747873987882
3.7848276289510063,3.640642952170859
2.620366902006578,5.731190530938145
2.323570138081251,2.167486867882985
1.0199216540005343,3.376667474989715
0.9239527041087607,0.33939604898057696
1.528168242410489,0.8744631116725978
2.898579264364753,0.5677584324717252
1.3817211243413305,1.2916853692978627
2.562412363917112,2.6748361646462877
1.1878862583932126,4.1241269660337165
1.9731168393201752,6.36316980333326
4.012718463862776,2.3103324429674683
1.524950172664553,5.090688655957783
3.9521105316246503,4.928965812930909
6.985987117274796,1.2982801965954678
3.09414717271756,3.897241523844043
3.275759380224444,1.3050992109714095
4.393373601572774,1.3599841311808034
4.543245065205086,1.5641310094819025
2.517699629602158,0.7356633442762771
4.5008969765723545,5.42508419939496
3.5440616616728486,6.612808324768076
1.349698157599783,3.72996170505161
3.117722471398138,1.4958731608784959
2.586571476644655,1.6257595244856962
2.389159734675343,1.5536408106707342
5.355573456152369,4.76367930515963
5.436266198892655,2.8552506018841886
1.066647287153636,3.4291960002889876
6.816068766748635,2.1765259326409816
6.038544545663058,1.7794084873848086
0.15439845914734884,3.0129612898011002
2.8544289648349075,2.6494785023180367
1.8455968293951241,2.720780659189142
1.1139651673294018,5.996777676495192
4.990271505454198,3.13284420055673
6.286996339376362,1.133185003686581
0.9324565253869234,6.800847621032184
2.2681993998996526,3.9222435382444036
0.5163329211060615,2.2444366627443153
0.9770313720457269,4.150438056084127
1.6641171395335976,0.8107602686850869
6.5696600691962335,1.3312711006292748
3.4973972904321835,3.7329152477643484
4.855014259824046,3.225419565442684
2.497185148791419,4.4834983818769985
1.6853013760072684,3.4947770915513674
6.205130548217208,3.5278933890984048
1.108982147292678,6.952857216719581
6.58776921681293,4.120308008285188
2.9099483014447727,3.829000005180345
3.645920419714317,1.582467614389187
0.9133953281921569,6.577449310044977
0.5210360879024477,6.694972172990098
5.3819601222770945,5.788058375387496
0.12059817371371218,1.388204630712638
5.024191146779309,5.078084123008233
0.4566408909159785,2.426237352270409
3.2994986480293838,2.8388487184042184
4.835755230096438,3.5318998280388336
4.810676849942694,1.0399416144962585
6.429993817701053,3.405996171241524
5.702479782511777,4.248475400819785
0.24068313155879295,6.119810650242083
3.0915439323397798,4.6501409956950965
3.1908686307005887,6.412743039373357
3.177650349165777,5.391950435546148
6.921032974781324,3.9213687329188436
0.2883102387548878,6.9536691941436075
1.85445093710558,4.870429867340545
2.0103643029488345,5.4756457866674815
4.171405088476067,1.6642089986154063
2.190442732896616,0.7978284075699102
3.085563756769684,0.27387652909421145
6.277061190148905,1.0733133965334831
4.309637123206234,3.5544711169670817
4.605350747991298,5.194661423724556
3.766523094977177,6.57103315329524
3.0618562328320054,1.428774166764737
2.4931753410612902,4.9882136251302915
0.9457843732085787,4.289815158550585
5.649937518381134,1.0957101312541062
1.2027836678410064,6.956046164587296
0.8819425223390059,0.6269039435317911
1.6666140200082364,1.5787449436285943
1.3352011860665582,1.7861047561660703
4.884654329327297,0.6913463014737606
5.982279869007215,4.289817262281038
3.416198126237921,6.594218475267541
3.9295606578789437,0.7098488730676387
1.2344593505385764,0.410918768191182
4.111560591409497,0.29786807142024196
0.7052514753408193,2.6557159349865467
0.5568757642679919,0.011556690355423282
6.128333966105743,1.1189799077165978
2.125179903104037,0.44241853649614094
5.063752077754154,4.593470927590932
5.3211217724763165,4.416892342182627
2.6322317877223758,1.4601637211173575
6.313371791669113,1.5401801539400581
2.243453920099369,6.4842767785532
5.18457553450897,3.169989861860032
5.016090032407511,5.785044653549832
4.705042570938222,3.7658655904728
5.857962814283391,3.0980610981910908
0.35990931208952603,1.4376244938889426
5.764688617261924,1.9553879746948946
3.75961131676621,1.0248052093878417
3.7162881255465527,2.135061697288057
2.5205460214135282,2.0290985177010485
6.4724593738486655,2.4494568182685463
5.138023222473008,5.438237895383072
5.122072791506118,2.884443748337408
0.2937904666226355,2.8851976543289988
2.9431696640239937,4.898323753485573
3.943508072413736,1.3367791888340892
4.045634219003743,5.5331640613610045
4.240700437492082,3.5281920554964277
5.8196218425483295,3.514830018454326
1.8115920987062935,5.887312113759716
5.474766150627723,5.727495408989895
5.374140902177739,3.288018091983795
6.251443037322334,5.243182625538811
2.1356158588934457,4.043733437842203
0.8151095011583519,5.497137869440904
4.565846367108524,5.22516521661905
3.4942949408749246,6.384923318176188
2.105635703627685,4.863316321131697
1.8878083304698756,5.717500423754798
0.903205337569675,2.0091126377281543
3.5057344982557073,5.560154934855149
6.481750941869975,4.777367229473937
5.623795960084187,4.458067721177983
5.222503823496959,4.190536085964672
1.8988018759849377,6.371755926673355
3.032735017713392,4.883643483676518
2.582974043381758,0.005636741600208994
2.310035855021037,3.451718211155325
4.405547428963092,0.27299875454538924
2.691887338593674,5.205038765713184
4.44166715267854,5.4774647365403455
3.411228258984978,6.653845691228094
4.003705232019785,0.6439535934268114
4.970191138682245,4.913548617733133
4.651519105708548,5.504378729385289
3.66336328951762,4.143560981478058
6.170675590691579,4.341844925373216
0.06678012857443327,1.4760520391814618
5.980919417105657,0.5715811060963444
3.422624655457491,3.955002038043954
2.756770705883164,5.532586049854177
5.471716389217464,4.703707443848258
1.0204963998988077,6.870377651657867
5.831650147521597,5.752712224912354
0.9410123347486402,3.050015910738319
0.25361556018073705,3.121790992375124
1.1099113557556048,4.891221343216496
5.339076249116499,6.627180125531701
0.5564276651021606,0.4627568607045883
4.707390311135392,4.853133757820476
2.6346375469943992,3.460338593828084
4.888014623702025,4.396318838495508
2.4273372066497183,4.254221378379681
3.671499263786206,1.2839829389311306
1.926849718398925,3.417159269937935
2.7770921889565416,6.113359578976683
2.51828957738361,6.626342556842292
1.070579812276282,5.356667208075765
5.245527977136614,2.728382621986901
5.158884968064219,2.2539940597680643
5.455687826088324,4.811360959086996
3.4403631328532485,2.294724126976865
4.429498864402449,1.5646859376030868
0.7978496855102993,6.433845692885261
4.416257729515831,3.913842547333033
3.6478208516093567,2.998344242426864
1.3112976761564705,0.6672708310628374
2.784948740516283,6.798466501552802
6.546539312065994,6.424289801513659
3.961390971294926,3.3873169519326622
4.779014834844832,6.697884595739074
2.7288303013050994,5.967959109603484
2.846135100990213,3.5156028573212685
5.616488223331358,3.389856781138662
0.517983801580415,3.634474441130813
1.8348607316832384,0.13543832441413384
6.143366000990969,2.67293080325393
0.7838071400672019,0.8631742084174536
2.4747745536775096,3.004478847506368
1.246592050864904,6.905577622237787
6.294159594992933,3.5498093974197085
1.8635604064709292,5.474423791494509
5.2875516736061465,3.3521603633724975
1.8263865338127045,6.484392450403313
1.2847899375643699,5.673131895577482
0.28028658020834796,6.41029252730552
2.2969008123933237,5.8089620369497705
4.081838904743243,4.533425410905153
0.4363240151017571,3.888751197788654
4.949851350012095,2.1980973690107137
6.375250502021668,4.271926598437033
2.6190888424776877,5.191284231117824
6.890785463668595,5.878624500011832
4.754316696171571,1.4953552436845623
0.4149893907495201,5.444683970464997
4.069110449038794,2.9700776175253565
2.9706244851847874,1.1631476369423424
4.8219386326289175,3.511304845704864
2.7340284789774385,0.25578319006283656
5.306245646797991,1.40159256184231
1.4012042585426427,0.7230568738150386
6.083546898655801,5.6091990401369225
5.091244621141977,2.0674158924026487
0.24885318084110952,4.021180536708156
5.106373197027447,3.138285298912122
5.5133633919777685,6.171443777137577
4.131946063809681,2.2975727612644015
3.4590398613865743,1.2644410597654097
5.405117443929209,3.312507363138596
0.6515852487519797,3.3275646917365025
1.7480287812250195,2.6314026973070987
6.47066743245515,3.1692958373843045
5.798106298460791,3.317390818030135
5.070550917517777,3.578700591377579
2.747853818560503,1.7758568233199166
0.48091358944854956,3.046368306769674
3.7326112719181896,3.7880256026588546
3.879124556611819,0.28769205890752103
3.4132411764510953,6.038299151042862
2.3555739109971494,5.270939952146803
4.510535209092791,6.223192461739481
6.483004495442201,5.990450812226927
0.3317659906323498,6.934010855140333
3.153213131271117,3.646418679348618
2.3445891052490344,4.765110244025943
1.6898118067260566,3.8688566252953303
6.6994791795598445,0.31860945748931147
6.900028569946004,4.292167636153638
2.2798010672101716,0.767023994448545
6.974107580567739,4.298411822974089
