3.5,3.5
4.272184489673101,3.7429343894210674
3.423464581642843,2.625944533718836
3.3461134337297187,2.453928345515882
2.642996679590818,3.9123413237600535
2.9514072579226287,3.5322140938007625
2.9514072579226287,3.5322140938007625
3.0246265731454054,4.639409775351912
3.6873336005812005,5.024318984425453
1.6898556757797414,4.19832638562659
3.8564574990812988,4.644017724207499
3.8564574990812988,4.644017724207499
3.8564574990812988,4.644017724207499
2.044998202569311,3.775990262685662
2.044998202569311,3.775990262685662
2.044998202569311,3.775990262685662
2.044998202569311,3.775990262685662
4.462202255749305,4.786911058972512
4.462202255749305,4.786911058972512
4.462202255749305,4.786911058972512
4.462202255749305,4.786911058972512
4.494852046891408,3.5123600377744983
4.494852046891408,3.5123600377744983
0.8270521679346282,3.8599403473905713
0.5195991923835347,3.1677942207450984
5.443523802308162,4.976840288491444
5.443523802308162,4.976840288491444
5.443523802308162,4.976840288491444
5.443523802308162,4.976840288491444
3.0054863850700606,5.400203777098932
3.0054863850700606,5.400203777098932
3.361269667404613,3.146104027149343
3.361269667404613,3.146104027149343
3.361269667404613,3.146104027149343
3.361269667404613,3.146104027149343
3.361269667404613,3.146104027149343
2.872689513571579,3.6264794799223243
2.872689513571579,3.6264794799223243
2.872689513571579,3.6264794799223243
2.872689513571579,3.6264794799223243
2.872689513571579,3.6264794799223243
2.872689513571579,3.6264794799223243
2.872689513571579,3.6264794799223243
2.872689513571579,3.6264794799223243
2.872689513571579,3.6264794799223243
2.872689513571579,3.6264794799223243
2.872689513571579,3.6264794799223243
2.872689513571579,3.6264794799223243
2.872689513571579,3.6264794799223243
4.943993849952856,3.2645529213587707
4.943993849952856,3.2645529213587707
4.943993849952856,3.2645529213587707
0.6358569446872849,3.6029739834810885
0.6358569446872849,3.6029739834810885
3.0851788813939276,1.9653870304193863
3.0851788813939276,1.9653870304193863
3.3075742671331723,1.7507392015687093
3.3075742671331723,1.7507392015687093
3.3075742671331723,1.7507392015687093
3.3075742671331723,1.7507392015687093
3.8364927038059236,3.573142089799302
3.8364927038059236,3.573142089799302
3.8364927038059236,3.573142089799302
3.8364927038059236,3.573142089799302
3.8364927038059236,3.573142089799302
3.8364927038059236,3.573142089799302
3.8364927038059236,3.573142089799302
3.8364927038059236,3.573142089799302
3.8364927038059236,3.573142089799302
3.8364927038059236,3.573142089799302
3.8364927038059236,3.573142089799302
3.8364927038059236,3.573142089799302
3.8364927038059236,3.573142089799302
3.8364927038059236,3.573142089799302
3.8364927038059236,3.573142089799302
3.8364927038059236,3.573142089799302
3.8364927038059236,3.573142089799302
3.8364927038059236,3.573142089799302
3.8364927038059236,3.573142089799302
3.8364927038059236,3.573142089799302
3.8364927038059236,3.573142089799302
3.8364927038059236,3.573142089799302
3.8364927038059236,3.573142089799302
3.8364927038059236,3.573142089799302
3.1536855027077304,5.642994586927267
3.1536855027077304,5.642994586927267
3.1536855027077304,5.642994586927267
3.728173987866018,1.7869469540196308
3.728173987866018,1.7869469540196308
3.728173987866018,1.7869469540196308
3.728173987866018,1.7869469540196308
3.728173987866018,1.7869469540196308
3.728173987866018,1.7869469540196308
3.728173987866018,1.7869469540196308
3.728173987866018,1.7869469540196308
5.171965799005944,2.5683140814299357
5.171965799005944,2.5683140814299357
5.171965799005944,2.5683140814299357
3.3041393281304616,2.0219057343891196
3.3041393281304616,2.0219057343891196
3.3041393281304616,2.0219057343891196
3.3041393281304616,2.0219057343891196
3.3041393281304616,2.0219057343891196
3.3041393281304616,2.0219057343891196
3.3041393281304616,2.0219057343891196
3.3041393281304616,2.0219057343891196
3.3041393281304616,2.0219057343891196
3.3041393281304616,2.0219057343891196
3.3041393281304616,2.0219057343891196
3.3041393281304616,2.0219057343891196
3.3041393281304616,2.0219057343891196
3.3041393281304616,2.0219057343891196
3.3041393281304616,2.0219057343891196
3.3041393281304616,2.0219057343891196
4.220553966718078,2.7151646945213694
4.220553966718078,2.7151646945213694
4.220553966718078,2.7151646945213694
4.220553966718078,2.7151646945213694
4.220553966718078,2.7151646945213694
4.220553966718078,2.7151646945213694
4.220553966718078,2.7151646945213694
4.220553966718078,2.7151646945213694
4.220553966718078,2.7151646945213694
4.220553966718078,2.7151646945213694
4.220553966718078,2.7151646945213694
4.220553966718078,2.7151646945213694
4.220553966718078,2.7151646945213694
4.220553966718078,2.7151646945213694
4.220553966718078,2.7151646945213694
4.220553966718078,2.7151646945213694
4.220553966718078,2.7151646945213694
4.220553966718078,2.7151646945213694
4.220553966718078,2.7151646945213694
4.220553966718078,2.7151646945213694
4.220553966718078,2.7151646945213694
4.220553966718078,2.7151646945213694
4.220553966718078,2.7151646945213694
4.220553966718078,2.7151646945213694
4.220553966718078,2.7151646945213694
4.220553966718078,2.7151646945213694
4.220553966718078,2.7151646945213694
4.220553966718078,2.7151646945213694
4.220553966718078,2.7151646945213694
4.220553966718078,2.7151646945213694
4.220553966718078,2.7151646945213694
4.220553966718078,2.7151646945213694
4.220553966718078,2.7151646945213694
4.220553966718078,2.7151646945213694
4.220553966718078,2.7151646945213694
4.220553966718078,2.7151646945213694
4.220553966718078,2.7151646945213694
4.220553966718078,2.7151646945213694
4.220553966718078,2.7151646945213694
6.14675587950395,4.516920205196996
6.14675587950395,4.516920205196996
6.14675587950395,4.516920205196996
6.14675587950395,4.516920205196996
4.321259304411143,1.0640731346580703
4.321259304411143,1.0640731346580703
4.321259304411143,1.0640731346580703
4.321259304411143,1.0640731346580703
4.321259304411143,1.0640731346580703
4.321259304411143,1.0640731346580703
4.321259304411143,1.0640731346580703
4.321259304411143,1.0640731346580703
5.226172076518262,2.0794564329012735
5.226172076518262,2.0794564329012735
5.226172076518262,2.0794564329012735
6.990577312954413,4.189315849197943
6.990577312954413,4.189315849197943
6.990577312954413,4.189315849197943
6.990577312954413,4.189315849197943
5.617873383922907,1.8425750053534875
5.617873383922907,1.8425750053534875
5.617873383922907,1.8425750053534875
5.617873383922907,1.8425750053534875
5.617873383922907,1.8425750053534875
5.617873383922907,1.8425750053534875
0.738184558420274,4.149524997304915
0.738184558420274,4.149524997304915
0.738184558420274,4.149524997304915
0.738184558420274,4.149524997304915
5.545005534454376,4.234505032040561
5.545005534454376,4.234505032040561
5.545005534454376,4.234505032040561
5.545005534454376,4.234505032040561
5.545005534454376,4.234505032040561
5.545005534454376,4.234505032040561
5.545005534454376,4.234505032040561
5.545005534454376,4.234505032040561
4.667237435565319,0.19211085380825055
4.667237435565319,0.19211085380825055
4.667237435565319,0.19211085380825055
4.667237435565319,0.19211085380825055
4.667237435565319,0.19211085380825055
4.667237435565319,0.19211085380825055
4.667237435565319,0.19211085380825055
4.667237435565319,0.19211085380825055
2.7485043783049425,3.6572892676587117
2.7485043783049425,3.6572892676587117
2.7485043783049425,3.6572892676587117
2.7485043783049425,3.6572892676587117
2.7485043783049425,3.6572892676587117
2.7485043783049425,3.6572892676587117
2.7485043783049425,3.6572892676587117
2.7485043783049425,3.6572892676587117
2.7485043783049425,3.6572892676587117
2.7485043783049425,3.6572892676587117
2.7485043783049425,3.6572892676587117
2.7485043783049425,3.6572892676587117
2.7485043783049425,3.6572892676587117
2.7485043783049425,3.6572892676587117
2.7485043783049425,3.6572892676587117
2.7485043783049425,3.6572892676587117
2.7485043783049425,3.6572892676587117
2.7485043783049425,3.6572892676587117
2.7485043783049425,3.6572892676587117
2.7485043783049425,3.6572892676587117
2.7485043783049425,3.6572892676587117
2.7485043783049425,3.6572892676587117
2.7485043783049425,3.6572892676587117
2.7485043783049425,3.6572892676587117
2.7485043783049425,3.6572892676587117
2.7485043783049425,3.6572892676587117
4.134067959213101,5.451558517584305
4.134067959213101,5.451558517584305
4.134067959213101,5.451558517584305
4.134067959213101,5.451558517584305
4.134067959213101,5.451558517584305
4.134067959213101,5.451558517584305
4.134067959213101,5.451558517584305
4.134067959213101,5.451558517584305
4.134067959213101,5.451558517584305
4.134067959213101,5.451558517584305
4.134067959213101,5.451558517584305
3.7140279623362216,6.392596844933516
3.7140279623362216,6.392596844933516
3.7140279623362216,6.392596844933516
4.671252330329382,1.686362639669197
4.671252330329382,1.686362639669197
4.671252330329382,1.686362639669197
4.671252330329382,1.686362639669197
4.671252330329382,1.686362639669197
4.671252330329382,1.686362639669197
4.671252330329382,1.686362639669197
4.671252330329382,1.686362639669197
4.671252330329382,1.686362639669197
4.671252330329382,1.686362639669197
4.671252330329382,1.686362639669197
4.671252330329382,1.686362639669197
4.671252330329382,1.686362639669197
4.671252330329382,1.686362639669197
4.671252330329382,1.686362639669197
4.671252330329382,1.686362639669197
4.671252330329382,1.686362639669197
4.671252330329382,1.686362639669197
4.671252330329382,1.686362639669197
4.671252330329382,1.686362639669197
4.671252330329382,1.686362639669197
4.671252330329382,1.686362639669197
4.671252330329382,1.686362639669197
4.671252330329382,1.686362639669197
4.671252330329382,1.686362639669197
5.770771676034959,2.3007761972852854
5.770771676034959,2.3007761972852854
5.770771676034959,2.3007761972852854
5.770771676034959,2.3007761972852854
5.770771676034959,2.3007761972852854
5.770771676034959,2.3007761972852854
5.770771676034959,2.3007761972852854
5.770771676034959,2.3007761972852854
5.770771676034959,2.3007761972852854
5.770771676034959,2.3007761972852854
5.770771676034959,2.3007761972852854
5.770771676034959,2.3007761972852854
5.2354368945103085,1.7554835057952416
5.2354368945103085,1.7554835057952416
5.2354368945103085,1.7554835057952416
5.2354368945103085,1.7554835057952416
5.2354368945103085,1.7554835057952416
5.2354368945103085,1.7554835057952416
5.2354368945103085,1.7554835057952416
5.2354368945103085,1.7554835057952416
5.2354368945103085,1.7554835057952416
5.2354368945103085,1.7554835057952416
5.2354368945103085,1.7554835057952416
5.2354368945103085,1.7554835057952416
5.2354368945103085,1.7554835057952416
5.2354368945103085,1.7554835057952416
5.2354368945103085,1.7554835057952416
5.2354368945103085,1.7554835057952416
5.2354368945103085,1.7554835057952416
5.2354368945103085,1.7554835057952416
5.2354368945103085,1.7554835057952416
5.2354368945103085,1.7554835057952416
5.2354368945103085,1.7554835057952416
5.2354368945103085,1.7554835057952416
5.2354368945103085,1.7554835057952416
5.2354368945103085,1.7554835057952416
5.2354368945103085,1.7554835057952416
5.2354368945103085,1.7554835057952416
5.2354368945103085,1.7554835057952416
5.2354368945103085,1.7554835057952416
5.2354368945103085,1.7554835057952416
5.2354368945103085,1.7554835057952416
5.2354368945103085,1.7554835057952416
5.2354368945103085,1.7554835057952416
5.2354368945103085,1.7554835057952416
5.2354368945103085,1.7554835057952416
5.2354368945103085,1.7554835057952416
5.2354368945103085,1.7554835057952416
5.2354368945103085,1.7554835057952416
5.2354368945103085,1.7554835057952416
5.2354368945103085,1.7554835057952416
5.2354368945103085,1.7554835057952416
5.2354368945103085,1.7554835057952416
5.2354368945103085,1.7554835057952416
5.2354368945103085,1.7554835057952416
5.2354368945103085,1.7554835057952416
5.2354368945103085,1.7554835057952416
5.2354368945103085,1.7554835057952416
5.2354368945103085,1.7554835057952416
5.2354368945103085,1.7554835057952416
5.2354368945103085,1.7554835057952416
3.7087936563505677,4.638409777051931
3.7087936563505677,4.638409777051931
3.7087936563505677,4.638409777051931
3.7087936563505677,4.638409777051931
3.7087936563505677,4.638409777051931
3.7087936563505677,4.638409777051931
3.7087936563505677,4.638409777051931
3.7087936563505677,4.638409777051931
3.7087936563505677,4.638409777051931
3.7087936563505677,4.638409777051931
3.7087936563505677,4.638409777051931
3.7087936563505677,4.638409777051931
3.7087936563505677,4.638409777051931
3.7087936563505677,4.638409777051931
3.7087936563505677,4.638409777051931
3.7087936563505677,4.638409777051931
3.7087936563505677,4.638409777051931
3.7087936563505677,4.638409777051931
3.7087936563505677,4.638409777051931
3.7087936563505677,4.638409777051931
2.3981619968595456,3.0433161841348118
2.3981619968595456,3.0433161841348118
2.3981619968595456,3.0433161841348118
2.3981619968595456,3.0433161841348118
2.3981619968595456,3.0433161841348118
2.3981619968595456,3.0433161841348118
2.3981619968595456,3.0433161841348118
2.3981619968595456,3.0433161841348118
2.3981619968595456,3.0433161841348118
2.3981619968595456,3.0433161841348118
2.3981619968595456,3.0433161841348118
2.3981619968595456,3.0433161841348118
2.3981619968595456,3.0433161841348118
2.3981619968595456,3.0433161841348118
2.3981619968595456,3.0433161841348118
2.3981619968595456,3.0433161841348118
2.3981619968595456,3.0433161841348118
2.3981619968595456,3.0433161841348118
2.3981619968595456,3.0433161841348118
2.3981619968595456,3.0433161841348118
2.3981619968595456,3.0433161841348118
2.3981619968595456,3.0433161841348118
2.3981619968595456,3.0433161841348118
2.3981619968595456,3.0433161841348118
2.3981619968595456,3.0433161841348118
2.3981619968595456,3.0433161841348118
2.3981619968595456,3.0433161841348118
2.3981619968595456,3.0433161841348118
2.3981619968595456,3.0433161841348118
2.3981619968595456,3.0433161841348118
2.3981619968595456,3.0433161841348118
2.3981619968595456,3.0433161841348118
2.3981619968595456,3.0433161841348118
2.3981619968595456,3.0433161841348118
2.3981619968595456,3.0433161841348118
2.3981619968595456,3.0433161841348118
2.3981619968595456,3.0433161841348118
2.3981619968595456,3.0433161841348118
2.3981619968595456,3.0433161841348118
2.3981619968595456,3.0433161841348118
2.3981619968595456,3.0433161841348118
2.3981619968595456,3.0433161841348118
2.3981619968595456,3.0433161841348118
2.3981619968595456,3.0433161841348118
2.3981619968595456,3.0433161841348118
2.3981619968595456,3.0433161841348118
2.3981619968595456,3.0433161841348118
2.3981619968595456,3.0433161841348118
2.3981619968595456,3.0433161841348118
2.3981619968595456,3.0433161841348118
2.3981619968595456,3.0433161841348118
4.2286648887990115,3.68913502866201
4.2286648887990115,3.68913502866201
4.2286648887990115,3.68913502866201
4.2286648887990115,3.68913502866201
4.2286648887990115,3.68913502866201
4.2286648887990115,3.68913502866201
4.2286648887990115,3.68913502866201
4.2286648887990115,3.68913502866201
4.2286648887990115,3.68913502866201
4.2286648887990115,3.68913502866201
4.2286648887990115,3.68913502866201
4.2286648887990115,3.68913502866201
4.2286648887990115,3.68913502866201
4.2286648887990115,3.68913502866201
4.2286648887990115,3.68913502866201
4.2286648887990115,3.68913502866201
4.2286648887990115,3.68913502866201
4.2286648887990115,3.68913502866201
4.2286648887990115,3.68913502866201
4.2286648887990115,3.68913502866201
4.2286648887990115,3.68913502866201
4.2286648887990115,3.68913502866201
4.2286648887990115,3.68913502866201
4.2286648887990115,3.68913502866201
4.2286648887990115,3.68913502866201
4.2286648887990115,3.68913502866201
4.2286648887990115,3.68913502866201
4.2286648887990115,3.68913502866201
4.2286648887990115,3.68913502866201
4.2286648887990115,3.68913502866201
4.2286648887990115,3.68913502866201
4.2286648887990115,3.68913502866201
4.2286648887990115,3.68913502866201
4.2286648887990115,3.68913502866201
4.2286648887990115,3.68913502866201
4.2286648887990115,3.68913502866201
4.2286648887990115,3.68913502866201
4.2286648887990115,3.68913502866201
4.2286648887990115,3.68913502866201
4.2286648887990115,3.68913502866201
4.2286648887990115,3.68913502866201
4.2286648887990115,3.68913502866201
4.2286648887990115,3.68913502866201
4.2286648887990115,3.68913502866201
4.2286648887990115,3.68913502866201
4.2286648887990115,3.68913502866201
4.2286648887990115,3.68913502866201
4.2286648887990115,3.68913502866201
4.2286648887990115,3.68913502866201
4.2286648887990115,3.68913502866201
4.2286648887990115,3.68913502866201
4.2286648887990115,3.68913502866201
4.2286648887990115,3.68913502866201
4.2286648887990115,3.68913502866201
4.2286648887990115,3.68913502866201
4.2286648887990115,3.68913502866201
4.2286648887990115,3.68913502866201
4.2286648887990115,3.68913502866201
4.2286648887990115,3.68913502866201
4.2286648887990115,3.68913502866201
4.2286648887990115,3.68913502866201
4.2286648887990115,3.68913502866201
4.2286648887990115,3.68913502866201
4.2286648887990115,3.68913502866201
4.2286648887990115,3.68913502866201
4.2286648887990115,3.68913502866201
4.2286648887990115,3.68913502866201
4.2286648887990115,3.68913502866201
4.2286648887990115,3.68913502866201
4.2286648887990115,3.68913502866201
0.8302517874984011,4.992679063064635
0.8302517874984011,4.992679063064635
0.8302517874984011,4.992679063064635
0.8302517874984011,4.992679063064635
2.9817938320318045,5.611414218803616
2.9817938320318045,5.611414218803616
2.9817938320318045,5.611414218803616
2.9817938320318045,5.611414218803616
2.9817938320318045,5.611414218803616
2.9817938320318045,5.611414218803616
2.9817938320318045,5.611414218803616
6.954823023215734,4.661586002824721
6.954823023215734,4.661586002824721
6.954823023215734,4.661586002824721
6.954823023215734,4.661586002824721
6.954823023215734,4.661586002824721
6.954823023215734,4.661586002824721
6.954823023215734,4.661586002824721
6.954823023215734,4.661586002824721
2.5948884859480312,5.5010645431869944
2.5948884859480312,5.5010645431869944
2.5948884859480312,5.5010645431869944
2.5948884859480312,5.5010645431869944
2.5948884859480312,5.5010645431869944
2.5948884859480312,5.5010645431869944
2.5948884859480312,5.5010645431869944
2.5948884859480312,5.5010645431869944
2.5948884859480312,5.5010645431869944
2.5948884859480312,5.5010645431869944
2.5948884859480312,5.5010645431869944
2.5948884859480312,5.5010645431869944
2.5948884859480312,5.5010645431869944
6.861148199295111,4.507358349491937
6.861148199295111,4.507358349491937
6.861148199295111,4.507358349491937
6.861148199295111,4.507358349491937
6.861148199295111,4.507358349491937
6.861148199295111,4.507358349491937
6.861148199295111,4.507358349491937
6.861148199295111,4.507358349491937
6.861148199295111,4.507358349491937
6.861148199295111,4.507358349491937
6.861148199295111,4.507358349491937
6.861148199295111,4.507358349491937
6.861148199295111,4.507358349491937
6.861148199295111,4.507358349491937
6.861148199295111,4.507358349491937
6.861148199295111,4.507358349491937
6.171316521580297,4.531293814738983
6.171316521580297,4.531293814738983
6.171316521580297,4.531293814738983
6.171316521580297,4.531293814738983
6.171316521580297,4.531293814738983
6.171316521580297,4.531293814738983
6.171316521580297,4.531293814738983
6.171316521580297,4.531293814738983
6.171316521580297,4.531293814738983
6.171316521580297,4.531293814738983
6.171316521580297,4.531293814738983
6.171316521580297,4.531293814738983
6.171316521580297,4.531293814738983
6.171316521580297,4.531293814738983
6.171316521580297,4.531293814738983
6.171316521580297,4.531293814738983
6.171316521580297,4.531293814738983
6.171316521580297,4.531293814738983
6.171316521580297,4.531293814738983
6.171316521580297,4.531293814738983
6.171316521580297,4.531293814738983
6.171316521580297,4.531293814738983
6.171316521580297,4.531293814738983
6.171316521580297,4.531293814738983
6.171316521580297,4.531293814738983
6.171316521580297,4.531293814738983
6.171316521580297,4.531293814738983
6.171316521580297,4.531293814738983
6.171316521580297,4.531293814738983
6.171316521580297,4.531293814738983
6.171316521580297,4.531293814738983
6.171316521580297,4.531293814738983
6.171316521580297,4.531293814738983
6.171316521580297,4.531293814738983
6.171316521580297,4.531293814738983
6.171316521580297,4.531293814738983
6.171316521580297,4.531293814738983
6.171316521580297,4.531293814738983
6.171316521580297,4.531293814738983
6.171316521580297,4.531293814738983
6.171316521580297,4.531293814738983
6.171316521580297,4.531293814738983
6.171316521580297,4.531293814738983
6.171316521580297,4.531293814738983
