3.5,3.5
2.99792714286214,4.195002220841993
3.9101167669104866,4.238444747579692
3.7431180358487586,4.190731493099246
3.753491890241995,3.6409904219389815
2.992604143457993,4.614888704551707
2.3056675995920473,4.235794048048903
3.9921698631238387,3.121393317761828
1.9078815117946135,4.94258131028733
2.8793529482942177,3.7057380801003523
3.1826981527251883,3.7401936246892866
2.168270128225915,4.710803067691175
2.205672532480588,4.347166199741324
3.2473700807118053,3.0431480294263067
1.667101047453818,5.759409477307641
3.6133723416203196,4.319235631051372
4.233521623132381,4.1295433471309435
4.784181955243778,4.155011222583921
4.376697061770054,2.785703213727456
0.9141476603143114,5.226637871296785
1.908469863494357,4.24148764792414
4.352514373281888,3.1508591667953256
2.3516780976574547,4.275366627194254
1.5670713534392884,4.430657242969172
3.3407507008599433,4.853633368856851
2.726599980214222,5.264807238844837
4.775539129804117,2.7382240467485586
2.4059958758470454,6.3756579548303725
3.735689066011167,3.6988663054303093
3.8740937894681506,4.156061176053045
0.563134081248642,5.354892317412494
3.645829645585769,2.7445214514837346
0.9542660584035288,5.421812705237146
1.9641980081161903,4.783647010608835
0.15190248006234408,5.237652643480113
2.081620846535757,6.665856727867487
3.520407568018634,5.287826839632543
5.5131912579731885,3.652245230722602
5.0055663573120395,4.832338259198892
3.688348567274389,5.714343332374486
3.0821556109781723,3.5236119738131606
2.3642554901335657,2.591612719260863
1.5259247275109509,5.8953452543185785
3.1889601652484334,5.468007942531376
3.6432458271813033,3.3122512473590953
4.29570285300068,2.196235561026748
3.0835439631107353,2.8556928087044495
4.7963536930004995,5.275974920042654
5.688638217729224,4.103366454706482
3.4103508470278103,6.211605855701112
5.543944671256938,4.989048399732726
4.293337856733817,1.3468414881516955
2.07448466672941,5.524041623174096
6.1347502228815785,5.3079343618749215
2.6568371392222354,6.235685478117242
3.8464626334364924,1.726883954762421
5.627103613704408,5.856809840239473
1.498626853920928,2.640558881058389
5.220421978728604,2.593596663404048
1.4713125549560273,5.565442642600711
2.412408606205408,6.169201474029776
3.3101614293331973,3.8048210130233073
4.39756825620283,4.211207986275551
1.5444210239289,5.535409033841102
1.2788449820151442,2.3953827009701403
5.436167803566631,4.286797034830547
1.0725924196156968,4.0586046837033605
5.410303557198458,4.101825252697039
6.770148762436982,5.551912623648139
4.716888883717983,5.735498225110107
0.3774921026141911,5.1996212731272315
2.4821777567575847,4.1811421507417155
1.0588305005925975,4.318939462423377
4.028447357096788,3.537168606151419
0.6008444203546827,5.487319255310048
6.40382744799907,3.388599968809336
1.7314870001486113,2.760139270208224
3.6464566779042142,3.950798054104756
4.98435616247488,1.9241966065613825
5.299341296258762,2.6726704214734673
5.962557985967074,6.422285651875879
4.861274640706037,3.4183725462044086
4.675555430972805,3.6621268948169763
1.2789134597533482,5.304389566967957
1.6272747478380802,6.261006000260842
2.3155786835304153,4.559614006484631
6.568765956424189,5.92297218517888
2.6460898150663876,2.708836359126268
6.375755468443058,2.859635876103278
0.7358094864264388,2.5863441948404557
4.232076069396067,1.677638715246741
0.7818868678995721,4.138327888629531
0.5302949771367108,4.497367296977144
4.7360682939034,4.472808783937396
3.4268147527548685,4.213513948486905
2.69656640915189,2.4825859079074086
1.064230469429902,1.8569601301124499
2.549562983840122,4.648787168786112
6.051256938491843,5.762127283372672
1.640971965679321,3.8519041439482526
1.523418335500923,1.2247533468184129
4.7300269384184235,4.443909271440149
3.5638163879207587,6.3965154880944715
1.7457473723251848,1.6483069642662684
3.355265929021491,3.1509949291786907
2.3394250466498248,1.072149798701517
0.5881785596042991,6.082598867292814
2.72592142847149,1.9281249008652668
2.054607336357985,0.2926574233148721
2.087670561147195,5.088731155651339
0.8272971161102547,6.887450842410924
6.9518525192713785,2.5885285816421595
2.8915900391830602,1.8141463959435495
4.448979851924966,6.783025896276784
4.552624791370508,4.006191907467882
5.5204960731100865,1.3277829336420353
5.71292684325698,5.652868268884282
5.578047932481349,3.102229162339483
1.4289509109752672,5.555176127086221
1.574370067888554,1.6595464287233357
1.6882682226075048,1.948121462279798
2.513010191889743,3.269134925883974
4.30300670308888,3.439094977027199
1.1576409507350616,6.4634058604773035
4.279752230060959,4.466096550631954
3.047877127438137,3.8117314635418333
6.954055798184244,2.664585580302294
4.445608447065801,6.231298485994163
0.3946295398295071,4.769804633632692
4.501252607144629,5.018725319595846
2.6966710866532475,6.188002343832461
3.0666913638361972,2.662534160700285
6.787111301674661,3.541503027606664
4.767241266461438,4.2866185764064655
2.924754885668352,0.8859135338345582
2.543415220653183,4.607682122286834
4.029156835514191,4.545699326371705
3.872980499595708,1.3204624047173255
1.9960916761890237,4.015063772222751
2.7516470417199788,2.9461043053454703
0.1583219378126941,4.940845563401892
2.4463430464164415,6.0742413226017025
6.289148620483015,5.7180159774900785
6.721554024424729,3.1740364813718296
0.9293269258199902,3.4780329555544136
2.896991228521296,6.56846995284267
2.7548091539561472,0.5961872728990854
1.9768733028055991,2.944021484541359
1.4487852999689597,0.33490812274018167
5.104846138546842,1.6881116726021856
4.541746689966951,1.8338813626073303
5.048142080928297,0.7470319028641466
1.6189635026076432,1.8085884264071463
4.676433556028388,2.3473489065347977
5.387502451394274,5.945880260951838
2.07901183310121,1.335387766783458
1.1536547793831553,1.9512291984035626
1.098697609111073,5.389738686456542
1.2932210591135123,5.338289844343089
4.403067473112919,4.9917574405999146
1.0010152715771952,2.8224025276047353
0.8506752482316219,4.053529264868713
2.225914281594478,6.329493943389399
6.267192260137369,5.675767436296824
5.059807201493584,6.378333158770896
0.994571091306791,3.7028896089289884
4.76650538214466,6.070250341308601
4.470140160038338,0.19965649686499243
1.0793213888630957,5.686147474112169
3.6331692365822867,2.6346881663871806
1.5555481734436376,1.7318232002836766
4.615640137036389,3.958885969254653
3.3883678097515193,1.570245204005591
5.949944128278376,6.153993446244877
2.165696166752306,4.37771825837185
2.138089529276155,6.806396452451241
4.014982009002838,1.6198260086909864
0.7664695756722243,1.8170724869143098
5.879514699066142,5.021161854558976
2.918301745327554,0.325500409013719
2.2203152084861975,5.333120548140424
4.510172049227191,5.902598900374552
2.7154791689910076,0.1779928670795784
6.876303796342888,3.0834771913809473
2.891212987126695,3.9208630269937244
2.0849477712332694,6.83925095234323
5.975219456121008,1.2106704602507539
2.7167140116888895,5.466739882414869
2.4420720621841725,0.34600205260361416
4.821263521454577,0.25921198664801315
5.032751944968116,0.11348829546100969
4.480747226703257,4.566340451491543
5.8673427166931384,0.9516627637427928
3.5640266875575355,6.783275688279946
3.5594120711618946,1.308135932083701
2.996252792683578,1.7410304066460083
2.555776809745041,6.767209178308287
1.0066590958351616,3.2782319207353403
2.798930550841356,3.6648373466586017
6.351252131928406,6.116076424730727
1.5891994754552057,1.6171167346165516
5.770925377973128,1.193222073985773
6.260398778422609,5.435771372259697
6.734559007295864,6.3118212003402325
6.207295146489395,5.13303184202713
0.5169806081558548,2.8740432955273754
1.9371854779773652,1.2096465304262427
6.037775189767094,2.1713771954116825
3.787843096651729,2.80226765552067
1.3478473418274723,0.08226720745832194
1.5200143033820068,5.839196618387033
4.837244855015702,4.850532697858738
4.526824961577294,5.770335644270625
3.6660071464778214,5.5253728490008625
5.373577815247657,0.6751189303859931
0.9192786067600488,4.194739401631523
0.21908522257586216,4.3529838958646225
2.2820415159828915,6.837457079649942
6.177205922431137,5.33278246744892
5.886281140147572,0.4588182535030273
2.283638072151074,5.791534077264523
0.7803435630185959,0.9365675047047883
4.586363518098125,3.946163075147898
0.6251989390144622,3.4056136849243717
2.5594013548576497,2.7925613141330157
1.079586174978384,4.165517139547656
4.063573215959479,0.015508650613534236
2.203771210241551,1.8303620145658246
2.178398772269536,3.0335599784387375
2.8602185169163534,4.770337722014981
1.8194685558059869,1.7533014128995605
3.1246255139645327,3.1769489113960288
5.149443329273835,0.5081413582604011
2.438356954129897,3.4120479345661607
5.220707264576417,0.8658004429239339
0.5548229422446103,2.7785103668182245
1.1631546995257749,6.387464912935613
4.319614254678381,2.6424763848111166
3.6862592560144236,0.7585707955927435
1.63866926340746,0.6286347277792274
1.664674527691806,5.540325342523642
1.2988598646337834,1.2577563850889208
3.328236666546231,4.323238957071381
0.42224902369892914,0.41181266107072423
0.4443595939345717,1.8233651219711478
0.7898561180304631,3.794487958188073
3.620151628522917,0.105915892629874
0.1955043041823542,5.519397250035283
6.5432068028478305,0.14296903266291594
2.7793780857856305,6.789736202055023
0.3336593026486807,6.388892101627389
6.7187160856329164,2.5127774856151035
4.195116786643724,5.305139285885928
4.889412310797638,3.3806555810228853
5.295440990621109,3.05287053623487
4.3227528549603065,4.721686462633722
6.891125480825655,2.9201561792619164
4.212941801525222,0.8142245548732334
2.6313585299718336,2.5421816954928973
1.4680970656475627,1.7226490336198026
4.274524230445445,1.477884092225059
4.128051641929828,0.5914488052481219
3.3759889242026495,6.7799687870337
0.2009436432849977,2.049095041262987
6.077196118566404,6.80721059865551
4.8466175525288655,5.268616307785116
6.43918428628214,3.611203300636199
0.2964681950414103,4.062509738934625
3.243229736774764,2.038449457779259
4.925334162325556,5.46555290270313
3.0516235215107654,1.8831532835090186
6.08502725757217,2.3002286942944132
2.323998397116735,6.848214418458645
2.6937742171489774,1.1888968780253586
4.433529501561814,4.531095817598086
0.7390730959549624,2.2714599579358565
0.17673687505048685,1.2621526836249122
5.05277782081442,1.3128111521296166
1.0818028472071295,6.688112837205615
6.52196361601985,0.6302820355553841
0.23692008361044714,5.323288280092125
0.17997425335931538,1.673682294060006
4.830872400421538,5.064585756724148
6.47100941432732,4.774509929262843
3.51373122585919,6.851428584712776
4.614598539917855,3.1166953879346617
3.6857023388460677,3.1004804749978576
2.5425828761013403,6.5736835580508926
5.381101423210538,1.7295629055166253
5.87899298961946,0.48060312119997095
0.0006371524617647673,0.7787813651917436
4.9080741054401935,3.0052986675977618
6.1336284604111775,2.5507913192981793
1.2777027854449154,4.2827254777513515
2.2158630546205638,6.521912818663633
6.565683109145428,6.046320534102033
0.4070880056085784,6.599614204621418
4.760927790192484,4.930027612805094
4.318536559096201,6.001900369446901
0.3055100518750945,3.274736898702521
1.1787648582012014,6.308014009052063
5.022894013568955,6.22635692636177
6.695941235784986,3.8320834711973766
6.8132034285548855,5.759056489581674
3.262306609099465,4.445862149467523
3.699076218132019,5.23863522486294
0.1134873357248174,2.394754297735774
4.970579289765203,1.3256147183949594
3.610589320725645,6.519163113727548
1.0812942515380017,1.7381406179662844
4.425667029420345,4.977761815031541
2.88271149303407,4.07828134844565
2.6099239823440854,3.1989116056864852
5.032230683581436,0.11534069225240595
1.8065214404565992,4.811923257243308
5.57301859923813,3.112219794457567
0.7480822824043247,6.484646708407326
2.3741027230415455,1.2722554155922556
3.808407540041335,1.1694780666576536
2.1727070534580863,6.613946929872573
3.2236834512035215,1.98686692198256
4.784346238269665,2.7458499251273047
3.1858388367713597,4.3188641137369155
6.093622229219292,5.977083986671841
0.9212519557988434,0.17398978851832303
3.9476555230608907,6.836324754719134
3.8993334474132966,6.890263095515145
6.290571932042556,1.4386290098681875
5.433466713054442,2.7995208268207374
4.694524107815759,6.624811764054838
6.078924494359223,4.988480009751042
4.004281301182951,4.97252536715546
0.9750465031669485,0.23555119974368677
5.036751738596462,6.785255984742623
0.6546669525840174,6.095574902970862
5.727367209006894,6.023293136099081
2.56941182855137,3.2439730792489767
0.8142846758749887,6.334843465777717
0.39295377169580203,5.4395696913824825
4.396691106652224,3.7515641024003745
0.7913841744636725,5.574252570085455
1.8095853180178514,3.890802042679982
1.7800386183550125,5.678223947957966
0.105233938524108,5.363740659198791
3.6087871620832326,2.353062034176712
0.6199203745991096,6.3888395606610855
1.8975062909404317,3.1996687856592048
4.193860288276041,6.473266628614096
3.7842415106300855,0.40365539068003486
0.7394425607024294,3.0548550649540234
0.7234508165060055,5.576710493799766
1.555522542498506,6.402072780066141
6.117092089920257,2.2437032946470157
5.454257148969647,5.434674945728435
2.917914997245522,6.907301970728176
0.2219630327839196,6.1751249181037275
1.8287746201341366,3.612544387941669
4.001426350404912,5.33357014533706
3.909077224546056,2.108232198312659
6.619474127212873,6.433618178178537
5.396051191745382,6.596005380058732
3.4035767339715193,5.78501585032412
1.0380054404695989,2.8254174019155074
3.086368051520493,4.2391163757413075
2.454270437869937,1.14296760469436
6.626008879193951,2.9641016414249224
5.964854660163763,2.2437062884076693
5.479123603365352,3.3959539352414136
0.41715513931652326,1.3484341738405616
6.546078581561454,5.928402386716348
4.643184595638149,4.431030455810216
0.3292401337673033,0.31193509730938074
4.673269195378085,1.5947930370435732
6.545003603208381,6.234155948319037
0.7935637841095778,2.7627192373803395
1.578859502575217,3.7729740306322954
5.862193407170325,2.2641969245508453
2.881959016737011,1.8534726426990038
2.234964753330227,3.351089045537826
0.007917034860123295,6.358730424156828
4.510063148243494,3.479269275599298
4.588541250652122,4.937602125337001
1.7756096526839145,2.8377305847781695
2.3056788608914953,1.3176308783222521
6.056491863599087,2.470904617082857
6.141837159663561,1.4950500352538234
1.2189887994448578,1.5566374005674457
0.8781289719587795,4.09156366103132
1.0154954038922548,4.902586759004064
0.5762200804818252,4.353816676543189
3.781909914275263,0.4822705834770816
2.29319524875364,4.346772594652235
1.2186403024934678,2.194254839717364
2.893518052172059,6.777679213444236
5.334570425570355,5.097484189328176
0.7233747930479549,6.044881731537782
0.41825569572473353,2.538916439367939
2.6614248966370924,6.448417302418353
1.492688321068687,5.098678532084138
4.608877027941499,0.7118938735385945
6.978995591925175,0.3904837589615713
6.448064976112293,5.075615588796104
3.3245329422718926,2.7830591678042444
4.57286844338278,4.3174057197035065
4.149588833726822,4.071996968595934
3.2542996799383648,0.9236546898470125
2.1728326391075923,4.967379982065012
0.2999476925592198,1.7594927293596336
6.407244574266582,6.576569018917504
6.792662430646208,1.8584798385759689
3.1787541883255654,3.5978644894188125
3.6422539107236234,0.5192399361107112
6.584217395133883,5.688328168619969
3.2944838640838396,0.8255216270718424
6.274682273727857,1.27802392877829
5.961944829219174,0.6017754609754209
1.3384596647797897,5.721086958565652
6.410441682884892,5.210758184844603
0.5407675056499969,1.1698685859671571
2.677662352187097,2.7262511257534214
6.029521340142278,6.4409420986884705
4.623079020270737,2.1475894188026308
6.934248029510092,0.1976619188183455
3.2244964494636026,3.624104044349912
4.316789347507592,5.454373729815375
6.922273213179718,1.361314439517173
6.612301838527034,4.999712742922787
5.722535499578641,2.5692897359659534
4.526007395884184,0.7490604960273185
2.5899864115006843,2.5948040197752613
2.65555899866924,5.788522125795405
1.8670126096025923,4.480406351926653
1.9993822239675407,3.7180002334011766
5.40959503920709,1.8063824433609057
1.0812766692925817,3.185017202986141
6.167181020058006,4.472784142500269
6.4738741716671955,1.1255351111061542
3.2427459499799274,5.0533989213959405
2.5834500580475774,6.574443199557838
3.1488201556419857,3.6970133796211613
5.395396921347961,1.9333257488043047
3.370016194328567,5.821821158656392
4.1795278651119165,4.102890123453841
5.522194790886705,5.479370898619163
5.120385284370158,6.716114715601171
6.741165446516007,1.5984842204660694
0.26070109345436543,4.251284946140167
6.448286399601522,1.7265571229309375
6.13809440390993,0.4719362451764767
1.1405049891223453,1.89020246300454
5.737873817193286,3.5536942271021537
4.192928231585165,1.0055131121744494
1.081532103192506,0.3900547955441038
3.617556961686458,6.38557476782302
0.36588459708511667,2.516707068354618
2.46069681848869,3.678698853991845
0.05145470680751263,1.9842099981339651
6.415491430314423,5.599290835816578
4.951010412892234,2.33695008885207
5.052993216914566,1.7130323149806577
4.4729641146509564,3.4859272300200286
4.0135082098876795,2.8798033830133534
1.3486024734951654,2.877673351771862
1.757619474867617,5.483316357481431
2.3007840323614186,1.6543219509867448
0.4041102745961991,3.644321187252209
5.090376651764437,4.99439782475031
4.513295181983695,6.108894199993028
0.82908348859397,3.8294174871148265
3.00866842086827,2.851333300351152
5.3671075101647485,1.493779827267587
1.6856471458371995,4.69500588331041
6.383882085794063,1.1773501932126766
2.093543162909989,6.8353362821559065
6.757099847864911,4.039024222321631
6.129733837394644,1.8082674626210424
3.042414650386347,3.3861324392295917
4.007570835516117,4.823156771308602
4.222552302862143,6.250186305268387
2.4223631867338704,4.804437577002068
5.170888562920301,5.975674950248458
6.863810735860434,3.817756894811626
5.687330792764467,1.8218878983520812
0.25649025782113255,4.031325860627116
2.5160972989387407,5.561982444529546
0.4789381583257559,4.662755091905944
4.1908093015759125,1.03570143467073
5.9262450360555015,5.461666342452851
6.136981877576034,6.98821502455578
0.22064515525898898,5.702256870617414
2.27171024980898,5.200544080666024
2.252757022325849,5.375076822217506
2.2411588903110506,1.715834184920082
2.4687447010965595,6.837715781387897
0.4619220717180278,2.3544935104526283
1.541140099608254,2.640445242867724
0.11783797804881602,4.242065586825752
0.171648836621909,1.6644759156256324
3.068022448847061,0.12685285586711914
5.312930795104529,3.8825082824836175
3.8697286145274474,2.58633662925672
5.932325027333875,6.74962211595598
0.15417625551159064,6.107566064460723
3.821494891635102,3.216155019403997
6.781169810828962,3.1531842901982285
1.6446489401253745,0.9551161946765712
1.5570147447064908,2.6085363277730194
0.47236410771334836,5.416106455962945
4.546138044639042,2.5157887769258758
4.053318476867681,3.1822143673655585
2.1632933308306264,0.9066533931765278
1.2937660115500003,5.459670568535603
2.6520900407880443,0.9121644512472
0.681953325706357,3.687716969091175
4.738501949364907,4.930858823515323
2.3328852909127398,5.857015864223612
6.4261341089629775,4.3812259185453595
1.764608312246287,5.420939146429782
5.5919030323705385,4.630315972728131
0.00021637061884860476,4.122731656889221
0.1593705202804646,4.752090063156484
5.6503717652223875,6.6912183150868865
3.3790637979297333,3.0068273801051166
4.7733742402293675,0.9222620451111352
1.379914479252096,1.4783494339926873
1.0518814913938686,2.8346748655087124
3.04846214872377,2.503400429915995
6.988112211540938,1.3737705371896958
5.004967004496563,4.839329708108201
4.404647584745315,6.1386725616069695
3.137065380332335,6.478774503176835
0.34015454722370075,1.7146020930171602
0.30804679667709234,0.12306933456366942
1.4839584369446992,2.036693743670468
3.1811791155942384,4.309848044030267
4.078426228117305,2.076590175874391
1.3338520442088588,1.9651339367040888
6.5798936469644,3.806746573746388
3.025792718716191,6.795757625879665
0.07576934889686737,4.148182158385117
3.7794412540677595,4.697769449182948
4.201710604328332,3.724285760354068
6.589168156900087,2.4177904397203847
3.9650656790266963,6.4316421271553335
1.9201711174403422,0.10384092454184735
