3.5,3.5
3.104245249462177,3.8005459961063606
3.4070331626816612,2.6181983276814806
2.6420246197420507,4.079494011353661
4.3922670222902225,3.066237210937904
2.945544222252834,2.739153368119256
2.945544222252834,2.739153368119256
2.9118623610866994,4.728651869450797
2.9118623610866994,4.728651869450797
3.8408374734709514,3.5622506283369137
3.8408374734709514,3.5622506283369137
3.8408374734709514,3.5622506283369137
2.0693599681089827,5.192023461900753
2.0693599681089827,5.192023461900753
3.044857240748556,3.803829892314682
3.044857240748556,3.803829892314682
3.044857240748556,3.803829892314682
3.044857240748556,3.803829892314682
3.044857240748556,3.803829892314682
3.044857240748556,3.803829892314682
3.044857240748556,3.803829892314682
3.044857240748556,3.803829892314682
2.3558323110294923,2.4459449676922356
2.3558323110294923,2.4459449676922356
2.343554505223813,6.066628070794826
2.343554505223813,6.066628070794826
3.724570771909767,4.41921370487839
3.724570771909767,4.41921370487839
3.724570771909767,4.41921370487839
3.724570771909767,4.41921370487839
3.724570771909767,4.41921370487839
3.724570771909767,4.41921370487839
3.724570771909767,4.41921370487839
3.724570771909767,4.41921370487839
3.724570771909767,4.41921370487839
3.724570771909767,4.41921370487839
3.724570771909767,4.41921370487839
3.724570771909767,4.41921370487839
3.724570771909767,4.41921370487839
3.724570771909767,4.41921370487839
3.724570771909767,4.41921370487839
2.44711921813382,6.781231555060491
2.44711921813382,6.781231555060491
2.3084352583897187,6.2237518511825485
2.3084352583897187,6.2237518511825485
2.3084352583897187,6.2237518511825485
2.3084352583897187,6.2237518511825485
3.3718798524330342,1.6370507923948217
2.64284164773363,3.150356767236846
2.64284164773363,3.150356767236846
2.64284164773363,3.150356767236846
2.64284164773363,3.150356767236846
2.64284164773363,3.150356767236846
2.64284164773363,3.150356767236846
2.64284164773363,3.150356767236846
2.64284164773363,3.150356767236846
2.64284164773363,3.150356767236846
2.64284164773363,3.150356767236846
2.64284164773363,3.150356767236846
2.64284164773363,3.150356767236846
2.64284164773363,3.150356767236846
2.64284164773363,3.150356767236846
2.64284164773363,3.150356767236846
2.64284164773363,3.150356767236846
3.388604635815358,4.693089943800308
3.388604635815358,4.693089943800308
3.388604635815358,4.693089943800308
3.388604635815358,4.693089943800308
3.388604635815358,4.693089943800308
3.388604635815358,4.693089943800308
3.388604635815358,4.693089943800308
3.388604635815358,4.693089943800308
3.388604635815358,4.693089943800308
3.388604635815358,4.693089943800308
3.388604635815358,4.693089943800308
3.388604635815358,4.693089943800308
3.388604635815358,4.693089943800308
3.388604635815358,4.693089943800308
3.388604635815358,4.693089943800308
3.388604635815358,4.693089943800308
3.388604635815358,4.693089943800308
3.388604635815358,4.693089943800308
3.388604635815358,4.693089943800308
3.388604635815358,4.693089943800308
3.388604635815358,4.693089943800308
3.388604635815358,4.693089943800308
3.388604635815358,4.693089943800308
3.388604635815358,4.693089943800308
3.388604635815358,4.693089943800308
3.388604635815358,4.693089943800308
3.388604635815358,4.693089943800308
2.456662992043132,1.3197721062877088
3.113318208037677,6.410472181896457
3.113318208037677,6.410472181896457
3.113318208037677,6.410472181896457
3.113318208037677,6.410472181896457
3.113318208037677,6.410472181896457
3.113318208037677,6.410472181896457
3.113318208037677,6.410472181896457
3.113318208037677,6.410472181896457
3.3329553529690683,4.465154969460437
3.3329553529690683,4.465154969460437
3.3329553529690683,4.465154969460437
3.3329553529690683,4.465154969460437
3.3329553529690683,4.465154969460437
3.3329553529690683,4.465154969460437
3.3329553529690683,4.465154969460437
3.3329553529690683,4.465154969460437
3.3329553529690683,4.465154969460437
3.3329553529690683,4.465154969460437
3.3329553529690683,4.465154969460437
3.3329553529690683,4.465154969460437
3.3329553529690683,4.465154969460437
3.3329553529690683,4.465154969460437
3.3329553529690683,4.465154969460437
3.3329553529690683,4.465154969460437
3.3329553529690683,4.465154969460437
3.3329553529690683,4.465154969460437
3.3329553529690683,4.465154969460437
3.3329553529690683,4.465154969460437
3.3329553529690683,4.465154969460437
3.3329553529690683,4.465154969460437
3.3329553529690683,4.465154969460437
3.3329553529690683,4.465154969460437
3.3329553529690683,4.465154969460437
3.3329553529690683,4.465154969460437
3.3329553529690683,4.465154969460437
3.3329553529690683,4.465154969460437
3.3329553529690683,4.465154969460437
3.3329553529690683,4.465154969460437
3.3329553529690683,4.465154969460437
3.3329553529690683,4.465154969460437
3.3329553529690683,4.465154969460437
3.3329553529690683,4.465154969460437
3.3329553529690683,4.465154969460437
3.3329553529690683,4.465154969460437
3.3329553529690683,4.465154969460437
3.3329553529690683,4.465154969460437
3.3329553529690683,4.465154969460437
3.3329553529690683,4.465154969460437
3.3329553529690683,4.465154969460437
3.3329553529690683,4.465154969460437
3.3329553529690683,4.465154969460437
3.3329553529690683,4.465154969460437
3.3329553529690683,4.465154969460437
3.3329553529690683,4.465154969460437
3.3329553529690683,4.465154969460437
3.3329553529690683,4.465154969460437
3.3329553529690683,4.465154969460437
3.3329553529690683,4.465154969460437
3.3329553529690683,4.465154969460437
3.3329553529690683,4.465154969460437
3.3329553529690683,4.465154969460437
3.3329553529690683,4.465154969460437
3.3329553529690683,4.465154969460437
3.838717749782436,2.9419434475221036
3.838717749782436,2.9419434475221036
3.838717749782436,2.9419434475221036
3.838717749782436,2.9419434475221036
3.838717749782436,2.9419434475221036
3.838717749782436,2.9419434475221036
3.838717749782436,2.9419434475221036
3.838717749782436,2.9419434475221036
4.237357360857484,2.8326517470277035
4.237357360857484,2.8326517470277035
4.237357360857484,2.8326517470277035
4.237357360857484,2.8326517470277035
4.237357360857484,2.8326517470277035
4.237357360857484,2.8326517470277035
4.237357360857484,2.8326517470277035
4.237357360857484,2.8326517470277035
4.237357360857484,2.8326517470277035
4.237357360857484,2.8326517470277035
4.237357360857484,2.8326517470277035
4.237357360857484,2.8326517470277035
4.237357360857484,2.8326517470277035
4.237357360857484,2.8326517470277035
4.366771689515832,2.6935665881543507
4.366771689515832,2.6935665881543507
4.366771689515832,2.6935665881543507
4.366771689515832,2.6935665881543507
4.366771689515832,2.6935665881543507
4.366771689515832,2.6935665881543507
4.366771689515832,2.6935665881543507
4.366771689515832,2.6935665881543507
4.366771689515832,2.6935665881543507
4.366771689515832,2.6935665881543507
4.366771689515832,2.6935665881543507
4.366771689515832,2.6935665881543507
4.366771689515832,2.6935665881543507
4.366771689515832,2.6935665881543507
4.366771689515832,2.6935665881543507
4.366771689515832,2.6935665881543507
4.366771689515832,2.6935665881543507
4.366771689515832,2.6935665881543507
4.366771689515832,2.6935665881543507
4.366771689515832,2.6935665881543507
4.366771689515832,2.6935665881543507
4.366771689515832,2.6935665881543507
4.366771689515832,2.6935665881543507
4.366771689515832,2.6935665881543507
1.46909701844241,6.306087855481077
1.46909701844241,6.306087855481077
1.46909701844241,6.306087855481077
1.46909701844241,6.306087855481077
1.46909701844241,6.306087855481077
1.46909701844241,6.306087855481077
2.492019382087491,6.940691571246934
2.492019382087491,6.940691571246934
2.492019382087491,6.940691571246934
2.492019382087491,6.940691571246934
2.492019382087491,6.940691571246934
2.492019382087491,6.940691571246934
2.492019382087491,6.940691571246934
2.492019382087491,6.940691571246934
2.492019382087491,6.940691571246934
2.492019382087491,6.940691571246934
2.492019382087491,6.940691571246934
2.492019382087491,6.940691571246934
2.492019382087491,6.940691571246934
2.492019382087491,6.940691571246934
2.492019382087491,6.940691571246934
2.492019382087491,6.940691571246934
2.819689372532662,5.595644005832594
2.819689372532662,5.595644005832594
2.819689372532662,5.595644005832594
2.819689372532662,5.595644005832594
2.819689372532662,5.595644005832594
2.819689372532662,5.595644005832594
2.819689372532662,5.595644005832594
2.819689372532662,5.595644005832594
2.819689372532662,5.595644005832594
2.819689372532662,5.595644005832594
2.819689372532662,5.595644005832594
2.819689372532662,5.595644005832594
2.819689372532662,5.595644005832594
2.819689372532662,5.595644005832594
2.819689372532662,5.595644005832594
2.819689372532662,5.595644005832594
2.819689372532662,5.595644005832594
2.819689372532662,5.595644005832594
4.947328695497416,2.9047408481749493
4.947328695497416,2.9047408481749493
4.947328695497416,2.9047408481749493
4.947328695497416,2.9047408481749493
4.947328695497416,2.9047408481749493
4.947328695497416,2.9047408481749493
4.947328695497416,2.9047408481749493
4.947328695497416,2.9047408481749493
4.947328695497416,2.9047408481749493
4.947328695497416,2.9047408481749493
4.947328695497416,2.9047408481749493
4.947328695497416,2.9047408481749493
4.947328695497416,2.9047408481749493
4.947328695497416,2.9047408481749493
4.947328695497416,2.9047408481749493
4.947328695497416,2.9047408481749493
4.947328695497416,2.9047408481749493
4.947328695497416,2.9047408481749493
4.947328695497416,2.9047408481749493
4.947328695497416,2.9047408481749493
4.947328695497416,2.9047408481749493
4.947328695497416,2.9047408481749493
4.947328695497416,2.9047408481749493
4.947328695497416,2.9047408481749493
4.947328695497416,2.9047408481749493
4.947328695497416,2.9047408481749493
4.947328695497416,2.9047408481749493
4.947328695497416,2.9047408481749493
4.947328695497416,2.9047408481749493
4.947328695497416,2.9047408481749493
4.947328695497416,2.9047408481749493
4.947328695497416,2.9047408481749493
4.947328695497416,2.9047408481749493
4.947328695497416,2.9047408481749493
4.947328695497416,2.9047408481749493
4.947328695497416,2.9047408481749493
4.947328695497416,2.9047408481749493
4.947328695497416,2.9047408481749493
4.947328695497416,2.9047408481749493
2.4603429792762825,1.3528187905839046
2.4603429792762825,1.3528187905839046
5.1791737115044585,2.173409654050459
5.1791737115044585,2.173409654050459
5.1791737115044585,2.173409654050459
5.1791737115044585,2.173409654050459
5.1791737115044585,2.173409654050459
5.1791737115044585,2.173409654050459
5.1791737115044585,2.173409654050459
5.1791737115044585,2.173409654050459
5.1791737115044585,2.173409654050459
5.1791737115044585,2.173409654050459
5.1791737115044585,2.173409654050459
5.1791737115044585,2.173409654050459
5.1791737115044585,2.173409654050459
5.1791737115044585,2.173409654050459
5.1791737115044585,2.173409654050459
5.1791737115044585,2.173409654050459
5.1791737115044585,2.173409654050459
5.1791737115044585,2.173409654050459
5.1791737115044585,2.173409654050459
5.1791737115044585,2.173409654050459
5.1791737115044585,2.173409654050459
5.1791737115044585,2.173409654050459
5.1791737115044585,2.173409654050459
5.1791737115044585,2.173409654050459
5.1791737115044585,2.173409654050459
5.1791737115044585,2.173409654050459
5.1791737115044585,2.173409654050459
5.1791737115044585,2.173409654050459
5.1791737115044585,2.173409654050459
5.1791737115044585,2.173409654050459
5.1791737115044585,2.173409654050459
5.1791737115044585,2.173409654050459
5.1791737115044585,2.173409654050459
5.1791737115044585,2.173409654050459
5.1791737115044585,2.173409654050459
5.1791737115044585,2.173409654050459
5.1791737115044585,2.173409654050459
5.1791737115044585,2.173409654050459
5.1791737115044585,2.173409654050459
5.1791737115044585,2.173409654050459
5.1791737115044585,2.173409654050459
5.1791737115044585,2.173409654050459
5.1791737115044585,2.173409654050459
5.1791737115044585,2.173409654050459
5.1791737115044585,2.173409654050459
5.1791737115044585,2.173409654050459
5.1791737115044585,2.173409654050459
5.1791737115044585,2.173409654050459
5.1791737115044585,2.173409654050459
5.1791737115044585,2.173409654050459
5.1791737115044585,2.173409654050459
5.1791737115044585,2.173409654050459
5.1791737115044585,2.173409654050459
5.1791737115044585,2.173409654050459
5.1791737115044585,2.173409654050459
5.1791737115044585,2.173409654050459
5.1791737115044585,2.173409654050459
5.1791737115044585,2.173409654050459
5.1791737115044585,2.173409654050459
5.1791737115044585,2.173409654050459
5.1791737115044585,2.173409654050459
5.1791737115044585,2.173409654050459
5.1791737115044585,2.173409654050459
4.266308736982517,4.808088691573705
4.266308736982517,4.808088691573705
4.266308736982517,4.808088691573705
4.266308736982517,4.808088691573705
4.266308736982517,4.808088691573705
4.266308736982517,4.808088691573705
4.266308736982517,4.808088691573705
4.266308736982517,4.808088691573705
4.266308736982517,4.808088691573705
4.266308736982517,4.808088691573705
4.266308736982517,4.808088691573705
4.266308736982517,4.808088691573705
4.266308736982517,4.808088691573705
4.266308736982517,4.808088691573705
4.266308736982517,4.808088691573705
4.266308736982517,4.808088691573705
4.266308736982517,4.808088691573705
4.266308736982517,4.808088691573705
4.266308736982517,4.808088691573705
4.266308736982517,4.808088691573705
4.266308736982517,4.808088691573705
4.266308736982517,4.808088691573705
4.266308736982517,4.808088691573705
4.266308736982517,4.808088691573705
4.266308736982517,4.808088691573705
4.266308736982517,4.808088691573705
4.266308736982517,4.808088691573705
4.266308736982517,4.808088691573705
4.266308736982517,4.808088691573705
4.266308736982517,4.808088691573705
4.266308736982517,4.808088691573705
4.266308736982517,4.808088691573705
4.266308736982517,4.808088691573705
4.266308736982517,4.808088691573705
4.266308736982517,4.808088691573705
4.266308736982517,4.808088691573705
4.266308736982517,4.808088691573705
4.266308736982517,4.808088691573705
4.266308736982517,4.808088691573705
4.266308736982517,4.808088691573705
4.266308736982517,4.808088691573705
4.266308736982517,4.808088691573705
4.266308736982517,4.808088691573705
4.266308736982517,4.808088691573705
4.266308736982517,4.808088691573705
4.266308736982517,4.808088691573705
4.266308736982517,4.808088691573705
4.266308736982517,4.808088691573705
4.266308736982517,4.808088691573705
4.266308736982517,4.808088691573705
4.266308736982517,4.808088691573705
4.266308736982517,4.808088691573705
4.266308736982517,4.808088691573705
4.266308736982517,4.808088691573705
4.266308736982517,4.808088691573705
4.266308736982517,4.808088691573705
4.266308736982517,4.808088691573705
4.266308736982517,4.808088691573705
4.266308736982517,4.808088691573705
4.266308736982517,4.808088691573705
4.266308736982517,4.808088691573705
4.266308736982517,4.808088691573705
4.266308736982517,4.808088691573705
4.266308736982517,4.808088691573705
4.266308736982517,4.808088691573705
4.266308736982517,4.808088691573705
4.266308736982517,4.808088691573705
4.266308736982517,4.808088691573705
4.266308736982517,4.808088691573705
4.266308736982517,4.808088691573705
4.266308736982517,4.808088691573705
4.266308736982517,4.808088691573705
4.266308736982517,4.808088691573705
4.266308736982517,4.808088691573705
4.266308736982517,4.808088691573705
4.266308736982517,4.808088691573705
4.266308736982517,4.808088691573705
4.266308736982517,4.808088691573705
4.266308736982517,4.808088691573705
4.266308736982517,4.808088691573705
4.266308736982517,4.808088691573705
4.266308736982517,4.808088691573705
4.266308736982517,4.808088691573705
4.266308736982517,4.808088691573705
4.266308736982517,4.808088691573705
4.266308736982517,4.808088691573705
4.266308736982517,4.808088691573705
4.266308736982517,4.808088691573705
4.266308736982517,4.808088691573705
4.266308736982517,4.808088691573705
4.266308736982517,4.808088691573705
4.266308736982517,4.808088691573705
4.266308736982517,4.808088691573705
4.266308736982517,4.808088691573705
4.266308736982517,4.808088691573705
4.266308736982517,4.808088691573705
4.266308736982517,4.808088691573705
4.950886687809299,4.730366221662872
4.950886687809299,4.730366221662872
4.950886687809299,4.730366221662872
4.950886687809299,4.730366221662872
4.950886687809299,4.730366221662872
4.950886687809299,4.730366221662872
4.950886687809299,4.730366221662872
4.950886687809299,4.730366221662872
4.950886687809299,4.730366221662872
4.950886687809299,4.730366221662872
4.950886687809299,4.730366221662872
4.950886687809299,4.730366221662872
4.950886687809299,4.730366221662872
4.950886687809299,4.730366221662872
4.950886687809299,4.730366221662872
4.950886687809299,4.730366221662872
4.950886687809299,4.730366221662872
4.950886687809299,4.730366221662872
4.950886687809299,4.730366221662872
4.950886687809299,4.730366221662872
4.950886687809299,4.730366221662872
4.950886687809299,4.730366221662872
4.950886687809299,4.730366221662872
4.950886687809299,4.730366221662872
4.950886687809299,4.730366221662872
4.950886687809299,4.730366221662872
4.950886687809299,4.730366221662872
4.950886687809299,4.730366221662872
4.950886687809299,4.730366221662872
4.950886687809299,4.730366221662872
4.950886687809299,4.730366221662872
4.950886687809299,4.730366221662872
4.950886687809299,4.730366221662872
4.950886687809299,4.730366221662872
4.950886687809299,4.730366221662872
4.950886687809299,4.730366221662872
4.950886687809299,4.730366221662872
4.950886687809299,4.730366221662872
4.950886687809299,4.730366221662872
4.950886687809299,4.730366221662872
4.950886687809299,4.730366221662872
4.950886687809299,4.730366221662872
4.950886687809299,4.730366221662872
4.950886687809299,4.730366221662872
4.950886687809299,4.730366221662872
4.950886687809299,4.730366221662872
4.950886687809299,4.730366221662872
4.950886687809299,4.730366221662872
4.950886687809299,4.730366221662872
4.950886687809299,4.730366221662872
4.950886687809299,4.730366221662872
4.950886687809299,4.730366221662872
4.950886687809299,4.730366221662872
4.950886687809299,4.730366221662872
4.950886687809299,4.730366221662872
4.950886687809299,4.730366221662872
4.950886687809299,4.730366221662872
4.950886687809299,4.730366221662872
4.950886687809299,4.730366221662872
4.950886687809299,4.730366221662872
4.950886687809299,4.730366221662872
4.950886687809299,4.730366221662872
4.950886687809299,4.730366221662872
4.950886687809299,4.730366221662872
4.950886687809299,4.730366221662872
4.950886687809299,4.730366221662872
4.950886687809299,4.730366221662872
4.950886687809299,4.730366221662872
4.950886687809299,4.730366221662872
4.950886687809299,4.730366221662872
4.950886687809299,4.730366221662872
4.950886687809299,4.730366221662872
4.950886687809299,4.730366221662872
4.950886687809299,4.730366221662872
4.950886687809299,4.730366221662872
4.950886687809299,4.730366221662872
4.950886687809299,4.730366221662872
4.950886687809299,4.730366221662872
4.950886687809299,4.730366221662872
4.950886687809299,4.730366221662872
4.950886687809299,4.730366221662872
4.950886687809299,4.730366221662872
4.950886687809299,4.730366221662872
4.950886687809299,4.730366221662872
4.950886687809299,4.730366221662872
4.950886687809299,4.730366221662872
4.950886687809299,4.730366221662872
4.950886687809299,4.730366221662872
4.950886687809299,4.730366221662872
4.950886687809299,4.730366221662872
4.950886687809299,4.730366221662872
4.950886687809299,4.730366221662872
4.950886687809299,4.730366221662872
4.950886687809299,4.730366221662872
4.950886687809299,4.730366221662872
4.950886687809299,4.730366221662872
4.950886687809299,4.730366221662872
2.2536030384457706,5.072518126595228
2.2536030384457706,5.072518126595228
2.2536030384457706,5.072518126595228
2.2536030384457706,5.072518126595228
2.2536030384457706,5.072518126595228
2.2536030384457706,5.072518126595228
2.2536030384457706,5.072518126595228
2.2536030384457706,5.072518126595228
2.2536030384457706,5.072518126595228
2.2536030384457706,5.072518126595228
2.2536030384457706,5.072518126595228
2.2536030384457706,5.072518126595228
2.2536030384457706,5.072518126595228
2.2536030384457706,5.072518126595228
2.2536030384457706,5.072518126595228
2.2536030384457706,5.072518126595228
2.2536030384457706,5.072518126595228
2.2536030384457706,5.072518126595228
2.2536030384457706,5.072518126595228
2.2536030384457706,5.072518126595228
2.2536030384457706,5.072518126595228
2.2536030384457706,5.072518126595228
2.2536030384457706,5.072518126595228
2.2536030384457706,5.072518126595228
