3.5,3.5
3.4573903890633897,4.291485652270365
2.864844376294073,4.963438677904431
2.932858683033502,5.033519128905357
2.932858683033502,5.033519128905357
2.667153329110846,4.416271629889728
2.667153329110846,4.416271629889728
2.667153329110846,4.416271629889728
2.667153329110846,4.416271629889728
2.633658457516211,3.8878770279467156
2.633658457516211,3.8878770279467156
2.633658457516211,3.8878770279467156
2.633658457516211,3.8878770279467156
2.633658457516211,3.8878770279467156
2.633658457516211,3.8878770279467156
2.419127693436799,4.17140380139487
2.419127693436799,4.17140380139487
2.419127693436799,4.17140380139487
2.419127693436799,4.17140380139487
2.419127693436799,4.17140380139487
2.419127693436799,4.17140380139487
2.419127693436799,4.17140380139487
2.419127693436799,4.17140380139487
2.419127693436799,4.17140380139487
2.419127693436799,4.17140380139487
2.419127693436799,4.17140380139487
2.443920237931944,3.6718598797136046
2.443920237931944,3.6718598797136046
2.443920237931944,3.6718598797136046
2.443920237931944,3.6718598797136046
2.443920237931944,3.6718598797136046
2.443920237931944,3.6718598797136046
2.443920237931944,3.6718598797136046
2.443920237931944,3.6718598797136046
2.443920237931944,3.6718598797136046
2.443920237931944,3.6718598797136046
2.443920237931944,3.6718598797136046
2.443920237931944,3.6718598797136046
2.443920237931944,3.6718598797136046
2.443920237931944,3.6718598797136046
2.443920237931944,3.6718598797136046
2.443920237931944,3.6718598797136046
2.443920237931944,3.6718598797136046
2.443920237931944,3.6718598797136046
2.443920237931944,3.6718598797136046
2.443920237931944,3.6718598797136046
2.443920237931944,3.6718598797136046
4.107097404083339,3.769373490576001
4.107097404083339,3.769373490576001
2.7817224931448865,2.9316463024568
2.7817224931448865,2.9316463024568
2.7817224931448865,2.9316463024568
2.7817224931448865,2.9316463024568
2.7817224931448865,2.9316463024568
2.7817224931448865,2.9316463024568
2.7817224931448865,2.9316463024568
2.7817224931448865,2.9316463024568
2.7817224931448865,2.9316463024568
2.7817224931448865,2.9316463024568
2.7817224931448865,2.9316463024568
2.7817224931448865,2.9316463024568
2.7817224931448865,2.9316463024568
2.7817224931448865,2.9316463024568
2.7817224931448865,2.9316463024568
2.7817224931448865,2.9316463024568
2.7817224931448865,2.9316463024568
2.7817224931448865,2.9316463024568
2.7817224931448865,2.9316463024568
2.7817224931448865,2.9316463024568
2.7817224931448865,2.9316463024568
2.7817224931448865,2.9316463024568
2.7817224931448865,2.9316463024568
2.7817224931448865,2.9316463024568
2.7817224931448865,2.9316463024568
2.7817224931448865,2.9316463024568
2.7817224931448865,2.9316463024568
2.7817224931448865,2.9316463024568
2.157955833722693,3.5647142813261192
2.157955833722693,3.5647142813261192
2.157955833722693,3.5647142813261192
2.157955833722693,3.5647142813261192
2.157955833722693,3.5647142813261192
2.157955833722693,3.5647142813261192
2.157955833722693,3.5647142813261192
2.157955833722693,3.5647142813261192
2.157955833722693,3.5647142813261192
2.157955833722693,3.5647142813261192
2.157955833722693,3.5647142813261192
2.157955833722693,3.5647142813261192
2.157955833722693,3.5647142813261192
2.157955833722693,3.5647142813261192
2.157955833722693,3.5647142813261192
2.157955833722693,3.5647142813261192
2.157955833722693,3.5647142813261192
2.157955833722693,3.5647142813261192
2.157955833722693,3.5647142813261192
2.157955833722693,3.5647142813261192
2.157955833722693,3.5647142813261192
2.157955833722693,3.5647142813261192
2.157955833722693,3.5647142813261192
2.157955833722693,3.5647142813261192
2.157955833722693,3.5647142813261192
2.157955833722693,3.5647142813261192
2.157955833722693,3.5647142813261192
2.157955833722693,3.5647142813261192
2.157955833722693,3.5647142813261192
2.157955833722693,3.5647142813261192
2.157955833722693,3.5647142813261192
2.157955833722693,3.5647142813261192
2.157955833722693,3.5647142813261192
2.157955833722693,3.5647142813261192
2.157955833722693,3.5647142813261192
2.157955833722693,3.5647142813261192
2.157955833722693,3.5647142813261192
2.157955833722693,3.5647142813261192
2.157955833722693,3.5647142813261192
2.157955833722693,3.5647142813261192
2.157955833722693,3.5647142813261192
2.157955833722693,3.5647142813261192
2.157955833722693,3.5647142813261192
2.157955833722693,3.5647142813261192
2.157955833722693,3.5647142813261192
2.157955833722693,3.5647142813261192
2.157955833722693,3.5647142813261192
2.157955833722693,3.5647142813261192
2.157955833722693,3.5647142813261192
2.157955833722693,3.5647142813261192
2.157955833722693,3.5647142813261192
2.157955833722693,3.5647142813261192
2.157955833722693,3.5647142813261192
2.157955833722693,3.5647142813261192
2.157955833722693,3.5647142813261192
2.157955833722693,3.5647142813261192
2.157955833722693,3.5647142813261192
2.157955833722693,3.5647142813261192
2.157955833722693,3.5647142813261192
2.157955833722693,3.5647142813261192
2.157955833722693,3.5647142813261192
2.157955833722693,3.5647142813261192
2.157955833722693,3.5647142813261192
2.157955833722693,3.5647142813261192
2.157955833722693,3.5647142813261192
2.157955833722693,3.5647142813261192
2.157955833722693,3.5647142813261192
2.157955833722693,3.5647142813261192
2.157955833722693,3.5647142813261192
2.157955833722693,3.5647142813261192
3.99553343238355,3.4856229233007867
3.99553343238355,3.4856229233007867
3.99553343238355,3.4856229233007867
3.99553343238355,3.4856229233007867
2.2451182782302213,2.229115592901628
2.2451182782302213,2.229115592901628
2.2451182782302213,2.229115592901628
2.2451182782302213,2.229115592901628
2.2451182782302213,2.229115592901628
2.2451182782302213,2.229115592901628
2.2451182782302213,2.229115592901628
2.2451182782302213,2.229115592901628
2.2451182782302213,2.229115592901628
2.2451182782302213,2.229115592901628
2.2451182782302213,2.229115592901628
2.2451182782302213,2.229115592901628
2.2451182782302213,2.229115592901628
2.2451182782302213,2.229115592901628
2.2451182782302213,2.229115592901628
2.2451182782302213,2.229115592901628
2.2451182782302213,2.229115592901628
2.2451182782302213,2.229115592901628
2.2451182782302213,2.229115592901628
2.2451182782302213,2.229115592901628
2.2451182782302213,2.229115592901628
2.2451182782302213,2.229115592901628
2.2451182782302213,2.229115592901628
2.2451182782302213,2.229115592901628
2.2451182782302213,2.229115592901628
2.2451182782302213,2.229115592901628
2.2451182782302213,2.229115592901628
2.2451182782302213,2.229115592901628
3.788629843606838,3.7779712196924113
3.788629843606838,3.7779712196924113
3.788629843606838,3.7779712196924113
3.788629843606838,3.7779712196924113
3.788629843606838,3.7779712196924113
3.788629843606838,3.7779712196924113
3.788629843606838,3.7779712196924113
3.788629843606838,3.7779712196924113
3.5178570474373365,3.9433971871384292
3.5178570474373365,3.9433971871384292
3.5178570474373365,3.9433971871384292
3.5178570474373365,3.9433971871384292
3.5178570474373365,3.9433971871384292
3.5178570474373365,3.9433971871384292
3.5178570474373365,3.9433971871384292
3.5178570474373365,3.9433971871384292
3.5178570474373365,3.9433971871384292
3.5178570474373365,3.9433971871384292
3.5178570474373365,3.9433971871384292
3.5178570474373365,3.9433971871384292
3.5178570474373365,3.9433971871384292
3.5178570474373365,3.9433971871384292
3.5178570474373365,3.9433971871384292
3.5178570474373365,3.9433971871384292
3.5178570474373365,3.9433971871384292
3.5178570474373365,3.9433971871384292
3.5178570474373365,3.9433971871384292
3.5178570474373365,3.9433971871384292
3.5178570474373365,3.9433971871384292
3.5178570474373365,3.9433971871384292
3.5178570474373365,3.9433971871384292
3.5178570474373365,3.9433971871384292
3.5178570474373365,3.9433971871384292
3.5178570474373365,3.9433971871384292
4.12851667402678,4.278089687512118
4.12851667402678,4.278089687512118
4.12851667402678,4.278089687512118
4.12851667402678,4.278089687512118
4.12851667402678,4.278089687512118
4.12851667402678,4.278089687512118
4.12851667402678,4.278089687512118
4.12851667402678,4.278089687512118
4.12851667402678,4.278089687512118
4.12851667402678,4.278089687512118
4.12851667402678,4.278089687512118
4.12851667402678,4.278089687512118
4.12851667402678,4.278089687512118
4.12851667402678,4.278089687512118
4.12851667402678,4.278089687512118
4.12851667402678,4.278089687512118
4.12851667402678,4.278089687512118
4.12851667402678,4.278089687512118
4.12851667402678,4.278089687512118
4.12851667402678,4.278089687512118
4.12851667402678,4.278089687512118
4.12851667402678,4.278089687512118
4.12851667402678,4.278089687512118
4.12851667402678,4.278089687512118
4.12851667402678,4.278089687512118
4.12851667402678,4.278089687512118
4.12851667402678,4.278089687512118
4.12851667402678,4.278089687512118
4.12851667402678,4.278089687512118
4.12851667402678,4.278089687512118
4.12851667402678,4.278089687512118
4.12851667402678,4.278089687512118
4.12851667402678,4.278089687512118
4.12851667402678,4.278089687512118
4.12851667402678,4.278089687512118
4.12851667402678,4.278089687512118
4.12851667402678,4.278089687512118
4.12851667402678,4.278089687512118
4.12851667402678,4.278089687512118
4.12851667402678,4.278089687512118
4.12851667402678,4.278089687512118
1.9717899444816838,1.5484269346845974
1.9717899444816838,1.5484269346845974
1.9717899444816838,1.5484269346845974
1.9717899444816838,1.5484269346845974
1.9717899444816838,1.5484269346845974
1.9717899444816838,1.5484269346845974
1.9717899444816838,1.5484269346845974
1.9717899444816838,1.5484269346845974
1.9717899444816838,1.5484269346845974
1.9717899444816838,1.5484269346845974
1.9717899444816838,1.5484269346845974
1.9717899444816838,1.5484269346845974
1.9717899444816838,1.5484269346845974
1.9717899444816838,1.5484269346845974
1.9717899444816838,1.5484269346845974
1.9717899444816838,1.5484269346845974
1.9717899444816838,1.5484269346845974
1.9717899444816838,1.5484269346845974
1.9717899444816838,1.5484269346845974
1.9717899444816838,1.5484269346845974
1.9717899444816838,1.5484269346845974
1.9717899444816838,1.5484269346845974
1.9717899444816838,1.5484269346845974
1.9717899444816838,1.5484269346845974
1.9717899444816838,1.5484269346845974
1.9717899444816838,1.5484269346845974
1.9717899444816838,1.5484269346845974
1.9717899444816838,1.5484269346845974
1.8408061028634375,1.14723057036842
1.8408061028634375,1.14723057036842
1.8408061028634375,1.14723057036842
1.8408061028634375,1.14723057036842
1.8408061028634375,1.14723057036842
1.8408061028634375,1.14723057036842
1.8408061028634375,1.14723057036842
1.8408061028634375,1.14723057036842
1.8408061028634375,1.14723057036842
1.8408061028634375,1.14723057036842
1.8408061028634375,1.14723057036842
1.8408061028634375,1.14723057036842
1.8408061028634375,1.14723057036842
1.8408061028634375,1.14723057036842
1.8408061028634375,1.14723057036842
1.8408061028634375,1.14723057036842
1.8408061028634375,1.14723057036842
1.8408061028634375,1.14723057036842
1.8408061028634375,1.14723057036842
1.8408061028634375,1.14723057036842
1.8408061028634375,1.14723057036842
1.8408061028634375,1.14723057036842
1.8408061028634375,1.14723057036842
1.8408061028634375,1.14723057036842
1.8408061028634375,1.14723057036842
1.8408061028634375,1.14723057036842
1.8408061028634375,1.14723057036842
1.8408061028634375,1.14723057036842
1.818886535309162,4.797826889316347
1.818886535309162,4.797826889316347
1.818886535309162,4.797826889316347
1.818886535309162,4.797826889316347
1.818886535309162,4.797826889316347
1.818886535309162,4.797826889316347
1.818886535309162,4.797826889316347
1.818886535309162,4.797826889316347
1.818886535309162,4.797826889316347
1.818886535309162,4.797826889316347
1.818886535309162,4.797826889316347
1.818886535309162,4.797826889316347
1.818886535309162,4.797826889316347
1.818886535309162,4.797826889316347
1.818886535309162,4.797826889316347
2.697560318519453,1.6072471236547003
2.697560318519453,1.6072471236547003
2.697560318519453,1.6072471236547003
2.697560318519453,1.6072471236547003
2.697560318519453,1.6072471236547003
2.697560318519453,1.6072471236547003
2.697560318519453,1.6072471236547003
2.697560318519453,1.6072471236547003
2.697560318519453,1.6072471236547003
2.697560318519453,1.6072471236547003
2.697560318519453,1.6072471236547003
2.697560318519453,1.6072471236547003
2.697560318519453,1.6072471236547003
2.697560318519453,1.6072471236547003
2.697560318519453,1.6072471236547003
2.697560318519453,1.6072471236547003
2.697560318519453,1.6072471236547003
2.697560318519453,1.6072471236547003
2.697560318519453,1.6072471236547003
2.697560318519453,1.6072471236547003
2.697560318519453,1.6072471236547003
2.697560318519453,1.6072471236547003
2.697560318519453,1.6072471236547003
2.697560318519453,1.6072471236547003
2.697560318519453,1.6072471236547003
2.697560318519453,1.6072471236547003
2.697560318519453,1.6072471236547003
2.697560318519453,1.6072471236547003
2.697560318519453,1.6072471236547003
2.697560318519453,1.6072471236547003
2.697560318519453,1.6072471236547003
2.697560318519453,1.6072471236547003
2.697560318519453,1.6072471236547003
2.697560318519453,1.6072471236547003
2.697560318519453,1.6072471236547003
2.697560318519453,1.6072471236547003
2.697560318519453,1.6072471236547003
2.697560318519453,1.6072471236547003
2.697560318519453,1.6072471236547003
2.697560318519453,1.6072471236547003
2.697560318519453,1.6072471236547003
2.697560318519453,1.6072471236547003
2.697560318519453,1.6072471236547003
2.697560318519453,1.6072471236547003
2.697560318519453,1.6072471236547003
2.697560318519453,1.6072471236547003
2.697560318519453,1.6072471236547003
2.697560318519453,1.6072471236547003
2.697560318519453,1.6072471236547003
2.697560318519453,1.6072471236547003
2.697560318519453,1.6072471236547003
2.697560318519453,1.6072471236547003
2.697560318519453,1.6072471236547003
2.697560318519453,1.6072471236547003
2.697560318519453,1.6072471236547003
2.697560318519453,1.6072471236547003
2.697560318519453,1.6072471236547003
2.697560318519453,1.6072471236547003
2.697560318519453,1.6072471236547003
2.697560318519453,1.6072471236547003
2.697560318519453,1.6072471236547003
2.697560318519453,1.6072471236547003
2.697560318519453,1.6072471236547003
2.697560318519453,1.6072471236547003
2.697560318519453,1.6072471236547003
2.697560318519453,1.6072471236547003
2.697560318519453,1.6072471236547003
2.697560318519453,1.6072471236547003
2.697560318519453,1.6072471236547003
2.697560318519453,1.6072471236547003
2.697560318519453,1.6072471236547003
2.697560318519453,1.6072471236547003
2.697560318519453,1.6072471236547003
2.697560318519453,1.6072471236547003
2.697560318519453,1.6072471236547003
2.697560318519453,1.6072471236547003
2.697560318519453,1.6072471236547003
2.697560318519453,1.6072471236547003
2.697560318519453,1.6072471236547003
2.697560318519453,1.6072471236547003
2.697560318519453,1.6072471236547003
2.697560318519453,1.6072471236547003
2.697560318519453,1.6072471236547003
2.697560318519453,1.6072471236547003
1.268350287344861,3.7738172985079563
1.268350287344861,3.7738172985079563
1.268350287344861,3.7738172985079563
1.268350287344861,3.7738172985079563
1.268350287344861,3.7738172985079563
1.268350287344861,3.7738172985079563
1.268350287344861,3.7738172985079563
1.268350287344861,3.7738172985079563
1.268350287344861,3.7738172985079563
1.268350287344861,3.7738172985079563
1.268350287344861,3.7738172985079563
1.268350287344861,3.7738172985079563
1.268350287344861,3.7738172985079563
1.268350287344861,3.7738172985079563
1.268350287344861,3.7738172985079563
1.268350287344861,3.7738172985079563
1.268350287344861,3.7738172985079563
1.268350287344861,3.7738172985079563
1.268350287344861,3.7738172985079563
1.268350287344861,3.7738172985079563
1.268350287344861,3.7738172985079563
1.268350287344861,3.7738172985079563
1.268350287344861,3.7738172985079563
1.268350287344861,3.7738172985079563
1.268350287344861,3.7738172985079563
1.268350287344861,3.7738172985079563
1.268350287344861,3.7738172985079563
1.268350287344861,3.7738172985079563
1.268350287344861,3.7738172985079563
1.268350287344861,3.7738172985079563
1.268350287344861,3.7738172985079563
1.268350287344861,3.7738172985079563
1.268350287344861,3.7738172985079563
1.268350287344861,3.7738172985079563
1.268350287344861,3.7738172985079563
1.268350287344861,3.7738172985079563
1.268350287344861,3.7738172985079563
1.268350287344861,3.7738172985079563
1.268350287344861,3.7738172985079563
1.268350287344861,3.7738172985079563
1.268350287344861,3.7738172985079563
1.268350287344861,3.7738172985079563
1.268350287344861,3.7738172985079563
1.268350287344861,3.7738172985079563
1.268350287344861,3.7738172985079563
1.268350287344861,3.7738172985079563
1.268350287344861,3.7738172985079563
1.268350287344861,3.7738172985079563
1.268350287344861,3.7738172985079563
1.268350287344861,3.7738172985079563
1.268350287344861,3.7738172985079563
1.268350287344861,3.7738172985079563
1.268350287344861,3.7738172985079563
1.268350287344861,3.7738172985079563
1.268350287344861,3.7738172985079563
1.268350287344861,3.7738172985079563
1.268350287344861,3.7738172985079563
1.268350287344861,3.7738172985079563
1.268350287344861,3.7738172985079563
1.268350287344861,3.7738172985079563
1.268350287344861,3.7738172985079563
1.268350287344861,3.7738172985079563
1.268350287344861,3.7738172985079563
1.268350287344861,3.7738172985079563
1.268350287344861,3.7738172985079563
1.268350287344861,3.7738172985079563
1.268350287344861,3.7738172985079563
1.268350287344861,3.7738172985079563
1.268350287344861,3.7738172985079563
1.268350287344861,3.7738172985079563
4.0360301793470335,3.290780121304822
4.0360301793470335,3.290780121304822
4.0360301793470335,3.290780121304822
4.0360301793470335,3.290780121304822
4.0360301793470335,3.290780121304822
4.0360301793470335,3.290780121304822
4.0360301793470335,3.290780121304822
4.0360301793470335,3.290780121304822
4.0360301793470335,3.290780121304822
4.0360301793470335,3.290780121304822
4.0360301793470335,3.290780121304822
4.0360301793470335,3.290780121304822
4.0360301793470335,3.290780121304822
4.0360301793470335,3.290780121304822
4.0360301793470335,3.290780121304822
4.0360301793470335,3.290780121304822
4.0360301793470335,3.290780121304822
4.0360301793470335,3.290780121304822
4.0360301793470335,3.290780121304822
4.0360301793470335,3.290780121304822
4.0360301793470335,3.290780121304822
4.0360301793470335,3.290780121304822
4.0360301793470335,3.290780121304822
4.0360301793470335,3.290780121304822
4.0360301793470335,3.290780121304822
4.0360301793470335,3.290780121304822
4.0360301793470335,3.290780121304822
4.0360301793470335,3.290780121304822
4.0360301793470335,3.290780121304822
4.0360301793470335,3.290780121304822
4.0360301793470335,3.290780121304822
4.0360301793470335,3.290780121304822
4.0360301793470335,3.290780121304822
4.0360301793470335,3.290780121304822
4.0360301793470335,3.290780121304822
4.0360301793470335,3.290780121304822
4.0360301793470335,3.290780121304822
4.0360301793470335,3.290780121304822
4.0360301793470335,3.290780121304822
4.0360301793470335,3.290780121304822
4.0360301793470335,3.290780121304822
4.0360301793470335,3.290780121304822
4.0360301793470335,3.290780121304822
4.0360301793470335,3.290780121304822
4.0360301793470335,3.290780121304822
4.0360301793470335,3.290780121304822
4.0360301793470335,3.290780121304822
4.0360301793470335,3.290780121304822
4.0360301793470335,3.290780121304822
4.0360301793470335,3.290780121304822
4.0360301793470335,3.290780121304822
4.0360301793470335,3.290780121304822
4.0360301793470335,3.290780121304822
4.0360301793470335,3.290780121304822
4.0360301793470335,3.290780121304822
4.0360301793470335,3.290780121304822
4.0360301793470335,3.290780121304822
4.0360301793470335,3.290780121304822
4.0360301793470335,3.290780121304822
4.0360301793470335,3.290780121304822
4.0360301793470335,3.290780121304822
4.0360301793470335,3.290780121304822
4.0360301793470335,3.290780121304822
4.0360301793470335,3.290780121304822
4.0360301793470335,3.290780121304822
4.0360301793470335,3.290780121304822
4.0360301793470335,3.290780121304822
4.0360301793470335,3.290780121304822
4.0360301793470335,3.290780121304822
4.0360301793470335,3.290780121304822
4.0360301793470335,3.290780121304822
4.0360301793470335,3.290780121304822
4.0360301793470335,3.290780121304822
4.0360301793470335,3.290780121304822
4.0360301793470335,3.290780121304822
4.0360301793470335,3.290780121304822
4.0360301793470335,3.290780121304822
4.0360301793470335,3.290780121304822
4.0360301793470335,3.290780121304822
4.0360301793470335,3.290780121304822
4.0360301793470335,3.290780121304822
4.0360301793470335,3.290780121304822
