3.5,3.5
3.838497707031192,3.610787464476272
3.9905356873940705,3.988038767411939
3.9905356873940705,3.988038767411939
3.1832237141311435,3.1200547062013486
3.1832237141311435,3.1200547062013486
4.437123543831464,3.9010841051275547
4.437123543831464,3.9010841051275547
4.437123543831464,3.9010841051275547
4.562318038705831,3.8543562025659392
4.562318038705831,3.8543562025659392
4.562318038705831,3.8543562025659392
4.562318038705831,3.8543562025659392
4.562318038705831,3.8543562025659392
4.562318038705831,3.8543562025659392
3.6891370904989076,4.755236972389724
3.6891370904989076,4.755236972389724
4.432970752381036,3.4504142859518514
4.432970752381036,3.4504142859518514
4.432970752381036,3.4504142859518514
4.432970752381036,3.4504142859518514
4.432970752381036,3.4504142859518514
4.432970752381036,3.4504142859518514
4.432970752381036,3.4504142859518514
4.432970752381036,3.4504142859518514
4.432970752381036,3.4504142859518514
4.432970752381036,3.4504142859518514
4.432970752381036,3.4504142859518514
4.432970752381036,3.4504142859518514
4.432970752381036,3.4504142859518514
4.697932997978368,2.6576860079265248
4.697932997978368,2.6576860079265248
4.697932997978368,2.6576860079265248
4.697932997978368,2.6576860079265248
4.697932997978368,2.6576860079265248
4.697932997978368,2.6576860079265248
4.697932997978368,2.6576860079265248
4.697932997978368,2.6576860079265248
4.697932997978368,2.6576860079265248
4.697932997978368,2.6576860079265248
4.697932997978368,2.6576860079265248
4.697932997978368,2.6576860079265248
4.697932997978368,2.6576860079265248
4.076512110992799,5.448242291629387
4.076512110992799,5.448242291629387
4.972360681698474,5.497242352085408
4.972360681698474,5.497242352085408
5.377171790350921,5.793345706398158
5.377171790350921,5.793345706398158
2.5663456659128734,2.62415363101811
2.5663456659128734,2.62415363101811
3.727353362096859,3.0765118306707757
3.727353362096859,3.0765118306707757
3.727353362096859,3.0765118306707757
3.727353362096859,3.0765118306707757
3.727353362096859,3.0765118306707757
3.727353362096859,3.0765118306707757
3.727353362096859,3.0765118306707757
3.727353362096859,3.0765118306707757
3.727353362096859,3.0765118306707757
3.727353362096859,3.0765118306707757
3.727353362096859,3.0765118306707757
3.727353362096859,3.0765118306707757
3.727353362096859,3.0765118306707757
3.727353362096859,3.0765118306707757
3.727353362096859,3.0765118306707757
3.727353362096859,3.0765118306707757
3.727353362096859,3.0765118306707757
3.727353362096859,3.0765118306707757
3.727353362096859,3.0765118306707757
1.806135533816723,2.517016130907916
1.806135533816723,2.517016130907916
1.7484123083499148,3.2049857477861745
1.7484123083499148,3.2049857477861745
1.9552063351853328,2.3218919833679665
1.9552063351853328,2.3218919833679665
1.9552063351853328,2.3218919833679665
1.9552063351853328,2.3218919833679665
1.9552063351853328,2.3218919833679665
1.9552063351853328,2.3218919833679665
4.8632381112897916,2.1651780775739513
4.8632381112897916,2.1651780775739513
4.8632381112897916,2.1651780775739513
4.8632381112897916,2.1651780775739513
4.8632381112897916,2.1651780775739513
4.8632381112897916,2.1651780775739513
4.8632381112897916,2.1651780775739513
4.8632381112897916,2.1651780775739513
4.8632381112897916,2.1651780775739513
4.8632381112897916,2.1651780775739513
4.8632381112897916,2.1651780775739513
4.8632381112897916,2.1651780775739513
4.8632381112897916,2.1651780775739513
4.824530407115821,3.7942391829269333
4.824530407115821,3.7942391829269333
4.824530407115821,3.7942391829269333
4.824530407115821,3.7942391829269333
4.824530407115821,3.7942391829269333
4.824530407115821,3.7942391829269333
4.824530407115821,3.7942391829269333
4.824530407115821,3.7942391829269333
4.824530407115821,3.7942391829269333
4.824530407115821,3.7942391829269333
4.824530407115821,3.7942391829269333
4.824530407115821,3.7942391829269333
4.824530407115821,3.7942391829269333
4.824530407115821,3.7942391829269333
4.824530407115821,3.7942391829269333
4.824530407115821,3.7942391829269333
4.824530407115821,3.7942391829269333
4.824530407115821,3.7942391829269333
4.824530407115821,3.7942391829269333
4.824530407115821,3.7942391829269333
4.824530407115821,3.7942391829269333
4.824530407115821,3.7942391829269333
4.824530407115821,3.7942391829269333
4.824530407115821,3.7942391829269333
3.9946892883249427,3.090719233875836
3.9946892883249427,3.090719233875836
3.9946892883249427,3.090719233875836
3.9946892883249427,3.090719233875836
3.9946892883249427,3.090719233875836
3.9946892883249427,3.090719233875836
3.9946892883249427,3.090719233875836
3.9946892883249427,3.090719233875836
3.9946892883249427,3.090719233875836
3.9946892883249427,3.090719233875836
3.9946892883249427,3.090719233875836
3.9946892883249427,3.090719233875836
3.9946892883249427,3.090719233875836
3.9946892883249427,3.090719233875836
3.9946892883249427,3.090719233875836
3.9946892883249427,3.090719233875836
3.9946892883249427,3.090719233875836
3.9946892883249427,3.090719233875836
3.9946892883249427,3.090719233875836
3.9946892883249427,3.090719233875836
3.9946892883249427,3.090719233875836
3.9946892883249427,3.090719233875836
3.9946892883249427,3.090719233875836
3.9946892883249427,3.090719233875836
3.9946892883249427,3.090719233875836
3.9946892883249427,3.090719233875836
3.9946892883249427,3.090719233875836
3.9946892883249427,3.090719233875836
3.9946892883249427,3.090719233875836
3.9946892883249427,3.090719233875836
3.9946892883249427,3.090719233875836
3.9946892883249427,3.090719233875836
3.9946892883249427,3.090719233875836
3.9946892883249427,3.090719233875836
3.9946892883249427,3.090719233875836
3.9946892883249427,3.090719233875836
3.9946892883249427,3.090719233875836
3.9946892883249427,3.090719233875836
3.9946892883249427,3.090719233875836
3.9946892883249427,3.090719233875836
3.9946892883249427,3.090719233875836
3.9946892883249427,3.090719233875836
3.9946892883249427,3.090719233875836
3.9946892883249427,3.090719233875836
3.9946892883249427,3.090719233875836
3.9946892883249427,3.090719233875836
3.9946892883249427,3.090719233875836
3.9946892883249427,3.090719233875836
3.9946892883249427,3.090719233875836
3.9946892883249427,3.090719233875836
3.9946892883249427,3.090719233875836
3.9946892883249427,3.090719233875836
3.9946892883249427,3.090719233875836
3.9946892883249427,3.090719233875836
3.9946892883249427,3.090719233875836
3.9946892883249427,3.090719233875836
3.9946892883249427,3.090719233875836
3.9946892883249427,3.090719233875836
3.9946892883249427,3.090719233875836
3.9946892883249427,3.090719233875836
4.144827198871741,2.0777925973537603
4.144827198871741,2.0777925973537603
4.144827198871741,2.0777925973537603
4.144827198871741,2.0777925973537603
4.144827198871741,2.0777925973537603
4.144827198871741,2.0777925973537603
4.144827198871741,2.0777925973537603
4.144827198871741,2.0777925973537603
4.144827198871741,2.0777925973537603
4.144827198871741,2.0777925973537603
4.144827198871741,2.0777925973537603
4.144827198871741,2.0777925973537603
4.144827198871741,2.0777925973537603
4.144827198871741,2.0777925973537603
4.144827198871741,2.0777925973537603
4.144827198871741,2.0777925973537603
4.144827198871741,2.0777925973537603
4.144827198871741,2.0777925973537603
4.144827198871741,2.0777925973537603
4.144827198871741,2.0777925973537603
4.144827198871741,2.0777925973537603
4.144827198871741,2.0777925973537603
4.144827198871741,2.0777925973537603
4.144827198871741,2.0777925973537603
4.144827198871741,2.0777925973537603
4.144827198871741,2.0777925973537603
3.1306933646341895,4.819905957830423
3.1306933646341895,4.819905957830423
5.871866045244449,6.479844733359891
5.871866045244449,6.479844733359891
5.506366512732519,3.6048833965370415
5.506366512732519,3.6048833965370415
5.506366512732519,3.6048833965370415
5.506366512732519,3.6048833965370415
5.506366512732519,3.6048833965370415
5.506366512732519,3.6048833965370415
5.506366512732519,3.6048833965370415
5.506366512732519,3.6048833965370415
5.506366512732519,3.6048833965370415
5.506366512732519,3.6048833965370415
5.506366512732519,3.6048833965370415
5.506366512732519,3.6048833965370415
5.506366512732519,3.6048833965370415
5.506366512732519,3.6048833965370415
5.506366512732519,3.6048833965370415
5.506366512732519,3.6048833965370415
5.506366512732519,3.6048833965370415
5.506366512732519,3.6048833965370415
5.506366512732519,3.6048833965370415
5.506366512732519,3.6048833965370415
5.506366512732519,3.6048833965370415
5.506366512732519,3.6048833965370415
5.506366512732519,3.6048833965370415
5.506366512732519,3.6048833965370415
5.506366512732519,3.6048833965370415
5.506366512732519,3.6048833965370415
5.506366512732519,3.6048833965370415
5.506366512732519,3.6048833965370415
5.506366512732519,3.6048833965370415
5.506366512732519,3.6048833965370415
5.59242217018441,5.067662654394037
5.59242217018441,5.067662654394037
5.59242217018441,5.067662654394037
5.59242217018441,5.067662654394037
4.757691898713672,5.1693422051966476
4.757691898713672,5.1693422051966476
4.757691898713672,5.1693422051966476
4.757691898713672,5.1693422051966476
4.757691898713672,5.1693422051966476
4.757691898713672,5.1693422051966476
4.757691898713672,5.1693422051966476
4.757691898713672,5.1693422051966476
4.757691898713672,5.1693422051966476
4.757691898713672,5.1693422051966476
4.21263016375443,3.6139155241043976
4.21263016375443,3.6139155241043976
4.21263016375443,3.6139155241043976
4.21263016375443,3.6139155241043976
4.21263016375443,3.6139155241043976
4.21263016375443,3.6139155241043976
4.21263016375443,3.6139155241043976
4.21263016375443,3.6139155241043976
4.21263016375443,3.6139155241043976
4.21263016375443,3.6139155241043976
4.21263016375443,3.6139155241043976
4.21263016375443,3.6139155241043976
4.21263016375443,3.6139155241043976
4.21263016375443,3.6139155241043976
4.21263016375443,3.6139155241043976
4.21263016375443,3.6139155241043976
4.21263016375443,3.6139155241043976
4.21263016375443,3.6139155241043976
4.21263016375443,3.6139155241043976
4.21263016375443,3.6139155241043976
4.21263016375443,3.6139155241043976
4.21263016375443,3.6139155241043976
4.21263016375443,3.6139155241043976
4.21263016375443,3.6139155241043976
4.21263016375443,3.6139155241043976
4.21263016375443,3.6139155241043976
4.21263016375443,3.6139155241043976
4.21263016375443,3.6139155241043976
4.21263016375443,3.6139155241043976
4.21263016375443,3.6139155241043976
4.21263016375443,3.6139155241043976
4.21263016375443,3.6139155241043976
4.21263016375443,3.6139155241043976
4.21263016375443,3.6139155241043976
4.21263016375443,3.6139155241043976
4.21263016375443,3.6139155241043976
4.21263016375443,3.6139155241043976
4.21263016375443,3.6139155241043976
4.21263016375443,3.6139155241043976
4.21263016375443,3.6139155241043976
4.21263016375443,3.6139155241043976
4.21263016375443,3.6139155241043976
4.21263016375443,3.6139155241043976
4.21263016375443,3.6139155241043976
4.21263016375443,3.6139155241043976
4.21263016375443,3.6139155241043976
4.21263016375443,3.6139155241043976
4.21263016375443,3.6139155241043976
4.21263016375443,3.6139155241043976
4.21263016375443,3.6139155241043976
4.21263016375443,3.6139155241043976
4.21263016375443,3.6139155241043976
4.21263016375443,3.6139155241043976
4.21263016375443,3.6139155241043976
4.21263016375443,3.6139155241043976
4.21263016375443,3.6139155241043976
4.21263016375443,3.6139155241043976
4.21263016375443,3.6139155241043976
4.21263016375443,3.6139155241043976
4.21263016375443,3.6139155241043976
4.21263016375443,3.6139155241043976
4.21263016375443,3.6139155241043976
4.21263016375443,3.6139155241043976
4.21263016375443,3.6139155241043976
4.21263016375443,3.6139155241043976
4.21263016375443,3.6139155241043976
4.21263016375443,3.6139155241043976
4.21263016375443,3.6139155241043976
4.21263016375443,3.6139155241043976
4.21263016375443,3.6139155241043976
4.21263016375443,3.6139155241043976
4.21263016375443,3.6139155241043976
4.21263016375443,3.6139155241043976
4.21263016375443,3.6139155241043976
4.21263016375443,3.6139155241043976
4.21263016375443,3.6139155241043976
4.21263016375443,3.6139155241043976
4.21263016375443,3.6139155241043976
4.21263016375443,3.6139155241043976
4.21263016375443,3.6139155241043976
4.21263016375443,3.6139155241043976
4.21263016375443,3.6139155241043976
4.21263016375443,3.6139155241043976
4.21263016375443,3.6139155241043976
4.21263016375443,3.6139155241043976
4.21263016375443,3.6139155241043976
4.21263016375443,3.6139155241043976
4.21263016375443,3.6139155241043976
4.21263016375443,3.6139155241043976
4.21263016375443,3.6139155241043976
4.21263016375443,3.6139155241043976
4.21263016375443,3.6139155241043976
4.21263016375443,3.6139155241043976
4.21263016375443,3.6139155241043976
4.21263016375443,3.6139155241043976
4.21263016375443,3.6139155241043976
4.21263016375443,3.6139155241043976
4.21263016375443,3.6139155241043976
4.21263016375443,3.6139155241043976
4.21263016375443,3.6139155241043976
4.21263016375443,3.6139155241043976
4.21263016375443,3.6139155241043976
4.21263016375443,3.6139155241043976
4.21263016375443,3.6139155241043976
4.21263016375443,3.6139155241043976
4.21263016375443,3.6139155241043976
4.21263016375443,3.6139155241043976
4.21263016375443,3.6139155241043976
4.21263016375443,3.6139155241043976
4.21263016375443,3.6139155241043976
4.21263016375443,3.6139155241043976
4.21263016375443,3.6139155241043976
4.21263016375443,3.6139155241043976
4.21263016375443,3.6139155241043976
4.21263016375443,3.6139155241043976
4.21263016375443,3.6139155241043976
4.21263016375443,3.6139155241043976
4.21263016375443,3.6139155241043976
4.21263016375443,3.6139155241043976
4.21263016375443,3.6139155241043976
4.21263016375443,3.6139155241043976
4.21263016375443,3.6139155241043976
4.21263016375443,3.6139155241043976
4.21263016375443,3.6139155241043976
4.21263016375443,3.6139155241043976
4.21263016375443,3.6139155241043976
4.21263016375443,3.6139155241043976
4.21263016375443,3.6139155241043976
4.21263016375443,3.6139155241043976
1.7621472235914932,2.624904520585991
1.7621472235914932,2.624904520585991
1.7621472235914932,2.624904520585991
1.7621472235914932,2.624904520585991
1.7621472235914932,2.624904520585991
1.7621472235914932,2.624904520585991
1.7621472235914932,2.624904520585991
1.7621472235914932,2.624904520585991
1.7621472235914932,2.624904520585991
1.7621472235914932,2.624904520585991
1.7621472235914932,2.624904520585991
1.7621472235914932,2.624904520585991
5.2441111613968765,4.133480802333685
5.2441111613968765,4.133480802333685
5.2441111613968765,4.133480802333685
5.2441111613968765,4.133480802333685
5.2441111613968765,4.133480802333685
5.2441111613968765,4.133480802333685
5.2441111613968765,4.133480802333685
5.2441111613968765,4.133480802333685
5.2441111613968765,4.133480802333685
5.2441111613968765,4.133480802333685
5.2441111613968765,4.133480802333685
5.2441111613968765,4.133480802333685
5.2441111613968765,4.133480802333685
5.2441111613968765,4.133480802333685
5.2441111613968765,4.133480802333685
5.2441111613968765,4.133480802333685
5.2441111613968765,4.133480802333685
5.2441111613968765,4.133480802333685
5.2441111613968765,4.133480802333685
5.2441111613968765,4.133480802333685
5.2441111613968765,4.133480802333685
5.2441111613968765,4.133480802333685
5.2441111613968765,4.133480802333685
5.2441111613968765,4.133480802333685
5.2441111613968765,4.133480802333685
5.2441111613968765,4.133480802333685
5.2441111613968765,4.133480802333685
5.2441111613968765,4.133480802333685
5.2441111613968765,4.133480802333685
5.2441111613968765,4.133480802333685
5.2441111613968765,4.133480802333685
5.2441111613968765,4.133480802333685
5.2441111613968765,4.133480802333685
5.2441111613968765,4.133480802333685
5.2441111613968765,4.133480802333685
5.2441111613968765,4.133480802333685
5.2441111613968765,4.133480802333685
5.2441111613968765,4.133480802333685
5.2441111613968765,4.133480802333685
5.2441111613968765,4.133480802333685
5.2441111613968765,4.133480802333685
5.2441111613968765,4.133480802333685
5.2441111613968765,4.133480802333685
5.2441111613968765,4.133480802333685
5.2441111613968765,4.133480802333685
5.2441111613968765,4.133480802333685
5.2441111613968765,4.133480802333685
5.2441111613968765,4.133480802333685
5.2441111613968765,4.133480802333685
5.2441111613968765,4.133480802333685
5.2441111613968765,4.133480802333685
5.2441111613968765,4.133480802333685
5.2441111613968765,4.133480802333685
5.2441111613968765,4.133480802333685
5.2441111613968765,4.133480802333685
5.2441111613968765,4.133480802333685
5.2441111613968765,4.133480802333685
5.2441111613968765,4.133480802333685
5.2441111613968765,4.133480802333685
5.2441111613968765,4.133480802333685
5.2441111613968765,4.133480802333685
5.2441111613968765,4.133480802333685
5.2441111613968765,4.133480802333685
5.2441111613968765,4.133480802333685
5.2441111613968765,4.133480802333685
5.2441111613968765,4.133480802333685
5.2441111613968765,4.133480802333685
6.479055077663012,6.1687347795049625
6.479055077663012,6.1687347795049625
4.01620604435846,1.6503646066897688
4.01620604435846,1.6503646066897688
4.01620604435846,1.6503646066897688
4.01620604435846,1.6503646066897688
4.01620604435846,1.6503646066897688
4.01620604435846,1.6503646066897688
4.01620604435846,1.6503646066897688
4.01620604435846,1.6503646066897688
4.01620604435846,1.6503646066897688
4.01620604435846,1.6503646066897688
4.01620604435846,1.6503646066897688
4.01620604435846,1.6503646066897688
4.01620604435846,1.6503646066897688
4.01620604435846,1.6503646066897688
4.01620604435846,1.6503646066897688
4.01620604435846,1.6503646066897688
4.01620604435846,1.6503646066897688
4.01620604435846,1.6503646066897688
4.01620604435846,1.6503646066897688
4.01620604435846,1.6503646066897688
4.01620604435846,1.6503646066897688
4.01620604435846,1.6503646066897688
4.01620604435846,1.6503646066897688
4.01620604435846,1.6503646066897688
4.01620604435846,1.6503646066897688
4.01620604435846,1.6503646066897688
4.01620604435846,1.6503646066897688
4.01620604435846,1.6503646066897688
4.01620604435846,1.6503646066897688
4.01620604435846,1.6503646066897688
4.01620604435846,1.6503646066897688
4.01620604435846,1.6503646066897688
4.01620604435846,1.6503646066897688
4.01620604435846,1.6503646066897688
4.01620604435846,1.6503646066897688
4.01620604435846,1.6503646066897688
4.01620604435846,1.6503646066897688
4.01620604435846,1.6503646066897688
4.01620604435846,1.6503646066897688
5.968977188380956,5.47368709579035
5.968977188380956,5.47368709579035
5.968977188380956,5.47368709579035
5.968977188380956,5.47368709579035
5.968977188380956,5.47368709579035
5.968977188380956,5.47368709579035
5.968977188380956,5.47368709579035
5.968977188380956,5.47368709579035
5.968977188380956,5.47368709579035
5.968977188380956,5.47368709579035
3.493882228887658,2.7014032330448905
3.493882228887658,2.7014032330448905
3.493882228887658,2.7014032330448905
3.493882228887658,2.7014032330448905
3.493882228887658,2.7014032330448905
3.493882228887658,2.7014032330448905
3.493882228887658,2.7014032330448905
3.493882228887658,2.7014032330448905
3.493882228887658,2.7014032330448905
3.493882228887658,2.7014032330448905
3.493882228887658,2.7014032330448905
3.493882228887658,2.7014032330448905
3.493882228887658,2.7014032330448905
3.493882228887658,2.7014032330448905
3.493882228887658,2.7014032330448905
3.493882228887658,2.7014032330448905
3.493882228887658,2.7014032330448905
3.493882228887658,2.7014032330448905
3.493882228887658,2.7014032330448905
3.493882228887658,2.7014032330448905
3.493882228887658,2.7014032330448905
3.493882228887658,2.7014032330448905
3.493882228887658,2.7014032330448905
3.493882228887658,2.7014032330448905
3.493882228887658,2.7014032330448905
3.493882228887658,2.7014032330448905
3.493882228887658,2.7014032330448905
3.493882228887658,2.7014032330448905
3.493882228887658,2.7014032330448905
3.493882228887658,2.7014032330448905
3.493882228887658,2.7014032330448905
3.493882228887658,2.7014032330448905
3.493882228887658,2.7014032330448905
3.493882228887658,2.7014032330448905
3.493882228887658,2.7014032330448905
3.493882228887658,2.7014032330448905
3.493882228887658,2.7014032330448905
3.493882228887658,2.7014032330448905
3.493882228887658,2.7014032330448905
3.493882228887658,2.7014032330448905
3.493882228887658,2.7014032330448905
3.493882228887658,2.7014032330448905
3.493882228887658,2.7014032330448905
3.493882228887658,2.7014032330448905
3.493882228887658,2.7014032330448905
3.493882228887658,2.7014032330448905
3.493882228887658,2.7014032330448905
3.493882228887658,2.7014032330448905
3.493882228887658,2.7014032330448905
3.493882228887658,2.7014032330448905
3.493882228887658,2.7014032330448905
3.493882228887658,2.7014032330448905
3.493882228887658,2.7014032330448905
3.493882228887658,2.7014032330448905
3.493882228887658,2.7014032330448905
3.493882228887658,2.7014032330448905
3.493882228887658,2.7014032330448905
3.493882228887658,2.7014032330448905
3.493882228887658,2.7014032330448905
3.493882228887658,2.7014032330448905
3.493882228887658,2.7014032330448905
3.493882228887658,2.7014032330448905
3.493882228887658,2.7014032330448905
3.493882228887658,2.7014032330448905
3.493882228887658,2.7014032330448905
3.493882228887658,2.7014032330448905
3.493882228887658,2.7014032330448905
3.493882228887658,2.7014032330448905
3.493882228887658,2.7014032330448905
3.493882228887658,2.7014032330448905
3.493882228887658,2.7014032330448905
3.493882228887658,2.7014032330448905
3.493882228887658,2.7014032330448905
3.493882228887658,2.7014032330448905
3.493882228887658,2.7014032330448905
3.493882228887658,2.7014032330448905
3.493882228887658,2.7014032330448905
3.493882228887658,2.7014032330448905
3.493882228887658,2.7014032330448905
3.493882228887658,2.7014032330448905
3.493882228887658,2.7014032330448905
3.493882228887658,2.7014032330448905
3.493882228887658,2.7014032330448905
3.493882228887658,2.7014032330448905
3.493882228887658,2.7014032330448905
3.493882228887658,2.7014032330448905
3.493882228887658,2.7014032330448905
3.493882228887658,2.7014032330448905
3.493882228887658,2.7014032330448905
3.493882228887658,2.7014032330448905
3.493882228887658,2.7014032330448905
3.493882228887658,2.7014032330448905
3.493882228887658,2.7014032330448905
3.493882228887658,2.7014032330448905
3.493882228887658,2.7014032330448905
3.493882228887658,2.7014032330448905
3.493882228887658,2.7014032330448905
3.493882228887658,2.7014032330448905
3.493882228887658,2.7014032330448905
3.493882228887658,2.7014032330448905
3.493882228887658,2.7014032330448905
3.493882228887658,2.7014032330448905
3.493882228887658,2.7014032330448905
3.493882228887658,2.7014032330448905
3.493882228887658,2.7014032330448905
3.493882228887658,2.7014032330448905
3.493882228887658,2.7014032330448905
3.493882228887658,2.7014032330448905
3.493882228887658,2.7014032330448905
3.493882228887658,2.7014032330448905
3.493882228887658,2.7014032330448905
