3.5,3.5
3.8396844161626458,4.126103149948777
4.197945319011211,3.2273883580098754
4.693619687663376,4.438371336110752
3.0914226464871346,3.8464297781799988
4.259785640179597,5.194387065096616
4.94482087545642,5.224288513318508
4.841510287463954,4.362385384777635
5.724979066866812,4.94059070445616
4.447492441055759,5.427101061599646
5.774271886901635,5.3014726737308715
3.7902297546845234,3.996444844953854
3.960381553031427,4.3621541675261835
2.7965766376359196,3.8939322672517096
5.9492032898314555,4.510078222563215
5.884450897056229,4.822667085197138
2.6466247860621315,3.5521726117613346
1.6498493443475764,3.5453382730366596
1.866948443262763,2.908065656217852
2.785241845875635,4.0595791886245856
4.574584955055916,3.858899105480466
5.972368630135122,5.939827676056067
2.692322240309917,3.3602780059761352
5.972522060869262,4.285745480999991
5.460721665640483,5.634866355934937
3.673223019140412,3.481531728695063
6.4590154988141135,6.552946156263914
1.1854484095841147,2.332399133853826
6.170112468423347,5.630545392677957
2.536508705733637,2.876056834964631
6.061479895400145,6.130505005260281
1.5550895207971211,3.9169089261379035
5.245904739347777,3.7732657338188433
6.593580099369059,4.297035274967307
4.452020130081478,2.4404746406946667
1.7755436693362148,4.651916867432156
3.950843678068877,2.4580920527120043
1.9024982025493684,2.9248751884489423
2.8350022796799443,2.5440426425427476
6.102464345359508,4.663095690325887
0.7171448384571701,3.7391853280992247
3.206180575715059,5.013728503368805
5.803214017897922,3.22061939277105
5.784561501950539,3.038675191445388
2.645127072256579,3.8820639575573703
1.9904520780444837,1.9611107603399296
5.399854709300624,4.037507247046715
2.5195049327347308,5.33790163310389
4.403082836400848,3.891386634480005
1.5779233333076055,5.017395823164878
3.2323759071880893,3.486907166246688
1.9001833997600508,5.109499170291121
6.146163745070255,5.929319266792295
2.7581179884109526,5.280868667304457
3.9734822360446325,2.1588420952994074
3.580381460127602,4.0938710694834475
1.6330240454234142,2.98393042197493
1.7604044657080844,1.4090807901319882
6.092150487596351,2.2675033015410313
6.8883813546312425,2.0081859934378987
2.815763011907136,2.355852408131959
6.099555683324582,3.694004033896139
6.3819251952193765,4.466730652627687
0.8514006754595629,1.6073484346470952
6.397416139674766,6.643420036881874
0.890417509424904,3.79613642156846
5.061692289692926,4.7364607253559186
5.306028500989899,2.4427746081755584
6.496305874276598,5.601466586928331
6.876874681917408,4.88379885370079
2.694247950935483,4.169995857601476
3.661423898985132,4.191732356958942
2.6762718668292806,2.809269295386425
6.441687995212543,1.7064023959551107
0.2906228814451044,2.749250302090044
6.830476858103341,5.881625442295435
2.5740384758762396,5.959521756089618
1.7636744837773652,5.7863214314412135
5.969353101356671,5.794092913943555
0.7260828433599679,2.801289801657589
1.3044131974798878,3.0637132744204623
5.124985527776818,3.6838531079670993
6.780769259570037,3.383415918837539
0.05941438337603733,2.765792913397405
3.7053608392360347,4.815786927866983
2.0674722191656287,0.8568403091790626
6.214816409587566,1.8744108406989146
2.3880584582631266,0.9360501721079397
2.326598865968869,1.8472088472215638
3.936853770044163,5.228985604735644
5.160647606736178,5.425195944992688
1.4306973169514667,3.179185018675743
2.869429440801916,3.4906278636166324
6.608110318491034,2.7623911803850714
4.889620371170562,3.474915572950497
5.01607418292119,4.595610015450974
4.434345744507002,2.6754064727922175
2.0567045167959828,4.007852804930308
4.256671366166208,5.734974379936837
2.9921030567635345,2.4900037244659456
3.3436563465026232,4.150985733114096
2.304050798029834,3.1811975435240916
0.0526903945826962,1.0783969513826812
6.518483588735638,0.9010074933285286
1.6725445971218407,4.330445883039201
5.72570228154762,0.40530190109582376
4.318722251516892,1.6980233615437927
2.5573676897411586,1.5018947594899048
5.42471417288431,3.558814345335437
2.0975472670267257,3.986037164614846
1.1823015094165228,5.34302279304173
0.6542963385678421,5.896869153129419
5.2302878852811645,0.4460719351581086
2.0637072972379045,3.0666348565336876
0.2105183699599047,0.9947768515306086
5.441428265943275,5.824514985032542
6.459799862787419,4.179892022233796
0.5431147631526051,4.621155770648939
6.949462490215556,0.42399171321361784
6.381601066438216,6.533969120918039
3.9936854981009993,4.6067182660424635
1.0860043261758694,5.1201774002866545
6.750167256317666,2.85228447606127
6.097103957496672,0.9286627141807569
4.969771562082845,2.1419185157774416
3.2621305671562877,1.8705151571867842
4.084786415068836,1.9785094084714712
5.068402841955564,4.547702286180555
2.7021568711412485,4.221498436395065
5.060454752109685,0.40785279701428323
5.933317605036974,2.7213127287278547
6.328013749751473,4.484559119820096
2.31868065515976,1.9725784883729145
6.601808659672339,3.85852340683569
0.19416411564163127,3.751623828984002
4.229947607686315,2.4824872824923028
4.735214693589094,6.607720326674061
5.047445186688079,1.4267180303838796
3.1471769651146415,1.4201229997940565
4.817889477439572,6.854937556392646
3.0959516390572013,2.186550636824908
3.8596793821837974,5.553766330085452
2.555132719528839,5.62804618066381
2.6391489616987016,0.4342101706195214
3.6370674017628017,2.557858845347133
4.406189203908848,5.817340592841521
1.2362422371688755,4.001531766945205
4.370623291035019,6.629403763206016
5.127962479951069,6.951183833731014
5.485136860427912,6.598790042625986
1.4867322533271907,0.5970218984882085
3.763659440076604,3.284523448676149
5.606210183181225,1.4471057060214925
0.8374932660631604,3.6797616697797597
2.7947598404980347,1.780764538522549
5.138049006422712,6.018643233591686
4.508532256651176,5.098945588123525
4.504104509121159,4.76160037384342
3.0557762520631804,0.47452033773978886
4.471803143617673,2.479973751157128
6.302798372728175,5.525463880052405
0.9295927119709788,6.2364913489454
1.0501583864166602,1.062717559066982
6.202153345288727,4.822568192925911
5.333343327045849,4.295357842410869
2.9837512310835326,0.05744057107588241
2.9152041324554423,1.0403099533531253
0.367566252137988,1.866183340821988
6.316626389476376,5.360543458052088
0.7602070617724199,3.4499229007532217
2.0215307502844118,6.378908546634708
1.3076998125931567,3.1441624733019364
4.439617218496586,5.21731381995118
1.6600539583487104,4.501123686263898
2.1006931825582518,1.846096631305933
2.223677223121218,6.583451912940487
0.38122744798337005,2.653365145190479
0.9115458962675018,6.739966614484497
5.477105178248339,0.486354388011605
2.2292202765504765,3.187252233064363
3.78856146549701,4.597069623133725
1.4585490332251494,1.5338497741561614
3.9381982901608525,4.735129987994058
6.913013166113301,3.835950974998094
3.765098189356673,0.6095654558533388
1.9242196765112038,5.585979020224893
3.052621820404602,5.678608579295062
0.7170550508506387,3.588632776835187
1.4808907297975082,2.0726334318727075
6.594958478574163,2.422251495252925
3.4529991365592725,5.6310067312489025
2.1168927915204794,0.4491115538667769
6.13388952343795,1.8998729905772325
1.5307329974227866,0.8454308995538655
2.754633425178953,6.029796260806875
4.509208649193921,6.598295485305313
3.7019020464575205,1.452093825829658
0.3467205829008211,5.1386793742347425
1.098665317637457,6.365344149558938
0.5107079137761821,1.2721159440352645
3.8231020834329863,5.641370884616975
6.546531114538239,6.34898276957371
3.4278172452148,4.346268427395359
4.573333732596074,4.918319366234882
2.6358288138196673,1.2847680038586753
5.945871570112075,1.7744918640424756
2.7568573576519704,1.6310177101908605
5.8080272446059595,6.905605965872267
0.6531041909844144,5.389214866768441
4.80212600170688,4.2305448930636524
4.979577597827605,1.3231536090052853
6.903793248097639,0.12768421462264734
0.8308845690718527,3.5411691470554256
6.2901365774987,3.395615078932684
4.690961821738519,0.6042316813226297
5.664320449398928,0.6605747009274658
5.583334918489405,5.880421758205657
4.731320934785883,0.268505628330583
6.156365144365977,6.04555984280114
1.9812505743824929,5.959729368478239
1.2059610891804255,0.3164778592312437
1.013366391532513,0.196696446972642
0.01686805862441465,4.601716448356773
4.4719941600917945,1.9075349736132656
6.613883961452012,2.6977305743314473
6.9855591945153295,2.2674640107499027
1.736220959474237,2.937511044857961
1.0457445316635252,0.5511488257459499
5.682550576210792,0.012767570301370434
2.637847049045438,2.7827183036682777
4.757729669597222,0.42328585579879974
1.3063599502313703,3.8244975785299555
2.936567742383196,2.5991441404241606
1.6538316397164214,3.333823793102806
5.62310079457701,1.6673488150329134
3.4854295844011474,1.9841712380619985
0.6431763282280375,6.272140209046501
0.049953589330353876,4.300837469616253
0.38372652873689317,2.894730901954005
0.39179698178170186,0.9019121606422494
6.967739143408179,1.32648293839238
4.574106514263077,6.055253211896024
0.941800439970943,5.946930072445689
6.138750005172365,5.572392433435193
6.032343480743332,2.431923737065668
1.8178594288308365,3.845879618756355
0.879861381661271,0.8420387780181665
6.669668489407703,2.8897314178536413
5.747205348740784,3.9591302290460266
0.5014378485847928,3.8606392220898247
5.1721318926658535,3.6684178678131945
4.084877960772399,0.2946638515636585
5.054673526138969,1.3784784988758654
2.6936507318007417,6.050804688868359
0.2595946120497439,4.913898383825417
6.626476267551526,2.195104086855318
4.259511769694953,6.381786073772902
1.0833865456430667,5.481205195062945
5.692776425604593,6.4562754227421255
3.377763699362035,0.4082067930281168
3.856759986276717,2.9215672199335248
4.878001461509767,4.7101121037217375
2.8465001986208813,6.1108308728638026
3.958169731945503,0.277031998865525
1.8429924446328108,2.17699871090586
5.997799745148691,2.2799153886706502
5.480837969659846,4.190550719631223
4.896988436022663,2.891854587234525
4.38288889289019,3.7737463875220296
4.25502028460681,1.44037990730076
0.03426170081101765,6.168853042428836
0.616591961702954,6.7370448235673965
4.026171942801626,3.3782011032140304
5.376127886884833,4.50347312438712
3.143212542952314,6.2040836645943065
2.1132509086481495,2.7472425192602343
5.289459308456916,3.571143830854714
6.180084386083175,5.230870154722235
2.6223692469566835,5.44249945187112
6.9280605004875575,1.8832510119374661
4.715567902791353,0.94258684333505
0.9383814638762252,4.611162227434683
6.927805845979303,5.535550226290946
0.29837557546264304,6.648846454905576
4.2065575089747975,6.863678650484775
0.5011013667529876,4.593597760171593
6.945250065136799,4.593286470487704
4.6233416205970626,0.6281395634826066
6.8097615714506805,0.4979958794779058
4.805073737672473,5.885243298434565
3.420578092090758,5.170032123879173
4.729056891877748,1.891360733701576
3.6242072602347712,0.9130806140980601
0.39912742661580736,1.987578116774687
1.5783730386807662,3.8959749020291037
1.7874349160218155,6.7124610367615976
1.075457743184719,6.172986538471267
6.4054657383091635,5.342554562134933
4.725672080687953,6.180209255318002
5.041316104956203,2.561973239575603
3.253284374306866,2.977800110109106
2.898068039325074,5.133103390477713
1.5623172019344378,6.218061354280895
3.7804255401144076,5.887222474835706
2.4004621742827266,4.289879483742078
1.6150053546224494,2.6524913238180914
5.070010675848956,5.231535626195029
1.921566387535907,2.3802517560165994
6.583997416737722,5.162838845819005
5.204023483377861,1.6399336148485486
5.201327933053807,5.694341077063607
6.363393666565127,0.0406807587498329
6.056385733103777,2.97125352993469
6.3789222332779305,4.324463877870917
3.151743313290228,4.413218291250224
3.581132140518257,0.9905774806561025
4.892184917393933,4.261705316391615
5.4104175090849695,4.594377107447995
3.2556793786453055,4.585375224521377
3.3560205090672186,3.71661750460967
4.270392165698205,0.9065907470778429
0.8404291293752223,5.728374611524712
6.100031044824116,0.9197481371824646
3.083849049000373,0.12869731086335034
0.34236287982863545,4.668282168406265
0.8647993531557312,4.007719701401373
3.549931498784713,2.7273763994875364
2.537071787292204,6.21103109934388
6.698180110659552,3.0764018215071727
6.1930667450592605,4.707031639982155
2.37799991940371,3.7010357036239765
4.6851521083089915,3.997497233658949
1.9417934873178475,2.508241828004383
3.9253096373948293,3.6478536395729706
2.7679852549753097,0.25860739502823715
6.025957376142804,0.07708058225333658
2.702591221936415,6.836987613802397
2.7433007610529447,6.806940978698779
6.516102561696147,2.4725746409609033
4.959157279287494,2.6461251098775094
1.942390690929308,3.698638199696518
4.767377182461024,3.2578988363337382
1.9376783514089038,5.639768394312273
1.9224286961972505,6.900203227474361
4.457893760323793,4.247197049787571
5.5830410474873515,2.964132926619669
3.629327305659248,2.9417198884638025
2.3500684588664376,5.265047918049919
3.00345914791787,4.737816716163029
6.89522952270121,2.0612864925696766
6.509386684989687,6.649052996445771
6.634352652842478,5.741963043196872
4.66617994819485,5.56214742712174
1.9792726796434952,4.672403994357682
6.249332515820282,2.4471057853937395
5.051508512048881,3.571367336590309
1.5285886124101382,2.618609754588635
3.268716413812561,2.8599516436099104
0.2986526638959397,6.51891983218254
4.931055169644642,1.5460046169619033
4.7848352599326285,3.356666728655018
2.1854374561701047,4.1572997226181485
5.408785897124926,2.298839157412509
0.2287638312103789,3.8168171467354037
3.964093843860339,3.0407057003997613
3.3242293983214593,0.9363821207599389
2.6272767734641094,1.7696253154981654
2.764240424414761,1.6275893628142688
0.0013347197029880409,6.247733306503342
3.580232260684435,2.773649674263116
6.812963090608153,2.793167067980691
6.071856681500665,2.9803199943843057
4.489450449980926,6.5473673464174045
2.5902618400460433,6.898348810529529
1.6061318518779037,3.9395010514731457
3.8581537641696926,1.9338050756916125
3.2596789282640115,3.268685701525464
3.877847770044064,4.934511667215313
1.2233508723899376,1.5166458793296735
3.124713226832497,4.1395980514933175
1.9691970739782074,6.729238715614008
4.215758147126157,6.81425327798828
4.422191091929731,0.8890510604129337
2.500028373944142,4.149926267037619
5.883031368804381,2.3310421515439623
4.896343789672174,5.872580059826237
2.6789838326360336,0.7776085264107482
0.6304858002545806,4.083868750524924
2.4174953495530476,4.113696194513532
6.784474813248173,5.982114957485859
1.5593507454785938,6.627868522061198
5.334366282755073,2.8674996889224373
5.969802841244034,4.635196146067922
2.8989276620855717,4.09337684285125
6.763280682487103,5.026671812535415
3.5727558814786757,2.362525994891604
0.32722319992470583,1.1657430798339132
2.5985999536069704,2.571011934227844
0.03947475370594733,1.534614752911636
6.8043529234659434,0.4953932394564623
1.8639276448916868,5.137372916974116
1.0811009267758867,0.8225148389127084
3.6025438173270468,1.4417379983042937
5.193848625866384,2.7581794757452975
5.096424374147312,5.35668004561182
1.116208041370746,5.229313358584144
0.8830753298393138,6.545640432902724
6.804815082426706,1.4318644650893098
4.980885222763493,0.022207354880251162
4.615786621025956,2.5555104222532035
5.911086048366129,3.1876509168594214
3.313549822890074,2.773543828871043
1.3150760069471543,3.3532377678731176
3.4971564898295964,2.3756242839750117
3.6706118479899468,3.0976893373351784
4.217228841753013,3.670224491476673
2.5331677733143563,6.131340136001215
4.001972291876989,5.618287346592287
3.2422926996803394,2.76658732768649
3.0065480806911804,3.8651047338647153
1.8463918179968586,3.1757931347222925
5.149644381378729,0.14538556708393313
6.271562514147624,2.066367821179475
1.4933539603864419,1.490344174631564
1.407737425337066,1.3960045650322457
2.994982018681463,3.2805496683046123
4.724923338075098,1.1220402269348386
1.2501611292720718,2.468572401785041
6.010518849264522,6.28663855884029
5.198683573703923,1.030111377272473
0.6917817659270494,1.7954136224057482
1.1168500619351875,3.2213470604987844
4.637293784642738,4.220189550029815
4.039265670976928,1.7680903276889204
4.72963654904414,4.377916855453227
4.4769964499092705,4.957098397323144
2.134968033637833,3.5574978275737195
0.46726759566067566,4.254303758294407
6.450106345465827,3.2356884831287007
0.26849802020837765,6.1429972031874485
2.3742192542581817,2.941199097691196
4.6961506202111485,3.673622773877328
0.5796223567881791,0.05255907982081076
1.17105559989658,1.6416510052725162
3.391363816402144,4.975405499727703
1.842253920104791,0.5886764413735834
2.0263339358515036,5.3274891124849235
0.9820764490760758,0.3485178723223078
0.6881255296807091,1.1446649381892962
2.701044779822849,6.68965768746311
4.322573043661736,1.7606928001731301
6.344329278863845,6.948223815262251
6.911406259715738,0.7603575704033954
4.643563821501359,3.6952484675754342
4.529902629685703,5.513237244928353
3.633842311162396,4.684206875206393
6.135017755964659,4.569438636501434
6.734212112108185,0.9833504135221636
3.4788891409267735,5.6271575396859665
2.7247152237134373,1.584893679965003
6.9909406473114535,4.2451921819001015
1.893201986888002,4.921032851838738
3.1650358542849144,6.594971781993689
5.118709137851112,2.401600072140412
6.532754807955598,4.055109696436685
2.53377249131628,6.0487681416194885
3.7440826445381874,1.789277911046367
4.132182246900601,4.999852171309923
5.677516860307138,4.810153620966902
3.698794232639458,5.978738091656469
5.3690609976592265,1.9336350502327297
0.5641663809851735,0.7271717314205624
0.4871138005558845,3.0810093143175936
2.7106992558790375,6.29918854393419
0.747333987609257,1.2426097653639832
5.518822640667794,5.64614141214165
0.05438442585961123,3.4696637464521602
3.776708419947454,0.5552040081759418
3.8593588439833164,2.9999802204845847
5.589035702105756,1.0577559332112134
3.7986123328199257,6.960285771824963
0.14755544278517674,3.0370470550996718
2.8946325223409954,0.03267007117054366
2.7635888105880566,5.859182517671736
0.9148175317756282,0.6614740460021639
2.9719192263562983,1.0533106361216094
1.9392218884573347,6.764938044532041
5.311720039269658,5.441805776229404
3.6818794977229548,0.897489415072682
1.4767054904318444,6.890642387836588
4.978050295644853,1.460544445276477
3.864696239515194,2.5188173507759286
3.351836737857705,4.493330214270124
1.105281526177606,5.199443619229237
3.3520934349617684,5.625423247673711
5.7254155335251395,1.2486273982919265
6.421703667474576,6.79287296803347
4.00398046436768,1.659354617330878
1.6512042417131434,4.527326586987766
5.600488772850559,0.7811981142077898
5.8457097557291995,1.4031757782355445
2.5534483438202447,4.853624767067128
1.1119775888955137,1.1990014006093905
0.9074979168300973,0.3779051490656603
5.89305136526399,6.173868947387209
0.3026853375056101,6.698669490467969
1.8216020740296721,0.37248771543317016
4.142931449828627,4.260393601476682
4.091422092447791,6.38035197242006
2.937158798027045,1.5243700379189606
4.65460088008415,5.633310913388598
0.48571507400829783,1.3098279699866129
5.061662959177974,4.2356915741867045
1.9155838460678738,2.4760804193466663
2.5512408173522942,0.736221910983644
6.712624077060934,0.31797080814138123
5.900648505769324,3.689498176732346
0.8252093134574012,5.593712936107083
4.625138646364885,1.155071087180684
2.52384448483933,0.3990633593640629
5.097525334324996,0.2298627621165742
6.102331941942037,0.13517451390299917
6.371546164186955,0.7243623383875663
5.662721016568382,1.3793213604048167
3.563773204449702,6.306233196449217
0.9393637986619706,6.248414960231267
6.983225295379268,5.029560889613555
6.852615226195854,2.5090670185332464
3.600279526061918,0.5656948442490052
6.629310628001308,0.46210043178809324
0.01652815281693154,6.942569425890128
2.9287313152679713,6.610919533259139
5.387172792970422,3.443599685719497
1.2508601848698526,2.7517167157041476
6.172014986339232,1.9759711762844199
4.588889530467214,1.7360445854769315
0.5252749714917736,5.997835479477369
5.628434392123834,1.3446536767746162
5.617284207469941,5.302940375851372
6.382495903644152,6.209803428688083
2.777460856851556,3.781435297144146
2.1318860336716328,0.38283963637794705
5.200539067418415,6.815498342876765
1.1341496047688935,5.501264777719365
2.7359865191746273,5.293347295991933
