3.5,3.5
3.1165491637107325,2.6732890861831704
3.0872559712505994,2.477601374714305
4.082350674754356,2.517566285729265
4.082350674754356,2.517566285729265
3.592509730750091,2.209214921359842
3.592509730750091,2.209214921359842
3.592509730750091,2.209214921359842
3.592509730750091,2.209214921359842
3.5902816184499415,1.5671382691913682
3.5902816184499415,1.5671382691913682
3.5902816184499415,1.5671382691913682
3.5902816184499415,1.5671382691913682
4.585489295726342,3.090691348548536
4.585489295726342,3.090691348548536
4.956207813249977,2.864593495497477
4.956207813249977,2.864593495497477
4.956207813249977,2.864593495497477
4.956207813249977,2.864593495497477
2.5345148211203936,1.6988172117021638
3.7800885043154846,4.355760243588828
3.4380955985875383,4.689745203877023
4.426950828686522,1.321965685781573
4.426950828686522,1.321965685781573
4.426950828686522,1.321965685781573
4.426950828686522,1.321965685781573
5.445638795074071,2.4421173522893787
5.445638795074071,2.4421173522893787
5.445638795074071,2.4421173522893787
5.445638795074071,2.4421173522893787
3.2330590946026585,5.268654179178625
4.237041061538975,3.0513687661811626
4.237041061538975,3.0513687661811626
4.237041061538975,3.0513687661811626
4.237041061538975,3.0513687661811626
4.237041061538975,3.0513687661811626
4.237041061538975,3.0513687661811626
4.237041061538975,3.0513687661811626
4.237041061538975,3.0513687661811626
4.237041061538975,3.0513687661811626
6.0570557004071945,1.9068473209216463
6.0570557004071945,1.9068473209216463
6.0570557004071945,1.9068473209216463
6.0570557004071945,1.9068473209216463
3.536296719533878,4.302677537111988
3.536296719533878,4.302677537111988
3.536296719533878,4.302677537111988
3.432037059686622,1.3835973498999896
3.432037059686622,1.3835973498999896
3.432037059686622,1.3835973498999896
3.432037059686622,1.3835973498999896
3.432037059686622,1.3835973498999896
3.432037059686622,1.3835973498999896
3.432037059686622,1.3835973498999896
3.432037059686622,1.3835973498999896
3.432037059686622,1.3835973498999896
3.432037059686622,1.3835973498999896
3.432037059686622,1.3835973498999896
3.432037059686622,1.3835973498999896
3.432037059686622,1.3835973498999896
4.357249597830753,1.7762507723657643
4.357249597830753,1.7762507723657643
4.357249597830753,1.7762507723657643
4.357249597830753,1.7762507723657643
4.357249597830753,1.7762507723657643
4.357249597830753,1.7762507723657643
4.357249597830753,1.7762507723657643
4.357249597830753,1.7762507723657643
4.357249597830753,1.7762507723657643
4.357249597830753,1.7762507723657643
4.357249597830753,1.7762507723657643
4.357249597830753,1.7762507723657643
4.357249597830753,1.7762507723657643
4.357249597830753,1.7762507723657643
3.2497665737482313,0.955567880685519
3.2497665737482313,0.955567880685519
3.2497665737482313,0.955567880685519
3.2497665737482313,0.955567880685519
3.2497665737482313,0.955567880685519
3.2497665737482313,0.955567880685519
3.2497665737482313,0.955567880685519
3.2497665737482313,0.955567880685519
3.2497665737482313,0.955567880685519
3.2497665737482313,0.955567880685519
3.2497665737482313,0.955567880685519
3.2497665737482313,0.955567880685519
3.2497665737482313,0.955567880685519
3.2497665737482313,0.955567880685519
3.2497665737482313,0.955567880685519
3.2497665737482313,0.955567880685519
3.2497665737482313,0.955567880685519
2.9657053425050597,3.0134037180549713
2.9657053425050597,3.0134037180549713
2.9657053425050597,3.0134037180549713
5.607143404607045,1.7385412025713345
5.607143404607045,1.7385412025713345
5.607143404607045,1.7385412025713345
5.607143404607045,1.7385412025713345
5.607143404607045,1.7385412025713345
5.607143404607045,1.7385412025713345
5.607143404607045,1.7385412025713345
5.607143404607045,1.7385412025713345
5.001699262583323,0.8257941972073884
5.001699262583323,0.8257941972073884
5.001699262583323,0.8257941972073884
5.001699262583323,0.8257941972073884
4.12643985686525,3.443914373566418
4.12643985686525,3.443914373566418
4.12643985686525,3.443914373566418
4.12643985686525,3.443914373566418
4.12643985686525,3.443914373566418
4.12643985686525,3.443914373566418
4.12643985686525,3.443914373566418
4.12643985686525,3.443914373566418
4.12643985686525,3.443914373566418
4.12643985686525,3.443914373566418
4.12643985686525,3.443914373566418
4.12643985686525,3.443914373566418
4.12643985686525,3.443914373566418
4.12643985686525,3.443914373566418
4.12643985686525,3.443914373566418
5.497015416364761,0.5920043996503385
5.497015416364761,0.5920043996503385
5.497015416364761,0.5920043996503385
5.497015416364761,0.5920043996503385
3.6046402226002927,0.583202258313154
3.6046402226002927,0.583202258313154
3.6046402226002927,0.583202258313154
3.6046402226002927,0.583202258313154
3.6046402226002927,0.583202258313154
3.6046402226002927,0.583202258313154
3.6046402226002927,0.583202258313154
3.6046402226002927,0.583202258313154
3.6046402226002927,0.583202258313154
3.6046402226002927,0.583202258313154
3.6046402226002927,0.583202258313154
3.6046402226002927,0.583202258313154
3.6046402226002927,0.583202258313154
3.6046402226002927,0.583202258313154
3.6046402226002927,0.583202258313154
3.6046402226002927,0.583202258313154
3.6046402226002927,0.583202258313154
3.6046402226002927,0.583202258313154
3.6046402226002927,0.583202258313154
3.6046402226002927,0.583202258313154
3.6046402226002927,0.583202258313154
3.6046402226002927,0.583202258313154
3.6046402226002927,0.583202258313154
3.6046402226002927,0.583202258313154
3.6046402226002927,0.583202258313154
3.6046402226002927,0.583202258313154
3.6046402226002927,0.583202258313154
3.6046402226002927,0.583202258313154
3.6046402226002927,0.583202258313154
3.6046402226002927,0.583202258313154
3.6046402226002927,0.583202258313154
3.6046402226002927,0.583202258313154
3.6046402226002927,0.583202258313154
3.6046402226002927,0.583202258313154
3.1394571317100977,2.3874192868066757
3.1394571317100977,2.3874192868066757
3.1394571317100977,2.3874192868066757
3.1394571317100977,2.3874192868066757
3.1394571317100977,2.3874192868066757
3.1394571317100977,2.3874192868066757
3.1394571317100977,2.3874192868066757
3.1394571317100977,2.3874192868066757
3.1394571317100977,2.3874192868066757
3.1394571317100977,2.3874192868066757
3.1394571317100977,2.3874192868066757
3.1394571317100977,2.3874192868066757
3.1394571317100977,2.3874192868066757
3.1394571317100977,2.3874192868066757
3.1394571317100977,2.3874192868066757
3.1394571317100977,2.3874192868066757
6.285488909932088,1.1780537205537334
6.285488909932088,1.1780537205537334
6.285488909932088,1.1780537205537334
6.285488909932088,1.1780537205537334
6.285488909932088,1.1780537205537334
6.285488909932088,1.1780537205537334
6.285488909932088,1.1780537205537334
6.285488909932088,1.1780537205537334
6.285488909932088,1.1780537205537334
6.285488909932088,1.1780537205537334
6.285488909932088,1.1780537205537334
6.285488909932088,1.1780537205537334
6.285488909932088,1.1780537205537334
6.285488909932088,1.1780537205537334
6.285488909932088,1.1780537205537334
6.285488909932088,1.1780537205537334
3.9204606055270315,0.5070578298865656
3.9204606055270315,0.5070578298865656
3.9204606055270315,0.5070578298865656
3.9204606055270315,0.5070578298865656
3.9204606055270315,0.5070578298865656
3.9204606055270315,0.5070578298865656
3.9204606055270315,0.5070578298865656
3.9204606055270315,0.5070578298865656
3.9204606055270315,0.5070578298865656
3.9204606055270315,0.5070578298865656
3.9204606055270315,0.5070578298865656
3.9204606055270315,0.5070578298865656
3.9204606055270315,0.5070578298865656
3.9204606055270315,0.5070578298865656
3.9204606055270315,0.5070578298865656
3.9204606055270315,0.5070578298865656
3.9204606055270315,0.5070578298865656
3.9204606055270315,0.5070578298865656
3.9204606055270315,0.5070578298865656
3.9204606055270315,0.5070578298865656
3.9204606055270315,0.5070578298865656
3.9204606055270315,0.5070578298865656
3.9204606055270315,0.5070578298865656
3.9204606055270315,0.5070578298865656
3.9204606055270315,0.5070578298865656
3.9204606055270315,0.5070578298865656
3.9204606055270315,0.5070578298865656
3.9204606055270315,0.5070578298865656
3.9204606055270315,0.5070578298865656
3.9204606055270315,0.5070578298865656
3.9204606055270315,0.5070578298865656
3.9204606055270315,0.5070578298865656
3.9204606055270315,0.5070578298865656
3.9204606055270315,0.5070578298865656
3.9204606055270315,0.5070578298865656
3.9204606055270315,0.5070578298865656
3.9204606055270315,0.5070578298865656
3.9204606055270315,0.5070578298865656
3.9204606055270315,0.5070578298865656
3.9204606055270315,0.5070578298865656
3.9204606055270315,0.5070578298865656
3.9204606055270315,0.5070578298865656
3.9204606055270315,0.5070578298865656
3.9204606055270315,0.5070578298865656
3.9204606055270315,0.5070578298865656
3.9204606055270315,0.5070578298865656
3.9204606055270315,0.5070578298865656
3.9204606055270315,0.5070578298865656
3.9204606055270315,0.5070578298865656
3.9204606055270315,0.5070578298865656
3.9204606055270315,0.5070578298865656
3.9204606055270315,0.5070578298865656
3.9204606055270315,0.5070578298865656
3.9204606055270315,0.5070578298865656
3.9204606055270315,0.5070578298865656
4.960104661603506,1.9443900232389533
4.960104661603506,1.9443900232389533
4.960104661603506,1.9443900232389533
4.960104661603506,1.9443900232389533
4.960104661603506,1.9443900232389533
4.960104661603506,1.9443900232389533
4.960104661603506,1.9443900232389533
4.960104661603506,1.9443900232389533
4.960104661603506,1.9443900232389533
4.960104661603506,1.9443900232389533
4.960104661603506,1.9443900232389533
4.960104661603506,1.9443900232389533
4.960104661603506,1.9443900232389533
4.960104661603506,1.9443900232389533
4.960104661603506,1.9443900232389533
4.960104661603506,1.9443900232389533
4.960104661603506,1.9443900232389533
4.960104661603506,1.9443900232389533
4.960104661603506,1.9443900232389533
4.960104661603506,1.9443900232389533
4.960104661603506,1.9443900232389533
4.960104661603506,1.9443900232389533
4.960104661603506,1.9443900232389533
4.960104661603506,1.9443900232389533
4.960104661603506,1.9443900232389533
4.960104661603506,1.9443900232389533
4.960104661603506,1.9443900232389533
4.960104661603506,1.9443900232389533
4.960104661603506,1.9443900232389533
4.960104661603506,1.9443900232389533
4.960104661603506,1.9443900232389533
4.960104661603506,1.9443900232389533
4.960104661603506,1.9443900232389533
4.960104661603506,1.9443900232389533
2.4343912904971576,2.435029707302545
2.4343912904971576,2.435029707302545
2.4343912904971576,2.435029707302545
2.4343912904971576,2.435029707302545
2.4343912904971576,2.435029707302545
2.4343912904971576,2.435029707302545
2.4343912904971576,2.435029707302545
2.4343912904971576,2.435029707302545
2.4343912904971576,2.435029707302545
2.4343912904971576,2.435029707302545
2.4343912904971576,2.435029707302545
2.4343912904971576,2.435029707302545
2.4343912904971576,2.435029707302545
2.4343912904971576,2.435029707302545
2.4343912904971576,2.435029707302545
2.4343912904971576,2.435029707302545
2.4343912904971576,2.435029707302545
2.4343912904971576,2.435029707302545
2.4343912904971576,2.435029707302545
2.4343912904971576,2.435029707302545
2.4343912904971576,2.435029707302545
2.4343912904971576,2.435029707302545
5.579886963780202,2.127179089395988
5.579886963780202,2.127179089395988
5.579886963780202,2.127179089395988
5.579886963780202,2.127179089395988
5.579886963780202,2.127179089395988
5.579886963780202,2.127179089395988
5.579886963780202,2.127179089395988
5.579886963780202,2.127179089395988
5.579886963780202,2.127179089395988
5.579886963780202,2.127179089395988
5.579886963780202,2.127179089395988
5.579886963780202,2.127179089395988
5.579886963780202,2.127179089395988
5.579886963780202,2.127179089395988
5.579886963780202,2.127179089395988
5.579886963780202,2.127179089395988
5.579886963780202,2.127179089395988
5.579886963780202,2.127179089395988
5.579886963780202,2.127179089395988
5.579886963780202,2.127179089395988
5.579886963780202,2.127179089395988
5.579886963780202,2.127179089395988
5.579886963780202,2.127179089395988
5.579886963780202,2.127179089395988
5.579886963780202,2.127179089395988
5.579886963780202,2.127179089395988
5.579886963780202,2.127179089395988
5.579886963780202,2.127179089395988
5.579886963780202,2.127179089395988
5.579886963780202,2.127179089395988
5.579886963780202,2.127179089395988
5.579886963780202,2.127179089395988
5.579886963780202,2.127179089395988
5.579886963780202,2.127179089395988
5.579886963780202,2.127179089395988
5.579886963780202,2.127179089395988
5.579886963780202,2.127179089395988
5.579886963780202,2.127179089395988
5.579886963780202,2.127179089395988
5.579886963780202,2.127179089395988
5.579886963780202,2.127179089395988
5.579886963780202,2.127179089395988
5.579886963780202,2.127179089395988
5.579886963780202,2.127179089395988
5.579886963780202,2.127179089395988
5.579886963780202,2.127179089395988
5.579886963780202,2.127179089395988
5.579886963780202,2.127179089395988
5.579886963780202,2.127179089395988
5.579886963780202,2.127179089395988
5.579886963780202,2.127179089395988
5.579886963780202,2.127179089395988
5.579886963780202,2.127179089395988
5.579886963780202,2.127179089395988
3.150912055813264,4.376577716683159
3.150912055813264,4.376577716683159
3.150912055813264,4.376577716683159
3.150912055813264,4.376577716683159
3.150912055813264,4.376577716683159
3.150912055813264,4.376577716683159
3.150912055813264,4.376577716683159
5.128412122117595,1.199923302041967
5.128412122117595,1.199923302041967
5.128412122117595,1.199923302041967
5.128412122117595,1.199923302041967
5.128412122117595,1.199923302041967
5.128412122117595,1.199923302041967
5.128412122117595,1.199923302041967
5.128412122117595,1.199923302041967
5.128412122117595,1.199923302041967
5.128412122117595,1.199923302041967
5.128412122117595,1.199923302041967
5.128412122117595,1.199923302041967
5.128412122117595,1.199923302041967
5.128412122117595,1.199923302041967
5.128412122117595,1.199923302041967
5.128412122117595,1.199923302041967
5.128412122117595,1.199923302041967
5.128412122117595,1.199923302041967
5.128412122117595,1.199923302041967
5.128412122117595,1.199923302041967
5.128412122117595,1.199923302041967
5.128412122117595,1.199923302041967
5.128412122117595,1.199923302041967
5.128412122117595,1.199923302041967
5.128412122117595,1.199923302041967
5.128412122117595,1.199923302041967
5.128412122117595,1.199923302041967
5.128412122117595,1.199923302041967
5.128412122117595,1.199923302041967
5.128412122117595,1.199923302041967
5.128412122117595,1.199923302041967
5.128412122117595,1.199923302041967
5.128412122117595,1.199923302041967
5.128412122117595,1.199923302041967
5.128412122117595,1.199923302041967
5.128412122117595,1.199923302041967
5.128412122117595,1.199923302041967
5.128412122117595,1.199923302041967
5.128412122117595,1.199923302041967
5.128412122117595,1.199923302041967
5.128412122117595,1.199923302041967
5.128412122117595,1.199923302041967
5.128412122117595,1.199923302041967
5.128412122117595,1.199923302041967
5.128412122117595,1.199923302041967
5.128412122117595,1.199923302041967
5.128412122117595,1.199923302041967
5.128412122117595,1.199923302041967
5.128412122117595,1.199923302041967
5.128412122117595,1.199923302041967
5.128412122117595,1.199923302041967
5.128412122117595,1.199923302041967
5.128412122117595,1.199923302041967
5.128412122117595,1.199923302041967
5.128412122117595,1.199923302041967
5.128412122117595,1.199923302041967
5.128412122117595,1.199923302041967
5.128412122117595,1.199923302041967
5.128412122117595,1.199923302041967
5.128412122117595,1.199923302041967
5.128412122117595,1.199923302041967
5.128412122117595,1.199923302041967
5.128412122117595,1.199923302041967
5.128412122117595,1.199923302041967
5.128412122117595,1.199923302041967
5.128412122117595,1.199923302041967
5.128412122117595,1.199923302041967
5.128412122117595,1.199923302041967
2.8742386351508937,2.9741543455624444
2.8742386351508937,2.9741543455624444
2.8742386351508937,2.9741543455624444
2.8742386351508937,2.9741543455624444
2.8742386351508937,2.9741543455624444
2.8742386351508937,2.9741543455624444
2.8742386351508937,2.9741543455624444
2.8742386351508937,2.9741543455624444
2.8742386351508937,2.9741543455624444
2.8742386351508937,2.9741543455624444
2.8742386351508937,2.9741543455624444
2.8742386351508937,2.9741543455624444
2.8742386351508937,2.9741543455624444
2.8742386351508937,2.9741543455624444
2.8742386351508937,2.9741543455624444
2.8742386351508937,2.9741543455624444
2.8742386351508937,2.9741543455624444
2.8742386351508937,2.9741543455624444
2.8742386351508937,2.9741543455624444
2.8742386351508937,2.9741543455624444
2.8742386351508937,2.9741543455624444
2.8742386351508937,2.9741543455624444
2.8742386351508937,2.9741543455624444
2.8742386351508937,2.9741543455624444
2.8742386351508937,2.9741543455624444
2.8742386351508937,2.9741543455624444
2.8742386351508937,2.9741543455624444
2.8742386351508937,2.9741543455624444
2.8742386351508937,2.9741543455624444
2.8742386351508937,2.9741543455624444
2.8742386351508937,2.9741543455624444
2.8742386351508937,2.9741543455624444
2.8742386351508937,2.9741543455624444
2.8742386351508937,2.9741543455624444
2.8742386351508937,2.9741543455624444
2.8742386351508937,2.9741543455624444
2.8742386351508937,2.9741543455624444
2.8742386351508937,2.9741543455624444
2.8742386351508937,2.9741543455624444
2.8742386351508937,2.9741543455624444
2.8742386351508937,2.9741543455624444
2.8742386351508937,2.9741543455624444
2.8742386351508937,2.9741543455624444
2.8742386351508937,2.9741543455624444
2.1600391014886884,4.443813176545391
2.1600391014886884,4.443813176545391
2.1600391014886884,4.443813176545391
2.1600391014886884,4.443813176545391
2.1600391014886884,4.443813176545391
2.1600391014886884,4.443813176545391
2.1600391014886884,4.443813176545391
3.610775602578973,4.445142356151956
3.610775602578973,4.445142356151956
3.610775602578973,4.445142356151956
3.610775602578973,4.445142356151956
3.610775602578973,4.445142356151956
3.610775602578973,4.445142356151956
3.610775602578973,4.445142356151956
3.610775602578973,4.445142356151956
3.610775602578973,4.445142356151956
3.610775602578973,4.445142356151956
3.610775602578973,4.445142356151956
3.610775602578973,4.445142356151956
3.610775602578973,4.445142356151956
3.610775602578973,4.445142356151956
2.5722479658080633,4.4064660692215245
2.5722479658080633,4.4064660692215245
2.5722479658080633,4.4064660692215245
2.5722479658080633,4.4064660692215245
2.5722479658080633,4.4064660692215245
2.5722479658080633,4.4064660692215245
2.5722479658080633,4.4064660692215245
2.5722479658080633,4.4064660692215245
2.5722479658080633,4.4064660692215245
2.5722479658080633,4.4064660692215245
2.5722479658080633,4.4064660692215245
2.5722479658080633,4.4064660692215245
2.5722479658080633,4.4064660692215245
2.5722479658080633,4.4064660692215245
2.5722479658080633,4.4064660692215245
2.5722479658080633,4.4064660692215245
2.5722479658080633,4.4064660692215245
2.5722479658080633,4.4064660692215245
2.4864577876380696,1.7364263242299351
2.4864577876380696,1.7364263242299351
2.4864577876380696,1.7364263242299351
2.4864577876380696,1.7364263242299351
2.4864577876380696,1.7364263242299351
2.4864577876380696,1.7364263242299351
2.4864577876380696,1.7364263242299351
2.4864577876380696,1.7364263242299351
2.4864577876380696,1.7364263242299351
2.4864577876380696,1.7364263242299351
2.4864577876380696,1.7364263242299351
2.4864577876380696,1.7364263242299351
2.4864577876380696,1.7364263242299351
2.4864577876380696,1.7364263242299351
2.4864577876380696,1.7364263242299351
2.4864577876380696,1.7364263242299351
2.4864577876380696,1.7364263242299351
2.4864577876380696,1.7364263242299351
2.4864577876380696,1.7364263242299351
2.4864577876380696,1.7364263242299351
2.4864577876380696,1.7364263242299351
2.4864577876380696,1.7364263242299351
2.4864577876380696,1.7364263242299351
2.4864577876380696,1.7364263242299351
2.4864577876380696,1.7364263242299351
2.4864577876380696,1.7364263242299351
2.4864577876380696,1.7364263242299351
2.4864577876380696,1.7364263242299351
2.4864577876380696,1.7364263242299351
2.4864577876380696,1.7364263242299351
2.4864577876380696,1.7364263242299351
2.4864577876380696,1.7364263242299351
2.4864577876380696,1.7364263242299351
2.4864577876380696,1.7364263242299351
2.4864577876380696,1.7364263242299351
2.4864577876380696,1.7364263242299351
2.4864577876380696,1.7364263242299351
2.4864577876380696,1.7364263242299351
2.4864577876380696,1.7364263242299351
2.4864577876380696,1.7364263242299351
