3.5,3.5
2.850600078890437,2.8428428936220556
2.3732715803452002,3.6552354545314536
1.6857875652881402,4.105369182647185
3.0603450242745636,3.1161208585947966
3.0603450242745636,3.1161208585947966
3.0603450242745636,3.1161208585947966
2.8543225393152696,3.126388180953337
2.8543225393152696,3.126388180953337
2.8543225393152696,3.126388180953337
2.8543225393152696,3.126388180953337
2.8543225393152696,3.126388180953337
2.8543225393152696,3.126388180953337
2.1998601612621593,3.2016481247900614
2.1998601612621593,3.2016481247900614
2.1998601612621593,3.2016481247900614
2.1998601612621593,3.2016481247900614
2.1998601612621593,3.2016481247900614
2.1998601612621593,3.2016481247900614
2.1998601612621593,3.2016481247900614
2.1998601612621593,3.2016481247900614
2.1998601612621593,3.2016481247900614
2.1998601612621593,3.2016481247900614
2.1998601612621593,3.2016481247900614
3.3421956845276055,3.04341007339462
3.3421956845276055,3.04341007339462
3.3421956845276055,3.04341007339462
3.3421956845276055,3.04341007339462
3.3421956845276055,3.04341007339462
3.3421956845276055,3.04341007339462
3.3421956845276055,3.04341007339462
3.3421956845276055,3.04341007339462
3.3421956845276055,3.04341007339462
3.3421956845276055,3.04341007339462
3.3421956845276055,3.04341007339462
2.282473595972497,3.8413178951467684
2.282473595972497,3.8413178951467684
2.282473595972497,3.8413178951467684
2.282473595972497,3.8413178951467684
2.282473595972497,3.8413178951467684
2.282473595972497,3.8413178951467684
2.282473595972497,3.8413178951467684
2.282473595972497,3.8413178951467684
2.282473595972497,3.8413178951467684
2.282473595972497,3.8413178951467684
2.282473595972497,3.8413178951467684
2.282473595972497,3.8413178951467684
2.282473595972497,3.8413178951467684
2.282473595972497,3.8413178951467684
2.282473595972497,3.8413178951467684
2.282473595972497,3.8413178951467684
2.282473595972497,3.8413178951467684
2.282473595972497,3.8413178951467684
2.282473595972497,3.8413178951467684
0.7898295271136819,4.078988699330856
3.079720518560473,1.8936831812123687
1.1307628301905481,3.1502391985704676
2.0701574077293454,3.554593864740564
2.0701574077293454,3.554593864740564
2.0701574077293454,3.554593864740564
2.0701574077293454,3.554593864740564
2.0701574077293454,3.554593864740564
2.0701574077293454,3.554593864740564
2.0701574077293454,3.554593864740564
2.0701574077293454,3.554593864740564
2.0701574077293454,3.554593864740564
2.0701574077293454,3.554593864740564
2.0701574077293454,3.554593864740564
2.0701574077293454,3.554593864740564
2.0701574077293454,3.554593864740564
2.0701574077293454,3.554593864740564
2.0701574077293454,3.554593864740564
2.0701574077293454,3.554593864740564
2.0701574077293454,3.554593864740564
2.0701574077293454,3.554593864740564
2.0701574077293454,3.554593864740564
2.0701574077293454,3.554593864740564
2.0701574077293454,3.554593864740564
2.0701574077293454,3.554593864740564
2.0701574077293454,3.554593864740564
2.0701574077293454,3.554593864740564
2.0701574077293454,3.554593864740564
2.0701574077293454,3.554593864740564
2.0701574077293454,3.554593864740564
2.0701574077293454,3.554593864740564
2.0701574077293454,3.554593864740564
2.0701574077293454,3.554593864740564
2.0701574077293454,3.554593864740564
2.0701574077293454,3.554593864740564
2.0701574077293454,3.554593864740564
2.0701574077293454,3.554593864740564
2.0701574077293454,3.554593864740564
2.0701574077293454,3.554593864740564
2.0701574077293454,3.554593864740564
2.0701574077293454,3.554593864740564
0.9911521989179017,4.307401413880994
0.9911521989179017,4.307401413880994
1.1359265174839808,3.6508133758336476
1.1359265174839808,3.6508133758336476
1.1359265174839808,3.6508133758336476
1.1359265174839808,3.6508133758336476
1.1359265174839808,3.6508133758336476
1.1359265174839808,3.6508133758336476
1.1359265174839808,3.6508133758336476
1.1359265174839808,3.6508133758336476
1.1359265174839808,3.6508133758336476
1.1359265174839808,3.6508133758336476
1.1359265174839808,3.6508133758336476
1.1359265174839808,3.6508133758336476
1.1359265174839808,3.6508133758336476
1.1359265174839808,3.6508133758336476
1.1359265174839808,3.6508133758336476
1.1359265174839808,3.6508133758336476
1.1359265174839808,3.6508133758336476
1.1359265174839808,3.6508133758336476
1.1359265174839808,3.6508133758336476
1.1359265174839808,3.6508133758336476
1.1359265174839808,3.6508133758336476
1.1359265174839808,3.6508133758336476
1.1359265174839808,3.6508133758336476
1.1359265174839808,3.6508133758336476
1.1359265174839808,3.6508133758336476
1.1359265174839808,3.6508133758336476
1.1359265174839808,3.6508133758336476
1.1359265174839808,3.6508133758336476
1.1359265174839808,3.6508133758336476
1.1359265174839808,3.6508133758336476
1.1359265174839808,3.6508133758336476
1.1359265174839808,3.6508133758336476
1.1359265174839808,3.6508133758336476
1.1359265174839808,3.6508133758336476
1.1359265174839808,3.6508133758336476
1.1359265174839808,3.6508133758336476
1.1359265174839808,3.6508133758336476
1.1359265174839808,3.6508133758336476
1.1359265174839808,3.6508133758336476
1.1359265174839808,3.6508133758336476
1.1359265174839808,3.6508133758336476
1.1359265174839808,3.6508133758336476
1.1359265174839808,3.6508133758336476
1.481931739558854,2.9457875279656056
1.481931739558854,2.9457875279656056
1.481931739558854,2.9457875279656056
1.481931739558854,2.9457875279656056
1.481931739558854,2.9457875279656056
1.481931739558854,2.9457875279656056
1.481931739558854,2.9457875279656056
1.481931739558854,2.9457875279656056
1.481931739558854,2.9457875279656056
1.481931739558854,2.9457875279656056
1.481931739558854,2.9457875279656056
1.481931739558854,2.9457875279656056
1.481931739558854,2.9457875279656056
1.481931739558854,2.9457875279656056
1.481931739558854,2.9457875279656056
1.481931739558854,2.9457875279656056
1.481931739558854,2.9457875279656056
1.481931739558854,2.9457875279656056
1.481931739558854,2.9457875279656056
1.481931739558854,2.9457875279656056
1.481931739558854,2.9457875279656056
1.481931739558854,2.9457875279656056
1.481931739558854,2.9457875279656056
1.481931739558854,2.9457875279656056
1.481931739558854,2.9457875279656056
1.481931739558854,2.9457875279656056
1.481931739558854,2.9457875279656056
1.481931739558854,2.9457875279656056
1.481931739558854,2.9457875279656056
1.481931739558854,2.9457875279656056
1.481931739558854,2.9457875279656056
1.481931739558854,2.9457875279656056
1.481931739558854,2.9457875279656056
1.481931739558854,2.9457875279656056
1.481931739558854,2.9457875279656056
1.481931739558854,2.9457875279656056
1.481931739558854,2.9457875279656056
1.481931739558854,2.9457875279656056
1.481931739558854,2.9457875279656056
1.481931739558854,2.9457875279656056
1.481931739558854,2.9457875279656056
1.481931739558854,2.9457875279656056
1.481931739558854,2.9457875279656056
1.481931739558854,2.9457875279656056
1.481931739558854,2.9457875279656056
1.481931739558854,2.9457875279656056
1.481931739558854,2.9457875279656056
1.481931739558854,2.9457875279656056
1.481931739558854,2.9457875279656056
1.481931739558854,2.9457875279656056
1.481931739558854,2.9457875279656056
1.481931739558854,2.9457875279656056
1.481931739558854,2.9457875279656056
1.481931739558854,2.9457875279656056
1.481931739558854,2.9457875279656056
1.481931739558854,2.9457875279656056
1.481931739558854,2.9457875279656056
1.481931739558854,2.9457875279656056
1.481931739558854,2.9457875279656056
1.481931739558854,2.9457875279656056
1.481931739558854,2.9457875279656056
1.481931739558854,2.9457875279656056
1.481931739558854,2.9457875279656056
1.481931739558854,2.9457875279656056
1.481931739558854,2.9457875279656056
1.481931739558854,2.9457875279656056
1.481931739558854,2.9457875279656056
1.481931739558854,2.9457875279656056
1.481931739558854,2.9457875279656056
1.481931739558854,2.9457875279656056
1.481931739558854,2.9457875279656056
1.481931739558854,2.9457875279656056
1.481931739558854,2.9457875279656056
1.481931739558854,2.9457875279656056
1.481931739558854,2.9457875279656056
1.481931739558854,2.9457875279656056
1.481931739558854,2.9457875279656056
1.481931739558854,2.9457875279656056
1.481931739558854,2.9457875279656056
1.481931739558854,2.9457875279656056
1.481931739558854,2.9457875279656056
1.481931739558854,2.9457875279656056
1.481931739558854,2.9457875279656056
1.481931739558854,2.9457875279656056
1.481931739558854,2.9457875279656056
1.481931739558854,2.9457875279656056
1.481931739558854,2.9457875279656056
1.481931739558854,2.9457875279656056
1.481931739558854,2.9457875279656056
1.481931739558854,2.9457875279656056
1.481931739558854,2.9457875279656056
1.481931739558854,2.9457875279656056
1.481931739558854,2.9457875279656056
1.9032221004554213,2.8918734838172764
1.9032221004554213,2.8918734838172764
1.9032221004554213,2.8918734838172764
1.9032221004554213,2.8918734838172764
1.9032221004554213,2.8918734838172764
1.9032221004554213,2.8918734838172764
1.9032221004554213,2.8918734838172764
1.9032221004554213,2.8918734838172764
1.9032221004554213,2.8918734838172764
1.9032221004554213,2.8918734838172764
1.9032221004554213,2.8918734838172764
1.9032221004554213,2.8918734838172764
1.9032221004554213,2.8918734838172764
1.9032221004554213,2.8918734838172764
1.9032221004554213,2.8918734838172764
1.9032221004554213,2.8918734838172764
1.9032221004554213,2.8918734838172764
1.9032221004554213,2.8918734838172764
1.9032221004554213,2.8918734838172764
1.9032221004554213,2.8918734838172764
1.9032221004554213,2.8918734838172764
1.9032221004554213,2.8918734838172764
1.9032221004554213,2.8918734838172764
1.9032221004554213,2.8918734838172764
1.9032221004554213,2.8918734838172764
1.9032221004554213,2.8918734838172764
1.9032221004554213,2.8918734838172764
1.9032221004554213,2.8918734838172764
1.9032221004554213,2.8918734838172764
1.9032221004554213,2.8918734838172764
1.9032221004554213,2.8918734838172764
1.9032221004554213,2.8918734838172764
1.9032221004554213,2.8918734838172764
1.9032221004554213,2.8918734838172764
1.9032221004554213,2.8918734838172764
1.9032221004554213,2.8918734838172764
1.9032221004554213,2.8918734838172764
1.9032221004554213,2.8918734838172764
1.9032221004554213,2.8918734838172764
1.9032221004554213,2.8918734838172764
1.9032221004554213,2.8918734838172764
1.9032221004554213,2.8918734838172764
1.9032221004554213,2.8918734838172764
1.9032221004554213,2.8918734838172764
1.9032221004554213,2.8918734838172764
1.9032221004554213,2.8918734838172764
1.9032221004554213,2.8918734838172764
1.9032221004554213,2.8918734838172764
1.9032221004554213,2.8918734838172764
1.9032221004554213,2.8918734838172764
1.9032221004554213,2.8918734838172764
1.9032221004554213,2.8918734838172764
1.9032221004554213,2.8918734838172764
1.9032221004554213,2.8918734838172764
1.9032221004554213,2.8918734838172764
1.9032221004554213,2.8918734838172764
1.9032221004554213,2.8918734838172764
1.9032221004554213,2.8918734838172764
1.9032221004554213,2.8918734838172764
1.9032221004554213,2.8918734838172764
1.9032221004554213,2.8918734838172764
1.9032221004554213,2.8918734838172764
1.9032221004554213,2.8918734838172764
1.9032221004554213,2.8918734838172764
1.9032221004554213,2.8918734838172764
1.9032221004554213,2.8918734838172764
1.9032221004554213,2.8918734838172764
1.9032221004554213,2.8918734838172764
1.9032221004554213,2.8918734838172764
1.9032221004554213,2.8918734838172764
1.9032221004554213,2.8918734838172764
1.9032221004554213,2.8918734838172764
1.9032221004554213,2.8918734838172764
1.9032221004554213,2.8918734838172764
1.9032221004554213,2.8918734838172764
1.9032221004554213,2.8918734838172764
1.9032221004554213,2.8918734838172764
1.9032221004554213,2.8918734838172764
1.9032221004554213,2.8918734838172764
1.9032221004554213,2.8918734838172764
1.9032221004554213,2.8918734838172764
1.9032221004554213,2.8918734838172764
1.9032221004554213,2.8918734838172764
1.9032221004554213,2.8918734838172764
1.9032221004554213,2.8918734838172764
1.9032221004554213,2.8918734838172764
1.9032221004554213,2.8918734838172764
1.9032221004554213,2.8918734838172764
1.9032221004554213,2.8918734838172764
1.9032221004554213,2.8918734838172764
1.9032221004554213,2.8918734838172764
1.9032221004554213,2.8918734838172764
1.9032221004554213,2.8918734838172764
1.9032221004554213,2.8918734838172764
1.9032221004554213,2.8918734838172764
1.9032221004554213,2.8918734838172764
1.9032221004554213,2.8918734838172764
1.9032221004554213,2.8918734838172764
1.9032221004554213,2.8918734838172764
1.9032221004554213,2.8918734838172764
1.9032221004554213,2.8918734838172764
1.9032221004554213,2.8918734838172764
1.9032221004554213,2.8918734838172764
1.9032221004554213,2.8918734838172764
1.9032221004554213,2.8918734838172764
1.9032221004554213,2.8918734838172764
1.9032221004554213,2.8918734838172764
1.9032221004554213,2.8918734838172764
1.9032221004554213,2.8918734838172764
1.9032221004554213,2.8918734838172764
1.9032221004554213,2.8918734838172764
1.9032221004554213,2.8918734838172764
1.9032221004554213,2.8918734838172764
1.9032221004554213,2.8918734838172764
1.9032221004554213,2.8918734838172764
1.9032221004554213,2.8918734838172764
1.9032221004554213,2.8918734838172764
1.9032221004554213,2.8918734838172764
1.9032221004554213,2.8918734838172764
1.9032221004554213,2.8918734838172764
1.9032221004554213,2.8918734838172764
1.9032221004554213,2.8918734838172764
1.9032221004554213,2.8918734838172764
1.9032221004554213,2.8918734838172764
1.9032221004554213,2.8918734838172764
1.9032221004554213,2.8918734838172764
1.9032221004554213,2.8918734838172764
1.9032221004554213,2.8918734838172764
1.9032221004554213,2.8918734838172764
1.9032221004554213,2.8918734838172764
1.9032221004554213,2.8918734838172764
1.9032221004554213,2.8918734838172764
1.9032221004554213,2.8918734838172764
1.9032221004554213,2.8918734838172764
1.9032221004554213,2.8918734838172764
1.9032221004554213,2.8918734838172764
1.9032221004554213,2.8918734838172764
1.9032221004554213,2.8918734838172764
1.9032221004554213,2.8918734838172764
1.9032221004554213,2.8918734838172764
1.9032221004554213,2.8918734838172764
1.9032221004554213,2.8918734838172764
1.9032221004554213,2.8918734838172764
1.9032221004554213,2.8918734838172764
1.9032221004554213,2.8918734838172764
1.9032221004554213,2.8918734838172764
1.9032221004554213,2.8918734838172764
1.9032221004554213,2.8918734838172764
1.9032221004554213,2.8918734838172764
1.9032221004554213,2.8918734838172764
1.9032221004554213,2.8918734838172764
2.5666180701488197,2.767673557353332
2.5666180701488197,2.767673557353332
2.5666180701488197,2.767673557353332
2.5666180701488197,2.767673557353332
2.5666180701488197,2.767673557353332
2.5666180701488197,2.767673557353332
2.5666180701488197,2.767673557353332
2.5666180701488197,2.767673557353332
2.5666180701488197,2.767673557353332
2.5666180701488197,2.767673557353332
2.5666180701488197,2.767673557353332
2.5666180701488197,2.767673557353332
2.5666180701488197,2.767673557353332
2.5666180701488197,2.767673557353332
2.5666180701488197,2.767673557353332
2.5666180701488197,2.767673557353332
2.5666180701488197,2.767673557353332
2.5666180701488197,2.767673557353332
2.5666180701488197,2.767673557353332
2.5666180701488197,2.767673557353332
2.5666180701488197,2.767673557353332
2.5666180701488197,2.767673557353332
2.5666180701488197,2.767673557353332
2.5666180701488197,2.767673557353332
2.5666180701488197,2.767673557353332
2.5666180701488197,2.767673557353332
2.5666180701488197,2.767673557353332
2.5666180701488197,2.767673557353332
2.5666180701488197,2.767673557353332
2.5666180701488197,2.767673557353332
2.5666180701488197,2.767673557353332
2.5666180701488197,2.767673557353332
2.5666180701488197,2.767673557353332
2.5666180701488197,2.767673557353332
2.5666180701488197,2.767673557353332
2.5666180701488197,2.767673557353332
2.5666180701488197,2.767673557353332
2.5666180701488197,2.767673557353332
2.5666180701488197,2.767673557353332
2.5666180701488197,2.767673557353332
2.5666180701488197,2.767673557353332
2.5666180701488197,2.767673557353332
2.5666180701488197,2.767673557353332
2.5666180701488197,2.767673557353332
2.5666180701488197,2.767673557353332
2.5666180701488197,2.767673557353332
2.5666180701488197,2.767673557353332
2.5666180701488197,2.767673557353332
2.5666180701488197,2.767673557353332
2.5666180701488197,2.767673557353332
2.5666180701488197,2.767673557353332
2.5666180701488197,2.767673557353332
2.5666180701488197,2.767673557353332
2.5666180701488197,2.767673557353332
2.5666180701488197,2.767673557353332
2.5666180701488197,2.767673557353332
2.5666180701488197,2.767673557353332
2.5666180701488197,2.767673557353332
2.5666180701488197,2.767673557353332
2.5666180701488197,2.767673557353332
2.5666180701488197,2.767673557353332
2.5666180701488197,2.767673557353332
2.5666180701488197,2.767673557353332
2.5666180701488197,2.767673557353332
2.5666180701488197,2.767673557353332
2.5666180701488197,2.767673557353332
2.5666180701488197,2.767673557353332
2.5666180701488197,2.767673557353332
2.5666180701488197,2.767673557353332
2.5666180701488197,2.767673557353332
2.5666180701488197,2.767673557353332
2.5666180701488197,2.767673557353332
2.5666180701488197,2.767673557353332
2.5666180701488197,2.767673557353332
2.5666180701488197,2.767673557353332
2.5666180701488197,2.767673557353332
2.5666180701488197,2.767673557353332
2.5666180701488197,2.767673557353332
2.5666180701488197,2.767673557353332
2.5666180701488197,2.767673557353332
2.5666180701488197,2.767673557353332
2.5666180701488197,2.767673557353332
2.5666180701488197,2.767673557353332
2.5666180701488197,2.767673557353332
2.5666180701488197,2.767673557353332
2.5666180701488197,2.767673557353332
2.5666180701488197,2.767673557353332
2.5666180701488197,2.767673557353332
2.5666180701488197,2.767673557353332
2.5666180701488197,2.767673557353332
2.5666180701488197,2.767673557353332
2.5666180701488197,2.767673557353332
2.5666180701488197,2.767673557353332
2.5666180701488197,2.767673557353332
2.5666180701488197,2.767673557353332
2.5666180701488197,2.767673557353332
2.5666180701488197,2.767673557353332
2.5666180701488197,2.767673557353332
2.5666180701488197,2.767673557353332
2.5666180701488197,2.767673557353332
2.5666180701488197,2.767673557353332
2.5666180701488197,2.767673557353332
2.5666180701488197,2.767673557353332
2.5666180701488197,2.767673557353332
2.5666180701488197,2.767673557353332
2.5666180701488197,2.767673557353332
2.5666180701488197,2.767673557353332
2.5666180701488197,2.767673557353332
2.5666180701488197,2.767673557353332
2.5666180701488197,2.767673557353332
2.5666180701488197,2.767673557353332
2.5666180701488197,2.767673557353332
2.5666180701488197,2.767673557353332
2.5666180701488197,2.767673557353332
2.5666180701488197,2.767673557353332
2.5666180701488197,2.767673557353332
2.5666180701488197,2.767673557353332
2.5666180701488197,2.767673557353332
2.5666180701488197,2.767673557353332
2.5666180701488197,2.767673557353332
2.5666180701488197,2.767673557353332
2.5666180701488197,2.767673557353332
2.5666180701488197,2.767673557353332
2.5666180701488197,2.767673557353332
2.5666180701488197,2.767673557353332
2.5666180701488197,2.767673557353332
2.5666180701488197,2.767673557353332
2.5666180701488197,2.767673557353332
2.5666180701488197,2.767673557353332
2.5666180701488197,2.767673557353332
2.5666180701488197,2.767673557353332
2.5666180701488197,2.767673557353332
2.5666180701488197,2.767673557353332
2.5666180701488197,2.767673557353332
2.5666180701488197,2.767673557353332
2.5666180701488197,2.767673557353332
2.5666180701488197,2.767673557353332
2.5666180701488197,2.767673557353332
2.5666180701488197,2.767673557353332
2.5666180701488197,2.767673557353332
2.5666180701488197,2.767673557353332
2.5666180701488197,2.767673557353332
2.5666180701488197,2.767673557353332
2.5666180701488197,2.767673557353332
2.5666180701488197,2.767673557353332
2.5666180701488197,2.767673557353332
2.5666180701488197,2.767673557353332
2.5666180701488197,2.767673557353332
2.5666180701488197,2.767673557353332
2.5666180701488197,2.767673557353332
2.5666180701488197,2.767673557353332
2.5666180701488197,2.767673557353332
2.5666180701488197,2.767673557353332
2.5666180701488197,2.767673557353332
2.5666180701488197,2.767673557353332
2.5666180701488197,2.767673557353332
2.5666180701488197,2.767673557353332
2.5666180701488197,2.767673557353332
2.5666180701488197,2.767673557353332
2.5666180701488197,2.767673557353332
2.5666180701488197,2.767673557353332
2.5666180701488197,2.767673557353332
2.5666180701488197,2.767673557353332
2.5666180701488197,2.767673557353332
2.5666180701488197,2.767673557353332
2.5666180701488197,2.767673557353332
2.5666180701488197,2.767673557353332
2.5666180701488197,2.767673557353332
2.5666180701488197,2.767673557353332
2.5666180701488197,2.767673557353332
2.5666180701488197,2.767673557353332
2.5666180701488197,2.767673557353332
2.5666180701488197,2.767673557353332
2.5666180701488197,2.767673557353332
2.5666180701488197,2.767673557353332
2.5666180701488197,2.767673557353332
2.5666180701488197,2.767673557353332
2.5666180701488197,2.767673557353332
2.5666180701488197,2.767673557353332
2.5666180701488197,2.767673557353332
2.5666180701488197,2.767673557353332
2.5666180701488197,2.767673557353332
2.5666180701488197,2.767673557353332
2.5666180701488197,2.767673557353332
2.5666180701488197,2.767673557353332
2.5666180701488197,2.767673557353332
2.5666180701488197,2.767673557353332
2.5666180701488197,2.767673557353332
2.5666180701488197,2.767673557353332
2.5666180701488197,2.767673557353332
2.5666180701488197,2.767673557353332
2.5666180701488197,2.767673557353332
2.5666180701488197,2.767673557353332
2.5666180701488197,2.767673557353332
2.5666180701488197,2.767673557353332
2.5666180701488197,2.767673557353332
2.5666180701488197,2.767673557353332
2.5666180701488197,2.767673557353332
2.5666180701488197,2.767673557353332
2.5666180701488197,2.767673557353332
2.5666180701488197,2.767673557353332
2.5666180701488197,2.767673557353332
2.5666180701488197,2.767673557353332
2.5666180701488197,2.767673557353332
2.5666180701488197,2.767673557353332
2.5666180701488197,2.767673557353332
2.5666180701488197,2.767673557353332
2.5666180701488197,2.767673557353332
2.5666180701488197,2.767673557353332
2.5666180701488197,2.767673557353332
2.5666180701488197,2.767673557353332
2.5666180701488197,2.767673557353332
2.5666180701488197,2.767673557353332
2.5666180701488197,2.767673557353332
2.5666180701488197,2.767673557353332
2.5666180701488197,2.767673557353332
2.5666180701488197,2.767673557353332
2.5666180701488197,2.767673557353332
2.5666180701488197,2.767673557353332
2.5666180701488197,2.767673557353332
2.5666180701488197,2.767673557353332
2.5666180701488197,2.767673557353332
