3.5,3.5
4.197778621317192,2.8104831429685104
3.8691610358564947,1.8928088294079541
4.1543287028629345,3.402065375462991
4.1543287028629345,3.402065375462991
3.1531304304602727,1.4658665893192118
3.8494884040912316,3.4453584229862053
3.8494884040912316,3.4453584229862053
3.8494884040912316,3.4453584229862053
3.8494884040912316,3.4453584229862053
3.583989220477108,1.00672395646561
3.583989220477108,1.00672395646561
3.840369204715224,2.5873371132323686
3.840369204715224,2.5873371132323686
3.840369204715224,2.5873371132323686
3.840369204715224,2.5873371132323686
3.840369204715224,2.5873371132323686
3.840369204715224,2.5873371132323686
3.840369204715224,2.5873371132323686
3.840369204715224,2.5873371132323686
3.840369204715224,2.5873371132323686
3.6430840070870216,0.1850331004864888
3.6430840070870216,0.1850331004864888
3.426229951182076,1.5140798508719502
3.426229951182076,1.5140798508719502
3.426229951182076,1.5140798508719502
3.426229951182076,1.5140798508719502
4.328719233954912,0.2745072820294254
4.328719233954912,0.2745072820294254
2.313838403948913,1.5152743170515335
1.5445465691833347,1.0911860076014872
2.5219002800839583,3.5773022907417045
3.1465967410256863,1.5372962425614878
3.1465967410256863,1.5372962425614878
3.1465967410256863,1.5372962425614878
3.1465967410256863,1.5372962425614878
3.1465967410256863,1.5372962425614878
3.1465967410256863,1.5372962425614878
3.1465967410256863,1.5372962425614878
3.1465967410256863,1.5372962425614878
3.1465967410256863,1.5372962425614878
0.8037324478694917,1.469148444219114
0.4521243734284014,1.5590418262887753
3.4477290755645256,3.4880514092063115
3.4477290755645256,3.4880514092063115
3.4477290755645256,3.4880514092063115
3.4477290755645256,3.4880514092063115
3.4477290755645256,3.4880514092063115
3.4477290755645256,3.4880514092063115
3.4477290755645256,3.4880514092063115
3.4477290755645256,3.4880514092063115
3.4477290755645256,3.4880514092063115
3.4477290755645256,3.4880514092063115
3.4477290755645256,3.4880514092063115
3.4477290755645256,3.4880514092063115
3.4477290755645256,3.4880514092063115
3.4477290755645256,3.4880514092063115
3.4477290755645256,3.4880514092063115
3.4477290755645256,3.4880514092063115
3.4477290755645256,3.4880514092063115
1.8066896507354495,3.4534559387905173
0.01319412958615529,1.1141645571273688
0.01319412958615529,1.1141645571273688
4.335808645315745,2.420018445363009
4.335808645315745,2.420018445363009
4.335808645315745,2.420018445363009
4.335808645315745,2.420018445363009
4.335808645315745,2.420018445363009
4.335808645315745,2.420018445363009
4.335808645315745,2.420018445363009
4.335808645315745,2.420018445363009
4.335808645315745,2.420018445363009
4.335808645315745,2.420018445363009
4.335808645315745,2.420018445363009
4.335808645315745,2.420018445363009
4.335808645315745,2.420018445363009
2.7583424558404244,2.3940667508017137
2.7583424558404244,2.3940667508017137
2.7583424558404244,2.3940667508017137
2.7583424558404244,2.3940667508017137
2.7583424558404244,2.3940667508017137
2.7583424558404244,2.3940667508017137
2.7583424558404244,2.3940667508017137
2.7583424558404244,2.3940667508017137
2.7583424558404244,2.3940667508017137
2.7583424558404244,2.3940667508017137
2.731519237396033,2.3557956479390088
2.731519237396033,2.3557956479390088
2.731519237396033,2.3557956479390088
2.731519237396033,2.3557956479390088
2.731519237396033,2.3557956479390088
2.731519237396033,2.3557956479390088
2.731519237396033,2.3557956479390088
2.731519237396033,2.3557956479390088
2.731519237396033,2.3557956479390088
2.731519237396033,2.3557956479390088
2.731519237396033,2.3557956479390088
2.731519237396033,2.3557956479390088
2.731519237396033,2.3557956479390088
2.731519237396033,2.3557956479390088
2.731519237396033,2.3557956479390088
2.731519237396033,2.3557956479390088
2.731519237396033,2.3557956479390088
2.731519237396033,2.3557956479390088
2.731519237396033,2.3557956479390088
2.731519237396033,2.3557956479390088
2.731519237396033,2.3557956479390088
2.77133128200386,4.485158165295345
0.6864154488915002,0.4286163292101617
0.6864154488915002,0.4286163292101617
4.63372826795104,3.068929700575029
4.63372826795104,3.068929700575029
4.63372826795104,3.068929700575029
4.63372826795104,3.068929700575029
4.63372826795104,3.068929700575029
4.63372826795104,3.068929700575029
4.63372826795104,3.068929700575029
4.63372826795104,3.068929700575029
4.63372826795104,3.068929700575029
4.63372826795104,3.068929700575029
4.63372826795104,3.068929700575029
4.63372826795104,3.068929700575029
4.63372826795104,3.068929700575029
4.63372826795104,3.068929700575029
4.63372826795104,3.068929700575029
4.63372826795104,3.068929700575029
4.63372826795104,3.068929700575029
4.63372826795104,3.068929700575029
4.63372826795104,3.068929700575029
4.63372826795104,3.068929700575029
4.63372826795104,3.068929700575029
4.63372826795104,3.068929700575029
4.63372826795104,3.068929700575029
4.63372826795104,3.068929700575029
4.63372826795104,3.068929700575029
4.63372826795104,3.068929700575029
4.63372826795104,3.068929700575029
4.63372826795104,3.068929700575029
4.63372826795104,3.068929700575029
1.9571578026679521,3.8430008056834857
1.9571578026679521,3.8430008056834857
0.6728511386257652,1.2891557848960133
0.6728511386257652,1.2891557848960133
0.6728511386257652,1.2891557848960133
0.6728511386257652,1.2891557848960133
0.6728511386257652,1.2891557848960133
0.6728511386257652,1.2891557848960133
0.6728511386257652,1.2891557848960133
4.211031669995092,1.244712451407021
4.211031669995092,1.244712451407021
4.211031669995092,1.244712451407021
4.211031669995092,1.244712451407021
4.211031669995092,1.244712451407021
4.211031669995092,1.244712451407021
4.211031669995092,1.244712451407021
4.211031669995092,1.244712451407021
4.211031669995092,1.244712451407021
1.5921717452137654,1.1616461646121643
1.5921717452137654,1.1616461646121643
1.5921717452137654,1.1616461646121643
1.5921717452137654,1.1616461646121643
1.5921717452137654,1.1616461646121643
1.5921717452137654,1.1616461646121643
1.5921717452137654,1.1616461646121643
1.5921717452137654,1.1616461646121643
1.5921717452137654,1.1616461646121643
1.5921717452137654,1.1616461646121643
4.975892605219997,2.0871639853709865
4.975892605219997,2.0871639853709865
4.975892605219997,2.0871639853709865
4.975892605219997,2.0871639853709865
4.975892605219997,2.0871639853709865
4.975892605219997,2.0871639853709865
4.975892605219997,2.0871639853709865
4.975892605219997,2.0871639853709865
4.975892605219997,2.0871639853709865
4.975892605219997,2.0871639853709865
4.975892605219997,2.0871639853709865
4.975892605219997,2.0871639853709865
4.975892605219997,2.0871639853709865
0.2110598404888494,1.2613176063787537
0.2110598404888494,1.2613176063787537
0.2110598404888494,1.2613176063787537
0.2110598404888494,1.2613176063787537
0.2110598404888494,1.2613176063787537
0.2110598404888494,1.2613176063787537
0.2110598404888494,1.2613176063787537
0.2110598404888494,1.2613176063787537
0.2110598404888494,1.2613176063787537
0.2110598404888494,1.2613176063787537
0.2110598404888494,1.2613176063787537
0.2110598404888494,1.2613176063787537
0.2110598404888494,1.2613176063787537
2.3593528672296173,3.3231502460702
2.3593528672296173,3.3231502460702
2.3593528672296173,3.3231502460702
2.3593528672296173,3.3231502460702
3.496962091598423,0.6199220948532738
3.496962091598423,0.6199220948532738
3.496962091598423,0.6199220948532738
3.496962091598423,0.6199220948532738
3.496962091598423,0.6199220948532738
3.496962091598423,0.6199220948532738
3.496962091598423,0.6199220948532738
3.496962091598423,0.6199220948532738
3.496962091598423,0.6199220948532738
3.496962091598423,0.6199220948532738
3.496962091598423,0.6199220948532738
3.496962091598423,0.6199220948532738
3.496962091598423,0.6199220948532738
3.496962091598423,0.6199220948532738
3.496962091598423,0.6199220948532738
3.496962091598423,0.6199220948532738
3.496962091598423,0.6199220948532738
3.496962091598423,0.6199220948532738
3.496962091598423,0.6199220948532738
3.496962091598423,0.6199220948532738
3.496962091598423,0.6199220948532738
3.496962091598423,0.6199220948532738
3.496962091598423,0.6199220948532738
3.496962091598423,0.6199220948532738
3.496962091598423,0.6199220948532738
3.496962091598423,0.6199220948532738
3.496962091598423,0.6199220948532738
3.496962091598423,0.6199220948532738
3.496962091598423,0.6199220948532738
5.012536798433667,0.5274022860935937
5.012536798433667,0.5274022860935937
5.6117714421959155,0.29146235476606963
5.6117714421959155,0.29146235476606963
3.8361565994472944,3.9892835774237803
3.8361565994472944,3.9892835774237803
3.8361565994472944,3.9892835774237803
3.8361565994472944,3.9892835774237803
3.8361565994472944,3.9892835774237803
3.8361565994472944,3.9892835774237803
3.8361565994472944,3.9892835774237803
3.8361565994472944,3.9892835774237803
3.8361565994472944,3.9892835774237803
3.8361565994472944,3.9892835774237803
3.8361565994472944,3.9892835774237803
3.8361565994472944,3.9892835774237803
3.8361565994472944,3.9892835774237803
3.8361565994472944,3.9892835774237803
3.8361565994472944,3.9892835774237803
3.8361565994472944,3.9892835774237803
3.8361565994472944,3.9892835774237803
3.8361565994472944,3.9892835774237803
3.8361565994472944,3.9892835774237803
3.8361565994472944,3.9892835774237803
3.8361565994472944,3.9892835774237803
3.8361565994472944,3.9892835774237803
3.8361565994472944,3.9892835774237803
3.8361565994472944,3.9892835774237803
3.606259599368922,0.14041354546154006
3.606259599368922,0.14041354546154006
3.606259599368922,0.14041354546154006
3.606259599368922,0.14041354546154006
3.606259599368922,0.14041354546154006
3.606259599368922,0.14041354546154006
3.606259599368922,0.14041354546154006
3.606259599368922,0.14041354546154006
3.606259599368922,0.14041354546154006
3.606259599368922,0.14041354546154006
3.606259599368922,0.14041354546154006
3.606259599368922,0.14041354546154006
3.606259599368922,0.14041354546154006
3.606259599368922,0.14041354546154006
3.606259599368922,0.14041354546154006
3.606259599368922,0.14041354546154006
3.606259599368922,0.14041354546154006
3.606259599368922,0.14041354546154006
3.606259599368922,0.14041354546154006
3.606259599368922,0.14041354546154006
3.606259599368922,0.14041354546154006
3.606259599368922,0.14041354546154006
3.606259599368922,0.14041354546154006
3.606259599368922,0.14041354546154006
3.606259599368922,0.14041354546154006
3.606259599368922,0.14041354546154006
3.606259599368922,0.14041354546154006
3.606259599368922,0.14041354546154006
3.606259599368922,0.14041354546154006
3.606259599368922,0.14041354546154006
3.606259599368922,0.14041354546154006
3.606259599368922,0.14041354546154006
3.606259599368922,0.14041354546154006
3.606259599368922,0.14041354546154006
3.606259599368922,0.14041354546154006
2.1381484366203547,4.463091599762547
2.1381484366203547,4.463091599762547
2.1381484366203547,4.463091599762547
2.1381484366203547,4.463091599762547
1.5261392108210492,5.007351190014212
1.5261392108210492,5.007351190014212
1.5261392108210492,5.007351190014212
1.5261392108210492,5.007351190014212
2.371466317012379,1.8425874332306322
2.371466317012379,1.8425874332306322
2.371466317012379,1.8425874332306322
2.371466317012379,1.8425874332306322
2.371466317012379,1.8425874332306322
2.371466317012379,1.8425874332306322
2.371466317012379,1.8425874332306322
2.371466317012379,1.8425874332306322
2.371466317012379,1.8425874332306322
2.371466317012379,1.8425874332306322
2.371466317012379,1.8425874332306322
2.371466317012379,1.8425874332306322
2.371466317012379,1.8425874332306322
2.371466317012379,1.8425874332306322
2.371466317012379,1.8425874332306322
2.371466317012379,1.8425874332306322
2.371466317012379,1.8425874332306322
2.371466317012379,1.8425874332306322
2.371466317012379,1.8425874332306322
2.371466317012379,1.8425874332306322
2.371466317012379,1.8425874332306322
2.371466317012379,1.8425874332306322
2.371466317012379,1.8425874332306322
2.371466317012379,1.8425874332306322
2.371466317012379,1.8425874332306322
2.371466317012379,1.8425874332306322
2.371466317012379,1.8425874332306322
2.371466317012379,1.8425874332306322
2.371466317012379,1.8425874332306322
2.371466317012379,1.8425874332306322
2.371466317012379,1.8425874332306322
2.371466317012379,1.8425874332306322
2.371466317012379,1.8425874332306322
2.371466317012379,1.8425874332306322
2.371466317012379,1.8425874332306322
2.371466317012379,1.8425874332306322
2.371466317012379,1.8425874332306322
2.371466317012379,1.8425874332306322
2.371466317012379,1.8425874332306322
2.371466317012379,1.8425874332306322
2.371466317012379,1.8425874332306322
2.371466317012379,1.8425874332306322
5.2087388846239415,0.7437998490083662
5.2087388846239415,0.7437998490083662
5.2087388846239415,0.7437998490083662
5.2087388846239415,0.7437998490083662
5.2087388846239415,0.7437998490083662
5.2087388846239415,0.7437998490083662
6.425618712556819,0.7615491519681385
6.425618712556819,0.7615491519681385
6.730697220172918,0.9631661372305144
6.730697220172918,0.9631661372305144
6.567060189895477,1.180483210992072
6.567060189895477,1.180483210992072
6.567060189895477,1.180483210992072
6.567060189895477,1.180483210992072
2.9146546012159016,0.5408186597285315
2.9146546012159016,0.5408186597285315
2.9146546012159016,0.5408186597285315
2.9146546012159016,0.5408186597285315
2.9146546012159016,0.5408186597285315
2.9146546012159016,0.5408186597285315
2.9146546012159016,0.5408186597285315
2.9146546012159016,0.5408186597285315
2.9146546012159016,0.5408186597285315
2.9146546012159016,0.5408186597285315
2.9146546012159016,0.5408186597285315
2.9146546012159016,0.5408186597285315
2.9146546012159016,0.5408186597285315
2.9146546012159016,0.5408186597285315
2.9146546012159016,0.5408186597285315
2.9146546012159016,0.5408186597285315
2.9146546012159016,0.5408186597285315
2.9146546012159016,0.5408186597285315
2.9146546012159016,0.5408186597285315
2.9146546012159016,0.5408186597285315
2.9146546012159016,0.5408186597285315
2.9146546012159016,0.5408186597285315
2.9146546012159016,0.5408186597285315
2.9146546012159016,0.5408186597285315
2.9146546012159016,0.5408186597285315
2.9146546012159016,0.5408186597285315
2.9146546012159016,0.5408186597285315
2.9146546012159016,0.5408186597285315
2.9146546012159016,0.5408186597285315
2.9146546012159016,0.5408186597285315
2.9146546012159016,0.5408186597285315
2.9146546012159016,0.5408186597285315
2.9146546012159016,0.5408186597285315
2.9146546012159016,0.5408186597285315
2.9146546012159016,0.5408186597285315
2.9146546012159016,0.5408186597285315
2.9146546012159016,0.5408186597285315
2.9146546012159016,0.5408186597285315
2.9146546012159016,0.5408186597285315
2.9146546012159016,0.5408186597285315
2.9146546012159016,0.5408186597285315
2.9146546012159016,0.5408186597285315
2.9146546012159016,0.5408186597285315
2.9146546012159016,0.5408186597285315
2.9146546012159016,0.5408186597285315
2.9146546012159016,0.5408186597285315
2.9146546012159016,0.5408186597285315
2.9146546012159016,0.5408186597285315
2.9146546012159016,0.5408186597285315
2.9146546012159016,0.5408186597285315
2.9146546012159016,0.5408186597285315
2.9146546012159016,0.5408186597285315
2.9146546012159016,0.5408186597285315
2.9146546012159016,0.5408186597285315
2.9146546012159016,0.5408186597285315
2.9146546012159016,0.5408186597285315
2.9146546012159016,0.5408186597285315
2.9146546012159016,0.5408186597285315
2.9146546012159016,0.5408186597285315
2.9146546012159016,0.5408186597285315
2.9146546012159016,0.5408186597285315
2.9146546012159016,0.5408186597285315
2.9146546012159016,0.5408186597285315
2.9146546012159016,0.5408186597285315
2.9146546012159016,0.5408186597285315
2.9146546012159016,0.5408186597285315
2.9146546012159016,0.5408186597285315
2.9146546012159016,0.5408186597285315
2.9146546012159016,0.5408186597285315
5.61208256210904,0.834677439786606
5.61208256210904,0.834677439786606
5.61208256210904,0.834677439786606
5.61208256210904,0.834677439786606
5.61208256210904,0.834677439786606
5.61208256210904,0.834677439786606
5.61208256210904,0.834677439786606
5.61208256210904,0.834677439786606
5.61208256210904,0.834677439786606
5.61208256210904,0.834677439786606
5.61208256210904,0.834677439786606
5.61208256210904,0.834677439786606
2.1009624040503874,2.483161097205207
2.1009624040503874,2.483161097205207
2.1009624040503874,2.483161097205207
2.1009624040503874,2.483161097205207
2.1009624040503874,2.483161097205207
2.1009624040503874,2.483161097205207
2.1009624040503874,2.483161097205207
2.1009624040503874,2.483161097205207
2.1009624040503874,2.483161097205207
2.1009624040503874,2.483161097205207
2.1009624040503874,2.483161097205207
2.1009624040503874,2.483161097205207
2.1009624040503874,2.483161097205207
2.1009624040503874,2.483161097205207
2.1009624040503874,2.483161097205207
2.1009624040503874,2.483161097205207
2.1009624040503874,2.483161097205207
2.1009624040503874,2.483161097205207
2.1009624040503874,2.483161097205207
2.1009624040503874,2.483161097205207
2.1009624040503874,2.483161097205207
2.1009624040503874,2.483161097205207
2.1009624040503874,2.483161097205207
2.1009624040503874,2.483161097205207
2.1009624040503874,2.483161097205207
2.1009624040503874,2.483161097205207
2.1009624040503874,2.483161097205207
2.1009624040503874,2.483161097205207
2.1009624040503874,2.483161097205207
2.1009624040503874,2.483161097205207
2.1009624040503874,2.483161097205207
2.1009624040503874,2.483161097205207
2.1009624040503874,2.483161097205207
2.1009624040503874,2.483161097205207
2.1009624040503874,2.483161097205207
2.1009624040503874,2.483161097205207
2.1009624040503874,2.483161097205207
2.1009624040503874,2.483161097205207
2.1009624040503874,2.483161097205207
2.1009624040503874,2.483161097205207
2.1009624040503874,2.483161097205207
2.1009624040503874,2.483161097205207
2.1009624040503874,2.483161097205207
2.1009624040503874,2.483161097205207
2.1009624040503874,2.483161097205207
2.1009624040503874,2.483161097205207
2.1009624040503874,2.483161097205207
2.1009624040503874,2.483161097205207
2.1009624040503874,2.483161097205207
2.1009624040503874,2.483161097205207
2.1009624040503874,2.483161097205207
2.1009624040503874,2.483161097205207
2.1009624040503874,2.483161097205207
2.1009624040503874,2.483161097205207
2.1009624040503874,2.483161097205207
2.1009624040503874,2.483161097205207
2.1009624040503874,2.483161097205207
2.1009624040503874,2.483161097205207
2.1009624040503874,2.483161097205207
2.1009624040503874,2.483161097205207
2.1009624040503874,2.483161097205207
2.1009624040503874,2.483161097205207
2.1009624040503874,2.483161097205207
2.1009624040503874,2.483161097205207
2.1009624040503874,2.483161097205207
2.1009624040503874,2.483161097205207
2.1009624040503874,2.483161097205207
2.1009624040503874,2.483161097205207
2.1009624040503874,2.483161097205207
2.1009624040503874,2.483161097205207
2.1009624040503874,2.483161097205207
2.1009624040503874,2.483161097205207
2.1009624040503874,2.483161097205207
2.1009624040503874,2.483161097205207
2.1009624040503874,2.483161097205207
2.1009624040503874,2.483161097205207
2.1009624040503874,2.483161097205207
2.1009624040503874,2.483161097205207
3.79060873515501,2.4460258269796937
3.79060873515501,2.4460258269796937
3.79060873515501,2.4460258269796937
3.79060873515501,2.4460258269796937
3.79060873515501,2.4460258269796937
3.79060873515501,2.4460258269796937
3.79060873515501,2.4460258269796937
3.79060873515501,2.4460258269796937
3.79060873515501,2.4460258269796937
3.79060873515501,2.4460258269796937
3.79060873515501,2.4460258269796937
3.79060873515501,2.4460258269796937
3.79060873515501,2.4460258269796937
3.79060873515501,2.4460258269796937
3.79060873515501,2.4460258269796937
3.79060873515501,2.4460258269796937
3.79060873515501,2.4460258269796937
3.79060873515501,2.4460258269796937
3.79060873515501,2.4460258269796937
3.79060873515501,2.4460258269796937
3.79060873515501,2.4460258269796937
3.79060873515501,2.4460258269796937
3.79060873515501,2.4460258269796937
3.79060873515501,2.4460258269796937
4.318405491291358,1.196831800813852
4.318405491291358,1.196831800813852
4.318405491291358,1.196831800813852
4.318405491291358,1.196831800813852
4.318405491291358,1.196831800813852
4.318405491291358,1.196831800813852
4.318405491291358,1.196831800813852
4.318405491291358,1.196831800813852
4.318405491291358,1.196831800813852
4.318405491291358,1.196831800813852
4.318405491291358,1.196831800813852
4.318405491291358,1.196831800813852
4.318405491291358,1.196831800813852
4.318405491291358,1.196831800813852
4.318405491291358,1.196831800813852
4.318405491291358,1.196831800813852
4.318405491291358,1.196831800813852
4.318405491291358,1.196831800813852
4.318405491291358,1.196831800813852
4.318405491291358,1.196831800813852
4.318405491291358,1.196831800813852
4.318405491291358,1.196831800813852
4.318405491291358,1.196831800813852
4.318405491291358,1.196831800813852
4.318405491291358,1.196831800813852
4.318405491291358,1.196831800813852
2.3792577515589057,0.7440921891738996
2.3792577515589057,0.7440921891738996
2.3792577515589057,0.7440921891738996
2.3792577515589057,0.7440921891738996
2.3792577515589057,0.7440921891738996
2.3792577515589057,0.7440921891738996
2.3792577515589057,0.7440921891738996
2.3792577515589057,0.7440921891738996
2.3792577515589057,0.7440921891738996
2.3792577515589057,0.7440921891738996
2.3792577515589057,0.7440921891738996
2.3792577515589057,0.7440921891738996
2.3792577515589057,0.7440921891738996
2.3792577515589057,0.7440921891738996
2.3792577515589057,0.7440921891738996
2.3792577515589057,0.7440921891738996
2.3792577515589057,0.7440921891738996
2.3792577515589057,0.7440921891738996
2.3792577515589057,0.7440921891738996
2.3792577515589057,0.7440921891738996
2.3792577515589057,0.7440921891738996
2.3792577515589057,0.7440921891738996
2.3792577515589057,0.7440921891738996
2.3792577515589057,0.7440921891738996
2.3792577515589057,0.7440921891738996
2.3792577515589057,0.7440921891738996
2.3792577515589057,0.7440921891738996
2.3792577515589057,0.7440921891738996
2.3792577515589057,0.7440921891738996
2.3792577515589057,0.7440921891738996
2.3792577515589057,0.7440921891738996
2.3792577515589057,0.7440921891738996
2.3792577515589057,0.7440921891738996
2.3792577515589057,0.7440921891738996
2.3792577515589057,0.7440921891738996
2.3792577515589057,0.7440921891738996
2.3792577515589057,0.7440921891738996
2.3792577515589057,0.7440921891738996
2.3792577515589057,0.7440921891738996
2.3792577515589057,0.7440921891738996
2.3792577515589057,0.7440921891738996
2.3792577515589057,0.7440921891738996
2.3792577515589057,0.7440921891738996
2.3792577515589057,0.7440921891738996
2.3792577515589057,0.7440921891738996
2.3792577515589057,0.7440921891738996
2.3792577515589057,0.7440921891738996
2.3792577515589057,0.7440921891738996
2.3792577515589057,0.7440921891738996
2.3792577515589057,0.7440921891738996
2.3792577515589057,0.7440921891738996
2.3792577515589057,0.7440921891738996
2.3792577515589057,0.7440921891738996
2.3792577515589057,0.7440921891738996
2.3792577515589057,0.7440921891738996
2.3792577515589057,0.7440921891738996
2.3792577515589057,0.7440921891738996
2.3792577515589057,0.7440921891738996
2.3792577515589057,0.7440921891738996
2.3792577515589057,0.7440921891738996
2.3792577515589057,0.7440921891738996
2.3792577515589057,0.7440921891738996
2.3792577515589057,0.7440921891738996
2.3792577515589057,0.7440921891738996
2.3792577515589057,0.7440921891738996
2.3792577515589057,0.7440921891738996
2.3792577515589057,0.7440921891738996
2.3792577515589057,0.7440921891738996
2.3792577515589057,0.7440921891738996
2.3792577515589057,0.7440921891738996
2.3792577515589057,0.7440921891738996
2.3792577515589057,0.7440921891738996
2.3792577515589057,0.7440921891738996
2.3792577515589057,0.7440921891738996
2.3792577515589057,0.7440921891738996
2.3792577515589057,0.7440921891738996
2.3792577515589057,0.7440921891738996
2.3792577515589057,0.7440921891738996
2.3792577515589057,0.7440921891738996
2.3792577515589057,0.7440921891738996
2.3792577515589057,0.7440921891738996
2.409560057318893,1.1997563821860946
2.409560057318893,1.1997563821860946
2.409560057318893,1.1997563821860946
2.409560057318893,1.1997563821860946
2.409560057318893,1.1997563821860946
2.409560057318893,1.1997563821860946
2.409560057318893,1.1997563821860946
2.409560057318893,1.1997563821860946
2.409560057318893,1.1997563821860946
2.409560057318893,1.1997563821860946
2.409560057318893,1.1997563821860946
2.409560057318893,1.1997563821860946
2.409560057318893,1.1997563821860946
2.409560057318893,1.1997563821860946
2.409560057318893,1.1997563821860946
2.409560057318893,1.1997563821860946
2.409560057318893,1.1997563821860946
2.409560057318893,1.1997563821860946
2.409560057318893,1.1997563821860946
2.409560057318893,1.1997563821860946
2.409560057318893,1.1997563821860946
2.409560057318893,1.1997563821860946
2.409560057318893,1.1997563821860946
2.409560057318893,1.1997563821860946
2.409560057318893,1.1997563821860946
2.409560057318893,1.1997563821860946
2.409560057318893,1.1997563821860946
2.409560057318893,1.1997563821860946
2.409560057318893,1.1997563821860946
2.409560057318893,1.1997563821860946
2.409560057318893,1.1997563821860946
2.409560057318893,1.1997563821860946
2.409560057318893,1.1997563821860946
2.409560057318893,1.1997563821860946
2.409560057318893,1.1997563821860946
2.409560057318893,1.1997563821860946
2.409560057318893,1.1997563821860946
2.409560057318893,1.1997563821860946
2.409560057318893,1.1997563821860946
2.409560057318893,1.1997563821860946
2.409560057318893,1.1997563821860946
2.409560057318893,1.1997563821860946
2.409560057318893,1.1997563821860946
2.409560057318893,1.1997563821860946
2.409560057318893,1.1997563821860946
2.409560057318893,1.1997563821860946
2.409560057318893,1.1997563821860946
2.409560057318893,1.1997563821860946
2.409560057318893,1.1997563821860946
2.409560057318893,1.1997563821860946
2.409560057318893,1.1997563821860946
2.409560057318893,1.1997563821860946
2.409560057318893,1.1997563821860946
2.409560057318893,1.1997563821860946
2.409560057318893,1.1997563821860946
2.409560057318893,1.1997563821860946
2.409560057318893,1.1997563821860946
2.409560057318893,1.1997563821860946
2.409560057318893,1.1997563821860946
2.409560057318893,1.1997563821860946
2.409560057318893,1.1997563821860946
2.409560057318893,1.1997563821860946
2.409560057318893,1.1997563821860946
2.409560057318893,1.1997563821860946
2.409560057318893,1.1997563821860946
2.409560057318893,1.1997563821860946
2.409560057318893,1.1997563821860946
2.409560057318893,1.1997563821860946
2.409560057318893,1.1997563821860946
2.409560057318893,1.1997563821860946
2.409560057318893,1.1997563821860946
2.409560057318893,1.1997563821860946
2.409560057318893,1.1997563821860946
2.409560057318893,1.1997563821860946
2.409560057318893,1.1997563821860946
2.409560057318893,1.1997563821860946
2.409560057318893,1.1997563821860946
2.409560057318893,1.1997563821860946
2.409560057318893,1.1997563821860946
2.409560057318893,1.1997563821860946
2.409560057318893,1.1997563821860946
2.409560057318893,1.1997563821860946
2.409560057318893,1.1997563821860946
2.409560057318893,1.1997563821860946
2.409560057318893,1.1997563821860946
2.409560057318893,1.1997563821860946
2.409560057318893,1.1997563821860946
2.409560057318893,1.1997563821860946
2.409560057318893,1.1997563821860946
2.409560057318893,1.1997563821860946
2.409560057318893,1.1997563821860946
2.409560057318893,1.1997563821860946
2.409560057318893,1.1997563821860946
2.409560057318893,1.1997563821860946
2.409560057318893,1.1997563821860946
2.409560057318893,1.1997563821860946
2.409560057318893,1.1997563821860946
2.409560057318893,1.1997563821860946
2.409560057318893,1.1997563821860946
2.409560057318893,1.1997563821860946
2.409560057318893,1.1997563821860946
2.409560057318893,1.1997563821860946
2.409560057318893,1.1997563821860946
2.409560057318893,1.1997563821860946
2.409560057318893,1.1997563821860946
2.409560057318893,1.1997563821860946
2.409560057318893,1.1997563821860946
2.409560057318893,1.1997563821860946
2.409560057318893,1.1997563821860946
2.409560057318893,1.1997563821860946
2.409560057318893,1.1997563821860946
2.409560057318893,1.1997563821860946
2.409560057318893,1.1997563821860946
2.409560057318893,1.1997563821860946
2.409560057318893,1.1997563821860946
2.409560057318893,1.1997563821860946
2.409560057318893,1.1997563821860946
2.409560057318893,1.1997563821860946
2.409560057318893,1.1997563821860946
2.409560057318893,1.1997563821860946
2.409560057318893,1.1997563821860946
2.409560057318893,1.1997563821860946
2.409560057318893,1.1997563821860946
2.409560057318893,1.1997563821860946
2.409560057318893,1.1997563821860946
2.409560057318893,1.1997563821860946
2.409560057318893,1.1997563821860946
2.409560057318893,1.1997563821860946
2.409560057318893,1.1997563821860946
2.409560057318893,1.1997563821860946
2.409560057318893,1.1997563821860946
2.409560057318893,1.1997563821860946
2.409560057318893,1.1997563821860946
2.409560057318893,1.1997563821860946
2.409560057318893,1.1997563821860946
2.409560057318893,1.1997563821860946
2.409560057318893,1.1997563821860946
2.409560057318893,1.1997563821860946
2.409560057318893,1.1997563821860946
2.409560057318893,1.1997563821860946
2.409560057318893,1.1997563821860946
2.409560057318893,1.1997563821860946
2.409560057318893,1.1997563821860946
2.409560057318893,1.1997563821860946
2.409560057318893,1.1997563821860946
2.409560057318893,1.1997563821860946
2.409560057318893,1.1997563821860946
2.409560057318893,1.1997563821860946
2.409560057318893,1.1997563821860946
2.409560057318893,1.1997563821860946
2.409560057318893,1.1997563821860946
2.409560057318893,1.1997563821860946
2.409560057318893,1.1997563821860946
2.409560057318893,1.1997563821860946
2.409560057318893,1.1997563821860946
2.409560057318893,1.1997563821860946
2.409560057318893,1.1997563821860946
2.409560057318893,1.1997563821860946
2.409560057318893,1.1997563821860946
2.409560057318893,1.1997563821860946
2.409560057318893,1.1997563821860946
2.409560057318893,1.1997563821860946
2.409560057318893,1.1997563821860946
2.409560057318893,1.1997563821860946
2.409560057318893,1.1997563821860946
2.409560057318893,1.1997563821860946
2.409560057318893,1.1997563821860946
2.409560057318893,1.1997563821860946
2.409560057318893,1.1997563821860946
2.409560057318893,1.1997563821860946
2.409560057318893,1.1997563821860946
2.409560057318893,1.1997563821860946
2.409560057318893,1.1997563821860946
2.409560057318893,1.1997563821860946
2.409560057318893,1.1997563821860946
2.409560057318893,1.1997563821860946
2.409560057318893,1.1997563821860946
2.409560057318893,1.1997563821860946
2.409560057318893,1.1997563821860946
2.409560057318893,1.1997563821860946
2.409560057318893,1.1997563821860946
2.409560057318893,1.1997563821860946
2.409560057318893,1.1997563821860946
2.409560057318893,1.1997563821860946
2.409560057318893,1.1997563821860946
2.409560057318893,1.1997563821860946
2.409560057318893,1.1997563821860946
2.409560057318893,1.1997563821860946
2.409560057318893,1.1997563821860946
2.409560057318893,1.1997563821860946
2.409560057318893,1.1997563821860946
2.409560057318893,1.1997563821860946
2.409560057318893,1.1997563821860946
2.409560057318893,1.1997563821860946
2.409560057318893,1.1997563821860946
2.409560057318893,1.1997563821860946
2.409560057318893,1.1997563821860946
2.409560057318893,1.1997563821860946
2.409560057318893,1.1997563821860946
2.409560057318893,1.1997563821860946
2.409560057318893,1.1997563821860946
2.409560057318893,1.1997563821860946
2.409560057318893,1.1997563821860946
2.409560057318893,1.1997563821860946
2.409560057318893,1.1997563821860946
2.409560057318893,1.1997563821860946
2.409560057318893,1.1997563821860946
2.409560057318893,1.1997563821860946
2.409560057318893,1.1997563821860946
2.409560057318893,1.1997563821860946
2.409560057318893,1.1997563821860946
2.409560057318893,1.1997563821860946
2.409560057318893,1.1997563821860946
2.409560057318893,1.1997563821860946
