3.5,3.5
3.460627893984743,2.620730749147838
2.9562738025194473,3.521707243293483
3.443576882732594,3.3152104681724004
3.669669143316923,2.1032350319140303
3.281495848943721,2.9319901437082536
3.509633968972866,1.537690023807683
3.8481605046513603,1.9028772605898463
4.20604515162636,1.0200332056644021
4.257032000173328,0.7412910863627092
3.5098335013955393,3.3382270980615334
3.8063378506600656,0.2677561183524546
2.8458311184628617,2.9039201774305794
3.7141550646033483,1.8347517927764465
3.593451441039716,3.7065029319157614
3.350951144589446,0.057331726478571654
4.7507114400879935,1.9844073546748056
3.2774434826406873,1.9858449152556368
3.4918906814467143,0.9319030840374118
5.161813335234229,2.744382919104529
5.6763460317781105,3.2480331469329267
3.4374307200268834,2.7887729104693406
3.918359765365844,3.6589988885401814
4.443166325340782,3.9335111381671624
4.014088969229388,2.283522944217785
4.481007630877556,4.750043123686167
4.496648244216775,1.5506749612395965
3.3935685092662426,3.4985088264734703
5.7017258729938565,3.0513023893453908
4.786185773950382,1.4144938268653
5.772055428945688,3.292877219778358
6.313840493082312,4.1229817761925345
4.023902576288627,1.3778117191308383
3.980866320535883,0.9966216982140373
5.12246944812251,4.666471508655682
6.219151930787655,4.933331560302874
3.896557973940597,1.260561097381582
5.203480732371332,3.3155597858312578
4.383400628792168,3.4700477245572428
2.53021962661493,3.335734988943483
4.151086299492514,2.256545382803
5.0706201747628015,3.793496265130954
5.139768757331385,0.5959270943775994
6.700132984854325,4.329668241552923
2.824702214730949,0.45563756315482384
4.401237595106975,2.158792871380112
4.940160439170848,3.837130520267681
3.9364366460307956,5.309437132066551
3.835127742747207,1.9433250206886208
4.542762807116453,0.2856746562471574
4.048392711097711,4.47310542789228
5.40201502814063,3.7004272236553515
2.5096049945965415,3.2686965865106385
4.653625787457735,5.365036691057089
4.549277147435267,3.329741536566015
5.105631399535554,0.6998181920224582
6.663098511098451,5.445073129783557
1.7291896241510143,3.302192457087826
4.852895578784263,4.521543365573185
4.17944188313856,5.4334843035952245
3.2869659991109805,5.564324622722267
6.933894889579888,3.5414996490221586
4.024082818049982,2.0681148429100062
3.491122834969894,1.0212089110909544
6.323490464480325,4.869214642087867
4.52851891884446,6.105265584071596
4.965218060901245,0.2744739416652171
4.96913525161599,0.28569664510108883
4.462209932235842,4.405908515904324
2.752366292617598,1.1456216548503058
6.40325735700249,5.912966182463199
4.385454546738881,1.907081534775826
5.883636293472317,2.638162606758585
6.602155206126212,6.864091997468717
5.333557557978493,2.543001978261037
1.6062817261273445,3.5832217028383937
4.833441313977603,6.010266494146221
6.557614916770138,4.317955461295138
6.947894638192874,5.231853300786168
5.024896006900693,5.862649380892783
0.8417996087604178,3.2142629644463847
6.03164715685276,5.003467741756273
6.684117159004026,2.8157680235128186
3.558312390804163,4.535403908465497
6.922734071148956,1.9717788286702045
6.924842689759435,2.400866103706882
2.9311733470246315,1.1076822325982834
2.9278674973393115,3.159399465767483
3.223738420079788,6.145228966479195
3.5970254658237866,2.294141665323728
5.609996795540883,0.5772318474076724
6.547625509161787,1.0622745665154825
2.5525464875960737,3.3378690149674166
4.920005420659919,0.401296638436923
3.9827066063544336,2.290523844556543
5.952532506956983,4.6565530821392995
4.50535884943154,1.1936728410959385
6.172979516065958,3.478881224251789
5.554472653524714,6.404208628659716
4.169062953011361,6.576101220743973
3.8765508689959876,0.6411511800640914
4.343490379874889,3.3687204495127077
4.8596512389388735,3.6521379603809896
6.500477714052376,3.1501139561198324
6.008351434930505,0.035078743065045215
2.9733747846461154,5.979286315380441
5.630524507843034,5.345510603235269
3.357117267813782,5.86045805212101
3.9234945700202717,2.0378807373803394
0.9865292102098108,3.8729759858157586
4.001367439255834,2.4308677915749466
4.92167745898979,1.5531289266472694
3.7716533492872593,4.908544873178055
3.4909692468561198,5.602714617275585
4.097994572537118,1.0136499475444096
2.7558556908747955,6.916504989520588
5.542939833827157,3.020810666565059
6.84157376066422,2.337081816587578
4.799552252631851,1.95097080352761
4.775010071658988,1.164235211047814
6.303947300664684,0.3213719484572466
6.44326590607746,1.908426093851174
3.8013957554000006,4.982695774665684
4.763971007439986,2.9743067847161786
3.7704097233591427,5.245513836432131
5.610457073128571,6.936417660176686
1.51660943099113,4.492888078193479
0.20556997837749125,3.787369867708481
6.376215854674749,3.9391371105736646
6.226467878441506,6.766678235658872
6.790688017106573,2.622107652210107
3.076987207143812,2.3845214078939634
4.619628561074681,1.5999798851087936
6.138088433366206,1.2264881314411569
6.751550398309323,6.76187136534797
5.711525303395669,1.3313969926256117
1.6726638235165,3.0988502484068325
3.3862179743269274,6.2636035641537315
4.333730401189266,4.642351388190068
3.3294996243018438,0.019146299507093012
4.404656166558605,3.941942920709601
0.1266013480024798,2.685489245890317
4.748392360141537,1.735655563256171
4.09633624167352,5.253864646106534
2.3885883178334293,4.481531453643572
1.8029125081887614,4.273567461606652
5.391295655258692,0.48844403187810803
6.251159984180247,6.983617481928806
0.8229905377122795,2.3078267772224943
4.991947612259345,1.293047856754825
0.5839943414305561,2.687564561066308
2.6211187076263998,2.548634165500189
5.225970126047932,5.401841634699957
4.438795505894558,0.8841983590527315
2.0606704572070873,1.7420814212492077
1.5105725163955954,1.6110541668250595
3.9011268061738122,1.0130028697310474
5.2095393925755555,4.039369733420334
3.0956385645516926,3.166273814765348
6.474684281299734,3.1997267037349095
2.04819101203948,0.05173074420504764
1.170419190698747,2.262611164539977
1.7615174706547656,5.048991703566799
4.3219237200830705,0.6044728608945307
1.5544409210998276,0.587586256705995
5.430356713360843,3.579037915592366
6.945088245247166,2.3602401038985366
2.880993189254795,4.4684044644673655
2.0026060197740674,5.419584591805484
2.3968668360165895,0.42677456273767866
2.0625981536481266,5.253956363773796
1.545797888331558,2.5135627520143897
2.0536333729694105,0.8495257508728247
2.9993373138982644,6.0829701709162105
3.672826321568794,2.5810712336678496
4.383812421147748,0.3275484674584873
2.9420694771635136,6.723143814269802
1.672130511709914,6.104694990935626
6.117224256241849,3.8419855469648647
4.060468104440163,5.482728303373473
0.37941548525468416,2.327621374541986
6.708646261997824,2.985714360841781
5.616240491985338,4.354746380254902
1.9323567207634165,1.048668402484747
1.0512631754891277,1.225506469207879
6.974132055297267,6.073306505456788
2.4716771287507386,5.534662880254253
2.839538787189764,2.7609783338887697
0.9040457731362137,4.487857111288564
0.2716116922140611,4.840892148944195
3.4491461033415423,6.248687858450407
1.3084616934628155,2.9089376958409874
4.486332173286572,1.9469758292264823
0.36467188783859505,4.7751324780031865
5.457839326130141,4.965511834901238
0.98423534371234,3.7514380389391104
1.2945518495758441,2.4487389064817173
2.6455710472324134,1.5102761565048766
1.8525534043592886,0.5899786624902293
1.6479190001986317,2.8258484088227593
1.4582507082242122,2.8787598806747328
0.41390064566304063,5.1186745502671425
3.0122504807574337,0.38359861800542927
1.3411971521569466,0.5747844781684345
3.9792599286048667,0.31144992806052085
4.908368310448875,4.212007934468645
5.476076705811966,1.9179443392551292
5.0743142355878454,5.2788535442625575
4.152267200440745,6.043333245970528
0.7979887093069314,2.4117195714846797
1.9453154075800456,4.302512190562703
2.0936311768706113,1.7737396793624036
2.639174938827949,5.638908168302719
4.468657799963742,4.968823336921924
1.5763153859147394,3.877664512120158
3.6858734685103918,1.171074398381136
5.8956242214783146,5.66008107122355
4.620690072267769,2.5869917820888615
6.660722862039461,2.5693836399063223
5.014906497994393,0.9830591321922398
5.802717965012095,1.3028761605222163
1.1744621943695521,1.8921432752726273
0.33527069641147955,3.8456088817466423
5.3110731919797765,5.1435868295908485
5.332655963472001,4.292607929992941
2.1703752772024907,5.68952731025129
3.470255208774104,1.567856630786905
1.4884797292060115,0.6738079541103537
3.8793259945699,2.4043491282574543
2.8953208521646667,0.6155866492393601
4.843850715373776,0.015430877630097317
4.642255226768717,1.8582549026294966
1.6310448854870558,1.4965491367536248
6.3403629900904255,2.279896962804872
2.6614221701128504,5.719833433442536
0.5982856530147571,1.3458396925758662
1.551176173119838,3.978927000150698
4.194724157571514,6.626150325347961
0.3347378138606394,1.1387414731409002
6.835545167270835,4.341327941378585
3.2727134235455067,2.0575346249064537
2.9988435093456562,3.773946493557453
6.493235415547988,3.496596623286247
1.6433578190433402,6.126597923368346
0.4650918384618452,2.2900895502475227
4.404390871402003,1.1412874126686945
6.023094612460178,3.125168202092011
5.805391226634097,2.6355237185999894
2.688148499724316,4.836837986103575
5.090845257041108,2.7527772073789674
2.7039590964240157,4.371374494612006
4.464692413213129,5.420973311538494
3.693215813614372,2.6323631550593887
6.6672216305834695,0.21287903777356143
1.1395180710919623,3.541334619993281
5.0242763314992525,3.9623947227689578
5.583578352561757,6.7714704445592915
5.942324961020977,1.4539611202895726
0.0889643006619838,4.045278157911891
6.955006198364301,3.927632135437658
2.562267084976674,5.222837253604794
4.8729851761804746,6.780549084715691
1.224297947016836,5.73713264060195
5.521948397801749,3.8876655233913526
3.640025655457075,1.0038962471481891
5.7115327769895305,1.7923359121964118
1.2297749759661918,0.9435795651522677
1.2111152102945528,6.466518679384613
3.925122382151953,6.232373582341619
0.8775573013154766,0.6539799756274232
3.0046408232480317,0.3216098682595737
1.8310902019092634,4.03415431493488
3.3259935224934134,5.121536405521605
3.9016833689918595,2.4430515924518197
6.423468229697165,3.367229507192392
0.22464422755478508,5.429780333885311
3.5769249913944225,0.8088521033157249
0.507864767419919,2.7759632207005027
2.2280009912209278,4.992518752173614
1.007759794033261,0.6903308858131562
6.15816378786355,6.914776396801687
1.934153701989789,3.3675860051404003
3.7133775302928567,3.006870842726332
3.799521508642826,3.71365064138087
6.393057539325796,1.7387350618117643
6.749796699466224,2.4785578862813225
0.49088737952588,0.8122708585180771
0.48566041581139097,2.6165138809114414
2.3946254241749916,2.9036980334792157
4.910857298016299,5.3610299819858005
6.261866695204972,6.589909483420483
4.294952198038234,6.395417011083311
3.006902552212464,2.673368775557397
6.702816728299448,0.704068099295217
1.201874488289946,3.138174121902447
3.764557330025606,0.5342235773638481
6.024101429018056,3.357787897952588
6.657061459773543,6.8607320987831715
1.523968733538279,2.7897258352130563
5.039085637820872,6.568198593081265
1.5059681731943577,6.59800859586653
4.381709071152146,4.44768239137395
0.025209488467524688,0.5856763776790376
6.04161840402163,6.292166770650654
1.6219224162109356,6.93042987010627
0.8772069957753383,4.339103561406416
4.400664282064648,2.600067367564929
1.2652391638528533,5.845016593735787
5.425106766342685,3.645469018655489
2.8959781365481496,3.1127175150343502
1.6648343725675263,3.1869502621209613
0.4320689824072149,2.242963219849713
0.19047071825182393,4.405305483089965
4.727547884781103,0.39993315144410446
6.484125793444274,4.469271761008979
2.713460844673455,2.9190643935364493
6.45803345761098,5.340769651357726
1.3249196071348552,0.5263151482644304
1.540333108574013,1.9128506656091582
1.9840878803687014,6.337226640281031
4.505912129609618,1.263857990736845
1.6669818036368405,3.8765250369943454
5.202239993633699,6.795702349941489
0.07874172525964607,1.0545018702248736
6.581257960280009,3.4547920839649766
4.285154669954864,0.7986394054176912
2.919235200383972,2.1355719779126683
3.399760557817324,0.2079102617896441
4.112827825245502,0.5842688547048404
2.894075323679648,6.530751413824073
3.050049689066139,2.6398222805828757
5.106084415646644,5.889912847918232
0.4431237203114462,6.837665049723555
2.5582771894268634,1.0248791295110131
3.1456858539167807,2.777699452429286
0.8559260919869985,2.347149524219492
6.897649802288674,6.5138269956989685
5.926825627582075,2.815509917440602
3.9848263867741185,6.0856506326732855
0.48831324852439384,3.4035899189817727
1.5713012882625037,1.9214827665220886
1.9828983794871635,5.004083662505121
5.315996767290116,1.4056798840314801
0.13577379316146643,2.896587077834946
2.5050872335312993,2.639486625131183
6.8944400827672805,5.868699235773456
1.4510624963254495,2.431433272349584
5.502565912922282,4.614985199242635
1.4793465880865266,3.9989584450475646
5.366149952262092,4.482841733633048
0.043272097039881885,4.63804686721215
2.5725710889797906,0.07807250075218741
3.5110811418315633,4.893895024275455
2.8714006732440387,6.7557414496435655
5.4622161934365945,3.8848592339199484
3.5078149146522475,1.3217664181281137
5.935114505891669,4.591343409416671
1.662587824088308,4.894157176144368
2.7748328334747754,3.391346196170511
0.6127876468123651,6.5905350958369935
6.54723071152624,2.2762353543721523
4.553969370247843,5.31745304354794
4.440498757890718,3.8597212748551026
6.465736282474549,3.8967514481844514
3.2251131083680593,3.113519794248779
5.627937387631896,6.519660595803955
3.5605822831591425,6.7705656294836345
5.6133771349538035,2.3936227169426005
0.8220673425584752,3.80971185329077
3.221609269702626,3.865265050369161
2.1819411143821057,1.97264830315806
0.41236545933644175,6.67791900076948
4.117630878675771,1.9124209568908563
2.9388081579644982,1.5697594525951657
1.4330967767303564,0.08265490698616651
3.637224140163855,4.245872286869164
2.839645622104958,3.3242819233514704
5.1313838652331185,6.095824150042994
6.714500823973071,3.8977631307167484
3.536013862766488,4.2245614038311565
5.182777216443501,2.7490918870604863
2.628452500208887,2.8488166021219468
2.9241277993732595,5.850448138039089
4.407496996208311,3.5523777180268112
3.1011377105750113,6.563522293844868
1.448800159635394,1.6819134825024946
1.4974434331419295,0.9758238206708028
0.7023742136586841,0.5105753909194881
4.546569392300307,2.5249164769762853
4.439274452412124,6.936559390592283
0.7770352213184213,3.0732381742493153
3.465688566896128,4.123706645620802
1.6120907792620498,2.01695984493312
0.9753303869235127,1.2746761917018614
3.1367173230292837,2.2793284770723314
4.212457503624188,1.7566312160376694
3.066573600614212,2.817207014094115
0.8347560884929583,4.481664774550309
3.2266312418038527,0.34908761029140933
4.1533942473604135,5.117799147567071
5.393747576295628,2.567522462940601
0.9672520322721602,2.859505908490031
0.6086698685654722,5.3154378184328035
3.3234287943995224,5.431440706906763
4.066421926529648,2.9984102949683096
1.8587912249878815,1.2115750194762496
6.361303355837765,5.435272940111364
0.5668114010972103,0.8068577774130398
3.3853366458812726,4.656092790103039
5.135187444439063,5.716221131760397
0.834331772430853,6.230191819209052
6.43398499754881,1.962810615779223
4.14698221118727,6.0308370027066776
2.9091149887699808,2.0634984335652073
0.022342702242177492,5.394739168232262
3.829888919465216,1.503363038839523
5.983919276174178,4.4025075496992
5.444077016534246,3.262291681639184
0.6518186165370019,6.073237133181958
2.7114154129925994,1.7027364834104888
4.496373224380443,3.9033326619283506
1.7061189774549845,5.93671171376004
6.8154171504914975,0.40152121770792715
6.779709866029842,0.2680466345682757
2.238638868314349,6.607566616042985
3.2372439623476312,1.97433647660778
1.6497450848256103,2.4482953703062615
0.4749477158331945,5.186883609207659
3.6426840944923686,0.8027976166159534
6.982175028923208,1.297497321030582
6.799407248461021,4.14293130565328
4.025464330315935,4.900848909692083
6.387288042435938,0.25124226313008835
5.914048258066418,1.4552459565249483
1.5032585885615157,5.190614297447231
2.1610641258089283,4.36287766449003
0.9588728463085207,6.391937316952154
1.9424357589900945,4.25389075385977
6.98102091750221,6.2775246006852035
4.853059908022902,5.071827231458395
0.9251955225653437,4.872143631864809
6.872463710931852,4.320269704384414
4.622909029142627,2.746796923919889
1.3040274635461084,6.697232990624241
5.174016292714542,6.232880125747119
2.9071565954607523,5.968284966083659
0.18102413284973717,1.7333490827979667
2.22501639767435,1.5206396580602908
5.591450084024969,6.678948891641124
3.0787891732379116,3.9977807204543976
4.7129873336358274,5.280346385848663
4.62784123504988,2.5747402828413763
5.393074323602218,5.468614134152786
4.827201535902833,4.001245043504613
6.73187088819375,0.6982427891798434
6.807395814549355,1.6307460230925783
4.582394852403558,3.9975783025802194
6.54393184513531,1.914382654724247
1.406333810300751,0.7332659264461924
6.410409284542882,1.0474866004369998
6.950990602743336,2.9246458304454723
2.1184310773496327,3.175588346539807
5.855799242974138,2.7339246690984886
5.1666559307686795,0.7094914091641747
3.4749209339078924,6.629559671211167
1.184764535857013,1.6491161072832274
1.72557008197841,0.6742205760681036
0.7315531965789543,0.0008013223817373571
5.149941829892074,2.726975308230413
1.6249043821770524,6.1472184174191336
3.9016910484340173,2.1748950459328706
2.011881285805841,0.6951402570731424
4.742291126300723,2.193410610434645
4.199454172884328,1.1545631013401212
2.027569297643304,4.849503833854164
6.94571661840666,2.6967181030240965
3.8416666381518967,4.026818205426212
3.5261822196776103,0.04330088327314918
6.6100003083763355,3.0629066035904104
2.736172747257869,5.740631416826965
0.06657608320317798,6.72046026136691
5.553196632753082,1.3517904419851499
2.057493427900293,0.5437243456257382
5.59757272336931,5.5447006381906965
1.6453109122161171,2.9715897671637808
4.093384874446282,0.03512624897888994
0.8123320063347068,4.992201398165021
4.686153122701743,0.4652038867800674
1.2015170161197994,1.3345578674555878
4.62607651832822,3.729670436072844
1.0299377876992741,0.6167573177404588
0.6121535676756141,2.734411966535791
5.88864418858728,6.6982994714901185
0.9501471631548956,0.7133682115891702
1.9467958367654166,0.790082260614835
4.167957649365052,1.4910588277827963
6.294835571982542,4.585733039935734
0.706284786917159,2.391198290558065
6.646968299959907,1.8567476707616128
4.8847111556010585,0.08615638933178027
2.8443422929757265,1.327578684224004
3.0822232640262133,5.086376145416955
2.522833614391759,5.6657974757105025
3.5203290653227333,5.457789944636463
0.40394371144406305,4.729458048651587
1.523304991343592,4.362083800019599
0.9945790341505775,6.215899504761507
6.346981004075267,6.00788932208422
4.3223874058244,0.9935427132925178
4.707318908455341,3.5156747524530925
0.23248982108769,6.345635725042606
3.5709563655590344,2.966261120802593
4.9842716875676345,0.6548155231991138
5.263006008809526,1.7208997836511362
3.2086425657058975,1.723565524534338
4.263971514665535,4.077535361188915
4.7669329028685885,6.484648125629757
3.725068268166561,4.6716798753844735
2.1718121108783057,3.085487941030711
6.644077097797399,5.894793949251381
0.7851347207545707,2.8190586854041073
3.1908664676521896,2.1717440206622296
6.342829707891801,3.4653490151654243
4.346899406696392,3.4853028155251513
6.747890333586534,5.40813359900759
3.5358811109917347,4.451017914243621
0.2097687178032741,4.663382787487849
2.2924938435870814,1.0491871616286113
3.244016796759924,0.06447790280008658
3.8764161688931824,4.585904202198395
4.375119469225167,0.18607776253467245
1.6832405806793629,6.95346593957154
5.479656661245745,0.1766641239621075
2.8119160929587297,4.9276854849835265
1.679860188993489,2.435066028333743
3.3954737462794564,5.277990191100615
3.591739610770017,0.6641060956663779
5.046049566231037,4.0650987182057445
1.9792099910346226,6.657485160830053
2.8410648929431983,3.230181416594927
6.671584776176896,0.778442277218615
3.2138742431437586,2.6763540871959393
1.1197967329396383,5.395986524549588
3.1317604671822465,1.0666581134623085
1.6887681676628816,3.979543618486317
4.534861049231904,3.679682828263057
3.6174307979474287,1.2828320179812893
6.369467436164694,4.285058736160772
5.254286065269565,5.516720055491559
6.496454273475875,4.748087442676663
4.162646715674662,3.3683209884013676
6.845905123060027,1.2091204741812476
6.046946865721479,2.3530066249357255
1.7888191287852178,5.808034820795006
0.11224498301533714,2.2204924324263073
5.026465497591354,3.3752784854492663
0.30490514170508864,3.5472506220890936
5.035670168136683,2.1978369894049052
5.481960631385513,0.16441056065166348
4.986996363772622,5.791658237098323
6.214114641417895,0.4895766419455041
5.200932953040874,6.756420376143459
6.933610983991929,3.1726651234074525
5.494196930273327,4.11995616358927
0.2153610451950697,1.2514924165110404
3.1468795492613895,6.177668142550043
3.9047210596939013,5.0905326053071684
2.167094195083069,1.9831814940490062
1.591858882929861,4.798715341613103
4.47881930018416,2.6226419522242943
3.7544711292339037,5.069119826887549
1.5018782326837365,0.9710328230765516
5.26977087152181,4.846200567720415
6.057913187258695,3.679865691636349
0.07209078591935414,0.28286796721275165
4.213250748483434,3.2788076317917065
6.459347282593488,1.4744099632782115
0.7028452432559521,3.5478116868282528
6.014115176666246,6.739223321133782
3.2721106021453314,4.837408344989218
5.275133629414718,1.1542572140760243
3.610131787985716,3.925364616241778
0.1741489246122223,6.674058220925221
5.700413681531641,5.433247969453733
6.1946247774746945,5.452809001127397
3.7986780362505916,6.224787796761355
4.241140178995254,5.729182154859465
0.38151321192880316,0.9250059804256039
5.113685460293316,3.0457085195868254
4.392519429767876,4.41300386953748
5.9679788684812225,4.475780296131425
1.166610956866227,2.6008663447077627
4.0532240020056935,6.586290688140546
2.11076260706033,0.5822429948133439
2.8984516445886936,0.5276983319357572
0.35739148489453565,4.2557487003450465
4.789380428641691,1.5592166042561846
6.351454892087001,5.721025396249165
5.44130601194612,1.0487772696567603
3.351899540084066,1.47458800039235
5.449735642773599,3.3206444643256328
1.9280332896498658,0.5696953978522227
3.506785194079457,5.805932889112841
5.011253377555642,6.851311708417087
4.422672796918037,2.6474330995839894
0.18152580720231482,0.8065457896627208
0.021506059643609632,4.418693371560653
0.3175757035292034,0.28792727270937124
0.12684255188743554,5.091655751397262
5.313532702994553,3.331997608523422
1.8768218955520173,2.619460941894467
2.1327403194548262,5.950076765297474
1.6655279147934066,5.720660117537513
1.5490149715302497,1.6718798745143608
3.5820694307993097,2.3235210271606817
5.463019771531214,4.126579780194432
6.074308121856515,6.814886960470481
3.7395531659966883,3.9487866056089787
2.5323776650325716,3.5248118981317074
3.694042950501154,3.5470426270852604
5.496786834353856,0.18370430920591774
4.8180663520680485,1.1873427988247425
1.602044316555126,1.8816715501053423
5.788550334087885,4.121623291908879
3.533945661666058,6.015458639372347
4.251183878268746,1.1021651209558885
0.6623005886975567,0.6361834969111578
6.146225978515999,3.9719896132632493
1.7138924844818284,6.616204929342865
5.269675924609114,1.4207130458395565
2.651263388962567,4.021143802400298
2.0929017998958557,6.706122980675891
2.870239448914675,2.0705557892639526
5.668109537081536,5.9370650631545665
1.7485662211474438,3.3132508584557936
1.0703920398845643,4.2196223964626975
5.325150439108374,2.396342236238869
4.220535444094986,5.2728122782821485
0.021271302986924367,4.123994005435421
2.7763494607684964,3.8647414354414984
4.0358678495256815,0.7551198350280893
3.4006075677698373,5.048608548635532
1.2631850503021542,2.5357720306943348
3.5701836664632367,5.27468781463859
6.38556209347033,4.942368618168771
1.1031418628178709,3.3926563707038375
5.687471944338524,6.931725388457205
1.2958606788166582,2.834537415369249
3.9960777675194485,5.538009215860723
4.917784153801626,2.737636983142684
6.681706234623476,3.8742290208598535
3.1604926903051522,2.2301765927479784
2.26183625952392,0.04113448658831709
3.435679430465757,5.161840984200103
5.5519962178968365,6.706620347609072
4.434903173757215,5.466826739958359
4.082442553649668,2.0617121806895233
0.12059635565695626,1.191982604950097
6.632104487272675,2.6478792661166555
0.27973067469873036,5.382948377753111
2.479361215448494,3.7651615897130046
1.0937395426967427,6.475655198895836
6.169669502647583,5.576814665335532
5.49425390718771,1.0958498646129708
5.732046107071993,3.1332685723713265
1.0859425974596895,2.5583479501452775
6.001007598507435,4.140744400146127
2.020834645989997,1.7829525973590865
2.460183142619989,0.4255808098963151
3.067923791510843,1.9886693572469423
4.133949414707372,5.83326975752498
1.734577280761448,5.6973432345229575
4.745942595188514,6.88112784610858
3.830535619478924,4.752532515907719
0.3469378725054735,2.754607748672991
4.614841314073815,5.537604741843622
3.249133371572634,4.728321291537427
5.98911159732247,2.352338420151849
2.3113445275972593,0.09123105665258391
5.694733619216403,2.0441011552629162
5.7110670329805595,4.60033347027651
2.1741977662127194,2.3279083105127496
3.27516579749558,4.207155328684104
0.16873771884484334,2.5128789709236217
0.59312682742557,2.5712080888561535
3.663354148799052,6.758455953129689
5.988892876417776,5.496338476155353
2.836680013801153,4.321165546081762
4.390682905266171,1.5728322846230856
6.024534847668866,6.09141138368639
5.163626611728095,6.489717798421726
6.237315683270952,6.138371599712558
1.1335134507017155,4.1603961017722835
2.674622505224095,6.3817888169857016
6.605089128468456,3.343330170057981
1.3733687058972546,3.9290784891264776
6.017871777108555,2.6388329999513593
6.102885331257043,2.024501377107199
1.133006609172647,6.425856921556947
4.675422607767291,6.1954805298661855
2.7087389548120338,3.577100668704986
