3.5,3.5
2.6927252715294605,3.0165489342625555
3.525745880261068,3.0983763386110166
3.525745880261068,3.0983763386110166
3.3837239994259063,4.024399267133117
3.3837239994259063,4.024399267133117
3.3837239994259063,4.024399267133117
2.0880350510528247,2.6711414075352033
1.718007433574146,2.1989024265564714
2.783942304603064,2.4333990839379807
2.783942304603064,2.4333990839379807
2.783942304603064,2.4333990839379807
2.783942304603064,2.4333990839379807
4.125129271549322,2.413910111220363
4.125129271549322,2.413910111220363
1.2578822879926923,1.6055143939634973
4.218018219730272,4.2736243999523875
4.218018219730272,4.2736243999523875
4.218018219730272,4.2736243999523875
1.1384178646468333,1.7592474035226908
1.1384178646468333,1.7592474035226908
1.7129948449589105,3.5378132744634527
3.2889932406438027,2.2647268815535635
3.2889932406438027,2.2647268815535635
3.2889932406438027,2.2647268815535635
3.2889932406438027,2.2647268815535635
3.2889932406438027,2.2647268815535635
3.2889932406438027,2.2647268815535635
3.2889932406438027,2.2647268815535635
3.2889932406438027,2.2647268815535635
3.2889932406438027,2.2647268815535635
4.527467215986975,3.377183251293132
4.527467215986975,3.377183251293132
4.527467215986975,3.377183251293132
1.1920534231192743,1.1630623031194842
1.1920534231192743,1.1630623031194842
1.1920534231192743,1.1630623031194842
5.25081818537176,2.96855474633914
5.25081818537176,2.96855474633914
5.25081818537176,2.96855474633914
4.742686466434272,4.663814656451324
4.742686466434272,4.663814656451324
4.742686466434272,4.663814656451324
4.092223990804507,3.02024276397592
4.092223990804507,3.02024276397592
4.092223990804507,3.02024276397592
4.092223990804507,3.02024276397592
4.092223990804507,3.02024276397592
4.092223990804507,3.02024276397592
4.092223990804507,3.02024276397592
4.092223990804507,3.02024276397592
2.358169473482039,2.109141870816295
2.358169473482039,2.109141870816295
2.358169473482039,2.109141870816295
2.358169473482039,2.109141870816295
2.358169473482039,2.109141870816295
2.358169473482039,2.109141870816295
2.358169473482039,2.109141870816295
2.358169473482039,2.109141870816295
2.358169473482039,2.109141870816295
2.358169473482039,2.109141870816295
2.358169473482039,2.109141870816295
2.358169473482039,2.109141870816295
2.358169473482039,2.109141870816295
2.358169473482039,2.109141870816295
2.358169473482039,2.109141870816295
2.358169473482039,2.109141870816295
2.4783172588078415,2.1311851590351276
2.4783172588078415,2.1311851590351276
2.4783172588078415,2.1311851590351276
2.4783172588078415,2.1311851590351276
2.4783172588078415,2.1311851590351276
2.4783172588078415,2.1311851590351276
2.4783172588078415,2.1311851590351276
2.4783172588078415,2.1311851590351276
2.4783172588078415,2.1311851590351276
2.4783172588078415,2.1311851590351276
2.4783172588078415,2.1311851590351276
2.4783172588078415,2.1311851590351276
2.4783172588078415,2.1311851590351276
2.4783172588078415,2.1311851590351276
2.4783172588078415,2.1311851590351276
2.4783172588078415,2.1311851590351276
2.4783172588078415,2.1311851590351276
2.4783172588078415,2.1311851590351276
2.4783172588078415,2.1311851590351276
2.4783172588078415,2.1311851590351276
2.4783172588078415,2.1311851590351276
2.4783172588078415,2.1311851590351276
2.4783172588078415,2.1311851590351276
2.4783172588078415,2.1311851590351276
2.4783172588078415,2.1311851590351276
2.4783172588078415,2.1311851590351276
2.4783172588078415,2.1311851590351276
2.4783172588078415,2.1311851590351276
2.4783172588078415,2.1311851590351276
2.4783172588078415,2.1311851590351276
2.4783172588078415,2.1311851590351276
2.4783172588078415,2.1311851590351276
