3.5,3.5
3.4861153723547824,4.497975912454978
3.4346265233071485,2.6491784263733287
2.8666719666381297,3.0360228016638873
2.8666719666381297,3.0360228016638873
4.428029703199508,3.67129834654252
3.5341219571360916,5.265485566538486
3.343111902797917,3.2491080093974425
3.343111902797917,3.2491080093974425
3.343111902797917,3.2491080093974425
3.343111902797917,3.2491080093974425
2.0983060489719523,2.9069281591643996
2.0983060489719523,2.9069281591643996
3.7462591852594898,5.493255018371342
3.8347765552709614,4.260784918467007
3.8347765552709614,4.260784918467007
3.8347765552709614,4.260784918467007
4.23775000682412,2.663892969477821
1.312458535270082,2.3210975134631546
1.312458535270082,2.3210975134631546
3.3493253883783614,2.7717229273176436
3.3493253883783614,2.7717229273176436
3.3493253883783614,2.7717229273176436
3.3493253883783614,2.7717229273176436
3.3493253883783614,2.7717229273176436
3.3493253883783614,2.7717229273176436
3.3493253883783614,2.7717229273176436
3.3493253883783614,2.7717229273176436
3.3493253883783614,2.7717229273176436
4.111223945569294,5.3044164205411635
4.111223945569294,5.3044164205411635
4.162814733232658,4.24314209210218
4.162814733232658,4.24314209210218
4.162814733232658,4.24314209210218
4.162814733232658,4.24314209210218
4.162814733232658,4.24314209210218
4.162814733232658,4.24314209210218
3.510588205967298,3.171713297055847
3.510588205967298,3.171713297055847
3.510588205967298,3.171713297055847
3.510588205967298,3.171713297055847
3.510588205967298,3.171713297055847
3.510588205967298,3.171713297055847
3.510588205967298,3.171713297055847
3.510588205967298,3.171713297055847
3.510588205967298,3.171713297055847
3.510588205967298,3.171713297055847
3.510588205967298,3.171713297055847
3.510588205967298,3.171713297055847
3.510588205967298,3.171713297055847
3.510588205967298,3.171713297055847
3.510588205967298,3.171713297055847
3.510588205967298,3.171713297055847
3.510588205967298,3.171713297055847
3.510588205967298,3.171713297055847
2.8213639153010877,2.856860943936577
2.8213639153010877,2.856860943936577
2.8213639153010877,2.856860943936577
2.8213639153010877,2.856860943936577
2.8213639153010877,2.856860943936577
2.8213639153010877,2.856860943936577
2.8213639153010877,2.856860943936577
2.8213639153010877,2.856860943936577
2.8213639153010877,2.856860943936577
2.8213639153010877,2.856860943936577
2.8213639153010877,2.856860943936577
2.8213639153010877,2.856860943936577
2.8213639153010877,2.856860943936577
2.8213639153010877,2.856860943936577
2.8213639153010877,2.856860943936577
2.8213639153010877,2.856860943936577
2.8213639153010877,2.856860943936577
2.8213639153010877,2.856860943936577
2.8213639153010877,2.856860943936577
2.8213639153010877,2.856860943936577
2.8213639153010877,2.856860943936577
2.8213639153010877,2.856860943936577
2.8213639153010877,2.856860943936577
2.8213639153010877,2.856860943936577
2.8213639153010877,2.856860943936577
2.8213639153010877,2.856860943936577
2.8213639153010877,2.856860943936577
2.8213639153010877,2.856860943936577
2.8213639153010877,2.856860943936577
2.8213639153010877,2.856860943936577
2.8213639153010877,2.856860943936577
2.8213639153010877,2.856860943936577
2.8213639153010877,2.856860943936577
2.8213639153010877,2.856860943936577
2.8213639153010877,2.856860943936577
2.8213639153010877,2.856860943936577
2.8213639153010877,2.856860943936577
