3.5,3.5
3.7205763028693233,3.1184077973385453
3.3665293257473095,2.4865695389029163
2.8575190641484456,3.3592145120055568
2.8575190641484456,3.3592145120055568
3.3031583133789253,1.9996927882540507
2.8961980676208587,1.325479378618819
3.6110966503511577,1.2878326875657966
3.6110966503511577,1.2878326875657966
3.3445079328760796,1.941773820153613
3.3445079328760796,1.941773820153613
3.3445079328760796,1.941773820153613
3.3445079328760796,1.941773820153613
3.3445079328760796,1.941773820153613
3.489578948832385,1.8457878683486606
3.489578948832385,1.8457878683486606
3.489578948832385,1.8457878683486606
3.489578948832385,1.8457878683486606
3.489578948832385,1.8457878683486606
3.489578948832385,1.8457878683486606
3.489578948832385,1.8457878683486606
3.489578948832385,1.8457878683486606
3.489578948832385,1.8457878683486606
3.489578948832385,1.8457878683486606
3.8611268940335552,3.420942256262848
3.8611268940335552,3.420942256262848
3.398302432265079,2.143065449991058
3.398302432265079,2.143065449991058
3.398302432265079,2.143065449991058
3.398302432265079,2.143065449991058
3.398302432265079,2.143065449991058
3.398302432265079,2.143065449991058
3.398302432265079,2.143065449991058
3.398302432265079,2.143065449991058
3.398302432265079,2.143065449991058
3.398302432265079,2.143065449991058
3.398302432265079,2.143065449991058
3.398302432265079,2.143065449991058
3.398302432265079,2.143065449991058
3.398302432265079,2.143065449991058
3.398302432265079,2.143065449991058
3.398302432265079,2.143065449991058
3.398302432265079,2.143065449991058
3.398302432265079,2.143065449991058
3.398302432265079,2.143065449991058
3.398302432265079,2.143065449991058
3.012748204086447,4.186004726348985
3.012748204086447,4.186004726348985
3.012748204086447,4.186004726348985
2.1418288980981095,1.07773163462249
3.2768952199603874,0.7777396323599274
3.2768952199603874,0.7777396323599274
3.2768952199603874,0.7777396323599274
4.795979616235935,3.6929579080331796
4.795979616235935,3.6929579080331796
5.074908750303753,3.869426043094881
5.074908750303753,3.869426043094881
3.9839170931847105,0.6094579632338752
3.9839170931847105,0.6094579632338752
3.9839170931847105,0.6094579632338752
3.9839170931847105,0.6094579632338752
3.9839170931847105,0.6094579632338752
2.0964625225123514,1.4866832322108816
2.0964625225123514,1.4866832322108816
4.782246748535086,0.8558210243350014
4.782246748535086,0.8558210243350014
4.782246748535086,0.8558210243350014
4.782246748535086,0.8558210243350014
4.782246748535086,0.8558210243350014
4.741143664708892,0.7998665730780296
4.741143664708892,0.7998665730780296
4.741143664708892,0.7998665730780296
4.741143664708892,0.7998665730780296
4.741143664708892,0.7998665730780296
4.741143664708892,0.7998665730780296
4.741143664708892,0.7998665730780296
4.741143664708892,0.7998665730780296
4.741143664708892,0.7998665730780296
4.741143664708892,0.7998665730780296
3.1816382942686774,1.9123002041597736
3.1816382942686774,1.9123002041597736
3.1816382942686774,1.9123002041597736
3.1816382942686774,1.9123002041597736
3.1816382942686774,1.9123002041597736
3.1816382942686774,1.9123002041597736
3.1816382942686774,1.9123002041597736
3.1816382942686774,1.9123002041597736
3.1816382942686774,1.9123002041597736
3.1816382942686774,1.9123002041597736
3.1816382942686774,1.9123002041597736
3.1816382942686774,1.9123002041597736
3.1816382942686774,1.9123002041597736
3.1816382942686774,1.9123002041597736
3.1816382942686774,1.9123002041597736
3.1816382942686774,1.9123002041597736
3.1816382942686774,1.9123002041597736
3.1816382942686774,1.9123002041597736
3.1816382942686774,1.9123002041597736
3.1816382942686774,1.9123002041597736
3.1816382942686774,1.9123002041597736
3.1816382942686774,1.9123002041597736
3.1816382942686774,1.9123002041597736
3.1816382942686774,1.9123002041597736
3.1816382942686774,1.9123002041597736
3.1816382942686774,1.9123002041597736
3.1816382942686774,1.9123002041597736
3.1816382942686774,1.9123002041597736
3.1816382942686774,1.9123002041597736
3.1816382942686774,1.9123002041597736
3.1816382942686774,1.9123002041597736
3.1816382942686774,1.9123002041597736
3.1816382942686774,1.9123002041597736
3.1816382942686774,1.9123002041597736
3.1816382942686774,1.9123002041597736
3.1816382942686774,1.9123002041597736
3.1816382942686774,1.9123002041597736
3.1816382942686774,1.9123002041597736
3.1816382942686774,1.9123002041597736
3.1816382942686774,1.9123002041597736
3.0189553049993187,3.330762563378174
3.0189553049993187,3.330762563378174
3.0189553049993187,3.330762563378174
3.0189553049993187,3.330762563378174
3.0189553049993187,3.330762563378174
3.0189553049993187,3.330762563378174
3.0189553049993187,3.330762563378174
3.0189553049993187,3.330762563378174
3.0189553049993187,3.330762563378174
3.0189553049993187,3.330762563378174
4.764306452397895,1.6932621033381472
4.764306452397895,1.6932621033381472
4.764306452397895,1.6932621033381472
4.764306452397895,1.6932621033381472
4.764306452397895,1.6932621033381472
4.764306452397895,1.6932621033381472
4.764306452397895,1.6932621033381472
4.764306452397895,1.6932621033381472
4.764306452397895,1.6932621033381472
4.764306452397895,1.6932621033381472
4.764306452397895,1.6932621033381472
4.764306452397895,1.6932621033381472
4.764306452397895,1.6932621033381472
4.764306452397895,1.6932621033381472
4.764306452397895,1.6932621033381472
5.612166108257058,1.3934726980327525
5.612166108257058,1.3934726980327525
5.612166108257058,1.3934726980327525
5.612166108257058,1.3934726980327525
5.612166108257058,1.3934726980327525
5.612166108257058,1.3934726980327525
5.612166108257058,1.3934726980327525
5.612166108257058,1.3934726980327525
5.612166108257058,1.3934726980327525
5.612166108257058,1.3934726980327525
5.612166108257058,1.3934726980327525
5.612166108257058,1.3934726980327525
5.612166108257058,1.3934726980327525
5.612166108257058,1.3934726980327525
5.612166108257058,1.3934726980327525
5.612166108257058,1.3934726980327525
5.612166108257058,1.3934726980327525
5.612166108257058,1.3934726980327525
5.612166108257058,1.3934726980327525
5.612166108257058,1.3934726980327525
4.330819888177305,2.104874229064084
4.330819888177305,2.104874229064084
4.330819888177305,2.104874229064084
4.330819888177305,2.104874229064084
4.330819888177305,2.104874229064084
4.330819888177305,2.104874229064084
4.330819888177305,2.104874229064084
4.330819888177305,2.104874229064084
4.330819888177305,2.104874229064084
4.330819888177305,2.104874229064084
4.330819888177305,2.104874229064084
4.330819888177305,2.104874229064084
4.330819888177305,2.104874229064084
4.330819888177305,2.104874229064084
4.330819888177305,2.104874229064084
4.330819888177305,2.104874229064084
4.330819888177305,2.104874229064084
4.330819888177305,2.104874229064084
4.330819888177305,2.104874229064084
4.330819888177305,2.104874229064084
4.330819888177305,2.104874229064084
4.330819888177305,2.104874229064084
4.330819888177305,2.104874229064084
4.330819888177305,2.104874229064084
4.330819888177305,2.104874229064084
4.330819888177305,2.104874229064084
4.330819888177305,2.104874229064084
4.330819888177305,2.104874229064084
4.330819888177305,2.104874229064084
4.330819888177305,2.104874229064084
4.330819888177305,2.104874229064084
4.330819888177305,2.104874229064084
4.330819888177305,2.104874229064084
4.330819888177305,2.104874229064084
4.330819888177305,2.104874229064084
4.330819888177305,2.104874229064084
4.330819888177305,2.104874229064084
4.330819888177305,2.104874229064084
4.330819888177305,2.104874229064084
4.330819888177305,2.104874229064084
4.330819888177305,2.104874229064084
4.330819888177305,2.104874229064084
4.330819888177305,2.104874229064084
4.330819888177305,2.104874229064084
4.330819888177305,2.104874229064084
4.330819888177305,2.104874229064084
4.330819888177305,2.104874229064084
4.330819888177305,2.104874229064084
4.330819888177305,2.104874229064084
4.330819888177305,2.104874229064084
4.222193651085967,3.1159097468043244
4.222193651085967,3.1159097468043244
4.222193651085967,3.1159097468043244
4.222193651085967,3.1159097468043244
4.222193651085967,3.1159097468043244
4.222193651085967,3.1159097468043244
2.1651094861815476,0.8186814924323418
2.1651094861815476,0.8186814924323418
2.1651094861815476,0.8186814924323418
2.1651094861815476,0.8186814924323418
3.08284941461907,4.615011365475094
3.08284941461907,4.615011365475094
3.08284941461907,4.615011365475094
3.9703497888062484,3.8173298111547638
3.9703497888062484,3.8173298111547638
3.9703497888062484,3.8173298111547638
3.9703497888062484,3.8173298111547638
3.9703497888062484,3.8173298111547638
3.9703497888062484,3.8173298111547638
3.9703497888062484,3.8173298111547638
3.9703497888062484,3.8173298111547638
3.9703497888062484,3.8173298111547638
3.9703497888062484,3.8173298111547638
3.9703497888062484,3.8173298111547638
3.9703497888062484,3.8173298111547638
5.038346057690029,0.10253646662091598
5.038346057690029,0.10253646662091598
5.038346057690029,0.10253646662091598
5.038346057690029,0.10253646662091598
5.038346057690029,0.10253646662091598
5.038346057690029,0.10253646662091598
5.038346057690029,0.10253646662091598
5.038346057690029,0.10253646662091598
5.038346057690029,0.10253646662091598
5.038346057690029,0.10253646662091598
5.038346057690029,0.10253646662091598
5.038346057690029,0.10253646662091598
5.038346057690029,0.10253646662091598
5.038346057690029,0.10253646662091598
5.038346057690029,0.10253646662091598
4.354470466901001,1.668108389246818
4.354470466901001,1.668108389246818
4.354470466901001,1.668108389246818
4.354470466901001,1.668108389246818
4.354470466901001,1.668108389246818
4.354470466901001,1.668108389246818
4.354470466901001,1.668108389246818
4.354470466901001,1.668108389246818
4.354470466901001,1.668108389246818
4.354470466901001,1.668108389246818
4.354470466901001,1.668108389246818
4.354470466901001,1.668108389246818
4.354470466901001,1.668108389246818
4.354470466901001,1.668108389246818
4.354470466901001,1.668108389246818
4.354470466901001,1.668108389246818
4.354470466901001,1.668108389246818
4.354470466901001,1.668108389246818
4.354470466901001,1.668108389246818
4.354470466901001,1.668108389246818
4.354470466901001,1.668108389246818
4.354470466901001,1.668108389246818
4.354470466901001,1.668108389246818
4.354470466901001,1.668108389246818
4.354470466901001,1.668108389246818
4.354470466901001,1.668108389246818
4.354470466901001,1.668108389246818
4.354470466901001,1.668108389246818
4.354470466901001,1.668108389246818
4.354470466901001,1.668108389246818
4.354470466901001,1.668108389246818
4.354470466901001,1.668108389246818
4.354470466901001,1.668108389246818
4.354470466901001,1.668108389246818
4.354470466901001,1.668108389246818
4.354470466901001,1.668108389246818
4.354470466901001,1.668108389246818
4.354470466901001,1.668108389246818
4.354470466901001,1.668108389246818
4.354470466901001,1.668108389246818
4.354470466901001,1.668108389246818
4.354470466901001,1.668108389246818
4.354470466901001,1.668108389246818
4.354470466901001,1.668108389246818
4.354470466901001,1.668108389246818
4.354470466901001,1.668108389246818
4.354470466901001,1.668108389246818
4.354470466901001,1.668108389246818
4.354470466901001,1.668108389246818
4.354470466901001,1.668108389246818
4.354470466901001,1.668108389246818
4.354470466901001,1.668108389246818
4.354470466901001,1.668108389246818
4.354470466901001,1.668108389246818
4.354470466901001,1.668108389246818
4.354470466901001,1.668108389246818
4.354470466901001,1.668108389246818
4.354470466901001,1.668108389246818
4.354470466901001,1.668108389246818
4.354470466901001,1.668108389246818
4.354470466901001,1.668108389246818
4.354470466901001,1.668108389246818
4.354470466901001,1.668108389246818
4.354470466901001,1.668108389246818
4.354470466901001,1.668108389246818
4.354470466901001,1.668108389246818
4.354470466901001,1.668108389246818
4.354470466901001,1.668108389246818
4.354470466901001,1.668108389246818
4.354470466901001,1.668108389246818
4.354470466901001,1.668108389246818
4.354470466901001,1.668108389246818
4.354470466901001,1.668108389246818
4.354470466901001,1.668108389246818
4.354470466901001,1.668108389246818
4.354470466901001,1.668108389246818
4.354470466901001,1.668108389246818
4.354470466901001,1.668108389246818
4.354470466901001,1.668108389246818
4.354470466901001,1.668108389246818
4.354470466901001,1.668108389246818
4.354470466901001,1.668108389246818
4.354470466901001,1.668108389246818
4.354470466901001,1.668108389246818
4.354470466901001,1.668108389246818
4.354470466901001,1.668108389246818
4.354470466901001,1.668108389246818
4.354470466901001,1.668108389246818
4.354470466901001,1.668108389246818
4.354470466901001,1.668108389246818
4.354470466901001,1.668108389246818
4.354470466901001,1.668108389246818
5.295413409262322,0.5059769431481573
5.295413409262322,0.5059769431481573
5.295413409262322,0.5059769431481573
5.295413409262322,0.5059769431481573
5.295413409262322,0.5059769431481573
5.295413409262322,0.5059769431481573
5.295413409262322,0.5059769431481573
5.295413409262322,0.5059769431481573
5.295413409262322,0.5059769431481573
5.295413409262322,0.5059769431481573
5.295413409262322,0.5059769431481573
5.295413409262322,0.5059769431481573
5.295413409262322,0.5059769431481573
5.295413409262322,0.5059769431481573
5.295413409262322,0.5059769431481573
5.295413409262322,0.5059769431481573
5.295413409262322,0.5059769431481573
5.295413409262322,0.5059769431481573
5.295413409262322,0.5059769431481573
5.295413409262322,0.5059769431481573
5.295413409262322,0.5059769431481573
5.295413409262322,0.5059769431481573
5.295413409262322,0.5059769431481573
5.295413409262322,0.5059769431481573
5.295413409262322,0.5059769431481573
5.295413409262322,0.5059769431481573
5.295413409262322,0.5059769431481573
5.295413409262322,0.5059769431481573
5.295413409262322,0.5059769431481573
5.295413409262322,0.5059769431481573
5.295413409262322,0.5059769431481573
5.295413409262322,0.5059769431481573
5.295413409262322,0.5059769431481573
5.295413409262322,0.5059769431481573
5.295413409262322,0.5059769431481573
5.295413409262322,0.5059769431481573
5.295413409262322,0.5059769431481573
5.295413409262322,0.5059769431481573
5.295413409262322,0.5059769431481573
5.295413409262322,0.5059769431481573
5.295413409262322,0.5059769431481573
5.295413409262322,0.5059769431481573
5.295413409262322,0.5059769431481573
5.295413409262322,0.5059769431481573
5.295413409262322,0.5059769431481573
5.295413409262322,0.5059769431481573
5.295413409262322,0.5059769431481573
5.295413409262322,0.5059769431481573
5.295413409262322,0.5059769431481573
5.295413409262322,0.5059769431481573
3.85624390628375,4.159392085261679
3.85624390628375,4.159392085261679
3.85624390628375,4.159392085261679
3.85624390628375,4.159392085261679
3.85624390628375,4.159392085261679
3.85624390628375,4.159392085261679
3.85624390628375,4.159392085261679
3.85624390628375,4.159392085261679
3.85624390628375,4.159392085261679
3.85624390628375,4.159392085261679
3.85624390628375,4.159392085261679
3.85624390628375,4.159392085261679
3.85624390628375,4.159392085261679
3.85624390628375,4.159392085261679
3.85624390628375,4.159392085261679
3.85624390628375,4.159392085261679
3.85624390628375,4.159392085261679
3.85624390628375,4.159392085261679
3.85624390628375,4.159392085261679
3.85624390628375,4.159392085261679
3.85624390628375,4.159392085261679
3.4779414237488595,1.0710682501715203
3.4779414237488595,1.0710682501715203
3.4779414237488595,1.0710682501715203
3.4779414237488595,1.0710682501715203
3.4779414237488595,1.0710682501715203
3.4779414237488595,1.0710682501715203
3.4779414237488595,1.0710682501715203
3.4779414237488595,1.0710682501715203
3.4779414237488595,1.0710682501715203
3.4779414237488595,1.0710682501715203
3.4779414237488595,1.0710682501715203
3.4779414237488595,1.0710682501715203
3.4779414237488595,1.0710682501715203
3.4779414237488595,1.0710682501715203
3.4779414237488595,1.0710682501715203
3.4779414237488595,1.0710682501715203
3.4779414237488595,1.0710682501715203
3.4779414237488595,1.0710682501715203
3.4779414237488595,1.0710682501715203
3.4779414237488595,1.0710682501715203
3.4779414237488595,1.0710682501715203
3.4779414237488595,1.0710682501715203
3.4779414237488595,1.0710682501715203
3.4779414237488595,1.0710682501715203
3.4779414237488595,1.0710682501715203
3.4779414237488595,1.0710682501715203
3.4779414237488595,1.0710682501715203
3.4779414237488595,1.0710682501715203
3.4779414237488595,1.0710682501715203
3.4779414237488595,1.0710682501715203
3.4779414237488595,1.0710682501715203
3.4779414237488595,1.0710682501715203
3.4779414237488595,1.0710682501715203
3.4779414237488595,1.0710682501715203
3.4779414237488595,1.0710682501715203
3.4779414237488595,1.0710682501715203
3.4779414237488595,1.0710682501715203
3.4779414237488595,1.0710682501715203
3.4779414237488595,1.0710682501715203
3.4779414237488595,1.0710682501715203
3.4779414237488595,1.0710682501715203
3.4779414237488595,1.0710682501715203
3.4779414237488595,1.0710682501715203
3.4779414237488595,1.0710682501715203
3.4779414237488595,1.0710682501715203
3.4779414237488595,1.0710682501715203
3.4779414237488595,1.0710682501715203
3.4779414237488595,1.0710682501715203
3.4779414237488595,1.0710682501715203
3.4779414237488595,1.0710682501715203
3.4779414237488595,1.0710682501715203
3.4779414237488595,1.0710682501715203
3.4779414237488595,1.0710682501715203
3.4779414237488595,1.0710682501715203
3.4779414237488595,1.0710682501715203
3.4779414237488595,1.0710682501715203
3.4779414237488595,1.0710682501715203
3.4779414237488595,1.0710682501715203
3.4779414237488595,1.0710682501715203
3.4779414237488595,1.0710682501715203
3.4779414237488595,1.0710682501715203
3.4779414237488595,1.0710682501715203
3.4779414237488595,1.0710682501715203
3.4779414237488595,1.0710682501715203
3.4779414237488595,1.0710682501715203
3.4779414237488595,1.0710682501715203
3.4779414237488595,1.0710682501715203
6.545530806755214,1.1928286881861387
6.545530806755214,1.1928286881861387
6.545530806755214,1.1928286881861387
6.545530806755214,1.1928286881861387
6.545530806755214,1.1928286881861387
6.545530806755214,1.1928286881861387
6.545530806755214,1.1928286881861387
6.545530806755214,1.1928286881861387
6.545530806755214,1.1928286881861387
6.545530806755214,1.1928286881861387
6.545530806755214,1.1928286881861387
6.545530806755214,1.1928286881861387
6.545530806755214,1.1928286881861387
6.545530806755214,1.1928286881861387
6.545530806755214,1.1928286881861387
6.545530806755214,1.1928286881861387
6.545530806755214,1.1928286881861387
6.545530806755214,1.1928286881861387
6.545530806755214,1.1928286881861387
6.545530806755214,1.1928286881861387
2.4243936266704993,3.163602131577466
2.4243936266704993,3.163602131577466
2.4243936266704993,3.163602131577466
2.4243936266704993,3.163602131577466
2.4243936266704993,3.163602131577466
2.4243936266704993,3.163602131577466
2.4243936266704993,3.163602131577466
2.4243936266704993,3.163602131577466
2.4243936266704993,3.163602131577466
2.4243936266704993,3.163602131577466
2.4243936266704993,3.163602131577466
2.4243936266704993,3.163602131577466
4.989144828134398,1.5247039691213178
4.989144828134398,1.5247039691213178
4.989144828134398,1.5247039691213178
4.989144828134398,1.5247039691213178
4.989144828134398,1.5247039691213178
4.989144828134398,1.5247039691213178
4.989144828134398,1.5247039691213178
4.989144828134398,1.5247039691213178
4.989144828134398,1.5247039691213178
4.989144828134398,1.5247039691213178
4.989144828134398,1.5247039691213178
4.989144828134398,1.5247039691213178
4.989144828134398,1.5247039691213178
4.989144828134398,1.5247039691213178
4.989144828134398,1.5247039691213178
4.989144828134398,1.5247039691213178
4.989144828134398,1.5247039691213178
4.989144828134398,1.5247039691213178
4.989144828134398,1.5247039691213178
4.989144828134398,1.5247039691213178
4.989144828134398,1.5247039691213178
4.989144828134398,1.5247039691213178
4.989144828134398,1.5247039691213178
4.989144828134398,1.5247039691213178
4.989144828134398,1.5247039691213178
4.989144828134398,1.5247039691213178
4.989144828134398,1.5247039691213178
4.989144828134398,1.5247039691213178
4.989144828134398,1.5247039691213178
4.989144828134398,1.5247039691213178
4.989144828134398,1.5247039691213178
4.989144828134398,1.5247039691213178
4.989144828134398,1.5247039691213178
4.989144828134398,1.5247039691213178
4.989144828134398,1.5247039691213178
4.989144828134398,1.5247039691213178
4.989144828134398,1.5247039691213178
4.989144828134398,1.5247039691213178
4.989144828134398,1.5247039691213178
4.989144828134398,1.5247039691213178
4.989144828134398,1.5247039691213178
4.989144828134398,1.5247039691213178
4.989144828134398,1.5247039691213178
4.989144828134398,1.5247039691213178
4.989144828134398,1.5247039691213178
4.989144828134398,1.5247039691213178
4.989144828134398,1.5247039691213178
4.989144828134398,1.5247039691213178
4.989144828134398,1.5247039691213178
4.989144828134398,1.5247039691213178
4.989144828134398,1.5247039691213178
4.989144828134398,1.5247039691213178
4.989144828134398,1.5247039691213178
4.989144828134398,1.5247039691213178
4.989144828134398,1.5247039691213178
4.989144828134398,1.5247039691213178
4.989144828134398,1.5247039691213178
4.989144828134398,1.5247039691213178
4.989144828134398,1.5247039691213178
4.989144828134398,1.5247039691213178
4.989144828134398,1.5247039691213178
4.989144828134398,1.5247039691213178
4.989144828134398,1.5247039691213178
4.989144828134398,1.5247039691213178
4.989144828134398,1.5247039691213178
4.989144828134398,1.5247039691213178
4.989144828134398,1.5247039691213178
4.989144828134398,1.5247039691213178
4.989144828134398,1.5247039691213178
4.989144828134398,1.5247039691213178
4.989144828134398,1.5247039691213178
4.989144828134398,1.5247039691213178
4.989144828134398,1.5247039691213178
4.989144828134398,1.5247039691213178
4.989144828134398,1.5247039691213178
4.989144828134398,1.5247039691213178
4.989144828134398,1.5247039691213178
4.989144828134398,1.5247039691213178
4.989144828134398,1.5247039691213178
4.989144828134398,1.5247039691213178
4.989144828134398,1.5247039691213178
4.989144828134398,1.5247039691213178
4.989144828134398,1.5247039691213178
4.989144828134398,1.5247039691213178
4.989144828134398,1.5247039691213178
4.989144828134398,1.5247039691213178
4.989144828134398,1.5247039691213178
4.989144828134398,1.5247039691213178
4.989144828134398,1.5247039691213178
4.989144828134398,1.5247039691213178
4.989144828134398,1.5247039691213178
4.989144828134398,1.5247039691213178
4.989144828134398,1.5247039691213178
4.989144828134398,1.5247039691213178
4.989144828134398,1.5247039691213178
4.989144828134398,1.5247039691213178
4.989144828134398,1.5247039691213178
4.989144828134398,1.5247039691213178
4.989144828134398,1.5247039691213178
4.989144828134398,1.5247039691213178
4.989144828134398,1.5247039691213178
4.989144828134398,1.5247039691213178
4.989144828134398,1.5247039691213178
4.989144828134398,1.5247039691213178
4.989144828134398,1.5247039691213178
4.989144828134398,1.5247039691213178
4.989144828134398,1.5247039691213178
4.989144828134398,1.5247039691213178
4.989144828134398,1.5247039691213178
4.989144828134398,1.5247039691213178
4.989144828134398,1.5247039691213178
4.989144828134398,1.5247039691213178
4.989144828134398,1.5247039691213178
4.989144828134398,1.5247039691213178
4.989144828134398,1.5247039691213178
4.989144828134398,1.5247039691213178
4.989144828134398,1.5247039691213178
4.989144828134398,1.5247039691213178
4.989144828134398,1.5247039691213178
4.989144828134398,1.5247039691213178
4.989144828134398,1.5247039691213178
4.989144828134398,1.5247039691213178
4.989144828134398,1.5247039691213178
4.989144828134398,1.5247039691213178
4.989144828134398,1.5247039691213178
4.989144828134398,1.5247039691213178
4.989144828134398,1.5247039691213178
4.989144828134398,1.5247039691213178
4.989144828134398,1.5247039691213178
4.989144828134398,1.5247039691213178
4.989144828134398,1.5247039691213178
4.989144828134398,1.5247039691213178
4.989144828134398,1.5247039691213178
4.989144828134398,1.5247039691213178
4.989144828134398,1.5247039691213178
4.989144828134398,1.5247039691213178
4.989144828134398,1.5247039691213178
4.989144828134398,1.5247039691213178
4.989144828134398,1.5247039691213178
4.989144828134398,1.5247039691213178
4.989144828134398,1.5247039691213178
4.989144828134398,1.5247039691213178
4.989144828134398,1.5247039691213178
4.989144828134398,1.5247039691213178
4.989144828134398,1.5247039691213178
4.989144828134398,1.5247039691213178
4.989144828134398,1.5247039691213178
4.989144828134398,1.5247039691213178
4.989144828134398,1.5247039691213178
4.989144828134398,1.5247039691213178
4.989144828134398,1.5247039691213178
4.989144828134398,1.5247039691213178
4.989144828134398,1.5247039691213178
4.989144828134398,1.5247039691213178
4.989144828134398,1.5247039691213178
4.989144828134398,1.5247039691213178
4.989144828134398,1.5247039691213178
4.989144828134398,1.5247039691213178
4.989144828134398,1.5247039691213178
4.989144828134398,1.5247039691213178
4.989144828134398,1.5247039691213178
4.989144828134398,1.5247039691213178
4.989144828134398,1.5247039691213178
4.989144828134398,1.5247039691213178
4.989144828134398,1.5247039691213178
4.989144828134398,1.5247039691213178
4.989144828134398,1.5247039691213178
4.989144828134398,1.5247039691213178
4.989144828134398,1.5247039691213178
4.989144828134398,1.5247039691213178
4.989144828134398,1.5247039691213178
4.989144828134398,1.5247039691213178
4.989144828134398,1.5247039691213178
4.989144828134398,1.5247039691213178
4.989144828134398,1.5247039691213178
4.989144828134398,1.5247039691213178
4.989144828134398,1.5247039691213178
4.989144828134398,1.5247039691213178
4.989144828134398,1.5247039691213178
4.989144828134398,1.5247039691213178
4.989144828134398,1.5247039691213178
4.989144828134398,1.5247039691213178
4.989144828134398,1.5247039691213178
4.989144828134398,1.5247039691213178
4.989144828134398,1.5247039691213178
4.989144828134398,1.5247039691213178
4.989144828134398,1.5247039691213178
4.989144828134398,1.5247039691213178
4.989144828134398,1.5247039691213178
4.989144828134398,1.5247039691213178
4.989144828134398,1.5247039691213178
4.989144828134398,1.5247039691213178
1.6831264114955196,0.8424604555799848
1.6831264114955196,0.8424604555799848
1.6831264114955196,0.8424604555799848
1.6831264114955196,0.8424604555799848
1.6831264114955196,0.8424604555799848
1.6831264114955196,0.8424604555799848
1.6831264114955196,0.8424604555799848
4.796435159960012,1.2582559150555275
4.796435159960012,1.2582559150555275
4.796435159960012,1.2582559150555275
4.796435159960012,1.2582559150555275
4.796435159960012,1.2582559150555275
4.796435159960012,1.2582559150555275
4.796435159960012,1.2582559150555275
4.796435159960012,1.2582559150555275
4.796435159960012,1.2582559150555275
4.796435159960012,1.2582559150555275
4.796435159960012,1.2582559150555275
4.796435159960012,1.2582559150555275
4.796435159960012,1.2582559150555275
4.796435159960012,1.2582559150555275
4.796435159960012,1.2582559150555275
4.796435159960012,1.2582559150555275
4.796435159960012,1.2582559150555275
4.796435159960012,1.2582559150555275
4.796435159960012,1.2582559150555275
4.796435159960012,1.2582559150555275
4.796435159960012,1.2582559150555275
4.796435159960012,1.2582559150555275
4.796435159960012,1.2582559150555275
4.796435159960012,1.2582559150555275
4.796435159960012,1.2582559150555275
4.796435159960012,1.2582559150555275
4.796435159960012,1.2582559150555275
4.796435159960012,1.2582559150555275
4.796435159960012,1.2582559150555275
4.796435159960012,1.2582559150555275
4.796435159960012,1.2582559150555275
4.796435159960012,1.2582559150555275
4.796435159960012,1.2582559150555275
4.796435159960012,1.2582559150555275
4.796435159960012,1.2582559150555275
4.796435159960012,1.2582559150555275
4.796435159960012,1.2582559150555275
4.796435159960012,1.2582559150555275
4.796435159960012,1.2582559150555275
4.796435159960012,1.2582559150555275
4.796435159960012,1.2582559150555275
4.796435159960012,1.2582559150555275
4.796435159960012,1.2582559150555275
4.796435159960012,1.2582559150555275
4.796435159960012,1.2582559150555275
4.796435159960012,1.2582559150555275
4.796435159960012,1.2582559150555275
4.796435159960012,1.2582559150555275
4.796435159960012,1.2582559150555275
4.796435159960012,1.2582559150555275
4.796435159960012,1.2582559150555275
4.796435159960012,1.2582559150555275
4.796435159960012,1.2582559150555275
4.796435159960012,1.2582559150555275
4.796435159960012,1.2582559150555275
4.796435159960012,1.2582559150555275
4.796435159960012,1.2582559150555275
4.796435159960012,1.2582559150555275
4.796435159960012,1.2582559150555275
4.796435159960012,1.2582559150555275
4.796435159960012,1.2582559150555275
4.796435159960012,1.2582559150555275
4.796435159960012,1.2582559150555275
4.796435159960012,1.2582559150555275
4.796435159960012,1.2582559150555275
4.796435159960012,1.2582559150555275
4.796435159960012,1.2582559150555275
4.796435159960012,1.2582559150555275
4.796435159960012,1.2582559150555275
4.796435159960012,1.2582559150555275
4.796435159960012,1.2582559150555275
4.796435159960012,1.2582559150555275
4.796435159960012,1.2582559150555275
4.796435159960012,1.2582559150555275
4.796435159960012,1.2582559150555275
4.796435159960012,1.2582559150555275
4.796435159960012,1.2582559150555275
4.796435159960012,1.2582559150555275
4.796435159960012,1.2582559150555275
4.796435159960012,1.2582559150555275
4.796435159960012,1.2582559150555275
4.796435159960012,1.2582559150555275
4.796435159960012,1.2582559150555275
4.796435159960012,1.2582559150555275
4.796435159960012,1.2582559150555275
4.796435159960012,1.2582559150555275
4.796435159960012,1.2582559150555275
4.796435159960012,1.2582559150555275
4.796435159960012,1.2582559150555275
4.796435159960012,1.2582559150555275
4.796435159960012,1.2582559150555275
4.796435159960012,1.2582559150555275
4.796435159960012,1.2582559150555275
4.796435159960012,1.2582559150555275
4.796435159960012,1.2582559150555275
4.796435159960012,1.2582559150555275
4.796435159960012,1.2582559150555275
4.796435159960012,1.2582559150555275
4.796435159960012,1.2582559150555275
4.796435159960012,1.2582559150555275
4.796435159960012,1.2582559150555275
4.796435159960012,1.2582559150555275
4.796435159960012,1.2582559150555275
4.796435159960012,1.2582559150555275
4.796435159960012,1.2582559150555275
4.796435159960012,1.2582559150555275
4.796435159960012,1.2582559150555275
4.796435159960012,1.2582559150555275
4.796435159960012,1.2582559150555275
4.796435159960012,1.2582559150555275
4.796435159960012,1.2582559150555275
4.796435159960012,1.2582559150555275
4.796435159960012,1.2582559150555275
4.796435159960012,1.2582559150555275
4.796435159960012,1.2582559150555275
4.796435159960012,1.2582559150555275
4.796435159960012,1.2582559150555275
4.796435159960012,1.2582559150555275
4.796435159960012,1.2582559150555275
4.796435159960012,1.2582559150555275
4.796435159960012,1.2582559150555275
4.796435159960012,1.2582559150555275
4.796435159960012,1.2582559150555275
4.796435159960012,1.2582559150555275
4.796435159960012,1.2582559150555275
4.796435159960012,1.2582559150555275
4.796435159960012,1.2582559150555275
4.796435159960012,1.2582559150555275
4.796435159960012,1.2582559150555275
4.796435159960012,1.2582559150555275
4.796435159960012,1.2582559150555275
4.796435159960012,1.2582559150555275
4.796435159960012,1.2582559150555275
4.796435159960012,1.2582559150555275
4.796435159960012,1.2582559150555275
4.796435159960012,1.2582559150555275
4.796435159960012,1.2582559150555275
4.796435159960012,1.2582559150555275
4.796435159960012,1.2582559150555275
4.796435159960012,1.2582559150555275
4.796435159960012,1.2582559150555275
4.796435159960012,1.2582559150555275
4.796435159960012,1.2582559150555275
4.796435159960012,1.2582559150555275
4.796435159960012,1.2582559150555275
4.796435159960012,1.2582559150555275
4.796435159960012,1.2582559150555275
4.796435159960012,1.2582559150555275
4.796435159960012,1.2582559150555275
4.796435159960012,1.2582559150555275
4.796435159960012,1.2582559150555275
4.796435159960012,1.2582559150555275
4.796435159960012,1.2582559150555275
4.796435159960012,1.2582559150555275
4.796435159960012,1.2582559150555275
4.796435159960012,1.2582559150555275
4.796435159960012,1.2582559150555275
4.796435159960012,1.2582559150555275
4.796435159960012,1.2582559150555275
4.796435159960012,1.2582559150555275
4.796435159960012,1.2582559150555275
4.796435159960012,1.2582559150555275
4.796435159960012,1.2582559150555275
4.796435159960012,1.2582559150555275
4.796435159960012,1.2582559150555275
4.796435159960012,1.2582559150555275
4.796435159960012,1.2582559150555275
4.796435159960012,1.2582559150555275
4.796435159960012,1.2582559150555275
4.796435159960012,1.2582559150555275
4.796435159960012,1.2582559150555275
4.796435159960012,1.2582559150555275
4.796435159960012,1.2582559150555275
4.796435159960012,1.2582559150555275
4.796435159960012,1.2582559150555275
4.796435159960012,1.2582559150555275
4.796435159960012,1.2582559150555275
4.796435159960012,1.2582559150555275
4.796435159960012,1.2582559150555275
4.796435159960012,1.2582559150555275
4.796435159960012,1.2582559150555275
4.796435159960012,1.2582559150555275
4.796435159960012,1.2582559150555275
4.796435159960012,1.2582559150555275
4.796435159960012,1.2582559150555275
4.796435159960012,1.2582559150555275
4.796435159960012,1.2582559150555275
4.796435159960012,1.2582559150555275
4.796435159960012,1.2582559150555275
4.796435159960012,1.2582559150555275
4.796435159960012,1.2582559150555275
4.796435159960012,1.2582559150555275
4.796435159960012,1.2582559150555275
4.796435159960012,1.2582559150555275
4.796435159960012,1.2582559150555275
4.796435159960012,1.2582559150555275
4.796435159960012,1.2582559150555275
4.796435159960012,1.2582559150555275
4.796435159960012,1.2582559150555275
4.796435159960012,1.2582559150555275
4.796435159960012,1.2582559150555275
4.796435159960012,1.2582559150555275
4.796435159960012,1.2582559150555275
4.796435159960012,1.2582559150555275
4.796435159960012,1.2582559150555275
4.796435159960012,1.2582559150555275
4.796435159960012,1.2582559150555275
4.796435159960012,1.2582559150555275
4.796435159960012,1.2582559150555275
4.796435159960012,1.2582559150555275
4.796435159960012,1.2582559150555275
4.796435159960012,1.2582559150555275
4.796435159960012,1.2582559150555275
4.796435159960012,1.2582559150555275
4.796435159960012,1.2582559150555275
4.796435159960012,1.2582559150555275
4.796435159960012,1.2582559150555275
4.796435159960012,1.2582559150555275
4.796435159960012,1.2582559150555275
4.796435159960012,1.2582559150555275
4.796435159960012,1.2582559150555275
4.796435159960012,1.2582559150555275
4.796435159960012,1.2582559150555275
4.796435159960012,1.2582559150555275
4.796435159960012,1.2582559150555275
4.796435159960012,1.2582559150555275
4.796435159960012,1.2582559150555275
4.796435159960012,1.2582559150555275
4.796435159960012,1.2582559150555275
4.796435159960012,1.2582559150555275
4.796435159960012,1.2582559150555275
4.796435159960012,1.2582559150555275
4.796435159960012,1.2582559150555275
4.796435159960012,1.2582559150555275
4.796435159960012,1.2582559150555275
4.796435159960012,1.2582559150555275
4.796435159960012,1.2582559150555275
4.796435159960012,1.2582559150555275
4.796435159960012,1.2582559150555275
4.796435159960012,1.2582559150555275
4.796435159960012,1.2582559150555275
4.796435159960012,1.2582559150555275
4.796435159960012,1.2582559150555275
4.796435159960012,1.2582559150555275
4.796435159960012,1.2582559150555275
4.796435159960012,1.2582559150555275
4.796435159960012,1.2582559150555275
4.796435159960012,1.2582559150555275
4.796435159960012,1.2582559150555275
4.796435159960012,1.2582559150555275
4.796435159960012,1.2582559150555275
4.796435159960012,1.2582559150555275
4.796435159960012,1.2582559150555275
4.796435159960012,1.2582559150555275
4.796435159960012,1.2582559150555275
4.796435159960012,1.2582559150555275
4.796435159960012,1.2582559150555275
4.796435159960012,1.2582559150555275
4.796435159960012,1.2582559150555275
4.796435159960012,1.2582559150555275
4.796435159960012,1.2582559150555275
4.796435159960012,1.2582559150555275
4.796435159960012,1.2582559150555275
4.796435159960012,1.2582559150555275
4.796435159960012,1.2582559150555275
4.796435159960012,1.2582559150555275
4.796435159960012,1.2582559150555275
4.796435159960012,1.2582559150555275
4.796435159960012,1.2582559150555275
4.796435159960012,1.2582559150555275
4.796435159960012,1.2582559150555275
4.796435159960012,1.2582559150555275
4.796435159960012,1.2582559150555275
4.796435159960012,1.2582559150555275
4.796435159960012,1.2582559150555275
4.796435159960012,1.2582559150555275
4.796435159960012,1.2582559150555275
4.796435159960012,1.2582559150555275
4.796435159960012,1.2582559150555275
4.796435159960012,1.2582559150555275
4.796435159960012,1.2582559150555275
4.796435159960012,1.2582559150555275
4.796435159960012,1.2582559150555275
4.796435159960012,1.2582559150555275
4.796435159960012,1.2582559150555275
4.796435159960012,1.2582559150555275
4.796435159960012,1.2582559150555275
4.796435159960012,1.2582559150555275
4.796435159960012,1.2582559150555275
4.796435159960012,1.2582559150555275
4.796435159960012,1.2582559150555275
4.796435159960012,1.2582559150555275
4.796435159960012,1.2582559150555275
4.796435159960012,1.2582559150555275
4.796435159960012,1.2582559150555275
4.796435159960012,1.2582559150555275
4.796435159960012,1.2582559150555275
4.796435159960012,1.2582559150555275
4.796435159960012,1.2582559150555275
4.796435159960012,1.2582559150555275
4.796435159960012,1.2582559150555275
4.796435159960012,1.2582559150555275
4.796435159960012,1.2582559150555275
4.796435159960012,1.2582559150555275
4.796435159960012,1.2582559150555275
4.796435159960012,1.2582559150555275
4.796435159960012,1.2582559150555275
4.796435159960012,1.2582559150555275
4.796435159960012,1.2582559150555275
4.796435159960012,1.2582559150555275
4.796435159960012,1.2582559150555275
4.796435159960012,1.2582559150555275
4.796435159960012,1.2582559150555275
4.796435159960012,1.2582559150555275
4.796435159960012,1.2582559150555275
4.796435159960012,1.2582559150555275
4.796435159960012,1.2582559150555275
4.796435159960012,1.2582559150555275
4.796435159960012,1.2582559150555275
4.796435159960012,1.2582559150555275
4.796435159960012,1.2582559150555275
4.796435159960012,1.2582559150555275
4.796435159960012,1.2582559150555275
4.796435159960012,1.2582559150555275
4.796435159960012,1.2582559150555275
4.796435159960012,1.2582559150555275
4.796435159960012,1.2582559150555275
4.796435159960012,1.2582559150555275
4.796435159960012,1.2582559150555275
4.796435159960012,1.2582559150555275
4.796435159960012,1.2582559150555275
4.796435159960012,1.2582559150555275
4.796435159960012,1.2582559150555275
4.796435159960012,1.2582559150555275
4.796435159960012,1.2582559150555275
4.796435159960012,1.2582559150555275
4.796435159960012,1.2582559150555275
4.796435159960012,1.2582559150555275
4.796435159960012,1.2582559150555275
4.796435159960012,1.2582559150555275
4.796435159960012,1.2582559150555275
4.796435159960012,1.2582559150555275
4.796435159960012,1.2582559150555275
4.796435159960012,1.2582559150555275
4.796435159960012,1.2582559150555275
4.796435159960012,1.2582559150555275
4.796435159960012,1.2582559150555275
4.796435159960012,1.2582559150555275
4.796435159960012,1.2582559150555275
4.796435159960012,1.2582559150555275
4.796435159960012,1.2582559150555275
4.796435159960012,1.2582559150555275
4.796435159960012,1.2582559150555275
4.796435159960012,1.2582559150555275
4.796435159960012,1.2582559150555275
4.796435159960012,1.2582559150555275
4.796435159960012,1.2582559150555275
4.796435159960012,1.2582559150555275
4.796435159960012,1.2582559150555275
4.796435159960012,1.2582559150555275
4.796435159960012,1.2582559150555275
4.796435159960012,1.2582559150555275
4.796435159960012,1.2582559150555275
4.796435159960012,1.2582559150555275
4.796435159960012,1.2582559150555275
4.796435159960012,1.2582559150555275
4.796435159960012,1.2582559150555275
4.796435159960012,1.2582559150555275
4.796435159960012,1.2582559150555275
4.796435159960012,1.2582559150555275
4.796435159960012,1.2582559150555275
4.796435159960012,1.2582559150555275
4.796435159960012,1.2582559150555275
4.796435159960012,1.2582559150555275
4.796435159960012,1.2582559150555275
4.796435159960012,1.2582559150555275
4.796435159960012,1.2582559150555275
4.796435159960012,1.2582559150555275
4.796435159960012,1.2582559150555275
4.796435159960012,1.2582559150555275
4.796435159960012,1.2582559150555275
4.796435159960012,1.2582559150555275
4.796435159960012,1.2582559150555275
4.796435159960012,1.2582559150555275
4.796435159960012,1.2582559150555275
4.796435159960012,1.2582559150555275
4.796435159960012,1.2582559150555275
4.796435159960012,1.2582559150555275
4.796435159960012,1.2582559150555275
4.796435159960012,1.2582559150555275
4.796435159960012,1.2582559150555275
4.796435159960012,1.2582559150555275
4.796435159960012,1.2582559150555275
4.796435159960012,1.2582559150555275
4.796435159960012,1.2582559150555275
4.796435159960012,1.2582559150555275
4.796435159960012,1.2582559150555275
4.796435159960012,1.2582559150555275
4.796435159960012,1.2582559150555275
4.796435159960012,1.2582559150555275
4.796435159960012,1.2582559150555275
4.796435159960012,1.2582559150555275
4.796435159960012,1.2582559150555275
4.796435159960012,1.2582559150555275
4.796435159960012,1.2582559150555275
4.796435159960012,1.2582559150555275
4.796435159960012,1.2582559150555275
4.796435159960012,1.2582559150555275
4.796435159960012,1.2582559150555275
4.796435159960012,1.2582559150555275
4.796435159960012,1.2582559150555275
4.796435159960012,1.2582559150555275
4.796435159960012,1.2582559150555275
4.796435159960012,1.2582559150555275
4.796435159960012,1.2582559150555275
4.796435159960012,1.2582559150555275
4.796435159960012,1.2582559150555275
4.796435159960012,1.2582559150555275
4.796435159960012,1.2582559150555275
4.796435159960012,1.2582559150555275
4.796435159960012,1.2582559150555275
4.796435159960012,1.2582559150555275
4.796435159960012,1.2582559150555275
4.796435159960012,1.2582559150555275
4.796435159960012,1.2582559150555275
4.796435159960012,1.2582559150555275
4.796435159960012,1.2582559150555275
4.796435159960012,1.2582559150555275
4.796435159960012,1.2582559150555275
4.796435159960012,1.2582559150555275
4.796435159960012,1.2582559150555275
4.796435159960012,1.2582559150555275
4.796435159960012,1.2582559150555275
4.796435159960012,1.2582559150555275
