3.5,3.5
3.725456106262944,3.4962739700295584
2.9593240060681807,3.908824269657213
2.256545337484124,3.6176835642604095
2.010247619455719,3.9655456657523427
2.1719783816296756,4.361862652511862
2.847633337150879,4.2850567123500065
4.139644909409004,3.474686653564341
1.5470303903558797,4.62067016657267
4.049604902893046,2.579984314851911
3.1541484461647036,4.9658808394380545
4.16793726543864,3.1009966787754886
1.7914883187461532,5.417743012388325
3.8633769082429255,4.047398459064098
2.23380189788284,4.569820399343077
1.9493247359238755,6.251813401812471
3.868467233751818,3.1086937456262036
0.9893795575616909,6.131381446148343
1.9847611295998815,5.638290009340511
2.506394936746346,3.0672839317136265
1.131572117309262,5.075893704324867
0.8399177411981623,4.72539678068274
4.872156943354522,3.819895435039771
0.5215375945754609,5.969532806344113
2.3456234334753754,4.265673301249768
3.9306486464229553,3.4567500594067013
5.673150768730591,3.8538393051837776
0.7042164307091484,4.373258803246446
1.8697521929983196,5.922043100630699
2.253173424908676,5.522756342459094
4.517863022754133,3.5606056373881065
2.265816516139956,4.745301068519842
1.1568728359609182,3.725098189311324
2.903983227331197,3.370638642689586
5.00470045279546,2.7264087738301384
2.764508101323031,2.3042956840114663
0.9397968527733862,6.247962891903189
0.38105240080548275,3.1032689756590157
4.321278469886029,3.932553752174087
1.6569376694304558,6.055675696858316
4.946866849448048,2.3356793368904807
2.831544486407336,2.8559444962445113
3.7545132991237358,2.1727091620712202
2.339057947356831,5.565543536138379
0.9137695143127234,2.8978385148907337
4.812555724309482,2.3743840912448984
1.413420659128274,5.531562420767647
1.2387172577413876,2.861454874547273
2.6221017800552597,6.6757805095243485
1.3147201496464365,2.769877560009044
3.774908132425602,5.702940252887751
4.406024457681546,4.73833785576889
2.8281427496943277,1.7626274574413523
3.1640675681655024,4.865030217478776
3.065228910252121,5.757742031461998
2.265864575676221,1.998211239348891
6.2804236999938,3.5781504183324118
1.280924765537711,2.5809431742670275
0.533109215003376,2.6459007874191927
5.697538747644389,3.43215242130501
1.326486537732051,5.0072020450699215
5.852641350938771,3.311597629910245
3.091293535304555,3.5561365415291366
4.575030272516515,1.8536326743590505
2.217988562644579,4.758323529952386
4.162926000053244,4.331931080197659
0.8447642785042,6.531075048799052
0.8854366629906727,3.11048608868819
5.612693637478602,4.154595780282772
3.6263882564529375,6.526438259129614
4.636117606866737,5.53846226568044
6.0839678900884735,2.529748873637568
1.95750749402228,5.56378553346817
1.5158637350073056,6.1925420992883415
4.464592475427315,3.0913594637100004
5.97615167789943,2.329724625356264
1.1005041234449795,6.667491292362225
0.6962024953334004,3.383070593063676
2.1246162210716877,1.5069257113998593
0.7477988695863135,3.6646265816800763
2.3063288592514013,1.94816380170422
2.9794070991655617,5.1416493604017965
4.274297283984083,5.0211685029964395
0.027950262308896412,5.034762918243144
3.6346116683526373,3.5667431272976926
1.6771010024127562,4.435782346509141
5.362496980276596,3.0674541861690487
1.5566306304235118,3.7808234443277557
0.48535445911821995,5.903862611641855
0.13693341133791515,5.815586454953137
6.040282791233164,2.931045051751839
4.489604577670304,6.735864256812192
5.343144300498836,6.842171447650182
5.369562600962956,5.31994949285993
1.4826401443231156,1.7315822993159085
2.5860911762771326,3.2654608768534503
3.0739042012859477,3.9707269801831826
4.856360585152831,2.8924954994125502
5.1978358217671,3.6444104723316286
1.3500049949330193,1.1485554931921333
2.349314473870801,6.021342634420689
3.7129851923358577,4.2453623837203125
3.413568680400382,4.37829481415364
4.664103471065013,2.5202652644947454
0.5863888009044511,3.0125944180945003
1.9043770669188644,4.658453159054148
6.409519425442653,2.836296754844847
2.9312389137367383,5.643180745203991
1.0709887751050766,0.4693691996529955
0.019855922567344475,3.9258306329199986
6.164905745176771,2.5541001037850695
3.2655861533437527,3.4576040976593525
4.042555727869719,3.7195858602054814
6.785470301741568,4.240528627218134
0.32765175811990666,5.786517518058684
3.4388730395299003,3.4463421784746755
5.074658746163144,6.598844158938959
5.032375266259331,1.4433012512680947
1.5980675430944806,0.7730991603362085
3.1544563738366524,0.8345310662479924
4.370581355216486,3.598424900148511
2.361474743689925,3.709339773315609
5.949402847131453,2.77163832735788
0.6188280706650535,5.7684518547862025
5.820914578131865,5.609332662887358
4.360814122619445,6.831926795648814
3.2332847045839817,1.775368274183342
3.2804235714980923,2.7505119174617754
5.065891142407288,5.678064131063276
0.2583107828582365,6.382772436974264
2.252390884601646,3.244431644706607
3.6743853685691614,3.0358369290381457
5.108687408577822,3.190938331701174
0.5682287188551958,4.76952442513609
4.670329124303399,3.80404551900955
4.278014034633643,6.933256290720079
1.8710486379554963,4.801621652801903
4.816358078604608,4.817568490437479
3.6322775805684957,3.3247510832525697
3.354118270270853,1.7522830592232501
3.1796543926836502,6.6147346288562945
5.848864192717218,4.274923176916612
4.619491097642502,0.5404502884295671
1.2161732660533984,5.288456487745868
3.007138047823921,0.06332289163627647
2.8568962717643984,1.2946366358842245
2.3919641215644747,1.1900138728164715
0.1133214227155841,6.544399055320149
4.2672045543829915,2.740098310305847
4.7555695555797595,2.4638661811837546
4.171195016136546,1.7885890071389912
2.3503466754192015,0.36595030064204015
1.7330585868412953,2.5071997853457533
1.2227557521622932,1.3292210385907532
5.423160782678128,3.150943724875653
4.406949815022602,6.587610317052797
0.8272220572534986,2.281317131662157
5.737739950804436,2.0064564425381795
3.2429652467772527,4.200317539174697
4.606804683034467,1.187258499294619
3.8356493176047706,5.34813471602279
0.5595775046311415,0.5605251864630711
0.11806643757072843,5.654727340062419
0.33876388903300947,1.6697490470500251
4.4756528661402095,0.2780019597753829
5.522129848072938,5.616330047500222
2.7177936530517925,0.5447457947436946
4.963014908788483,6.8622793772575825
2.711107603535037,2.6958710207052707
1.8624171954249338,0.5209928390096106
2.61076623633986,1.2827065864003249
3.7057392267738396,4.491859705262186
5.462755792409665,2.408434085208653
1.8215530746532136,0.4287790941290367
3.007400553075874,4.357707708121059
6.210579718354076,5.205920242876469
5.391698096816965,3.887386577721412
4.334808100988898,6.695762042044147
2.5657055638562856,6.3167810720197055
1.045519037968182,5.1162446353164865
4.389338226925589,0.761880761213666
3.1942138581853774,2.2922261263041386
3.8331803545146466,6.2816126118988596
5.392373518963435,2.8705527487053724
1.0689292033430533,0.9045597444043906
1.5821364237823974,2.1030986673493315
0.003985587980858352,0.273846575328192
3.0371071529629394,4.4212086017383365
0.7017162795311956,1.5545162376201243
6.4490967198728555,2.4830839773981115
3.0211095763128015,3.5085027453924247
6.222789852246924,6.021282849924987
5.266898646438374,5.794201030307248
6.905727162363559,5.9541177813679
3.755097694695018,0.19751028389344594
3.7502017288710654,3.593372646549379
5.630578324171573,0.7618833948693864
0.9979019160987808,4.308650854248708
2.2606723095656442,5.472077993783842
1.8269450629593835,5.220135133341245
6.058620260883343,6.3867751553060685
1.5568283817961541,0.7322745991358169
4.575577719917504,4.177038272071548
4.287247912349091,0.044403970072569576
4.764966852446542,1.8120143118267888
0.19553879641275118,2.779961047803138
4.175026230863082,2.753525876368961
2.281590089996022,6.27139907778932
1.7550531376899623,1.225097271052177
0.9730309732515758,3.2555909120892306
0.8383715693549607,3.9046323316889087
5.931035338485832,6.574069397157764
3.3330234630663385,0.10139044165087063
5.901835854371642,2.8391509101597014
0.9426897029164375,2.066741466648713
5.73729395291847,2.7373408152114806
5.080588646954267,0.5627966695458541
2.7360539380867572,1.327322122929243
1.7473145306523699,6.120089413619891
5.08898893398344,2.0666555940092515
0.3907041853335619,1.9959232270166738
1.8419711377010848,2.632442452089405
5.848648755540158,6.152024144187586
6.456604487099437,1.1603840937918655
3.7598658677992054,0.8507958043635965
0.48755478024428245,2.4879469271488035
2.787778154023116,6.861974049996256
1.968515296956808,0.7813778269946101
1.1280475290794254,4.661145772681409
1.563644020402793,0.18053086892438464
5.4837677962401825,1.3772042501343909
1.574941279771957,2.981913336322876
6.047595047842957,2.2743925851194575
1.6066286715633775,3.554803654198861
1.8049696718170503,4.357934787016406
2.982624662631985,1.8257889563442447
6.052267042984399,4.9909452870217565
2.5772659672164453,1.2511663279234342
5.499256132483298,3.7093569971226166
4.466879265926018,5.397719737173819
6.540711764826875,3.553086653281822
6.7877690831977615,3.328903340520924
6.429014949336813,6.111183692318312
5.364710409278445,2.3168790496653378
2.9990947301645976,6.474580162317029
2.687693944809196,3.335690000232394
3.1091070140621193,1.593234091141981
1.827538009372581,2.365262443513184
0.4896536928690013,1.1989110436900507
4.4342785599323875,5.0948889468427865
2.284384777470949,3.5683043915836197
6.015505326512864,5.36922278941388
1.458583041458998,0.21322155387214292
2.9174597039404486,1.1230870819793486
2.080165527999162,4.303726907518653
2.408404982738372,2.0253722357890487
0.4748797803660928,0.3313380861818004
2.6056387641337464,0.8477898954464768
5.027251042347164,1.4039663696232842
2.9947124995882235,5.322274418187423
5.599867283705547,1.4440621036684775
0.8582195494068299,0.7255473300756177
5.541984155326505,6.560919501684904
2.6816118470781,3.0794358049412858
3.4062880309606616,6.935777155200808
4.0954033104022765,4.3473776513874185
3.691364924007768,6.847788210377322
4.359780336678764,2.827962317422524
2.5604557673905797,4.585054618364226
6.991928203721136,5.901762454926236
6.980027863009214,1.3809164487487866
2.528522532603131,1.2405845692228172
3.1252740807612227,6.304774843792897
3.7338245910795185,2.693904325612227
4.428495531369039,0.7669324120606147
5.594458866790517,3.731068679235805
5.347683629573243,1.4303901225003823
5.114651802254287,6.53832896219873
2.8118071843633006,5.449750855544667
3.0257335393000933,6.293881235064357
1.5112983807320453,5.595491720725812
5.209823788774645,1.1352135283089797
3.60445268602917,3.189407636012205
3.6672777861136137,5.0698211898499395
1.6987349389641597,4.510750548988656
1.692548380833127,4.297232799369781
1.571444899156804,3.537848129778393
0.47581907918215127,6.868199837127332
1.8507071805509319,3.4079061943618574
5.378233997818099,0.5750099626253761
4.408496175317961,2.3181006291194266
5.380610228746559,3.2892271792550782
2.2322319416134837,3.8557886336324545
2.7988477008614274,1.0861141895076591
3.06086886309628,0.40448084988002797
2.061500449827056,0.408432382998531
3.267663641800432,3.459717817977182
0.45339280288340156,5.96042788619472
5.265651170590818,4.100445857752503
5.216851286145118,4.989484885592086
2.1886031069727774,5.520100207349755
5.747404192981149,2.9740421432101476
5.307437242379786,2.249624225135526
1.3061483300249104,1.1937869800644803
1.0116111603932887,1.2320592532842367
2.3455509481148975,3.8195413283491315
5.031490697056197,1.6621818304816887
4.838704506894172,2.6209900129954065
6.287973029234922,2.2114312872530597
6.466997355266387,1.4083256621476496
2.857517257231281,6.065529520577539
2.2758792320168433,1.6568858911759563
6.291831114917079,1.0308416626824903
1.672578398337892,5.521108298477931
2.212438027964145,6.018993082927205
6.806269561750337,3.156814727929821
5.199797842953913,5.945809987386795
1.1505673241838617,2.5171330292838374
1.0957092211387514,5.956444874880186
0.011164440068373027,0.8703015902647838
5.722968991986802,6.327541974816314
1.9549212023642464,0.12485647436188363
2.246942176509441,6.553835890391504
2.433038531013301,2.7792747724578843
0.40783157112774404,4.458605999291002
3.3954648802242575,4.59124729399705
6.294303041607196,5.688452926837
2.3802609457450883,6.733736606882219
0.5852442557054999,1.4814501455918192
2.169844350881419,4.521986205693887
0.13630515155272305,1.3609829715679846
3.263936782061425,4.980246767981634
4.268895836429413,1.5957783354731876
1.2618029392327839,3.100783030602213
5.499282936966847,2.444124759115006
3.471844101850185,0.8118241898632388
1.0998839769220279,0.3887633583385518
2.5770013441642368,6.158608562687271
4.78767018053243,0.5474814445451776
0.4187089288823418,1.1069158042166687
4.659675120470675,5.235865472846747
5.491689842980444,3.749771308656285
5.829332628720869,2.445441858714193
1.5792904398591723,2.887532428140588
6.572764698045947,2.087366805930636
4.379981664126686,6.4753621650115205
3.7849362055953417,3.234694141935672
1.7188978861263007,0.5225614382173012
1.4806480237294937,4.097415603300727
1.057681199868505,2.414635279752752
0.06544454417436618,1.423430320394798
5.755962514999827,2.6279478025796372
2.564197321698046,4.072152242215059
4.006546457392843,3.781544008800277
6.560157266300395,1.2376828879501094
1.1460910115110976,4.270713734658453
1.31369085381264,6.607953153707005
3.070303450849233,0.6350854147267707
2.240644232689894,4.697936960248006
0.14868959958149663,4.339689831647599
3.029628941500974,0.009906288447856126
2.303106480488227,0.0022383439702924335
6.314195800562375,4.98709701290338
3.169430126343319,6.184825275375797
6.272533299490892,2.921501474586391
5.053002937581195,3.2601857610851877
4.426508182352185,5.002733422992384
1.9685807558279125,4.809785257219083
6.762092619597488,2.8281492138831643
5.4095131096826545,2.8554113424067777
0.9271997109140898,0.43853713703153996
3.220918442104069,5.164641038795098
4.115358207128062,4.121201108839394
2.4042129133454697,0.16269447799780767
5.576237635981151,6.4367155911718505
1.912868815942277,0.27840126150758737
5.221070648984879,0.9547424062611324
6.543741124937118,2.322340333137925
5.170784986305133,2.950048861845318
2.7258740473500254,3.039301451508588
3.3248439676935924,1.1751332280755282
6.4490535477617215,5.642329766979491
6.9089479296825465,0.5710769190422285
2.8470354644189446,5.814388743435238
0.5553504796945751,3.745792246126947
0.6499284431117661,1.070425436224199
2.506380694029784,0.9354732061104191
0.470410475581047,6.489920608128112
2.928285732322877,2.2775465636649983
6.753251350762787,1.6689282220840256
1.853850826785027,4.696234112307954
1.1352652641116596,3.3278672710357777
5.487735591680869,0.3808556868030881
2.671157920249719,6.952623814152145
6.823280583348377,3.328038313073302
5.936511046645682,0.9912944307823678
2.8630934303450055,6.129376314824767
3.028766131621434,5.088333011903113
0.4189696981624387,3.0461998053371726
5.5281503540964625,4.028011316095934
5.205012261216099,2.3365335875784075
0.3975296074225865,2.7951129779185857
4.701656896402749,3.101392350425309
3.0449514439290746,3.236563022071481
3.7134979846665916,1.9508268037299423
3.4544279802456623,5.58490930936197
3.0180066866425723,4.714003095172098
6.981429773338088,4.522489372068558
2.4809321314771613,4.1157493351430725
2.772719552544145,2.167947585820458
5.790404406291628,2.890890236802237
3.6514768517987664,2.1417085572191947
4.974889025627195,4.428817320883003
1.986819787613415,1.1872360293208144
0.2292093332154862,5.071417993117397
2.4299095103270445,0.9594488931788006
1.44969625387413,1.48739996491571
2.5541072512769865,2.7263664612940293
1.7175259381143007,3.8400606517130647
0.8713677085328059,4.315729991321662
0.4990362003793194,4.454197665182838
6.000184926872816,0.5851730443040082
3.582221220076497,6.128475573988636
2.828089033422016,6.00266299664491
5.481379477306792,5.6608980819788375
0.8896136352189639,3.4112715625217174
0.8891443127516881,2.2671692617986277
6.659820666148565,5.177521996128684
4.5846415661437225,4.741921518192979
1.0861513906641629,5.721541732849169
3.2430820226174886,5.592541015054701
3.904389298863748,5.035970989363345
4.188181794486691,6.264732236909941
2.452549218669404,2.2942310502099357
6.902217170628257,6.355560305221812
2.352566488978818,0.6658624389628157
1.5709325455203262,2.1135759979989914
5.0732156793313825,0.07016142844013595
3.2598236653748716,1.8872400418031914
5.1541582477174455,3.3324777851937624
2.2688212015942653,0.9222402086655238
2.4184735176510266,6.506869196928991
4.131653938697327,5.226502038273679
4.688888928478289,2.6659280486270855
1.7196375486994848,1.2063980506717744
3.6761212171001256,4.820915300463815
4.4696964529695205,2.746296342349418
3.5146380352848343,2.0031482115507426
2.9795353663862407,6.004352899869912
5.691948742597935,6.251082040553202
6.762209463373702,6.9674380091317305
5.437607270981595,0.37346745235201695
2.308173617234521,6.609715331344666
3.026279758960807,6.85516140998654
3.8729968156024226,5.663231127235946
1.8431701951292876,0.9415353281381004
5.584826387976207,0.6639546679222158
0.9524447901972728,3.723851342336087
0.7332981540310419,6.75178244547283
3.954747500269449,5.306744094832632
1.3009555632261476,1.682156005904441
4.714312621642967,5.874732887381123
0.12394441011746782,4.645528126296383
4.98710726475968,1.8952616883761937
6.5051867922019415,0.0909556478936292
3.929729153549748,6.840448404151338
0.07307197277998378,1.5399312103746132
6.7922766482585795,5.065391959176469
6.95669039797279,4.499190193220827
1.1346956180748413,2.89709254264753
2.979537233914282,0.5063895824665025
3.5607868799981377,1.7311486202571902
2.802686572432994,3.7045540035823104
3.4488244222061017,6.53128374015469
6.8917612131093975,4.931282635566
6.812089170174717,5.048444276596415
0.2799339815316426,0.6883538461528084
3.847981917428041,6.6505105602684385
4.212430007210652,2.071909225723603
6.109383663472883,6.9517023626566
0.43639225466334763,1.310680450195739
2.0902146408093714,4.162661967776588
4.529000559783064,6.089088725649378
5.907195299457641,6.025987745866495
5.008474969608329,3.7647151176538545
0.07182199803703349,5.187954907156497
4.651975783227041,4.621451831015719
5.926452751547733,6.518702621349039
3.6687848451621665,1.9997125985319744
2.6465237885471273,6.2846225384339345
2.2611945204673694,0.16958791347202362
5.842823303216326,2.4107354796133507
4.067177862384911,2.136755598033047
1.838982387358755,1.900501989213674
3.0351662876478347,3.61157794534743
5.293918966257517,3.0764290275007737
0.6730921544196057,2.8899547903584373
2.148476190947518,4.029275801726526
0.1802324713630501,0.9234055999387443
2.854916786543293,5.4395151412898555
3.221854996992877,3.637810391278511
4.278020745852006,5.010366917488529
0.9786337354703094,1.506457167782853
1.0412900807897432,4.480412378232662
5.896548087426385,6.134589428643115
6.007672089605182,1.1231788501665
4.996357683404941,5.641263245207797
3.6634234726870014,4.135786710890562
2.277643401049813,2.5869719687536383
0.5709624980397456,3.993403464056812
4.738444754947417,5.940881875931141
1.075716901137997,2.196877682879018
1.1668137010248343,1.9209614014981748
3.7022561483875522,6.300626362071169
3.614879011937265,0.3004551951668508
3.1739108751983185,2.321267395863348
0.980684161177417,1.1742897946879574
0.3271001749000615,2.6937198166776732
5.089328620818684,6.111269333571062
0.1053165535095354,5.179474298465642
3.464467232787557,5.343112520780232
2.1462404690507877,1.3337179939266053
6.4024491041731615,0.4680767880587513
0.9912009056194604,1.1815208558840857
5.788634428098049,4.011734451868834
4.091728897786783,5.802708313391235
5.0953048615678505,5.645975640302114
6.630726152200496,2.0806171104804143
6.220273072872542,0.7426488890974434
1.7003800202204744,0.06718989690626531
3.444782193483143,1.007514562311856
6.0747404118873485,0.6946362616256657
2.3044302679629336,6.651596336279175
6.809235915539087,4.318423082122363
4.927703051789194,2.7263258431744393
1.7151030089625734,3.534469720092729
1.8125405948387407,4.177505382170516
0.2870250381920756,2.579494107898705
1.3701588409751573,1.5554191434762386
6.9541563041203345,0.5595746072383534
1.5433137111714625,2.731934914693168
6.094345624712704,5.758449323657252
5.499061398340044,0.15945229863810806
2.9908021773513656,3.751645744223543
5.279120594659675,2.7137402289921466
1.8655818647963232,1.0064378307179747
0.7911215076893657,2.9699965166455824
0.8616275349216422,1.9471953251817178
6.346016097649469,6.8173463490157555
0.8230070481715083,6.8940955363476535
5.188524219895966,6.651814391861687
4.71487313039869,0.7372318376016156
4.5880709338697,2.2513006624331435
6.342644562119373,5.3431277352693
5.595919274778712,2.8939084649743823
1.0957896360324546,5.66926139609482
3.8176288934195672,6.467629341992925
5.952544900141971,0.12041751786990373
0.9464504789200823,6.784776728973186
6.2894663139150415,5.836266096841401
4.911313355669235,6.657905153494971
0.32045771981949145,6.883222209914194
0.950308985593597,3.9729455516057395
0.08759317790664023,3.9949920563428174
4.2668788257857395,0.601973707415516
2.40052569849177,2.528952080885218
2.978201516135855,1.2409013401192217
6.349778200605569,5.7994646840297595
2.2765210183634865,5.642675033346442
0.09033298221686803,2.231575621991716
6.4281655198209755,3.113827918546276
6.098428979214436,0.8055155532521949
0.5630162581489095,4.967415712423711
2.9534728701960438,1.5075765440656999
6.82098215345874,5.298858850851834
3.34792353551603,6.385347502236456
3.4299857941914316,6.824203067839613
6.873459565526242,4.874001604390239
5.194865802422637,1.4598660271596078
3.4819561435337487,0.6922892096716886
0.6776101857366797,1.4706461324311757
6.27918886863749,5.024499494471587
2.8794507218520486,3.055071148930525
3.5569244956629107,0.28080460376051264
5.227169517648635,6.756770727013675
3.5049015608525025,6.415352567521361
2.093393774516196,3.519065117646673
4.6680049301315485,1.149519318472775
3.3308158321263,2.7314784529260896
6.466242191644967,3.0781966298987347
0.9183716462890287,6.444133717167467
2.8075205772088854,5.615314767214462
2.351310001711546,3.9585138055125366
1.6516986122967625,1.1037910119094196
1.5781082020482904,6.641255678840875
1.3039441727534915,1.7164789654814578
5.956902728723179,0.561922136194177
3.2950059838697707,1.7803217539118745
1.0069623816908344,2.195495644493688
5.075792666069358,6.342175898137581
4.698500819524659,0.7546658004469095
3.619386356177579,6.105001133655296
0.03621075369034099,5.949299677981859
1.9979517982026105,3.73062230249019
1.4105347593592492,4.313831918760259
6.920315953063709,4.790512714884405
0.8425157249846336,5.397282571688561
2.8982645529458573,1.0916562041137463
1.7853357087487873,4.679442304221447
0.5617961837874642,5.008920839270628
5.725661726655836,1.0684691947150688
2.734449377989698,1.2969839372994203
0.4899522210466932,2.2954489489333536
3.92802001585372,4.5048752814930735
6.2036453124085,3.9273968977661755
2.4700094674907067,4.815801016162924
2.4220952949459074,4.1102794344821145
0.8143784312922556,4.056032200937065
2.087105802643363,1.3359102897509285
4.7472544932523615,6.194658714444081
5.494340203413564,5.338880627286161
4.361486311685519,6.258084805169211
5.047357368833384,5.688805208836048
5.737108414402986,0.6592378656271833
3.6514196058725887,1.965567413072601
2.0656076045449288,5.4442305610414525
4.976565436244334,2.84013185806738
2.8114331776046018,2.7185715826240378
6.933698130348421,4.102179071054049
2.2491430107725883,5.604912627798015
4.976592167903804,5.605135772616031
2.890670860320006,1.8328900679685787
0.7664600244751715,3.1409181364284544
6.081185061618912,5.655228651675857
6.109282367165747,5.9156668171627365
1.0765527063190543,5.517249184723685
3.36885852229571,5.5096342501558055
2.197684569201056,5.661983623238698
6.5646074774809895,4.495465075664995
6.6035730936312165,5.027884746735204
2.3263971228178546,1.6272481768520584
1.642207759087384,2.658547043779069
6.442270391954323,6.740708911375519
4.898235172094712,2.4036573607156977
1.330142457853703,5.883361602626493
1.9046003402966207,1.4907732790368349
3.5726936996925156,3.1083745805591794
2.3137903734281364,6.1503534021620565
0.932011006785212,5.624562769752827
4.421388602332587,0.2613086319729423
4.628117090865869,4.112515870841581
0.59384361435894,5.405377576515285
0.8995644140081084,6.434719805231904
4.628980398967749,0.99896524409419
3.5348978609359003,2.3086044484118
5.198598591809513,6.956405150486138
4.286965802628901,4.01434620823093
2.920205392194756,0.7980123920776904
2.6065572731373283,2.8106570770713923
2.5354163469707713,2.3004432119401637
3.190102486509601,6.079756789371743
6.82572385296706,1.606336321690087
5.748018067928636,2.0986143961337156
2.729234948487476,2.41009023233549
6.272572086601546,6.823250518530897
4.455071257409008,1.0980215581378119
2.928950378037587,2.911339936158652
6.839008515548422,0.0011619019391833074
3.1327008417426536,1.3636094845981912
5.466439348529391,6.844835918649137
1.189096446856154,5.518698634615
6.996566908965343,0.774428598325738
5.710376687444983,6.682479405379851
5.812760520343364,3.1936907765086118
0.6153077876593869,5.358655827726585
2.2009616200429805,5.9823749373302215
3.1577028016056787,2.621278542632611
4.374427192270685,1.4288794772715976
1.9996037230331023,6.110057708996227
3.2360835445447558,4.437033142737085
2.7281307549195293,1.1092381872420638
4.88779360394673,5.077383344235363
1.938977648104673,4.377463797616983
2.4397184150450952,1.1824177693354603
4.1618853201109545,5.451058832781252
0.7755812597597288,4.015845641669189
1.5393312241280581,1.248328104925756
4.095468870739679,2.289880995846841
0.6278023487331389,0.42104518557960835
4.118198321094567,1.68923410771971
4.279776696842554,2.8655063541854453
4.892201964947328,5.513478604539534
1.3671703134461404,5.104531386307503
6.804759781733494,0.6955946466649138
2.2156432339589696,1.2377668261376966
3.948525444257152,5.762382065745669
6.059261630670111,6.861092071049557
1.8048487564355578,3.7609229288314823
0.682042382200412,5.03656354615615
1.3873353973233369,3.189301313735161
4.202247857118866,6.151970953542383
1.6871418323523586,2.595959816419377
1.3767185552547592,2.475551559815364
0.9920366536779732,6.368916588584038
6.610046206274107,0.7529984584594331
0.33622618055191156,0.9608305005220238
5.975597041718144,0.3457096002455403
3.16388518267612,6.263910818652794
2.9847770549460133,5.075453025104374
4.963353804712515,6.879038592379623
5.892026859970651,0.8776007219095849
5.617199526317069,3.9064169303520675
6.330182090688223,3.7235498399058584
1.0056323695785165,0.6948953067482472
3.388300754237701,3.1754764347710953
1.2191803102325163,2.9259628560179682
1.106318626173182,1.2969295316375296
5.0597547872371855,4.736786792129345
4.486025769393915,4.9888595485185565
6.514892755840176,3.732945353784979
2.5380440388858783,6.191673322573463
1.2158222074208977,6.228807563669466
0.2588781465728599,6.072641011513678
0.5742571209294643,4.456803371060091
4.498880929299365,4.801236400835536
4.3893758056828425,3.91945542242583
2.993601331642348,6.585579021825426
5.007645373323657,1.7273819109659898
3.3517531749103853,6.523418368451943
3.973297721886098,2.7429726155447374
3.9040055976958996,3.002422275323529
3.0430368871624047,1.7073564340715686
3.5380315710861443,6.268625512020527
5.424851648792215,0.8911077725266487
6.529737560767071,0.8820357108768834
0.42445870479479575,5.328908790534005
6.483040101003118,1.9809500555741697
2.8397357862500403,4.449169213136675
6.167022208613539,5.4392371864233615
2.5149954149653273,1.1087082690591457
1.5878598915679478,4.807841431521412
3.1724544003618496,6.601938124361322
2.002343488756628,3.823393896859538
3.246480840820386,6.958869262946022
0.569359804436982,1.9599209619946758
4.006600043266524,5.250973830101889
2.2059612896357508,4.032430561096888
2.7734005955485785,3.679089222236131
1.2392691362867614,3.3183515680850446
2.9704285028411466,1.293695396003484
3.2406993117164147,6.377239279117151
0.21864733277715498,3.9975183975022244
2.089093307688848,5.370166196463671
0.5152366380983419,3.3912946183914716
5.055139608941725,6.2938247624184775
2.0153301197997893,1.9642009759618104
1.483335659333011,3.2553097945094294
6.344389096761817,2.6379888704554766
0.97411476628501,6.507045061451829
4.932280957509985,1.6001092328479152
4.409633651835128,0.810956920544329
0.5123715384194725,6.628702485246026
6.329683124910752,6.00917552277522
4.429150098922842,5.503112550522577
5.486436909748706,3.4376558649317035
5.924143089095901,5.308405660333732
2.148403916380714,0.3809070903879198
6.9230479348549006,1.374705401524165
3.368735540665104,1.4419425274850397
3.5030165031911515,1.607422984376142
6.650367725669692,2.5408603612647473
2.0167604000775485,4.208725674065322
1.510726605184809,2.808410382782324
5.529113256363834,6.126692749857732
0.38355017437226235,5.234833860197322
1.1106873622497275,1.501578811987793
2.551778815563753,1.0155078786915661
5.115049702941327,0.42934735436650073
3.0268888124650193,2.9467174946845356
4.01041422849233,1.4958018991530588
5.88459562678641,5.995307163142892
3.6455436993522494,5.629081208265797
3.110157113116787,1.8606240386092947
4.79310552495925,3.5230341117483914
6.20384204901377,0.9696470309633958
3.6908431942349944,3.5241198857148595
5.093874833220475,6.316973024422637
0.8952985766071813,1.422438708522096
5.192641522081436,5.4575416718626
2.212937008938129,3.295348298323118
3.243743870176469,2.917389020637531
0.23629232852745652,3.8463919764939956
2.9431675501216836,5.046104194550204
4.353317551344431,4.355382797596236
5.364479495293474,2.3892128799441985
1.706850587416287,5.193288081309584
3.477433477230779,0.4694494500431886
0.05126062038500079,2.4996478386437158
2.4042688380955455,5.567344018191564
3.49558205396109,0.7630823163831995
0.8345850134185877,1.1902775009512898
5.015708357012081,5.982959095845471
2.203980377247216,4.466079051150913
2.251498752941812,2.862495770183634
2.6718473216640235,3.3315941018940647
5.674449857221267,5.855830858736283
3.4800289700556606,2.01229210361006
2.171116995404727,3.786621736901552
6.245654371634596,4.346972214959022
2.7715590835889365,6.800511416716805
2.2905066374585084,0.9829502311754187
6.490729497726765,0.3946165476127239
2.97978396626922,0.12175889587865762
4.8064141976653225,2.728938809087839
6.005340409796394,0.6345294435299752
0.05724384472408073,6.068291337160672
1.0962000972324168,6.432233943407052
0.7644319457329175,2.891582699823796
4.194432335683827,0.08433552414909262
0.8735676319492075,2.2523602041184985
1.2442288651724316,3.8663882034995636
5.616910624274081,4.684569636981273
4.216291328437849,2.6453203287473315
5.856097188861289,4.925298518353904
6.3230136228779585,4.144731001136556
4.398872178126503,0.06172592355495998
3.367380793958843,1.7803432469056795
3.463317126952046,6.92460247290553
0.7735514169205022,6.995825430179374
3.2521070920960744,6.162373614777472
2.5746300800334563,4.470446542329136
1.5103941986311866,1.702264862016512
0.11180272351570097,4.100912498131579
1.4874534440146026,4.1513240129470805
3.8353767816531876,5.413322618123483
2.8924175691869274,1.0909729882138648
1.3133172553849177,2.1733676128550594
4.571637660894374,0.6103012931495789
0.6658590448857287,2.832198896064601
3.3972670164941783,5.517312412186079
3.9611484417580636,3.3986015721958767
4.996273120985998,1.6441836455798091
5.386689256852113,4.613345390757772
4.0557499162412975,0.6140748990448546
6.882854253660692,4.536764031443841
3.744724922599952,4.862459385789409
3.2632233854267847,5.660670385416106
4.604835450156196,2.261049108225635
5.594843915108798,2.9716288231340964
6.551414412783485,0.09195102583008607
6.5929462741262705,2.7686453299632037
5.727741826880213,4.046245621044785
2.378373153784493,4.458142341024784
5.469780458461798,2.022507253945223
6.314193543006548,5.803014796588417
3.253626877247611,0.958568680338454
2.175028301783519,2.047947760494243
