3.5,3.5
3.617000790316275,2.556786790850297
4.423681131778304,2.2622822067535786
3.3424971821062486,3.5981396132014583
3.3324865807950443,2.126683129897595
3.3259798861531626,1.8800369979056124
3.3259798861531626,1.8800369979056124
3.204671954692799,3.6766989283265326
3.204671954692799,3.6766989283265326
4.126824013610004,3.07129256927206
4.126824013610004,3.07129256927206
4.126824013610004,3.07129256927206
4.126824013610004,3.07129256927206
5.340894404670892,2.5517728640207977
4.8472381820363495,2.2942737909845903
4.8472381820363495,2.2942737909845903
2.788508943739248,3.679330428819338
2.788508943739248,3.679330428819338
2.788508943739248,3.679330428819338
2.788508943739248,3.679330428819338
3.2983008400913496,3.844692815309048
3.2983008400913496,3.844692815309048
3.2983008400913496,3.844692815309048
3.2983008400913496,3.844692815309048
3.2983008400913496,3.844692815309048
3.2983008400913496,3.844692815309048
3.2983008400913496,3.844692815309048
3.2983008400913496,3.844692815309048
4.13084817538533,2.242385269559791
4.13084817538533,2.242385269559791
4.13084817538533,2.242385269559791
4.13084817538533,2.242385269559791
4.13084817538533,2.242385269559791
4.13084817538533,2.242385269559791
4.13084817538533,2.242385269559791
4.13084817538533,2.242385269559791
4.13084817538533,2.242385269559791
4.13084817538533,2.242385269559791
4.13084817538533,2.242385269559791
4.15011429123458,1.508375080418337
4.15011429123458,1.508375080418337
4.15011429123458,1.508375080418337
4.15011429123458,1.508375080418337
4.15011429123458,1.508375080418337
4.15011429123458,1.508375080418337
4.15011429123458,1.508375080418337
4.15011429123458,1.508375080418337
4.15011429123458,1.508375080418337
4.15011429123458,1.508375080418337
4.15011429123458,1.508375080418337
4.15011429123458,1.508375080418337
4.15011429123458,1.508375080418337
4.15011429123458,1.508375080418337
3.234720189629035,3.387978594475756
3.234720189629035,3.387978594475756
3.234720189629035,3.387978594475756
3.234720189629035,3.387978594475756
3.234720189629035,3.387978594475756
3.234720189629035,3.387978594475756
3.234720189629035,3.387978594475756
3.234720189629035,3.387978594475756
3.234720189629035,3.387978594475756
3.234720189629035,3.387978594475756
3.234720189629035,3.387978594475756
3.234720189629035,3.387978594475756
3.234720189629035,3.387978594475756
3.234720189629035,3.387978594475756
3.234720189629035,3.387978594475756
3.234720189629035,3.387978594475756
3.234720189629035,3.387978594475756
3.234720189629035,3.387978594475756
3.234720189629035,3.387978594475756
3.234720189629035,3.387978594475756
3.234720189629035,3.387978594475756
3.6140134483674142,2.7349723125666086
3.6140134483674142,2.7349723125666086
3.6140134483674142,2.7349723125666086
3.6140134483674142,2.7349723125666086
3.6140134483674142,2.7349723125666086
3.6140134483674142,2.7349723125666086
3.6140134483674142,2.7349723125666086
3.6140134483674142,2.7349723125666086
3.6140134483674142,2.7349723125666086
3.6140134483674142,2.7349723125666086
3.6140134483674142,2.7349723125666086
3.6140134483674142,2.7349723125666086
3.6140134483674142,2.7349723125666086
3.6140134483674142,2.7349723125666086
3.6140134483674142,2.7349723125666086
3.6140134483674142,2.7349723125666086
3.6140134483674142,2.7349723125666086
3.6140134483674142,2.7349723125666086
3.6140134483674142,2.7349723125666086
3.6140134483674142,2.7349723125666086
3.6140134483674142,2.7349723125666086
3.6140134483674142,2.7349723125666086
3.6140134483674142,2.7349723125666086
3.6140134483674142,2.7349723125666086
3.6140134483674142,2.7349723125666086
3.6140134483674142,2.7349723125666086
3.6140134483674142,2.7349723125666086
3.6140134483674142,2.7349723125666086
3.6140134483674142,2.7349723125666086
3.6140134483674142,2.7349723125666086
3.6140134483674142,2.7349723125666086
3.6140134483674142,2.7349723125666086
3.6140134483674142,2.7349723125666086
3.6140134483674142,2.7349723125666086
3.6140134483674142,2.7349723125666086
3.6140134483674142,2.7349723125666086
3.6140134483674142,2.7349723125666086
3.6140134483674142,2.7349723125666086
3.6140134483674142,2.7349723125666086
3.6140134483674142,2.7349723125666086
3.6140134483674142,2.7349723125666086
3.6140134483674142,2.7349723125666086
3.6140134483674142,2.7349723125666086
4.72287200820361,1.7514916688689475
4.72287200820361,1.7514916688689475
4.72287200820361,1.7514916688689475
4.72287200820361,1.7514916688689475
4.72287200820361,1.7514916688689475
4.72287200820361,1.7514916688689475
4.72287200820361,1.7514916688689475
4.72287200820361,1.7514916688689475
4.72287200820361,1.7514916688689475
4.72287200820361,1.7514916688689475
4.72287200820361,1.7514916688689475
4.72287200820361,1.7514916688689475
4.72287200820361,1.7514916688689475
4.72287200820361,1.7514916688689475
4.72287200820361,1.7514916688689475
4.72287200820361,1.7514916688689475
4.72287200820361,1.7514916688689475
4.72287200820361,1.7514916688689475
4.72287200820361,1.7514916688689475
4.72287200820361,1.7514916688689475
4.72287200820361,1.7514916688689475
4.72287200820361,1.7514916688689475
4.72287200820361,1.7514916688689475
4.72287200820361,1.7514916688689475
4.72287200820361,1.7514916688689475
4.72287200820361,1.7514916688689475
4.72287200820361,1.7514916688689475
4.72287200820361,1.7514916688689475
2.90711513124734,4.434341764424328
2.90711513124734,4.434341764424328
2.90711513124734,4.434341764424328
2.90711513124734,4.434341764424328
2.90711513124734,4.434341764424328
2.90711513124734,4.434341764424328
2.90711513124734,4.434341764424328
2.90711513124734,4.434341764424328
2.90711513124734,4.434341764424328
2.90711513124734,4.434341764424328
2.90711513124734,4.434341764424328
2.90711513124734,4.434341764424328
2.90711513124734,4.434341764424328
2.90711513124734,4.434341764424328
2.90711513124734,4.434341764424328
3.1198733076361798,2.666547553147833
3.1198733076361798,2.666547553147833
3.1198733076361798,2.666547553147833
3.1198733076361798,2.666547553147833
3.1198733076361798,2.666547553147833
3.1198733076361798,2.666547553147833
3.1198733076361798,2.666547553147833
3.1198733076361798,2.666547553147833
3.1198733076361798,2.666547553147833
3.1198733076361798,2.666547553147833
3.1198733076361798,2.666547553147833
3.1198733076361798,2.666547553147833
3.1198733076361798,2.666547553147833
3.1198733076361798,2.666547553147833
3.1198733076361798,2.666547553147833
3.1198733076361798,2.666547553147833
3.1198733076361798,2.666547553147833
3.1198733076361798,2.666547553147833
3.1198733076361798,2.666547553147833
3.1198733076361798,2.666547553147833
3.1198733076361798,2.666547553147833
3.1198733076361798,2.666547553147833
3.1198733076361798,2.666547553147833
3.1198733076361798,2.666547553147833
3.1198733076361798,2.666547553147833
3.1198733076361798,2.666547553147833
3.1198733076361798,2.666547553147833
3.1198733076361798,2.666547553147833
3.1198733076361798,2.666547553147833
3.1198733076361798,2.666547553147833
3.1198733076361798,2.666547553147833
3.1198733076361798,2.666547553147833
3.1198733076361798,2.666547553147833
3.1198733076361798,2.666547553147833
3.1198733076361798,2.666547553147833
3.1198733076361798,2.666547553147833
3.1198733076361798,2.666547553147833
3.1198733076361798,2.666547553147833
3.1198733076361798,2.666547553147833
3.1198733076361798,2.666547553147833
3.1198733076361798,2.666547553147833
3.1198733076361798,2.666547553147833
3.1198733076361798,2.666547553147833
3.1198733076361798,2.666547553147833
3.1198733076361798,2.666547553147833
3.1198733076361798,2.666547553147833
3.1198733076361798,2.666547553147833
3.1198733076361798,2.666547553147833
3.1198733076361798,2.666547553147833
3.1198733076361798,2.666547553147833
3.1198733076361798,2.666547553147833
3.1198733076361798,2.666547553147833
3.1198733076361798,2.666547553147833
3.1198733076361798,2.666547553147833
3.1198733076361798,2.666547553147833
3.1198733076361798,2.666547553147833
3.1198733076361798,2.666547553147833
3.1198733076361798,2.666547553147833
3.1198733076361798,2.666547553147833
3.1198733076361798,2.666547553147833
3.1198733076361798,2.666547553147833
3.1198733076361798,2.666547553147833
3.1198733076361798,2.666547553147833
3.1198733076361798,2.666547553147833
3.1198733076361798,2.666547553147833
3.1198733076361798,2.666547553147833
3.1198733076361798,2.666547553147833
3.1198733076361798,2.666547553147833
3.1198733076361798,2.666547553147833
3.1198733076361798,2.666547553147833
6.1212502490962155,2.7168088165789706
4.1673456989298465,3.288084177237405
4.1673456989298465,3.288084177237405
4.1673456989298465,3.288084177237405
4.1673456989298465,3.288084177237405
4.1673456989298465,3.288084177237405
4.1673456989298465,3.288084177237405
4.1673456989298465,3.288084177237405
4.1673456989298465,3.288084177237405
4.1673456989298465,3.288084177237405
4.1673456989298465,3.288084177237405
4.1673456989298465,3.288084177237405
4.1673456989298465,3.288084177237405
4.1673456989298465,3.288084177237405
4.1673456989298465,3.288084177237405
4.1673456989298465,3.288084177237405
4.1673456989298465,3.288084177237405
4.1673456989298465,3.288084177237405
4.1673456989298465,3.288084177237405
4.1673456989298465,3.288084177237405
4.1673456989298465,3.288084177237405
4.1673456989298465,3.288084177237405
4.1673456989298465,3.288084177237405
4.1673456989298465,3.288084177237405
4.1673456989298465,3.288084177237405
4.1673456989298465,3.288084177237405
4.1673456989298465,3.288084177237405
4.1673456989298465,3.288084177237405
4.1673456989298465,3.288084177237405
4.1673456989298465,3.288084177237405
4.1673456989298465,3.288084177237405
4.1673456989298465,3.288084177237405
4.1673456989298465,3.288084177237405
4.1673456989298465,3.288084177237405
4.1673456989298465,3.288084177237405
4.1673456989298465,3.288084177237405
4.1673456989298465,3.288084177237405
4.1673456989298465,3.288084177237405
4.1673456989298465,3.288084177237405
4.1673456989298465,3.288084177237405
4.1673456989298465,3.288084177237405
4.1673456989298465,3.288084177237405
4.1673456989298465,3.288084177237405
4.1673456989298465,3.288084177237405
4.1673456989298465,3.288084177237405
4.1673456989298465,3.288084177237405
4.1673456989298465,3.288084177237405
4.1673456989298465,3.288084177237405
4.1673456989298465,3.288084177237405
4.1673456989298465,3.288084177237405
4.1673456989298465,3.288084177237405
4.1673456989298465,3.288084177237405
4.1673456989298465,3.288084177237405
4.1673456989298465,3.288084177237405
4.1673456989298465,3.288084177237405
4.1673456989298465,3.288084177237405
4.1673456989298465,3.288084177237405
4.1673456989298465,3.288084177237405
4.1673456989298465,3.288084177237405
4.1673456989298465,3.288084177237405
4.1673456989298465,3.288084177237405
4.1673456989298465,3.288084177237405
4.1673456989298465,3.288084177237405
4.1673456989298465,3.288084177237405
4.1673456989298465,3.288084177237405
4.1673456989298465,3.288084177237405
4.1673456989298465,3.288084177237405
4.1673456989298465,3.288084177237405
4.1673456989298465,3.288084177237405
4.1673456989298465,3.288084177237405
4.1673456989298465,3.288084177237405
4.1673456989298465,3.288084177237405
6.026245046686549,2.0285219848202156
6.026245046686549,2.0285219848202156
2.384750180391502,2.4770244501276744
2.384750180391502,2.4770244501276744
2.384750180391502,2.4770244501276744
2.384750180391502,2.4770244501276744
2.384750180391502,2.4770244501276744
2.384750180391502,2.4770244501276744
2.384750180391502,2.4770244501276744
2.384750180391502,2.4770244501276744
2.384750180391502,2.4770244501276744
2.384750180391502,2.4770244501276744
2.384750180391502,2.4770244501276744
2.384750180391502,2.4770244501276744
2.384750180391502,2.4770244501276744
2.384750180391502,2.4770244501276744
2.384750180391502,2.4770244501276744
2.384750180391502,2.4770244501276744
2.384750180391502,2.4770244501276744
2.384750180391502,2.4770244501276744
2.384750180391502,2.4770244501276744
2.384750180391502,2.4770244501276744
2.384750180391502,2.4770244501276744
2.384750180391502,2.4770244501276744
2.384750180391502,2.4770244501276744
2.384750180391502,2.4770244501276744
2.384750180391502,2.4770244501276744
2.384750180391502,2.4770244501276744
2.384750180391502,2.4770244501276744
2.384750180391502,2.4770244501276744
2.384750180391502,2.4770244501276744
2.384750180391502,2.4770244501276744
2.384750180391502,2.4770244501276744
2.384750180391502,2.4770244501276744
2.384750180391502,2.4770244501276744
2.384750180391502,2.4770244501276744
2.384750180391502,2.4770244501276744
2.384750180391502,2.4770244501276744
2.384750180391502,2.4770244501276744
2.384750180391502,2.4770244501276744
2.384750180391502,2.4770244501276744
2.384750180391502,2.4770244501276744
2.384750180391502,2.4770244501276744
2.384750180391502,2.4770244501276744
2.384750180391502,2.4770244501276744
2.384750180391502,2.4770244501276744
2.384750180391502,2.4770244501276744
2.384750180391502,2.4770244501276744
2.384750180391502,2.4770244501276744
2.384750180391502,2.4770244501276744
2.384750180391502,2.4770244501276744
2.384750180391502,2.4770244501276744
2.384750180391502,2.4770244501276744
2.384750180391502,2.4770244501276744
2.384750180391502,2.4770244501276744
2.384750180391502,2.4770244501276744
2.384750180391502,2.4770244501276744
2.384750180391502,2.4770244501276744
2.384750180391502,2.4770244501276744
2.384750180391502,2.4770244501276744
2.384750180391502,2.4770244501276744
2.384750180391502,2.4770244501276744
2.384750180391502,2.4770244501276744
2.384750180391502,2.4770244501276744
2.384750180391502,2.4770244501276744
2.384750180391502,2.4770244501276744
2.384750180391502,2.4770244501276744
2.384750180391502,2.4770244501276744
2.384750180391502,2.4770244501276744
2.384750180391502,2.4770244501276744
2.384750180391502,2.4770244501276744
2.384750180391502,2.4770244501276744
3.8768363471942893,2.441687525836777
3.8768363471942893,2.441687525836777
3.8768363471942893,2.441687525836777
3.8768363471942893,2.441687525836777
3.8768363471942893,2.441687525836777
3.8768363471942893,2.441687525836777
3.8768363471942893,2.441687525836777
3.8768363471942893,2.441687525836777
3.8768363471942893,2.441687525836777
3.8768363471942893,2.441687525836777
3.8768363471942893,2.441687525836777
3.8768363471942893,2.441687525836777
3.8768363471942893,2.441687525836777
3.8768363471942893,2.441687525836777
3.8768363471942893,2.441687525836777
3.8768363471942893,2.441687525836777
3.8768363471942893,2.441687525836777
3.8768363471942893,2.441687525836777
3.8768363471942893,2.441687525836777
3.8768363471942893,2.441687525836777
3.8768363471942893,2.441687525836777
3.8768363471942893,2.441687525836777
3.8768363471942893,2.441687525836777
3.8768363471942893,2.441687525836777
3.8768363471942893,2.441687525836777
3.8768363471942893,2.441687525836777
3.8768363471942893,2.441687525836777
3.8768363471942893,2.441687525836777
3.8768363471942893,2.441687525836777
3.8768363471942893,2.441687525836777
3.8768363471942893,2.441687525836777
3.8768363471942893,2.441687525836777
3.8768363471942893,2.441687525836777
3.8768363471942893,2.441687525836777
3.8768363471942893,2.441687525836777
3.8768363471942893,2.441687525836777
3.8768363471942893,2.441687525836777
3.8768363471942893,2.441687525836777
3.8768363471942893,2.441687525836777
3.8768363471942893,2.441687525836777
3.8768363471942893,2.441687525836777
3.8768363471942893,2.441687525836777
3.8768363471942893,2.441687525836777
3.8768363471942893,2.441687525836777
3.8768363471942893,2.441687525836777
3.8768363471942893,2.441687525836777
3.8768363471942893,2.441687525836777
3.8768363471942893,2.441687525836777
3.8768363471942893,2.441687525836777
3.8768363471942893,2.441687525836777
3.8768363471942893,2.441687525836777
3.8768363471942893,2.441687525836777
3.8768363471942893,2.441687525836777
3.8768363471942893,2.441687525836777
3.8768363471942893,2.441687525836777
3.8768363471942893,2.441687525836777
3.8768363471942893,2.441687525836777
3.8768363471942893,2.441687525836777
3.8768363471942893,2.441687525836777
3.8768363471942893,2.441687525836777
3.8768363471942893,2.441687525836777
3.8768363471942893,2.441687525836777
3.8768363471942893,2.441687525836777
3.8768363471942893,2.441687525836777
3.8768363471942893,2.441687525836777
3.8768363471942893,2.441687525836777
3.8768363471942893,2.441687525836777
3.8768363471942893,2.441687525836777
3.8768363471942893,2.441687525836777
3.8768363471942893,2.441687525836777
3.8768363471942893,2.441687525836777
3.8768363471942893,2.441687525836777
3.8768363471942893,2.441687525836777
3.8768363471942893,2.441687525836777
3.8768363471942893,2.441687525836777
3.8768363471942893,2.441687525836777
3.8768363471942893,2.441687525836777
3.8768363471942893,2.441687525836777
3.8768363471942893,2.441687525836777
3.8768363471942893,2.441687525836777
3.8768363471942893,2.441687525836777
3.8768363471942893,2.441687525836777
3.8768363471942893,2.441687525836777
3.8768363471942893,2.441687525836777
3.8768363471942893,2.441687525836777
3.8768363471942893,2.441687525836777
3.8768363471942893,2.441687525836777
3.8768363471942893,2.441687525836777
3.8768363471942893,2.441687525836777
3.8768363471942893,2.441687525836777
3.8768363471942893,2.441687525836777
3.8768363471942893,2.441687525836777
3.8768363471942893,2.441687525836777
3.8768363471942893,2.441687525836777
3.8768363471942893,2.441687525836777
3.8768363471942893,2.441687525836777
3.8768363471942893,2.441687525836777
3.8768363471942893,2.441687525836777
3.8768363471942893,2.441687525836777
3.8768363471942893,2.441687525836777
3.8768363471942893,2.441687525836777
3.8768363471942893,2.441687525836777
3.8768363471942893,2.441687525836777
3.8768363471942893,2.441687525836777
3.8768363471942893,2.441687525836777
3.8768363471942893,2.441687525836777
3.8768363471942893,2.441687525836777
3.8768363471942893,2.441687525836777
3.8768363471942893,2.441687525836777
3.8768363471942893,2.441687525836777
3.8768363471942893,2.441687525836777
3.8768363471942893,2.441687525836777
3.8768363471942893,2.441687525836777
3.8768363471942893,2.441687525836777
3.8768363471942893,2.441687525836777
3.8768363471942893,2.441687525836777
3.8768363471942893,2.441687525836777
3.8768363471942893,2.441687525836777
3.8768363471942893,2.441687525836777
3.8768363471942893,2.441687525836777
3.8768363471942893,2.441687525836777
3.8768363471942893,2.441687525836777
3.8768363471942893,2.441687525836777
3.8768363471942893,2.441687525836777
3.8768363471942893,2.441687525836777
3.8768363471942893,2.441687525836777
3.8768363471942893,2.441687525836777
3.8768363471942893,2.441687525836777
3.8768363471942893,2.441687525836777
3.8768363471942893,2.441687525836777
3.8768363471942893,2.441687525836777
3.8768363471942893,2.441687525836777
3.8768363471942893,2.441687525836777
3.8768363471942893,2.441687525836777
3.8768363471942893,2.441687525836777
3.8768363471942893,2.441687525836777
3.8768363471942893,2.441687525836777
3.8768363471942893,2.441687525836777
3.8768363471942893,2.441687525836777
3.8768363471942893,2.441687525836777
3.8768363471942893,2.441687525836777
3.8768363471942893,2.441687525836777
3.8768363471942893,2.441687525836777
3.8768363471942893,2.441687525836777
3.8768363471942893,2.441687525836777
3.8768363471942893,2.441687525836777
3.8768363471942893,2.441687525836777
3.8768363471942893,2.441687525836777
3.8768363471942893,2.441687525836777
3.8768363471942893,2.441687525836777
3.8768363471942893,2.441687525836777
3.8768363471942893,2.441687525836777
3.8768363471942893,2.441687525836777
3.8768363471942893,2.441687525836777
3.8768363471942893,2.441687525836777
3.8768363471942893,2.441687525836777
3.8768363471942893,2.441687525836777
3.8768363471942893,2.441687525836777
3.8768363471942893,2.441687525836777
3.8768363471942893,2.441687525836777
3.8768363471942893,2.441687525836777
3.8768363471942893,2.441687525836777
3.8768363471942893,2.441687525836777
3.8768363471942893,2.441687525836777
3.8768363471942893,2.441687525836777
3.8768363471942893,2.441687525836777
3.8768363471942893,2.441687525836777
3.8768363471942893,2.441687525836777
3.8768363471942893,2.441687525836777
3.8768363471942893,2.441687525836777
3.8768363471942893,2.441687525836777
3.8768363471942893,2.441687525836777
3.8768363471942893,2.441687525836777
3.8768363471942893,2.441687525836777
3.8768363471942893,2.441687525836777
3.8768363471942893,2.441687525836777
3.8768363471942893,2.441687525836777
3.8768363471942893,2.441687525836777
3.8768363471942893,2.441687525836777
3.8768363471942893,2.441687525836777
3.8768363471942893,2.441687525836777
3.8768363471942893,2.441687525836777
3.8768363471942893,2.441687525836777
3.8768363471942893,2.441687525836777
3.8768363471942893,2.441687525836777
3.8768363471942893,2.441687525836777
3.8768363471942893,2.441687525836777
3.8768363471942893,2.441687525836777
3.8768363471942893,2.441687525836777
3.8768363471942893,2.441687525836777
3.8768363471942893,2.441687525836777
3.8768363471942893,2.441687525836777
3.8768363471942893,2.441687525836777
3.8768363471942893,2.441687525836777
3.8768363471942893,2.441687525836777
3.8768363471942893,2.441687525836777
3.8768363471942893,2.441687525836777
3.8768363471942893,2.441687525836777
3.8768363471942893,2.441687525836777
3.8768363471942893,2.441687525836777
3.8768363471942893,2.441687525836777
3.8768363471942893,2.441687525836777
3.8768363471942893,2.441687525836777
3.8768363471942893,2.441687525836777
3.8768363471942893,2.441687525836777
3.8768363471942893,2.441687525836777
3.8768363471942893,2.441687525836777
3.8768363471942893,2.441687525836777
3.8768363471942893,2.441687525836777
3.8768363471942893,2.441687525836777
3.8768363471942893,2.441687525836777
3.8768363471942893,2.441687525836777
3.8768363471942893,2.441687525836777
3.8768363471942893,2.441687525836777
3.8768363471942893,2.441687525836777
3.8768363471942893,2.441687525836777
3.8768363471942893,2.441687525836777
3.8768363471942893,2.441687525836777
3.8768363471942893,2.441687525836777
3.8768363471942893,2.441687525836777
1.7224677401662774,1.9594634748172255
1.7224677401662774,1.9594634748172255
1.7224677401662774,1.9594634748172255
1.7224677401662774,1.9594634748172255
1.7224677401662774,1.9594634748172255
1.7224677401662774,1.9594634748172255
1.7224677401662774,1.9594634748172255
1.7224677401662774,1.9594634748172255
1.7224677401662774,1.9594634748172255
1.7224677401662774,1.9594634748172255
1.7224677401662774,1.9594634748172255
1.7224677401662774,1.9594634748172255
1.7224677401662774,1.9594634748172255
1.7224677401662774,1.9594634748172255
1.7224677401662774,1.9594634748172255
1.7224677401662774,1.9594634748172255
1.7224677401662774,1.9594634748172255
1.7224677401662774,1.9594634748172255
1.7224677401662774,1.9594634748172255
1.7224677401662774,1.9594634748172255
1.7224677401662774,1.9594634748172255
1.7224677401662774,1.9594634748172255
1.7224677401662774,1.9594634748172255
1.7224677401662774,1.9594634748172255
1.7224677401662774,1.9594634748172255
1.7224677401662774,1.9594634748172255
1.7224677401662774,1.9594634748172255
1.7224677401662774,1.9594634748172255
1.7224677401662774,1.9594634748172255
1.7224677401662774,1.9594634748172255
1.7224677401662774,1.9594634748172255
1.7224677401662774,1.9594634748172255
1.7224677401662774,1.9594634748172255
1.7224677401662774,1.9594634748172255
1.7224677401662774,1.9594634748172255
1.7224677401662774,1.9594634748172255
1.7224677401662774,1.9594634748172255
1.7224677401662774,1.9594634748172255
1.7224677401662774,1.9594634748172255
1.7224677401662774,1.9594634748172255
1.7224677401662774,1.9594634748172255
1.7224677401662774,1.9594634748172255
1.7224677401662774,1.9594634748172255
1.7224677401662774,1.9594634748172255
1.7224677401662774,1.9594634748172255
1.7224677401662774,1.9594634748172255
1.7224677401662774,1.9594634748172255
1.7224677401662774,1.9594634748172255
1.7224677401662774,1.9594634748172255
1.7224677401662774,1.9594634748172255
1.7224677401662774,1.9594634748172255
1.7224677401662774,1.9594634748172255
1.7224677401662774,1.9594634748172255
1.7224677401662774,1.9594634748172255
1.7224677401662774,1.9594634748172255
1.7224677401662774,1.9594634748172255
1.7224677401662774,1.9594634748172255
1.7224677401662774,1.9594634748172255
1.7224677401662774,1.9594634748172255
1.7224677401662774,1.9594634748172255
1.7224677401662774,1.9594634748172255
1.7224677401662774,1.9594634748172255
1.7224677401662774,1.9594634748172255
1.7224677401662774,1.9594634748172255
1.7224677401662774,1.9594634748172255
1.7224677401662774,1.9594634748172255
1.7224677401662774,1.9594634748172255
1.7224677401662774,1.9594634748172255
1.7224677401662774,1.9594634748172255
1.7224677401662774,1.9594634748172255
5.289357826514297,1.3699708450111134
5.289357826514297,1.3699708450111134
5.289357826514297,1.3699708450111134
5.289357826514297,1.3699708450111134
5.289357826514297,1.3699708450111134
5.289357826514297,1.3699708450111134
5.289357826514297,1.3699708450111134
5.289357826514297,1.3699708450111134
5.289357826514297,1.3699708450111134
5.289357826514297,1.3699708450111134
5.289357826514297,1.3699708450111134
5.289357826514297,1.3699708450111134
5.289357826514297,1.3699708450111134
5.289357826514297,1.3699708450111134
5.289357826514297,1.3699708450111134
5.289357826514297,1.3699708450111134
5.289357826514297,1.3699708450111134
5.289357826514297,1.3699708450111134
5.289357826514297,1.3699708450111134
5.289357826514297,1.3699708450111134
5.289357826514297,1.3699708450111134
5.289357826514297,1.3699708450111134
5.289357826514297,1.3699708450111134
5.289357826514297,1.3699708450111134
5.289357826514297,1.3699708450111134
5.289357826514297,1.3699708450111134
5.289357826514297,1.3699708450111134
5.289357826514297,1.3699708450111134
5.289357826514297,1.3699708450111134
5.289357826514297,1.3699708450111134
4.057282146744512,3.434532888107423
4.057282146744512,3.434532888107423
4.057282146744512,3.434532888107423
4.057282146744512,3.434532888107423
4.057282146744512,3.434532888107423
4.057282146744512,3.434532888107423
4.057282146744512,3.434532888107423
4.057282146744512,3.434532888107423
4.057282146744512,3.434532888107423
4.057282146744512,3.434532888107423
4.057282146744512,3.434532888107423
4.057282146744512,3.434532888107423
4.057282146744512,3.434532888107423
4.057282146744512,3.434532888107423
4.057282146744512,3.434532888107423
4.057282146744512,3.434532888107423
4.057282146744512,3.434532888107423
4.057282146744512,3.434532888107423
4.057282146744512,3.434532888107423
4.057282146744512,3.434532888107423
4.057282146744512,3.434532888107423
4.057282146744512,3.434532888107423
4.057282146744512,3.434532888107423
4.057282146744512,3.434532888107423
4.057282146744512,3.434532888107423
4.057282146744512,3.434532888107423
4.057282146744512,3.434532888107423
4.057282146744512,3.434532888107423
4.057282146744512,3.434532888107423
4.057282146744512,3.434532888107423
4.057282146744512,3.434532888107423
4.057282146744512,3.434532888107423
4.057282146744512,3.434532888107423
4.057282146744512,3.434532888107423
4.057282146744512,3.434532888107423
4.057282146744512,3.434532888107423
4.057282146744512,3.434532888107423
4.057282146744512,3.434532888107423
4.057282146744512,3.434532888107423
4.057282146744512,3.434532888107423
4.057282146744512,3.434532888107423
4.057282146744512,3.434532888107423
4.057282146744512,3.434532888107423
4.057282146744512,3.434532888107423
4.057282146744512,3.434532888107423
4.057282146744512,3.434532888107423
4.057282146744512,3.434532888107423
4.057282146744512,3.434532888107423
4.057282146744512,3.434532888107423
4.057282146744512,3.434532888107423
4.057282146744512,3.434532888107423
4.057282146744512,3.434532888107423
4.057282146744512,3.434532888107423
4.057282146744512,3.434532888107423
4.057282146744512,3.434532888107423
4.057282146744512,3.434532888107423
4.057282146744512,3.434532888107423
4.057282146744512,3.434532888107423
4.057282146744512,3.434532888107423
4.057282146744512,3.434532888107423
4.057282146744512,3.434532888107423
4.057282146744512,3.434532888107423
4.057282146744512,3.434532888107423
4.057282146744512,3.434532888107423
4.057282146744512,3.434532888107423
4.057282146744512,3.434532888107423
4.057282146744512,3.434532888107423
4.057282146744512,3.434532888107423
4.057282146744512,3.434532888107423
4.057282146744512,3.434532888107423
4.057282146744512,3.434532888107423
4.057282146744512,3.434532888107423
4.057282146744512,3.434532888107423
4.057282146744512,3.434532888107423
4.057282146744512,3.434532888107423
4.057282146744512,3.434532888107423
4.057282146744512,3.434532888107423
4.057282146744512,3.434532888107423
4.057282146744512,3.434532888107423
4.057282146744512,3.434532888107423
4.057282146744512,3.434532888107423
4.057282146744512,3.434532888107423
4.057282146744512,3.434532888107423
4.057282146744512,3.434532888107423
4.057282146744512,3.434532888107423
4.057282146744512,3.434532888107423
4.057282146744512,3.434532888107423
4.057282146744512,3.434532888107423
4.057282146744512,3.434532888107423
4.057282146744512,3.434532888107423
4.057282146744512,3.434532888107423
4.057282146744512,3.434532888107423
4.057282146744512,3.434532888107423
4.057282146744512,3.434532888107423
4.057282146744512,3.434532888107423
4.057282146744512,3.434532888107423
4.057282146744512,3.434532888107423
4.057282146744512,3.434532888107423
4.057282146744512,3.434532888107423
4.057282146744512,3.434532888107423
4.057282146744512,3.434532888107423
4.057282146744512,3.434532888107423
4.057282146744512,3.434532888107423
4.057282146744512,3.434532888107423
4.057282146744512,3.434532888107423
4.057282146744512,3.434532888107423
4.057282146744512,3.434532888107423
4.057282146744512,3.434532888107423
4.057282146744512,3.434532888107423
4.057282146744512,3.434532888107423
4.057282146744512,3.434532888107423
4.057282146744512,3.434532888107423
4.057282146744512,3.434532888107423
4.057282146744512,3.434532888107423
4.057282146744512,3.434532888107423
4.057282146744512,3.434532888107423
4.057282146744512,3.434532888107423
4.057282146744512,3.434532888107423
4.057282146744512,3.434532888107423
4.057282146744512,3.434532888107423
4.057282146744512,3.434532888107423
4.057282146744512,3.434532888107423
4.057282146744512,3.434532888107423
4.057282146744512,3.434532888107423
4.057282146744512,3.434532888107423
4.057282146744512,3.434532888107423
4.057282146744512,3.434532888107423
4.057282146744512,3.434532888107423
4.057282146744512,3.434532888107423
4.057282146744512,3.434532888107423
4.057282146744512,3.434532888107423
4.057282146744512,3.434532888107423
4.057282146744512,3.434532888107423
4.057282146744512,3.434532888107423
4.057282146744512,3.434532888107423
4.057282146744512,3.434532888107423
4.057282146744512,3.434532888107423
4.057282146744512,3.434532888107423
4.057282146744512,3.434532888107423
4.057282146744512,3.434532888107423
4.057282146744512,3.434532888107423
4.057282146744512,3.434532888107423
4.057282146744512,3.434532888107423
4.057282146744512,3.434532888107423
4.057282146744512,3.434532888107423
4.057282146744512,3.434532888107423
4.057282146744512,3.434532888107423
4.057282146744512,3.434532888107423
4.057282146744512,3.434532888107423
4.057282146744512,3.434532888107423
4.057282146744512,3.434532888107423
4.057282146744512,3.434532888107423
2.7783335668728153,1.3368964423275023
2.7783335668728153,1.3368964423275023
2.7783335668728153,1.3368964423275023
1.8607092368220768,3.9936161750162498
1.8607092368220768,3.9936161750162498
1.8607092368220768,3.9936161750162498
1.8607092368220768,3.9936161750162498
3.5250434633824206,3.4694233706218247
3.5250434633824206,3.4694233706218247
3.5250434633824206,3.4694233706218247
3.5250434633824206,3.4694233706218247
3.5250434633824206,3.4694233706218247
3.5250434633824206,3.4694233706218247
3.5250434633824206,3.4694233706218247
3.5250434633824206,3.4694233706218247
3.5250434633824206,3.4694233706218247
3.5250434633824206,3.4694233706218247
3.5250434633824206,3.4694233706218247
3.5250434633824206,3.4694233706218247
3.5250434633824206,3.4694233706218247
3.5250434633824206,3.4694233706218247
3.5250434633824206,3.4694233706218247
3.5250434633824206,3.4694233706218247
3.5250434633824206,3.4694233706218247
3.5250434633824206,3.4694233706218247
3.5250434633824206,3.4694233706218247
3.5250434633824206,3.4694233706218247
3.5250434633824206,3.4694233706218247
3.5250434633824206,3.4694233706218247
3.5250434633824206,3.4694233706218247
3.5250434633824206,3.4694233706218247
3.5250434633824206,3.4694233706218247
3.5250434633824206,3.4694233706218247
3.5250434633824206,3.4694233706218247
3.5250434633824206,3.4694233706218247
3.5250434633824206,3.4694233706218247
3.5250434633824206,3.4694233706218247
3.5250434633824206,3.4694233706218247
3.5250434633824206,3.4694233706218247
3.5250434633824206,3.4694233706218247
3.5250434633824206,3.4694233706218247
3.5250434633824206,3.4694233706218247
3.5250434633824206,3.4694233706218247
3.5250434633824206,3.4694233706218247
3.5250434633824206,3.4694233706218247
3.5250434633824206,3.4694233706218247
3.5250434633824206,3.4694233706218247
3.5250434633824206,3.4694233706218247
3.5250434633824206,3.4694233706218247
3.5250434633824206,3.4694233706218247
3.5250434633824206,3.4694233706218247
3.5250434633824206,3.4694233706218247
3.5250434633824206,3.4694233706218247
3.5250434633824206,3.4694233706218247
3.5250434633824206,3.4694233706218247
3.5250434633824206,3.4694233706218247
3.5250434633824206,3.4694233706218247
3.5250434633824206,3.4694233706218247
3.5250434633824206,3.4694233706218247
3.5250434633824206,3.4694233706218247
3.5250434633824206,3.4694233706218247
3.5250434633824206,3.4694233706218247
3.5250434633824206,3.4694233706218247
3.5250434633824206,3.4694233706218247
3.5250434633824206,3.4694233706218247
3.5250434633824206,3.4694233706218247
3.5250434633824206,3.4694233706218247
3.5250434633824206,3.4694233706218247
3.5250434633824206,3.4694233706218247
3.5250434633824206,3.4694233706218247
3.5250434633824206,3.4694233706218247
3.5250434633824206,3.4694233706218247
3.5250434633824206,3.4694233706218247
3.5250434633824206,3.4694233706218247
3.5250434633824206,3.4694233706218247
3.5250434633824206,3.4694233706218247
3.5250434633824206,3.4694233706218247
3.5250434633824206,3.4694233706218247
3.5250434633824206,3.4694233706218247
3.5250434633824206,3.4694233706218247
3.5250434633824206,3.4694233706218247
3.5250434633824206,3.4694233706218247
3.5250434633824206,3.4694233706218247
3.5250434633824206,3.4694233706218247
3.5250434633824206,3.4694233706218247
3.5250434633824206,3.4694233706218247
3.5250434633824206,3.4694233706218247
3.5250434633824206,3.4694233706218247
3.5250434633824206,3.4694233706218247
3.5250434633824206,3.4694233706218247
3.5250434633824206,3.4694233706218247
3.5250434633824206,3.4694233706218247
3.5250434633824206,3.4694233706218247
3.5250434633824206,3.4694233706218247
3.5250434633824206,3.4694233706218247
3.5250434633824206,3.4694233706218247
3.5250434633824206,3.4694233706218247
3.5250434633824206,3.4694233706218247
3.5250434633824206,3.4694233706218247
3.5250434633824206,3.4694233706218247
3.5250434633824206,3.4694233706218247
3.5250434633824206,3.4694233706218247
3.5250434633824206,3.4694233706218247
3.5250434633824206,3.4694233706218247
3.5250434633824206,3.4694233706218247
3.5250434633824206,3.4694233706218247
3.5250434633824206,3.4694233706218247
3.5250434633824206,3.4694233706218247
3.5250434633824206,3.4694233706218247
3.5250434633824206,3.4694233706218247
3.5250434633824206,3.4694233706218247
3.5250434633824206,3.4694233706218247
3.5250434633824206,3.4694233706218247
3.5250434633824206,3.4694233706218247
3.5250434633824206,3.4694233706218247
3.5250434633824206,3.4694233706218247
3.5250434633824206,3.4694233706218247
3.5250434633824206,3.4694233706218247
3.5250434633824206,3.4694233706218247
3.5250434633824206,3.4694233706218247
3.5250434633824206,3.4694233706218247
3.5250434633824206,3.4694233706218247
3.5250434633824206,3.4694233706218247
3.5250434633824206,3.4694233706218247
3.5250434633824206,3.4694233706218247
3.5250434633824206,3.4694233706218247
3.5250434633824206,3.4694233706218247
3.5250434633824206,3.4694233706218247
3.5250434633824206,3.4694233706218247
3.5250434633824206,3.4694233706218247
3.5250434633824206,3.4694233706218247
3.5250434633824206,3.4694233706218247
3.5250434633824206,3.4694233706218247
3.5250434633824206,3.4694233706218247
3.5250434633824206,3.4694233706218247
3.5250434633824206,3.4694233706218247
3.5250434633824206,3.4694233706218247
3.5250434633824206,3.4694233706218247
3.5250434633824206,3.4694233706218247
3.5250434633824206,3.4694233706218247
3.5250434633824206,3.4694233706218247
3.5250434633824206,3.4694233706218247
3.5250434633824206,3.4694233706218247
3.5250434633824206,3.4694233706218247
3.5250434633824206,3.4694233706218247
3.5250434633824206,3.4694233706218247
3.5250434633824206,3.4694233706218247
3.5250434633824206,3.4694233706218247
3.5250434633824206,3.4694233706218247
3.5250434633824206,3.4694233706218247
3.5250434633824206,3.4694233706218247
3.5250434633824206,3.4694233706218247
3.5250434633824206,3.4694233706218247
3.5250434633824206,3.4694233706218247
3.5250434633824206,3.4694233706218247
3.5250434633824206,3.4694233706218247
3.5250434633824206,3.4694233706218247
3.5250434633824206,3.4694233706218247
3.5250434633824206,3.4694233706218247
3.5250434633824206,3.4694233706218247
3.5250434633824206,3.4694233706218247
3.5250434633824206,3.4694233706218247
3.5250434633824206,3.4694233706218247
3.5250434633824206,3.4694233706218247
3.5250434633824206,3.4694233706218247
3.5250434633824206,3.4694233706218247
3.5250434633824206,3.4694233706218247
3.5250434633824206,3.4694233706218247
3.5250434633824206,3.4694233706218247
3.5250434633824206,3.4694233706218247
3.5250434633824206,3.4694233706218247
3.5250434633824206,3.4694233706218247
3.5250434633824206,3.4694233706218247
3.5250434633824206,3.4694233706218247
3.5250434633824206,3.4694233706218247
3.5250434633824206,3.4694233706218247
3.5250434633824206,3.4694233706218247
3.5250434633824206,3.4694233706218247
3.5250434633824206,3.4694233706218247
3.5250434633824206,3.4694233706218247
3.5250434633824206,3.4694233706218247
3.5250434633824206,3.4694233706218247
3.5250434633824206,3.4694233706218247
3.5250434633824206,3.4694233706218247
3.5250434633824206,3.4694233706218247
3.5250434633824206,3.4694233706218247
3.5250434633824206,3.4694233706218247
3.5250434633824206,3.4694233706218247
3.5250434633824206,3.4694233706218247
3.5250434633824206,3.4694233706218247
3.5250434633824206,3.4694233706218247
3.5250434633824206,3.4694233706218247
3.5250434633824206,3.4694233706218247
3.5250434633824206,3.4694233706218247
3.5250434633824206,3.4694233706218247
3.5250434633824206,3.4694233706218247
3.5250434633824206,3.4694233706218247
3.5250434633824206,3.4694233706218247
3.5250434633824206,3.4694233706218247
3.5250434633824206,3.4694233706218247
3.5250434633824206,3.4694233706218247
3.5250434633824206,3.4694233706218247
3.5250434633824206,3.4694233706218247
3.5250434633824206,3.4694233706218247
3.5250434633824206,3.4694233706218247
3.5250434633824206,3.4694233706218247
3.5250434633824206,3.4694233706218247
3.5250434633824206,3.4694233706218247
3.5250434633824206,3.4694233706218247
3.5250434633824206,3.4694233706218247
3.5250434633824206,3.4694233706218247
3.5250434633824206,3.4694233706218247
3.5250434633824206,3.4694233706218247
3.5250434633824206,3.4694233706218247
3.5250434633824206,3.4694233706218247
3.5250434633824206,3.4694233706218247
3.5250434633824206,3.4694233706218247
3.5250434633824206,3.4694233706218247
3.5250434633824206,3.4694233706218247
3.5250434633824206,3.4694233706218247
3.5250434633824206,3.4694233706218247
3.5250434633824206,3.4694233706218247
3.5250434633824206,3.4694233706218247
3.5250434633824206,3.4694233706218247
3.5250434633824206,3.4694233706218247
3.5250434633824206,3.4694233706218247
3.5250434633824206,3.4694233706218247
3.5250434633824206,3.4694233706218247
3.5250434633824206,3.4694233706218247
3.5250434633824206,3.4694233706218247
3.5250434633824206,3.4694233706218247
3.5250434633824206,3.4694233706218247
3.5250434633824206,3.4694233706218247
3.5250434633824206,3.4694233706218247
3.5250434633824206,3.4694233706218247
3.5250434633824206,3.4694233706218247
3.5250434633824206,3.4694233706218247
3.5250434633824206,3.4694233706218247
3.5250434633824206,3.4694233706218247
3.5250434633824206,3.4694233706218247
3.5250434633824206,3.4694233706218247
3.5250434633824206,3.4694233706218247
3.5250434633824206,3.4694233706218247
3.5250434633824206,3.4694233706218247
3.5250434633824206,3.4694233706218247
3.5250434633824206,3.4694233706218247
3.5250434633824206,3.4694233706218247
3.5250434633824206,3.4694233706218247
3.5250434633824206,3.4694233706218247
3.5250434633824206,3.4694233706218247
3.5250434633824206,3.4694233706218247
3.5250434633824206,3.4694233706218247
3.5250434633824206,3.4694233706218247
3.5250434633824206,3.4694233706218247
3.5250434633824206,3.4694233706218247
3.5250434633824206,3.4694233706218247
3.5250434633824206,3.4694233706218247
3.5250434633824206,3.4694233706218247
3.5250434633824206,3.4694233706218247
3.5250434633824206,3.4694233706218247
3.5250434633824206,3.4694233706218247
3.5250434633824206,3.4694233706218247
3.5250434633824206,3.4694233706218247
3.5250434633824206,3.4694233706218247
3.5250434633824206,3.4694233706218247
3.5250434633824206,3.4694233706218247
3.5250434633824206,3.4694233706218247
3.5250434633824206,3.4694233706218247
3.5250434633824206,3.4694233706218247
3.5250434633824206,3.4694233706218247
3.5250434633824206,3.4694233706218247
3.5250434633824206,3.4694233706218247
3.5250434633824206,3.4694233706218247
3.5250434633824206,3.4694233706218247
3.5250434633824206,3.4694233706218247
3.5250434633824206,3.4694233706218247
3.5250434633824206,3.4694233706218247
3.5250434633824206,3.4694233706218247
3.5250434633824206,3.4694233706218247
3.5250434633824206,3.4694233706218247
3.5250434633824206,3.4694233706218247
3.5250434633824206,3.4694233706218247
3.5250434633824206,3.4694233706218247
3.5250434633824206,3.4694233706218247
3.5250434633824206,3.4694233706218247
3.5250434633824206,3.4694233706218247
3.5250434633824206,3.4694233706218247
3.5250434633824206,3.4694233706218247
3.5250434633824206,3.4694233706218247
3.5250434633824206,3.4694233706218247
3.5250434633824206,3.4694233706218247
3.5250434633824206,3.4694233706218247
3.5250434633824206,3.4694233706218247
3.5250434633824206,3.4694233706218247
3.5250434633824206,3.4694233706218247
3.5250434633824206,3.4694233706218247
3.5250434633824206,3.4694233706218247
3.5250434633824206,3.4694233706218247
3.5250434633824206,3.4694233706218247
3.5250434633824206,3.4694233706218247
3.5250434633824206,3.4694233706218247
3.5250434633824206,3.4694233706218247
3.5250434633824206,3.4694233706218247
3.5250434633824206,3.4694233706218247
3.5250434633824206,3.4694233706218247
3.5250434633824206,3.4694233706218247
3.5250434633824206,3.4694233706218247
3.5250434633824206,3.4694233706218247
3.5250434633824206,3.4694233706218247
3.5250434633824206,3.4694233706218247
3.5250434633824206,3.4694233706218247
3.5250434633824206,3.4694233706218247
3.5250434633824206,3.4694233706218247
3.5250434633824206,3.4694233706218247
3.5250434633824206,3.4694233706218247
3.5250434633824206,3.4694233706218247
3.5250434633824206,3.4694233706218247
3.5250434633824206,3.4694233706218247
3.5250434633824206,3.4694233706218247
3.5250434633824206,3.4694233706218247
3.5250434633824206,3.4694233706218247
3.5250434633824206,3.4694233706218247
3.5250434633824206,3.4694233706218247
3.5250434633824206,3.4694233706218247
3.5250434633824206,3.4694233706218247
3.5250434633824206,3.4694233706218247
3.5250434633824206,3.4694233706218247
3.5250434633824206,3.4694233706218247
3.5250434633824206,3.4694233706218247
3.5250434633824206,3.4694233706218247
3.5250434633824206,3.4694233706218247
3.5250434633824206,3.4694233706218247
3.5250434633824206,3.4694233706218247
3.5250434633824206,3.4694233706218247
3.5250434633824206,3.4694233706218247
3.5250434633824206,3.4694233706218247
3.5250434633824206,3.4694233706218247
3.5250434633824206,3.4694233706218247
3.5250434633824206,3.4694233706218247
3.5250434633824206,3.4694233706218247
3.5250434633824206,3.4694233706218247
3.5250434633824206,3.4694233706218247
3.5250434633824206,3.4694233706218247
3.5250434633824206,3.4694233706218247
3.5250434633824206,3.4694233706218247
3.5250434633824206,3.4694233706218247
3.5250434633824206,3.4694233706218247
3.5250434633824206,3.4694233706218247
3.5250434633824206,3.4694233706218247
3.5250434633824206,3.4694233706218247
3.5250434633824206,3.4694233706218247
3.5250434633824206,3.4694233706218247
3.5250434633824206,3.4694233706218247
3.5250434633824206,3.4694233706218247
3.5250434633824206,3.4694233706218247
3.5250434633824206,3.4694233706218247
3.5250434633824206,3.4694233706218247
3.5250434633824206,3.4694233706218247
3.5250434633824206,3.4694233706218247
3.5250434633824206,3.4694233706218247
3.5250434633824206,3.4694233706218247
3.5250434633824206,3.4694233706218247
3.5250434633824206,3.4694233706218247
3.5250434633824206,3.4694233706218247
3.5250434633824206,3.4694233706218247
3.5250434633824206,3.4694233706218247
3.5250434633824206,3.4694233706218247
3.5250434633824206,3.4694233706218247
3.5250434633824206,3.4694233706218247
3.5250434633824206,3.4694233706218247
3.5250434633824206,3.4694233706218247
3.5250434633824206,3.4694233706218247
3.5250434633824206,3.4694233706218247
3.5250434633824206,3.4694233706218247
3.5250434633824206,3.4694233706218247
3.5250434633824206,3.4694233706218247
3.5250434633824206,3.4694233706218247
3.5250434633824206,3.4694233706218247
3.5250434633824206,3.4694233706218247
3.5250434633824206,3.4694233706218247
3.5250434633824206,3.4694233706218247
3.5250434633824206,3.4694233706218247
3.5250434633824206,3.4694233706218247
3.5250434633824206,3.4694233706218247
3.5250434633824206,3.4694233706218247
