3.5,3.5
3.7943320989148113,4.24130152582806
3.16774831797162,3.6897047074272407
2.821184311238786,4.551560432244178
4.16874756774167,3.122154214153381
2.5786900430677897,3.7578903720970875
4.3227640355343775,3.3321065224797635
4.053825895996275,2.4381433053610553
4.394736969374332,2.5017528760117034
4.4354513979828525,3.382300877268673
3.9461617328334544,4.6448399385310335
2.2046013342783346,3.5982550858520805
3.9982560602128654,2.984168972007005
3.316914636530751,5.158172183577367
5.29504333963258,3.316683553053022
5.133304461123497,1.978491183389308
4.055395154198027,5.5929200621910065
5.041893093987106,2.1498993323029514
3.1005908685178536,6.0774455368035945
3.5208615921696547,3.9649854967313485
5.031793962875412,3.4325630687724047
6.024681414020065,3.9187061475366995
4.936080355518141,1.2467246016529836
1.8278667088814575,3.326002284417115
5.358248826774982,3.812242086020433
6.3052370913275215,4.059988384960711
6.050208079851023,3.2592856230372744
3.0598517478978566,6.492552357162924
2.7233122854819394,5.68544248695537
3.3237852220250765,3.967468755267726
4.734849132379464,4.2732662754023485
3.2805741106581388,6.55367830682693
5.524028143848433,1.5253438064350306
2.400929527413682,6.158976062210944
3.9811967608881984,3.264110356364083
2.353973589610818,4.869771518283937
4.11241797520965,2.405607504789448
2.6240167374601193,4.066407166885182
3.351607641582003,6.171851644569328
4.978974036933013,2.5687976602754623
2.497359325549514,3.485327070079051
4.861802104926845,5.095925386007634
1.817413720771049,5.8914657152838465
2.598024890127672,5.7023517518573685
5.331702243180203,1.7210743809377957
2.95803334660509,4.651408572966062
2.23331019468657,5.723141176580884
1.700521427783276,4.155172159071005
3.3063430667641924,3.385765487681691
3.62938357951161,3.0235020763706637
5.289351962727354,5.1053788781420835
4.430757543749485,2.128500866309901
4.769378701659691,0.8217838688314432
5.739136666878373,5.085733680116505
2.4161735335671204,6.952670650805665
2.6825818580722802,3.0207083271301833
2.3233648451765943,3.9834720223123106
4.425655402497563,5.739424255035312
5.016875794317064,4.222284282822202
4.240221051286621,5.701944054171488
3.2195983830914896,5.069524429512561
5.137436335306335,1.128500130611802
4.444538770289445,2.2253028979988514
3.154733582034172,3.427428989859008
4.513287591052726,1.8650056532404247
3.3029559678497313,6.104591327247024
2.7491169791690564,2.0231356613757865
1.4247731081512525,5.887693809346814
3.3846665380285,1.7766965974177875
5.834647784981423,3.363611830166268
4.851019425824202,5.843565988242254
5.791768828169729,1.727377891586492
1.4174349314968437,3.533464019111947
2.4796579610461515,3.861261072801166
3.852497499648263,4.779602227306543
3.780284399800191,3.5994555362124796
2.4592709577355363,5.0483897413935575
5.578378858383108,2.536891355466727
2.8413075090343147,2.1802329978264456
5.2453878640537095,4.149785503391998
3.392606640261878,0.8162030480998959
6.048679564493683,5.517218200477179
2.4935375583756367,2.0212391536970697
1.5856883581468866,4.920300452422288
3.575083962361714,5.485521776842696
6.9793377012945985,5.865349613179415
3.903915777096688,4.396775698302467
0.7887134739543701,4.960998214816204
2.000261272208022,6.619063040777069
3.925930844438282,1.5636780829900179
2.3313764872201475,3.293791854409022
4.703925503153338,2.745366158514228
5.075475710710231,0.3986300849888581
3.8846831738942016,4.082123818511136
3.310999728012122,1.0623026760041405
3.8985138519763556,6.879578765249103
5.523963180291295,4.085650507746245
1.779198656829765,3.94769550929847
6.802569618816972,4.747843627532296
4.072550137508995,2.978677679797748
0.7368349848631127,4.261005776516416
2.510429557109338,4.715820313907904
5.073390199151117,2.03333079953137
4.997448247250304,5.7461103481699025
0.6767362293098407,3.9410268586671524
1.829484130181247,5.8988954228798605
5.485507184326149,5.519610679699455
6.8476249438989445,4.541946215082279
4.76269345043529,2.0946922101486667
2.1092856720928386,4.3233432099747295
2.223007242283222,5.542667447392383
1.1959135261051723,3.8278683611777784
0.9588252862690219,4.666689934551278
3.6450104360307076,4.681210707483187
3.0699801210031104,5.460496847849738
5.432187110918622,6.086454905933234
6.454742689654585,1.3827982419127034
2.8203036688593253,6.820664977395074
4.297324211070268,0.8914381839165907
3.6102913781179793,2.0225559637872674
4.694683130849278,0.785797026844113
6.788680214035,3.697969382579833
6.95714056064096,1.8718150604478918
6.667036309779687,3.761786377665161
4.5344767969704245,0.167120202970241
0.4938146636821291,5.385991560026434
3.6845589751936156,4.247791608738877
1.8800017416336114,1.5608175798826427
0.9830094242072193,1.3645856720330114
5.798898113807237,1.554238278676372
3.427811623014351,2.176001667872526
6.85403450296574,5.4807649925808395
4.448712272459523,5.249019694390933
4.00644498507826,4.835068404849487
5.135291328911922,6.553729645931708
3.013943632812042,0.9599415835648286
4.092431869474372,6.195541528808427
5.033812748569028,0.6679355236611464
3.1882297284233445,1.8715266242624564
0.11642397415034034,5.97988053949952
0.7567814802578399,1.2401807428780165
2.267189704241577,5.612533991653095
0.027472504275387832,6.372508417484496
0.8128636538477058,5.8447867149013
1.7784031872136827,3.2748744991870087
1.3578243784696649,5.720299139805992
6.705748506391389,3.4209425813017718
5.450496377386997,6.174752378470099
1.689579133193524,5.957707666933952
2.0257077979337854,6.859276793511697
1.0537533362532931,1.3991799921456771
4.640179576978688,2.5459041945437093
2.5900823840942877,3.8075360466562165
3.8959147751807013,1.6768356471321102
3.3080942310041497,6.847481841848168
0.6686559517546826,6.444293014257142
1.2450409697434837,3.483949994575363
3.3738489177684903,6.30021274406476
5.764430018932985,1.5745464666225941
6.732176978328899,2.0777700061973414
5.2427999135487156,2.556355163197975
0.5110180486870723,2.9341074866361123
6.8631077327357035,6.387150342367228
2.1299015798461927,3.046503471123268
4.937893701930981,0.06844948642509563
2.6399404331049747,6.217198221864644
6.6367187049874,4.349344749088042
6.748070576749269,4.2377926194250515
3.8024983569904274,6.321294460280456
6.717017639183569,0.811987998108008
5.864455342277782,4.29945500904988
5.085996168352908,5.877706069471686
2.519570031815735,5.0552617527220605
5.694028201606028,2.0895370073731714
1.3733808437280088,4.559109709412084
6.154851101681762,2.5234537102251307
6.579297298139091,0.6693740921771895
3.1324047684202174,6.190383258106863
0.28421923536429305,2.9633022444330868
2.9177539300599085,5.318369087616186
6.987869946288558,3.6199857215232285
0.7879574085127113,1.5633178001060142
6.260615190863188,4.0326022337632805
6.151525430077513,6.18838586358474
0.6572437906750793,1.3543684032633883
5.921947562300483,2.8094012471953373
6.3188955805380305,2.7147979721851194
4.760297141746616,3.0324906779528944
6.502031175278631,6.383731693265495
0.5690237908036443,2.542276227064519
3.3104461143783923,0.9304065987784085
4.155147191168164,6.970899692883953
6.830573932997468,0.2783403574799037
2.8177867391555225,2.416644768595579
6.321443324727878,1.1754754577836017
4.706804897708341,3.7245052044321416
2.9468989121806497,3.85747036426808
4.41292442895701,0.4500751576330957
4.771745952443401,1.9123453452805084
3.6539319451917756,0.271026006506052
4.805639397189069,0.6043337158037526
1.1311548174316617,4.253295220158563
3.40853431511102,5.339305979564593
3.15996587773641,0.3424057593555999
0.7030156311958667,5.99682656388008
4.9373828685257,2.368643449179315
0.9393083647605319,6.2150992955732445
4.996527296573616,5.818564846608503
4.26253092378642,3.9224416877401134
5.8295027971673825,4.367188011629038
4.698052329319699,4.861673953550189
0.5683021645769449,2.9095276492792896
5.577525130292458,1.3170629271576022
3.131851328617808,1.577014488227408
4.487041202406078,4.664111230307485
5.008366178838954,5.807433256138076
3.144739088149188,5.625273899008691
2.802691650897693,1.3918753917057798
4.04275196095624,1.6516404657473815
4.681862573409619,1.3539483593979214
3.6779872566565004,3.2317380216304707
2.214111828410151,4.625888849459225
1.1033218070945472,2.1076177858034693
0.4278531097684356,1.7793849371304777
1.9160054050340607,4.179052646308568
3.0119774269979582,4.746949067600822
0.39619951590739344,2.2019826320518114
0.8547176579140733,2.8155517090258595
3.82099830109565,1.4242589886619663
1.2964908846688343,0.4464891445664627
5.679608893756914,1.707010626775237
2.499386098710791,0.23715240814307004
5.146968591390887,5.3868540422916595
4.044426038409972,4.936801164916278
3.1498181140359507,4.635359041652854
5.867017982561893,6.110708579420882
1.0532039759100038,1.0812304727618898
3.992926493907637,2.4774692899416593
5.70277106079436,4.5663792102608705
4.819194470552575,6.5155494474625195
4.436164347683521,1.5985734512812533
0.230751269086248,1.2164274447081946
6.503927943085764,2.7061834800140447
2.2447771849971945,5.554084409164148
1.4254839312003433,5.8194550037621795
0.4923157654840924,1.7160462761632327
0.3056402548790763,1.2783364538794482
5.0862937172216345,3.0827902886516707
0.5626757526562473,2.703679792218491
2.5987044346972104,5.497010224107014
4.755705206227697,0.8724227939691283
0.14010535596156637,6.784922815293742
6.1864992062390884,3.2391651707241516
6.630135561193418,1.2738195039324904
5.610145892843811,0.05888800377336034
4.334946100230762,4.5816475026058585
2.461650702345233,5.917283606351726
5.534208901695603,1.6690760609005417
5.324187647159887,3.5376534310362207
6.57937291213319,2.8770076893158225
6.941155314952654,3.3977240724465942
3.459992957173988,0.42266062428318363
3.235316068691885,0.10942908814765373
6.730558702103705,3.2017889811478764
2.472534332420962,3.7995781221391933
0.20876494863361128,1.6671050895148634
2.712227526301776,6.7129237907374675
4.203095123826504,6.505587307695951
4.148201547234894,0.4588741174031217
2.005105324829956,0.8774462450829789
2.4819677012465284,6.547760846784287
6.94749343173248,0.5409537088842089
1.2708837254651537,6.072249583012452
2.625905439882758,6.867404908326268
6.949301497751064,3.626601316682682
6.990673121703233,5.3622559026730325
5.960117639214797,1.4348430279749724
0.1389760789959995,5.228273458592398
0.44658168354764005,5.178638197890941
1.8757491562713722,3.774613607891199
5.908699866257612,3.665294627357112
5.301090885619047,1.5766524507785769
1.895938048217433,3.0813189622385613
1.6262893637443252,5.527570489872555
3.817019384684544,5.61919076952402
2.906598341240448,1.6896896434119961
2.261572423878804,6.094681543541935
0.7541025090532906,4.523229692159395
5.739374261966397,6.986923599064698
3.8675067192754686,4.6781377175800545
2.832605675526562,6.311242208062647
6.858199933160659,3.0603838491499222
2.855634395991397,3.51719994279956
0.7919555558739046,4.354235785899887
2.0122004520143615,3.2312842936022954
1.4676240790448207,4.080554404132787
6.504476315111447,4.09466143240696
5.025145104173983,3.1306699333313186
2.062569223549495,6.165015046081282
4.161010840102577,5.912460486282791
2.4193203460159207,6.728072740187739
4.682928697714484,2.233046076872068
0.7708497016855175,4.204518277542961
6.280213897873784,6.574341999640101
3.655869663428923,5.699214516318163
1.2951910208473514,3.4520385871486896
3.2616086169054164,3.3697216390400384
3.4586930985060507,0.33740850420960633
2.2493067823653656,3.643629750495637
6.301061803297879,0.6713607074999302
6.7326628112716005,1.021811731175982
0.07584852067797776,5.804477885164318
4.2426584862577625,0.30710231361735074
6.03272671401638,1.489660694940544
2.13794000208676,3.386989759609226
1.699519488076771,3.02991177433736
3.256431654218195,5.952087020763631
2.814315359704618,0.2977429626534218
1.5005779619005863,5.994952637646565
6.903346721756734,1.256858011497949
0.4999915476160969,3.9920104778874843
6.063312240391912,1.1692326949933456
3.1807645602716015,4.458910082197491
5.048968816282456,1.9322041317965366
6.187027164914983,1.5038843054343445
3.279315301594186,6.958332867225222
1.3449083948646816,0.03407881864743589
0.8776392616720378,1.3920247348424983
5.495605381537678,3.8469925101649185
4.916957941650724,2.4896427306206865
4.246930106169845,3.6568180933064993
3.6618839938605774,2.99593446162287
6.858650521413596,5.631275017396119
4.731923244308467,2.0409207884040668
2.223516014245654,6.77168716579145
5.552728863022248,6.531975094757286
2.7610566491376423,0.9031468709688985
1.89851747774611,5.881030189906012
0.33971915497782557,0.6713184877002006
4.342242487291298,3.451676723905364
1.0239515872879403,4.309030580951513
2.2684686440019766,3.2521578471143213
1.6375956065899526,1.0357126855847074
0.6937982108186638,5.919965675935003
6.901826193690386,5.8131569890107455
2.728152152935549,5.174671371407737
6.1393724217985035,6.927436797731561
6.402073171146561,4.98027914192114
1.576492335454449,4.202544401405844
3.472639535076185,3.6799568547997925
6.8495278222820275,4.141288078657759
3.3445108616937684,3.112707079376378
6.595619078814661,4.5900698919641645
5.081794139919513,1.8419374688359964
6.764070310588956,1.9463934217933987
1.0600458101818326,3.2393478710855854
3.201575760398033,5.904815260027434
5.650405956414205,3.7421444865188986
4.579026998035998,3.8332308119476646
3.9437401364253684,2.770868666302943
4.707140094051085,2.5602954495333123
1.6018474882890068,5.581794917586191
4.437637874968332,6.514823080404693
2.077294938785268,2.0444161066571764
6.1221577498541055,1.750765434529158
2.5370343336389807,3.331588623195926
6.487475432562302,6.06326438065665
6.034875145356345,5.102301399935422
3.0226311128413954,4.474918526503249
1.3536012881114283,0.26161167000345986
3.1394114712926404,2.4850997401690216
3.5256982717175362,0.8446351731550954
1.0156972331845646,1.5162549597017234
3.2374623009877954,1.3813215404601777
3.7160741953174172,6.750529874143104
4.955322792197599,1.1179758665399446
0.1886932245134313,4.939593919920718
1.1513360384480393,6.634446767078372
2.1181026698309284,4.496017748137457
4.802849096952467,0.7185427727753438
2.630655374915776,0.4617977945174616
0.9237834674935621,2.871994467235997
3.7736403553411506,5.788098284770412
1.0645752886057704,4.459998214892161
2.5233138181697363,0.21973883896151603
2.9821407342701742,5.554768272709518
3.4881504254361437,0.4190505023197928
5.188832157425779,5.986067788911793
3.164919131432317,6.8629377234706395
3.735093508465888,3.0170927424680736
2.118876603507733,5.617024391336453
3.5475659574080884,2.407791477055238
1.1700784733435288,5.704182040570511
1.7557830119999855,5.793920151420817
5.71072802581524,4.8131845979171
1.3778854169795247,2.7171026850825832
4.140094982937382,5.87654833103288
1.9616406281013483,1.2199121510577156
5.761280217079371,1.3453320088077865
6.622030792009158,0.3512332416647447
2.8010733084516684,3.516851681967464
1.3893029551998117,5.891245489309573
6.02548204383678,6.658584661123022
6.228585953122673,2.3882156021517265
2.172291648808479,6.189980768764413
1.5770653467126161,4.967399910330678
2.495716864399159,2.6161563520181277
1.7424900177791764,1.393440865061534
4.506250506919628,0.5372254199514888
0.09508323465738089,2.7472561329646066
2.156777621376407,1.9877824182213986
4.802727776510089,3.397311606577127
1.135501884680903,3.149151826935003
0.026828660985591224,2.6244071433333676
0.5081811660019672,2.7184460433796804
5.652996533332728,4.964239319493177
1.4614835921375735,6.649967481470357
0.0990116246720053,4.346738117054871
4.684689169744384,6.5389560505838515
1.8798450138587213,4.5692044612504255
2.251515646550063,5.563076835524779
2.8397747888822296,6.737310970715999
4.637947994082436,0.3163060626626564
5.03968698724801,4.970890033150282
1.594127066639709,2.2291939118178714
5.418126386300342,3.7555050277126707
6.930203604414145,4.926464038537588
2.1067465715995013,0.701076189774887
4.819937009346356,3.1975751645731716
4.679773542143745,3.531114121955053
1.5896136609161933,1.4048069552988682
1.699888575245406,1.6162655576112321
0.8058506343741271,2.3487264867537867
0.22261692436709435,5.171756947289521
1.151200336950307,4.2859837462215795
6.608200997390615,2.714453015186277
5.82326246573117,3.665554574848196
2.8558821553495983,2.2455801411016
1.3331126252123404,4.112199950741656
5.96602541929583,6.938164518199699
1.1863307381486856,1.9842299570051307
6.495162692968004,4.362334353851256
2.669178498066139,5.359064831839232
3.678730054288974,1.06479130501874
4.348101439272644,0.05332101337342332
5.012162250068467,2.628732852016272
0.7826579640806998,4.15526449516631
4.422971746338467,3.8708261940723645
6.854994559396524,0.7957520770079912
4.316003465536526,1.1837498665578474
2.011950531031382,5.804134801812222
6.6418339897378145,1.5645268174546194
3.554682223470925,3.803828428418447
4.42198213454561,2.161416481421273
3.267514393376477,5.9430867792670785
4.505037163985952,2.088430738581307
6.894617905078364,4.043817925751327
0.9218729549497704,5.601723908298935
0.9620780139789646,3.238553580611745
0.8925592011103279,6.469980785059385
5.478916208411112,3.679811629953032
5.227070289307895,6.593656617837532
5.562312632142639,3.057650653364358
2.527763686998398,2.055809721845848
0.38351884638269507,2.078583928268949
0.29736108152011653,5.133358809430262
6.425093121964478,5.94711985419422
0.533309314617886,2.80454664845338
0.8637878975807323,2.316691582448145
0.3328344404554837,5.67252251314991
1.848683606420766,1.4510987215031026
5.398801875468613,3.1835731506996376
0.9775600352032375,4.9726752310538895
5.728622999605641,0.031644885510355825
0.37616959996876853,6.329053285079822
5.57127478738009,3.5223630361330454
4.007709196491091,5.190166249431156
1.4171918234122212,5.070474725318521
4.982356577041276,6.005048679490995
2.4456500524078626,2.079499187967539
4.36022129565497,2.8321230810493923
6.744459230131008,3.2735635798148293
6.949674664873677,5.932410449031169
1.3132353600562063,0.6902885650229265
2.1107613266541208,5.712871175356527
1.7400289555272583,2.721190629426964
3.470650328681255,6.725621361295716
0.9005501242298185,0.04698243142459013
4.321487124844073,1.1260015478463972
3.75877205392657,4.369744666054714
6.7436989494193815,0.3365782524491113
4.213375207958586,0.2902142382406727
2.306539832180242,0.937797834924426
6.263991932498554,3.1889783307464583
6.650467884705271,2.5767404920119237
4.287890481046063,0.3832094883060325
0.6114643811755346,1.5996160041602332
0.8158629150556711,5.063946953104206
0.9711634200312611,1.5145420080571328
3.416571170883652,6.912967390802996
4.5666000031370615,3.3075977101483627
2.5803841068197695,2.2613893916785557
3.8671887889202834,6.738683067082013
3.396432454427006,3.8973784142600936
0.5696821748079918,4.733756448835541
2.059692755048791,4.7364989830880955
1.5553616920793605,6.225054239414922
4.2074324602639335,1.6015122059034865
1.0196712273058708,6.812711657232135
5.8171213385785,3.655387070022729
1.1778236153213228,3.553575558496033
1.3877180720263897,1.2877484801267842
4.552374717171477,5.82281173933582
3.0344004406337253,5.628562533072904
1.4987988617150254,1.407587329023575
3.18889567756201,4.040907506312126
4.678242070533788,5.630731286132665
2.0372283843428276,4.629422811627784
4.511127885942118,0.6822867182957664
3.562965321568229,1.1295366038328183
2.5849176744401507,0.5478835499038762
6.7919114180436235,1.5136859539829395
3.8635931349939,3.9677706395144865
0.38464866532415853,5.637774023948486
3.825176150105924,6.0765678817104245
3.6264340844087863,4.577776622811176
5.65711667153376,3.0967373254947423
0.5412410549644401,0.3436977932845301
2.91793522215167,4.913358474643584
5.368369535514223,0.657240845906273
3.949269191968635,2.4129558772659743
3.2468955921939506,4.27562583531007
4.640614891856813,4.127332553803419
5.549481473800818,6.758580221690064
1.9533319159663751,0.2986104150518196
5.222334490779634,4.925860457633598
3.007503590826922,6.587200365070633
2.9942279621589005,2.784270835213114
6.7136690602066675,5.72189918678224
5.982881092330431,1.3053885344289016
1.4853321554697203,1.3921463652120074
0.1631766086056533,3.4176594088901684
1.270517800574967,0.6950715706732669
5.5366615614146255,0.86796727453475
1.133748278622448,1.3593700988041708
4.2661791331771814,5.195733203250917
6.8636453647873825,0.5634163503893065
2.1163674591350516,3.2359932819904014
4.792226683509025,6.188017497685128
3.6102826047263847,2.268871697047438
2.3611483835003915,0.023860322852193083
4.130422635850777,3.767373067084692
4.771515054688763,0.5903808908704783
5.697753093007736,2.397357456484501
3.4025840850184057,6.1164080524623
0.9935227046429416,1.357999874703209
0.46030123376509957,4.250645980271095
5.6915870553481795,2.099274516576144
3.6749699383226697,6.4817250346626505
4.019233190082247,3.8232856294307256
3.3893024026914036,3.4816168959579703
5.14198237831882,4.921093407116881
3.4991970471872094,5.870233673399721
4.1867050908877985,2.3851103852902855
5.965136258194034,1.082163430651232
0.9973151851625329,0.3088373037554991
1.7613953976809889,6.085540940522279
3.9490660323243536,2.4015059936512726
0.5847236263806916,3.604035123833967
2.9001710536608347,3.7847114049840873
4.631168445191364,6.998644871164709
0.390995984334385,5.613890493894534
4.557689196818758,1.093402661007175
0.112814476594566,3.1712477438497957
2.577859216675828,1.8431010666141605
3.4562920051998907,2.502459338818094
1.4529555687029614,4.370270857885731
6.241433353595872,3.8610535543987003
0.9883067577777392,1.1274029455167418
1.0179412751125265,4.019786808210981
3.624162095293122,4.0782244917036925
2.9940394715991494,5.887025761156012
1.6637831217519596,6.896418400614223
4.701777802313199,5.256896361016676
4.778717488403926,1.5331576709142771
0.08840456603074309,4.744438948052903
3.5533875856427546,2.942927949496936
2.4983091555003147,0.46047221325411336
0.024072513511764537,6.056622128730232
0.3061081303089873,4.208434921163211
5.16355583891554,5.8780108370203665
0.8424326207412596,4.829334662732351
0.18569141237864295,1.3112297999511513
0.5370581741437337,2.2056147434939852
4.882203194332461,3.529899924305479
1.0211173014873354,0.4843550493825598
4.687786260826613,4.3514839115490185
0.29132722302831515,4.095119342951279
6.225750631546285,5.371582886845248
5.721122700487285,6.622970713784023
4.573437456947553,0.4650864588899204
6.89619967960413,0.12683126016353008
6.713101692310482,3.918639110860986
4.419842423559693,3.3056674419237533
3.336951216076799,6.9582803650711815
6.489605455661741,4.592197978824488
0.49189239190257794,3.644331299244314
6.567097688822889,2.2182624771471393
3.386456902358631,6.243329601346156
1.9742969202883,4.8759041417006745
6.954907191393592,4.176659656609786
1.8983502971976534,6.1675084731868175
6.440224378254033,6.688666511859058
3.4104997167763154,0.771400159168898
5.217978562765596,4.201209290181534
2.1019125327915846,1.2272503930345295
3.836438436422188,3.58855100002973
5.47066974021851,1.3131227063478859
4.334579348413853,5.409130915285793
3.3445021010576337,5.860694308895673
4.987435684741998,0.9635207627237171
4.402441724768449,2.2999947801743743
5.8322617975259465,2.4170551407957532
2.9590774497720833,4.375167051106069
6.546139024195782,0.8829557301736736
3.0572836006848836,1.866188712444859
5.051748751471016,6.3857367096769035
5.954913046873884,5.890490883600388
1.244407602747982,1.5955783537491999
3.7586190999646107,0.11491267989751752
0.6176320044030785,4.209701265930255
5.014766681044053,3.3531649893145774
5.984699222079284,5.876089273516449
2.1495451499019724,1.653812660035503
6.361285604677706,0.6933460397372936
4.6389099463004255,2.0775467881840948
4.349694915238756,0.22369015090923738
6.0802038624578545,4.0584593494112315
2.439619081871146,3.5557290198603035
5.056762370774851,2.6419709190796947
3.850751347274725,0.5018247102427333
5.518561569632407,1.4401029946574484
1.753175472866074,5.682168285344512
0.0254712068002394,1.5727966498535975
5.407319147682312,0.7918109280028931
3.9491432206533266,6.2075653919530485
2.54560333482688,5.821640953567245
0.4436818572232687,1.2896288314784266
5.207300322039572,0.8932969889051217
5.055139614899477,4.464965751551448
1.3784483030143293,0.07464392384773011
6.87595878548315,0.9868393857098001
6.524343833003927,3.1635786369783476
5.094051874783928,5.605234836236986
6.3479684953220135,2.9850400929846175
6.771097981298272,6.294479309103832
3.1257562046577916,6.046725751663597
5.7829337244073935,3.3843015416303124
0.045634699774781184,2.897486163200271
5.146422796802641,3.1835406270386626
4.571822653066479,4.587827913140735
6.950157549917895,0.7240072881591103
3.492992287540383,1.6513725086330706
3.737616318623226,1.2953719145501714
4.463935321275423,2.099759675457398
2.4376438942463086,1.4028357466541848
0.8492008317711978,3.4715203207297005
6.803172894756388,5.939071494513389
3.160003162922866,1.8920095556248575
5.2774064695468486,1.0911815591803729
6.397048454981684,6.638176775093615
4.427908508614531,4.469523919129398
0.9670593282420473,5.747288968624411
4.766380497673777,3.404360919999989
3.1638435256311794,3.959922795289547
1.4349636038876614,1.1620224311972398
6.418180277582166,3.8068860749737494
5.284383298147388,4.295287824006006
2.5293618387552286,2.98831590520431
3.514992959831729,5.427268964738166
0.12773594901505247,6.388332912364074
6.9227891778759245,6.68412735817912
6.737084536237329,1.901274242089159
5.630643484829892,2.6414712234845568
3.3130096450173507,6.197325154778573
1.7856405220607392,3.362895528301298
3.6064492637623515,3.4021473677004312
4.4031972927533145,2.0111049117946376
3.313671012626034,0.4202532382198625
6.405046567873158,0.7027643415329642
3.707344215633281,0.17408159062153972
2.8597662006944757,3.9534234663230987
6.497504520804577,4.437032421178988
4.4933965331967585,0.8504854334699196
4.122333920591567,0.6458032556253411
2.0680668549549344,2.4465443043139077
3.407021039903792,4.234975917670358
0.7776626122388614,0.689716869119653
4.31277098684142,5.366933666175526
5.4269157897964355,1.798551685326599
5.277668824455689,2.6707895509928097
3.1278295201876016,2.884308427640941
0.5820865655742686,3.9965309474846533
5.069603132656615,2.9202268588135816
3.3161722346925657,5.762286340543896
2.8713542864553006,5.6833159219869405
4.062380987453582,4.394108078355901
6.933340025978209,0.9238153194130273
4.880593051164011,0.34005898378670585
5.528601870628795,2.0666117272570466
1.21624959585729,1.6300687138168453
1.1543759090213541,5.405654436140311
6.760277137758484,3.331572963803354
2.5717200828482722,3.5866511896691406
4.490847781214427,0.5602459344397092
6.032512053731543,6.683715287179764
0.259405100014124,3.2626142985415036
4.139258487241213,5.62719850749421
6.989607709388665,3.4086234782207234
6.286215310317718,6.099495594942939
1.4194510096656576,6.747430670946467
6.443868210460524,1.3996268129613192
4.161175144683426,2.5957083356352952
3.952852864692921,5.320327052455277
5.477117698752071,1.4736244282697095
3.4474265079229314,0.23954387218334172
0.09268200506264823,1.2527885639320584
4.414319010090657,6.135130364753413
4.827293622582777,5.253887121781995
0.966243833814675,5.214337788466784
0.1471175576126188,3.4924835884656016
6.557024528818806,1.5728711794961259
2.5817373751267105,5.565589457461595
5.390998646741117,0.46786597664566953
3.1056350209542836,0.9665806491141472
0.506420969782744,5.564974747936931
5.113473594226823,4.5289814840473115
3.1279116108369225,3.5586013508585275
5.287509502980437,1.3032671861736584
1.2890518925150136,4.487211959219697
6.897326962602087,2.872927854507945
2.7824767521864726,5.463608650443085
0.379721140149607,5.518169363838813
0.7032718596309595,4.995548173934008
4.871133943178502,3.809794602005239
5.6911248070752585,6.351078228254482
5.660134143277782,6.555762589132607
3.4773225987470893,3.7397036092732625
0.591910772104892,4.084486427626376
0.29677465615217347,3.8260914733906852
5.152545813233814,0.4189168227002228
3.7572959516193882,3.7152472484530117
4.0780864461683,2.927555422809485
6.66376307265733,3.4660640075410662
3.285863650961865,6.259081487515229
1.7442714075340957,0.4252609208634005
0.9527809355930276,1.8004947564055658
2.5288970282203835,3.5794000674186255
6.748743140079368,5.244769008706318
2.390293239232829,2.8996642663624623
1.392278926514871,4.738551706316105
1.9143759587961413,0.36753887550555353
0.9268720276786241,5.700829025297294
3.4802960898471222,4.6404690144206535
3.0126714866087454,3.052512137879614
4.331321266286892,0.39818562942893754
0.8375088611736271,6.783456646810823
0.05526336868009396,1.8733228322531021
4.653562770197753,5.807105725263147
0.8178483067276524,6.686348445059358
3.0662939438798884,0.7992837553008186
5.084982190620722,6.090777294996094
6.716326424031668,3.356570189060096
5.065925956331442,3.3330485510165877
6.9532304545037205,6.630635795215812
3.5732388415756735,0.6582102993908816
3.315652474971753,0.8827088474995743
0.20467887902223436,5.868018608224689
6.780345721485588,0.9739740154583101
3.2420070106328485,6.050933812143057
5.478155471693957,2.635018565663085
6.96795064781971,2.709053289654544
4.998652593080739,4.947431253947343
5.155538790346764,1.2798786119195293
4.757937748222325,4.695178556083301
4.67714283683885,0.4050118212016479
4.371696475210171,3.9383343471466126
2.553516401273727,5.706713489947665
5.246299107865691,4.603541351095269
1.2628325278010513,1.474905957706317
2.8349847621012145,0.4655612036854644
4.0413229677121425,0.6282918012024343
3.8142243805436102,0.9365056867154473
3.8757540402575787,0.8379900720643161
4.607539209663776,3.386402543124762
1.6930926225416374,1.2711978649181286
4.315277682320508,6.059982074345829
3.028000602759751,3.4130867418208224
6.708848182904957,0.8663084607724836
0.5654932612510932,3.2942622384015126
1.2919726090766797,1.2641101487117092
2.764782210187225,6.541187550943616
5.642977125294422,0.8858657817220014
3.3176359815307217,4.734249228212674
1.711242206447257,2.723311803700011
3.2721373699928638,4.204611335121335
5.728794728729089,5.124887357975327
4.3932105867930575,0.29249497228245014
3.290746406007337,1.1041196566973646
2.0658395917723373,5.906274095803649
1.949589471449276,6.043866586339342
2.4203623132272747,0.7691476452393753
6.213649830380565,5.0028511416709485
0.8867949461315787,2.3521572798421673
3.1268156315324185,0.6215836147842589
1.1745761501490741,2.412077396875979
1.0519858893591505,2.4781053099602213
5.0982605833291235,6.232663086328357
0.31996987825596246,4.4123948762559655
5.416106982428415,5.200590194392124
3.2644433728022357,6.53930577390133
2.4908097858811895,4.185943888723549
4.069945306857683,5.134620723937877
3.8387543453646567,1.9064573666204616
0.3825844621136971,0.5937913863519956
0.986398058129992,5.8290144606677075
4.745482092984548,6.107490258646206
5.153079046634322,1.5448114436427218
0.19115130221163568,2.4331858495801835
1.2825929455106224,2.0012039951111467
5.713592561088749,6.597044123405941
4.505362114842117,4.458005823802959
3.5580204470930843,3.9148167207393088
6.070534519470397,6.373573387767321
2.6238695969809065,3.46006775150893
2.6358084441314387,0.30787510984724564
2.193444178068325,4.461499290943341
5.312748702381944,6.200162677608624
4.792787290395865,1.5481122426601646
5.422622147802851,2.4376328554123674
6.1283446102434675,2.126474400604858
5.707539886922338,3.45851902574225
6.1456960817460295,5.3775236824809305
1.8391613634825403,6.816447711400009
1.6800860282946708,4.61207916637489
0.6436230405440754,1.083054189879165
4.273024441592839,3.8091360085086796
5.767331814927009,5.94661450398884
1.8324186057559309,3.1642109700490986
2.643491631409215,6.139721498476131
3.5589125739546077,0.1238657663857532
3.4637916031140454,0.6435958588124079
2.8233942987560696,1.8476632079386344
3.4344847683529824,3.350510113958875
2.2640283416750977,0.26242733837763843
2.2356604507323183,2.324968559553229
2.4875478837404037,4.963275410714425
