1.5,1.5
2.0263798827775457,1.8849266087363623
2.6016230332134693,1.778908111206642
1.14156771902769,1.8780635491803945
0.5396370999138136,1.5644410075129778
1.691166668546513,2.6555439413206603
2.3283605584815907,2.5326833508110846
0.7601914579677523,2.520783843003008
2.9923632626479804,1.1694047676654582
1.456020294580299,0.5285454762003768
0.5820354320708662,0.3000763121917873
2.0686641821055543,1.725929146797455
1.344246140480565,0.9267183356221801
1.944090671791269,2.1628980053554008
2.134341470618186,0.9329704315818252
2.5112133479498295,0.14466221032987492
1.2515144091835095,2.3266239788778527
0.30725609955097477,1.9387235307552726
2.4960885687434,0.994093039181661
1.0149500954597879,2.144254018201818
0.4860578014129491,0.744248145989764
0.3816885585112435,1.1871376314359738
1.3566825537112277,1.008025173541713
1.8256616863133126,2.437232991855982
2.3245623284575316,2.0563388616759593
0.28984205071236724,1.98015065683939
2.3360318081018927,2.07851353605422
0.7353126840770007,2.6155493060227593
2.557716361638894,1.596844102342496
0.4161113802746381,0.03759193530549998
1.7348858542743182,1.4973129803542065
1.223813989943207,0.5319197942231932
1.709612864214059,0.40965572637458003
1.7374375042084746,1.6390655333669013
1.0791409681937811,1.940855361117075
1.3711649833141903,2.923853418850351
2.355954703885144,2.097165253869413
2.1942283137371366,0.6592587683497979
1.4449217190245136,0.6536617933030001
1.8262270156592757,1.483967944362662
2.6749909564122825,1.454457731841762
0.9553443794371149,1.496748426147158
2.9596612248916214,1.1486898111213093
1.325043152246953,1.3155266325426611
1.208851158239571,1.6605008101249399
0.3419529829581548,1.0297702056755917
2.911644188142116,0.3754462738356149
1.9029692494238601,0.49610184723786865
2.4094312538638123,0.6615525537877024
0.8390546430619474,1.2730522045330575
2.9256654394039203,2.602637481933242
1.2846859287391346,1.2107077550502978
0.8615891889679218,2.2135144171558787
0.5208803964918598,1.292872665942261
1.4920045019953938,0.011788930071544801
0.09946169744656275,0.8801976798383935
0.05107266449194192,0.02057512512568971
2.0566321582229645,0.30895700496092326
0.7858155557458631,2.2885437003513482
2.3468021123082305,2.5518609960762815
0.08371373856784214,2.3585056195426253
1.5487063699138324,1.6839589595455335
0.22232814034542103,1.383104835069499
0.5404410607321108,2.829139616008642
0.34126070549591814,2.311678623791994
1.55653058957438,2.285109183144076
0.22660709334286677,2.329782991891593
2.9284095864161666,2.9960435417864097
2.7898778158920736,0.29680943531983106
0.8980107708472221,2.907403603689793
1.0239029607271766,2.444791999991101
0.7253437848197309,2.36623646184475
1.218691965422738,2.572117057438741
0.8996331698436056,0.0273207528853745
2.9578148728049554,1.0514733737704562
1.2226634435854566,1.439135388772438
0.4987602792212009,0.47221272608824383
2.9201025904482325,1.281770262645912
2.4395484517183244,1.4017109997859514
0.7219278148917116,0.29843579784088337
0.13475356406044792,0.9828990182576159
0.18393823970633383,1.153008886572037
0.05973629375194922,2.2276518313864377
1.2703388964018973,0.47100814075101705
0.6837460191188982,0.011339972300586254
2.3190190380370383,2.5226214549325636
1.240475403960362,2.7748380799053125
2.459411592066274,2.9501765852644968
0.3582682996490293,2.2460252051180785
2.475224394929442,1.0446582283012367
1.5981374961321615,2.2978571438257838
2.215466106936067,2.2839610952919394
0.14117204033163222,0.742031746780952
1.311958235184895,2.02063392841594
1.185901067606586,2.166733381941648
0.44408402997698704,1.0465486570645801
0.8512289592229465,0.04459928280557923
2.975440297405126,0.5573097401828229
1.1691697074587566,0.3999795681546703
1.5887056737910097,2.7807522398352864
