1.5,1.5
1.9432953796279642,1.8003100209972005
1.034836285417065,1.0994784794130092
2.351618603570463,2.1048183103910603
2.9865203168495804,2.8027408856793463
0.8792731735422119,1.9383006733541375
0.08192751127887532,1.008527952481992
2.6022660005754172,2.165298682123585
0.04735349825194357,1.2728356199936082
1.413267667281512,2.1550810130688154
0.34070022577955317,2.5413407833676156
0.030356163493928223,1.5956425475376066
2.023624976979461,1.3357789556180122
2.3200033052506885,0.8467891356060019
0.3201864959396994,0.46513575918282557
1.0263550754708715,2.420652032808482
0.87086015481899,2.501460789064234
1.7785498616211095,1.8428919697277184
0.6228124109145331,2.6065422574178947
0.8583579523759851,2.0749333969776855
0.18484918593654365,1.737103248819131
1.4959843911272341,0.7162631006231577
0.6589983998220179,0.8150187909893397
0.30309913874750727,0.5923402077509741
1.8375174088433361,0.043573493976573396
1.9857416387182867,2.7528749439877025
0.10980813003126177,2.93051178537227
1.2762190483897908,1.1161013193279588
0.9551772381281797,2.9416557204316502
1.0006799926007335,1.0840361556319134
2.0969867748668953,1.204744830467125
2.2035479553070236,0.1756778812235782
0.5484132643343874,1.4668131425473467
0.4269922487919845,1.4670967049212331
1.349085880928572,1.7976602381747195
0.06919435981892752,0.9100543155240528
2.663957862947064,2.3495236048780526
0.24853672877816513,0.816608924677473
0.2419503920835303,0.4089500818495334
0.17201977124520873,0.5705418226542049
1.4208653129575064,1.4830693102640873
0.7906966927729673,0.7719971560350077
2.9451503575972544,1.4566821011256632
0.6040108267132024,0.6082142093613009
1.8449034817205732,2.362292600590881
0.5910331330311622,0.04022719902301941
1.7623254936986807,1.6993532557593882
1.0588214136719598,1.3820515193605951
2.7363211148729163,2.8219813999829446
0.2085610506973392,2.4179140083632147
0.3214936548909534,0.9641976922612413
0.08877190906631605,2.7003563279350713
0.6330679740463315,1.3750958752519011
0.9230910101244283,0.855920586737525
0.946141486531308,1.0433479217881787
1.258702152128719,2.827582344952609
0.4617930925472763,1.754430359766217
1.0348077445260029,1.4557100034991808
2.4729867176812377,0.15418434212587806
1.7765025327576451,0.1319165195935459
1.139967988001986,1.9844402680441617
1.0747935504652384,1.2804315883787463
2.001130855538624,0.3097598070932993
1.4397221295783718,2.5909375168824984
0.9810495449057889,1.9218819893772523
0.7531596004399127,1.5186555467920217
1.6507886246198162,2.1141816407882392
0.5409597038125422,0.9101644250120345
2.4486659731714755,2.193179456846707
1.901617246597733,1.1532234457752217
0.9362973922038045,0.09576625119830318
0.33813139868057696,2.9695140493093413
2.2904041701034634,1.69372532131715
2.1701460047448364,2.913047970550558
2.125841341774096,2.3595633987634783
0.9441757281206918,0.9571900021106318
1.8839657279362396,2.3431484017205038
2.3634172511135785,0.6456928099374721
2.1717685933063557,2.2632128569051453
2.8822217697031567,1.715106501317079
2.165690751146352,2.7950998871464092
1.220671268724773,2.4459941564506646
0.38952444661413177,0.7086043610785902
0.6641348114223832,2.502798840235404
1.2870505153946088,1.4874768486489884
2.296818242151846,0.393611440513319
2.5315501654366814,1.1378892684246142
1.3286751175015703,0.3139157878425144
1.7109629218672506,1.9226545516693756
1.2277893685771968,0.8714343872329028
2.824770506499866,1.364506356919547
1.9746053909968975,0.9643869211440718
1.7088817655919217,2.5682676807520837
0.2769405555212857,0.822350719013566
2.852976313364345,1.4104289179783012
2.7938827798803585,1.9003007216079693
2.7583586957985715,0.5606974592113864
0.9919680165946445,1.9544218275043672
0.4868201841704517,0.8505422204971786
1.2880394020557715,2.9006001537517996
