1.5,1.5
1.4707000398872967,1.772901802609557
1.8193615135273156,2.1545582881435905
1.8816017449605966,2.468484000387862
2.1330365168423433,1.0838099569432087
2.6069239919067173,0.7269603615814187
1.1449225609674534,0.5837414501496476
1.2152157005031863,1.5993267292545221
2.646402536808027,2.7227006028144394
1.8085192034704614,2.830747458485648
1.6863637075836073,0.8308255964649307
1.315876519210397,0.2648752377078464
0.26399740156658813,1.8767797946637257
1.6035364763607198,2.979736123203248
2.2799103846562874,0.318342295391993
2.6616826233658095,0.008317576220668643
1.7339040307664535,0.3227493509388576
1.8847167882623979,2.7409456804864716
0.930850484458088,1.3367266691395967
2.6526898132731898,2.9026993994571524
0.5713885741612842,1.2138236241304015
0.6295322727377125,1.63457791094106
2.3816274396701242,1.3468771385894591
2.87592053298008,2.1854683920827664
2.119318050015369,1.623462604437228
1.5297517307246862,2.8447745874405497
2.436453559189321,0.8551030027977875
0.8994968069039646,0.10296551361004858
1.923223290893716,2.957746231658804
0.9701714319874255,0.8914258553827219
2.868538111135212,1.0536583853398551
1.223385170859928,1.144879495140815
2.8664733131358533,1.7998390013625203
2.6043234179748698,0.37748647305186345
2.3442743559396964,0.9944372269722049
1.1113518461305905,2.5201483718254227
2.3579091878305065,2.4974297969140427
0.2282888638393219,2.530893638201263
0.6317714875036258,0.9667603193497202
2.169136105485949,2.49166448224778
1.6273231911810155,0.7357101314847101
0.6220414689849157,1.3696425480114711
1.4265942785014645,0.13585565899083463
2.7829243454102257,1.4697573615682966
1.6047176011922921,2.3112112557903157
1.454574078310571,0.03448210919279482
1.377796437308389,0.5377894349371868
1.3999910678905323,1.9103526145723417
2.8976894050317057,0.931319599951629
1.0761382568546738,2.1475848927836823
2.8632500313405664,0.6612268640281251
2.4210518877467173,0.024553027498720348
0.13190176219093164,2.0549732992479206
2.205071700871438,0.48584762140632276
1.392813344933177,0.07572831746069864
1.1827971335282037,1.8100830934033412
0.21899134356512995,1.0561963221965702
0.20865656344991323,0.04624185550343307
2.004921731697999,2.689571801499003
0.9780584765940855,2.2584030224321774
1.7927684151399603,2.901208611218486
0.928738762794352,2.8769708531330958
2.4313544651464123,2.599901805004057
0.48866776857868754,1.8454830972461393
0.22580356857687645,2.813167241811367
0.8450565610600468,1.8040749009479304
0.4346795380000277,0.5754654864397938
1.5810133221308273,0.7825506576718108
0.08713133446998511,1.0582320553035396
1.9781248658471613,0.410772859915013
1.1925256642344988,0.12901379894736353
0.30444529254468855,1.0824388437861023
1.3742962988681193,0.5048743319415306
1.0060254394891417,2.4345446753447733
2.6491650569999594,2.714258065079158
0.18434400305002774,0.056912451446730405
0.2087737887421235,2.2033643819754873
2.6898978984238955,1.8509123479739982
2.6035822665630826,2.898204445985175
2.78835693396235,0.7180246367160245
1.4634545175066203,1.3343490882420865
0.12180561774673404,2.65991724231876
2.2078122493362318,0.36971254981206514
0.7200831535606981,2.151478542008512
1.4646276562442153,2.749844578280383
0.7182417051768442,1.7281172682444113
2.8679482548174207,0.22297172834166434
0.7730997534569551,0.7684159378468409
1.7615722471555086,0.8744365779820908
2.570182709778494,1.7700120604647962
1.1408142204006069,1.7686807709856764
2.4003112894274423,2.3022779734983074
1.597947325226233,0.06672965245274887
0.7252146459303739,1.9865319986095353
2.936225157131984,1.3851740000147472
0.8904254400611522,1.9178143301143111
1.968843350882281,1.7318312854980167
1.1314627051802748,1.187168889739202
2.120570287150184,1.663771963760771
1.372333286289256,1.3625902120017133
1.9821086521577223,2.6567793664419668
1.6393672333379787,2.0746607040417975
1.9003971045851902,2.5878410030239696
2.94601508095972,1.8956747246238417
2.3885100516409925,1.4049014062071
2.2212512545757956,2.0574447683823456
0.7944920631662276,1.4349599636725578
0.43143041481705635,0.3612977455476444
0.5946164279562075,0.16058946164844257
0.5638928461890552,1.3229819761633137
1.7715347215513253,0.34403494726072736
2.3842689869495133,2.8220503062952433
1.9619190068697296,0.8586291785413698
2.744792680026213,0.43674152742939143
2.7654260301500204,0.934770293315434
1.0339136206223491,0.5623870090747092
2.974308470852753,0.37295612076670337
1.9262421723178247,2.65569192482219
1.654214275159598,1.4945755551779731
2.7536605407039234,0.8993417276789807
2.8958264396289968,0.434772076857761
0.8575193397071605,2.826681723875906
1.1659039620490326,2.545918381222369
2.0849417223624878,1.2179626090661495
0.8147250670005961,0.6302153836206592
2.5027185075357545,2.235950164258286
0.8848605133668689,1.1705165325926832
2.0333143712691517,2.834586744702657
