1.5,1.5
1.0012590930765217,1.657621677415879
1.6039141361069362,1.7486741630908018
0.7990137982128822,1.5960718787254298
1.7617166228711134,1.8732582299306988
0.5573970809943101,0.8344103411375606
0.9171829406856854,0.6487582268733993
1.4829720146972487,2.826863756544345
2.072547072181186,1.5462772237239215
1.1923575069513146,2.2518308687379918
1.623931527118782,0.5370615261886703
0.18781567848263714,2.2625958943162385
1.7264962177682546,0.23757561383618053
0.23202267100890495,1.7998824485434812
1.0620843836377598,1.2767078661316154
0.41875623571413223,1.2829785527217576
2.032228191182968,1.0713325018112323
2.2300793135706716,2.9646185932323212
2.754035763502484,0.39633425330667404
1.7564385177691157,2.6652564222021864
2.5056154661143855,1.938915438197741
0.049208731515501536,1.8736581665844647
2.2285267502184856,0.7610373665431085
2.8767552834228,2.5730007090216755
1.2898652364259764,0.5766280812886795
2.4658671715821985,2.1752940284998656
2.932734871400213,2.035097054254652
2.3323019022237133,2.2945679234841427
2.767040373591871,1.8065754906686187
0.2085044577359637,1.749592747392283
2.1348551329219037,1.0152876528764416
1.971723182499443,2.5767266121723886
1.6643017278558006,0.04363482828162557
0.8104972929085836,0.8524645550382317
2.780012236357108,1.54062001726076
1.8711041083922444,2.799450408048982
0.503341439827913,1.8890097760964353
1.241824344305411,1.1600492746456998
2.3561409146334014,0.8647053734017339
0.8710927336386131,2.4931288280447435
0.23179876258583965,0.9890679192804794
0.43245481955192655,1.790564086491532
2.000247330397864,0.5038958295948003
2.724394538054103,0.7219547441039884
0.7857857301744215,2.063120471311236
1.8319495316237462,1.2281907554932787
0.5167933558111096,0.3020263527601338
1.3044145224826158,2.657563422075512
1.9395783195008969,0.8801693333669197
1.5902928195581345,2.102801425721976
1.8890956179671152,0.21684166205662536
1.3367949334120515,2.4034686301785664
2.3819674182976667,2.220881979934304
0.12211817740598463,0.6241208676077193
0.3050137943280802,2.187112501952013
1.8369729709980083,1.320107160474196
2.984627172902595,0.6173618512118975
2.1813735197513324,0.715241990006892
1.648661784290678,2.438591823540496
1.0611084431694375,1.4056211619609067
2.030916998515365,1.319734954868479
2.8383035977821205,0.3976344779386266
2.6979060801381882,2.809363013723769
0.9820912013871494,1.2328326177456113
1.4385226282837635,2.7742402119310867
2.7165604942369006,0.5318962271721306
2.0667447314747127,1.7196803356721175
2.640200690697745,1.7523221914223508
1.58643833978967,2.8398874024088174
1.765369178747954,2.5027894369365584
1.036242922307069,2.179744657249281
1.0393406430300782,0.3658916655666772
2.315094655979423,2.533773182994764
0.13810251565417841,1.760232427745389
0.4999186702772598,2.742333642431217
0.6170593716452728,2.6376432818235633
0.5760208997408455,0.2824779154630277
1.0199952120248905,2.540516523737414
2.5229478335423776,1.8413519209658054
0.42972943407504494,0.6401374905529535
2.3686897924795725,1.4258402711237859
2.800643479923143,2.9883682871842723
2.2709847410406643,1.8824179597518023
2.3446314208378567,2.9189842856165495
2.3432919130664667,0.347836853977591
1.0989141383829166,0.1992811932935452
2.6603826797960806,1.0535227336917103
1.51325730341164,2.341859221023528
0.41121332071762295,2.1678916931419
0.25874723563203994,2.6119893249251365
1.2104457869515388,0.6730213855534929
0.7445479632073061,0.6671545449730211
0.6588470015852389,2.4997808399208337
0.12983865128624794,2.151593290667278
2.421976780968077,1.8613194927479038
1.9540164879872695,1.9555000941727227
2.2751711315467915,2.239448325637669
0.7355470177848964,1.8945162468644923
1.897935025131626,0.2859338970272446
1.590967752169269,0.4815831736177091
1.235935004695477,2.5993230892911665
1.077804711439582,1.1865005253341279
0.25839473407439795,0.7036824590359668
2.249144605727624,2.5665434041459707
0.4460037477977953,2.611421895160228
2.1091865089081487,2.886858497085118
0.7287040462735113,1.0509183859044557
0.28423268712981253,0.23769259833259582
1.0205682029207508,1.836275537207038
2.582778960933026,0.43733543615984594
2.650611928059557,0.9781602476481306
0.9724036815979243,1.2821483467007055
2.0330482906202727,0.9454338913487802
1.5798963705922326,1.7084973896359417
2.876364563379734,1.7425120167808197
2.068610524532755,1.062624136500764
1.0596143750100708,1.446151245185842
1.6461842973533696,2.516026884826112
1.0582544236239149,2.993970703654015
2.9067526209833146,1.5989052364265008
2.569894712806008,1.2816783106044598
0.8550136722620316,0.7950377283207846
1.3415047186937692,2.997883650138151
1.2992645598458186,0.308137958348224
0.66354775905456,2.488203379608931
2.6821872382789875,1.5279955041525546
0.040883938027548083,1.285105876290821
2.6463080851029823,0.2894288459777662
