1.5,1.5
1.6772952321572703,1.5324352651571984
1.4342164524678873,1.0212707063509794
1.7985488427225471,1.5630221971732652
0.788856800432256,0.5772503646213102
2.440195949591362,1.2454075435352774
2.658326113857643,1.7213071832388294
0.9708901717796344,0.2422412902070864
1.635242455256527,2.284057122588299
1.3497801105214489,2.09994730095417
0.6448761785192526,1.33473564284307
2.7525532205627856,2.5383808717915306
2.500608051224615,1.1076553960688007
0.4366506251100223,2.017515708682884
1.8580023015531202,0.2933202569383041
0.5480332368314763,0.5858577820156853
0.6754540174167049,1.3403072835988443
1.7905373883435172,2.7531219316227062
0.08860764567254831,0.61548357943099
2.8951865157660417,0.9497948464862073
0.24739094613408041,1.6455748702584567
2.415058032571595,1.0192785945558263
0.4962062014892141,0.6723671067605557
0.9998907003787857,1.9584309740122827
1.1265287545543732,1.904100226663971
1.197367540090517,2.6559819806536153
2.4625993558059323,2.2779903525064533
2.3761222408531806,2.3514396858183693
0.14528543951075168,2.235230111640609
1.4637564671129721,1.968092561931008
2.9971772557410925,2.853576507812738
0.820469649063299,2.1081961526542723
1.5494446591446334,1.2495356112279437
2.7935635388779807,1.3026263083971592
1.138350323858051,0.8579783513070198
2.2352933537535287,1.234266117140422
1.1407278634858162,1.548292161066192
1.6511782867848437,0.961682757378969
0.022487354998376397,0.20352804225859378
0.5967974774373008,0.6049977628141664
1.4652872631337543,2.9338550728192914
0.6393263823033711,1.0608177835095058
2.6806581315658033,1.668335856945363
1.7640818599529422,2.9108306457724087
2.134588433161344,1.5970455268353367
2.8579001546466576,2.356112640705216
1.0543781819554918,2.3332892108734185
1.879147674901935,1.0536412996500077
0.6449949986877456,1.1073518258943795
1.4365996307404227,0.014588771661990019
0.6113134747668586,1.6187848087982157
2.3054911967871106,2.695677691719414
0.34015555441315826,2.558797298911527
0.4175064641079296,2.5807040498205023
0.4977326961022648,0.8932792051615553
1.959315455761977,2.2660854396422505
1.8945549414548954,0.47428037080883256
1.888874281003586,1.0377402390192678
2.824785684851431,0.008047125977196035
1.0386799739692045,2.4953620349895305
0.5649070407231309,2.111536320880534
0.8868091761129208,1.558656172566152
2.8769284506941553,2.260652132730369
0.2714170642057715,0.3540192634075917
2.18259670752179,1.4371784881468042
1.1038482347977787,2.2458489175902345
1.6310136605349355,0.9058756381051897
0.2820556285663346,1.0914001359459107
0.15775566554033016,2.373212266886453
0.19614140509970923,2.195360755873159
1.9304056615369172,1.642815851730108
1.7245320633541854,1.9963523915732355
1.0781868258009994,2.4778255468544144
2.0605121993459843,0.700713997752715
0.8300066875017189,2.3957034478065538
1.5026009764402923,1.1484606312511882
1.7795504188114684,1.9428499056269821
2.470713064464534,2.4602422323440134
2.190438624014513,2.392164634275557
1.152315492237347,2.5087546776742995
2.341776246759052,0.011463855609509799
1.8291923151874268,0.9404220428427954
0.2038280423023784,0.0801578366257708
0.17656863160918035,0.6645667560795526
2.224241593481208,0.02481528554494339
2.2141285997002065,1.6897898970028091
0.5484724284944339,0.9929730903492728
1.0673324869357028,2.94179423239731
1.1516390323654522,2.8981255240246435
0.7664589214900479,1.080644697261547
1.7434200935095487,1.8732460607387913
2.573281170610626,1.3303905620821825
0.523228461505141,1.0039444604566443
2.83675264333414,2.408181396445893
2.5672458227577564,2.3497244486801416
1.7984401349207912,2.29639491692826
1.8774392324884333,0.1214076268648906
2.5366931536459223,1.7852448398019107
2.0357828688665243,1.2322412107188194
2.632647983154435,1.4937983846474432
0.506884297245993,1.7168905027360037
0.6587635841076744,1.4342003430417831
0.39075635858649627,0.7395995891917444
1.0840762925557277,0.8824219113958868
0.7700723760570207,1.1469473961256504
2.425008298536261,1.3323719339743039
2.8993362930946036,1.0279866440722865
1.297288781342997,0.9750719008946137
1.685330703337439,0.4685754553309541
1.805322669086008,1.721390336934225
1.9534786946031901,1.4807302526548047
0.8468354454920545,0.1396696243313379
2.522942071775561,1.4365387374529108
1.793296599265138,2.7026987978850454
1.8358613513839155,1.3259888797973844
1.9261049682773663,1.9488739935667971
0.5234079598221194,0.9737574861677707
0.37268396738637555,0.9927784375577489
2.2426634197701825,2.09916365777858
1.7230915757636494,0.10929118120180592
2.942712724630956,2.591543411650539
1.0064480823550932,1.3638500545498529
2.4999760628112915,0.9970862734991055
1.723920530125954,1.1188652127862575
2.392367935001923,1.619712703518779
1.661886033781148,0.18616855570402813
2.9826977040512737,0.7832200536619813
1.7735851469862052,2.839376836444889
