1.5,1.5
1.2178244995476013,1.6876157372849372
2.1982461049705577,1.2187826394170536
0.4226222688986315,1.9678423617324377
0.9095879047277383,0.9670697456853575
2.834149053697634,1.3037082315085258
1.5464284883237034,0.34009137984898385
0.42609407918178366,2.746865483187384
1.398082102922205,0.044056352198114324
2.1838609421081365,1.6269059480386796
2.615032595716174,2.255151545867898
1.8146912241950024,0.1171315853059548
2.494706738252428,2.019769888912662
1.0352572319752444,1.4994119788331197
2.0480606034247333,2.2925290045703455
1.1605655512898843,1.9735015965682128
0.06624225012703899,2.3961248343829555
2.279669744827653,2.1814929918324353
0.9894282450681989,2.2154314268228728
0.37921650614089697,2.603525554963556
2.494383354965674,0.9742076434998364
1.4028487798954763,1.167973926446157
0.9486557765454318,2.826984198896949
1.0134052347867155,2.572941036597462
2.349761151516505,1.204827424243013
0.08154876923531418,2.926243359322217
2.142650084368597,0.7113906814674517
2.8664911725396527,0.17541223366139091
1.8897686330404748,1.1412361772384
2.7663541479305493,0.9465871390522729
1.7206639066944454,0.5564011246563727
0.2914924161268371,1.4106023510319305
1.6679458208915827,1.5582034955073478
2.7255836695237425,1.3661099174452533
0.640451239729726,1.2079570070170247
1.5708430580654087,2.5450135644648335
1.5278584981405425,0.23763325654660938
2.012847315032668,1.0993070501567566
0.403599519055007,1.5020049743221833
0.832183884288846,0.13187149726758818
0.9572847409666769,0.9076592286740333
0.1833727195103505,2.92208785874354
1.064138479530755,2.244575657909823
0.029259529837524223,1.2858489929370793
1.2066976431201124,1.3988755571490157
1.0768939003171578,0.6718841503745852
1.6411548330951558,2.727706493287058
1.2564339114923233,2.10828825655692
1.3530764851884183,2.960497357680757
2.635880015114277,0.05209330442967375
0.057367295803312235,1.7602915842035516
2.7879759374955215,1.799281180862128
2.1004057591818683,2.1812166478898276
0.4346057710500496,0.3691511935852463
1.5945452561538382,0.5567722659630826
0.5614044399570605,0.9353473196670813
2.56937135153217,0.6055790368141274
1.9863163410194264,1.8793028321302179
1.328739373409356,1.5775414163528532
1.6102806079921805,2.7139692989834043
1.6112044604665925,1.1610755021533887
2.3753379345459864,2.9446220277598245
1.9209278588348795,0.5048189643788493
0.8353224820573191,1.8636282796342245
0.24514585599012906,2.6724583697220603
1.5196505377880047,1.3139817562850062
0.8645482760254866,2.7504895413521555
1.6668898662973763,2.0618786473181827
0.6541564213223071,0.972108005750117
2.5765086097870955,0.12358561565375792
1.570663383711734,2.678614923054063
0.5516424498539252,1.7212639667132414
1.9959370640324843,0.875853151260483
2.7803252168137282,1.2010662967243064
2.5700976063299703,2.1902350742361523
0.84848028527626,1.129863141816355
1.2785892508197012,0.7526270469964595
1.2584967996443543,1.0723894595767405
2.588543664561041,1.2379912096674017
1.653577681418783,0.12672625570758944
0.8644534839485777,2.099474928200403
2.440112422685592,2.423046827596548
2.190727276107773,2.0212313770454324
2.784671519221761,1.107167252325677
0.7723180070404333,0.3930526034868681
0.9104489504726057,2.0911517717318056
0.19025966578184428,0.8768216286425077
1.0961524838537549,2.894757476079767
1.1069114724098261,1.7923060572249296
0.9395440659180956,0.025445469367174955
1.221956041751161,1.1922183970713196
1.132574408467464,0.8749028453435377
0.3345253656229932,1.0620261496764059
1.854484484516315,2.489058494323654
1.4143590091293397,1.1639136233172747
2.5579183592360133,0.7133252514067819
1.1192547097138605,2.1405182280478665
1.761800540106786,2.9351196342509867
2.473652745130265,2.8839380420628395
0.4003093515796975,0.06469199120854352
0.2797249041470581,1.6639934840388797
2.9361384011108425,2.174688351764138
0.9617095181278892,0.5816495949466154
1.5289478520277757,1.3568103366992355
2.0942207017870684,0.17728582049309716
0.5487704172613315,2.2313282186669463
2.8126079596082514,2.0049654573562825
2.835969147189144,1.810943436688242
1.2693067635959632,0.387083195793966
0.05397019119308555,0.66450868198292
2.9180078216657654,2.932211613612095
1.00572744706068,2.2432214289968897
0.5396579115591164,2.109606489966039
2.02797209309349,1.6298599391317259
2.1215794944743966,0.34740640789013855
1.9118057593909241,2.4610418868746047
1.1785515852324195,1.5975731795915507
1.0164549117016795,2.947808703343591
2.2152208956063992,0.885687334805326
2.020448047765393,1.528426869436792
0.09886165642539868,2.0878997271674584
1.9792773581419238,1.3033435503864947
1.6340119047245867,1.1565745276079469
1.5918642889855135,0.0802713513736023
2.311286799348425,2.4018334969604194
1.1314291734221633,2.2601048781408704
0.7007360851529392,1.3769439305565567
1.4031669819184995,2.972374005497083
