1.5,1.5
1.8166305019734486,1.436439407453587
2.4439995258415004,0.6689709849501642
0.997376665363065,0.7769498142005742
2.1264359061640272,0.972055363529591
1.1512502923035481,1.0333576093459107
2.0563017860148345,1.6550837246369616
1.0531684085763762,0.9191179509043457
1.4431420373042705,2.432126969680791
2.0207921828955104,2.649291043950942
2.907091693877992,1.6508590053314236
1.0982741104990872,0.3910740520113022
1.6258402777203211,2.5737723501241496
0.9867495227568452,1.9505818234653218
2.48870166195438,1.6847970193982977
1.343105326135103,1.5340443429928685
1.3549096840051087,1.3744844125224824
1.8770060474177552,0.6845914403122729
2.0009802934926006,0.11398722589317312
2.0335473113587357,0.2332440185163882
2.3835924870442264,0.9420041547188791
2.9465121198459086,2.9344152256663394
2.1472564176462683,1.3711348262228773
2.5449446166997456,2.1364181251491137
1.1989003428643792,1.703428943695393
0.014414331860109764,0.8763527684275982
1.2175925630847724,0.43284863481426217
0.8049006129522832,1.6521697844909298
2.6157010603869657,1.3247400863330934
1.5204164732067684,0.37872639959046894
0.24214432242698458,0.7988643721881802
2.39705948626991,2.2266420914297838
0.0024201081225064813,2.0462077831407437
2.922043943188815,1.7262148320552084
1.4248917890646084,1.706513189216375
2.518142798759488,1.960660271216798
2.494593861299042,2.7645613735380703
1.8392178546097022,1.7714329100416066
2.5151547276100894,0.32755434618089774
1.930065521468035,0.5078123708232302
1.6349097403139687,1.2771200602539872
1.8783303549675618,2.961524940201821
2.15842387682265,0.7511861596457435
0.7606232120879249,1.0164351836386019
2.920968835884843,0.14076317804525218
0.514595591228219,0.3127279506702435
0.6502353094862189,2.2946764590745223
1.409125439292299,2.8220139565205447
1.300043747812226,1.610249726407932
1.5896760203678832,1.6847279397388322
1.4398739290423639,1.3572199917152004
1.3606240372179295,0.880230079052148
1.1502631863482078,2.8570972536974875
1.3433056274814357,2.999130975031803
2.025753902409618,0.49318511107255936
2.7987698253642943,0.13738370525026
1.9660342800782011,1.7159454021729266
1.6539573808199939,1.5247652466878323
1.0595630640014122,2.586616831760754
2.7696297021021734,0.8216850615325993
2.807027805184226,2.34239957341515
2.609118101272465,2.527980834424072
1.0240922743462533,2.7434306772136594
2.003493252156458,2.0515504799505204
0.4275865186710427,0.7931832745497335
0.1888944739519397,0.8579601785516779
1.5510378297167096,1.4932451298357838
2.098075398755639,1.1312576864781876
0.8507424232130877,0.41363983320864994
1.2373719738464397,1.9722370324158196
0.6089260202915183,0.5575576130679686
2.5623824334016145,0.9176915845768089
1.8562339552797553,0.6181192948852867
1.739104167637108,2.835251348635727
1.229758642954835,0.2971170801455961
0.7018639734195811,2.109676817892588
2.208466718062156,0.610494203811413
2.462302893947059,2.5038248026067187
1.7663710407985098,0.3117656583072581
1.417617197579212,2.0361983345516155
0.9814654956754193,0.997536242979901
1.8241301510356664,1.4719795965619942
1.1865796457442883,0.7511199293843647
0.278667168073219,1.7460429767773107
2.016942453541502,1.4019827834191414
2.477494781266299,2.8044342825668247
1.788008808978315,1.2457135941533108
0.011769998336211396,0.7696333779169469
1.4222804973590077,1.3812594335514445
2.33836801526003,2.363928155730176
2.16603394258557,2.1441194666876777
0.8353027948247379,0.15039452486934624
0.6757511102434773,1.6199494897013547
0.9899260847429808,2.6075702843747077
1.0423886044159643,1.3908164761322683
0.4478043972246477,1.944765657993473
0.9613808104253194,0.631639249748591
2.61954631586421,0.14528700051265875
2.1028299792724927,2.2585509059310644
1.5133511239099602,1.2790453221494809
0.532357383152138,0.7416176456275264
1.7948451664196194,2.7491065280424896
2.4772653283889796,1.6910240683930873
2.020896673249424,2.1434789954331936
2.8254256929149357,2.0636685146607197
0.9946893698335403,1.4774673045287894
1.0902320909230634,1.2817838367933982
2.7685003293862795,2.7323015719606536
2.168808500308053,0.6526327108547656
0.2830384381257761,1.0698894889380905
2.1876465281672957,0.3144515993772603
0.9635181372637464,2.5955059089167065
2.1730247661880786,1.1923926876921964
2.1877554408215123,0.16393134491831518
2.1180723326955126,2.5239766243981467
0.37180022127149115,1.5368210928966084
1.2268172393108525,2.9305058253873852
0.8432233874591294,2.703103259974708
2.510198165313348,2.970860361427624
2.305478097327319,0.18685365105645857
2.8287538417062517,2.3168534457625
0.987863518961591,0.6018284988149902
2.414917550091058,2.149492350263468
1.4956676735872065,1.0452943339300582
0.20810032019224178,1.4570949310176413
1.4437548711029202,1.990080089061812
0.043330620180249246,1.8869675255033385
0.1641097773909188,2.7735297801090546
