1.5,1.5
2.164515268364093,0.9005094618316206
2.2957151172100527,2.1035878215645285
2.862257600714795,0.6416072159087365
2.933268538052478,0.5719934431573305
2.091677339848471,1.4999385632639275
1.3185359588866694,0.5063624337308504
0.6761594168399363,0.9302661099593743
2.5031042700568427,2.1233189296337613
2.3291851129448418,2.576674858671497
2.705034020142422,2.387292591792228
0.3347592068764713,0.3882247389242913
1.5802432433728184,1.9280237823822501
1.7357625877023026,2.4246903584478963
0.09858657513034985,0.9117128917241144
0.40115728178715104,0.7871891968290777
2.137140865143817,1.714912691120528
1.5261857365094547,1.5391968109079728
1.8111127100871605,0.8186135826496531
1.3476267452989945,1.3499530884810627
0.02780417774720978,0.28675648578669044
0.13009046032900717,1.7541378008062132
1.6335162306362614,0.7079387861291787
0.11396243508257609,1.6667075778432079
1.5113267271299506,1.343363460373993
1.8068870020124106,2.260722634075803
2.5068866920047563,1.6111161254097406
2.266093661905683,0.022714351652679765
1.534713462412469,1.8796703604619385
0.4887531179757151,0.6906366886603583
2.625013856315431,1.7930871706625577
1.9753629802774069,2.818934302941976
2.9144538604435333,1.1511382303189208
0.6932316191528902,0.9411848106977383
1.1985567330911542,0.7108925958430301
1.0522525912775655,0.13871060670888724
0.3387148134956698,0.6597923326076456
1.952871740794809,2.937120419504921
2.3348912441952576,2.1915700465542254
1.0120468877259179,2.919503585353663
0.6526551823536196,0.8720004139039707
0.6585619119641648,0.32661759864201667
2.315781533220118,0.030204680320067512
1.0736547693140457,1.105117614165454
1.8058122514427382,1.0343288468603586
0.4684664502631244,0.5384262990420581
0.7112865104696615,2.730094921145992
1.2900594383989765,1.1369952930629657
2.4666373297543602,1.304079090373337
2.0825743588279506,1.727268848759842
0.8546754029768548,0.18733482121265
2.4662492701420966,2.935504839818541
1.5525876644837155,2.2344548491460663
2.4470123494769154,0.7333699401820514
0.8013659166329546,0.14152047340953278
0.07585730483870723,1.4992239698573884
2.947303722918006,1.598149253935612
0.8099723846919215,2.2330043618890034
2.644164827203601,0.2610743504989328
1.9067317552641465,1.6976712396381795
0.8571746622946547,1.44434051608535
1.1786019789444073,0.13437670207747665
2.85750464069854,1.8576727414674647
1.5413652060265657,2.510815734966681
0.6883958512468921,2.2749485456119936
1.9663196190822387,2.4750902522825204
0.22565023837751086,0.7019032688065141
2.309667820856012,2.2064391099829392
1.0404045019247206,0.1274378305163888
0.31723434344559875,1.8138312622677035
0.5178792928788385,1.3001919031976876
0.8133766628838798,0.004300916578938607
2.1857965727194006,1.3489902972587402
2.248742716836403,0.5458610075243815
1.5612348989288407,1.478565422118002
2.7448581250677,0.5952329852685913
0.486915268773746,1.7857305180654
1.098586196859794,1.3324127397157135
0.46734646333900376,2.9545418003793795
2.952722440989816,1.699176466831633
2.8721200006495504,1.8892835597151802
0.9033938274298517,1.4989846547906636
0.6410385300601398,2.9675872865058146
1.1404734082912193,1.784100165175262
1.9070806521159709,0.1309228126709968
1.9362636366790844,2.7181820264013132
0.7509818550550573,2.1598611723097436
2.833653375694646,2.634182386744833
0.5403898374626338,1.7365705868454613
2.305808632646833,2.329775136294912
0.35599610688282646,1.2396071317166806
2.5994061031469973,2.3807725957051877
0.12584614675221661,0.8413238612659527
2.1270440316556356,1.2165320040599479
2.528828274514188,0.930512447239389
1.8448530655977442,0.02897103164894954
0.6692128338918012,2.320449746871901
0.9632108548904587,1.543449508097235
2.6621745781978805,1.3999692937567048
1.6012132394103635,1.5864152448750324
1.6195987087811727,1.0993317993876768
1.0497847699189726,2.524854663647866
0.986939042549453,1.0828462941944101
2.5312410055244046,2.581084150933953
1.6170518402629328,1.6980618475321783
0.961080256283475,2.6489079189606803
0.16276734608390198,2.7040637255222197
1.0594048692814768,0.6787112596780395
1.7923208494786635,2.043025515632055
1.4279779840556484,1.4956214865213513
0.5348723659185319,0.9027591039938989
0.16932407400149663,0.6989244751991374
2.268920270849785,2.895383140215769
1.1233110054591828,1.7833170295975849
2.489085360133714,1.4951908315901965
1.220620272503117,2.97687362233061
0.9204945708663322,0.9060448490395043
1.1395840247639644,0.3812966755268049
1.7607556731980574,2.801893539461299
0.5271647445536289,0.07199108431904255
2.1779346474509294,1.2466885006856603
0.8143415174171431,2.92895308184405
1.5321740321896185,1.5175968605841588
1.1695377917817824,2.0234965224172337
0.2708157402737539,2.7233188650265543
2.2981676629511965,2.928049800365609
1.5411249027979939,2.0756154462719896
1.0346117166423445,2.5406895576954582
1.101904812504848,0.521770087303629
1.2319405308704372,1.5098078364511207
0.5705121101952784,2.3765644855739936
1.84955882782651,0.40787802668988327
1.488174879765718,1.498896748379643
1.93589671686951,1.410932690144597
2.4629076347396457,0.8734538921621476
0.9126065248945417,1.2087523800173336
2.1157570257285183,2.280284279645767
2.785018272830727,1.9081393716775172
2.836049882328941,0.5195681928100618
0.37364611207462317,1.4096627063830156
2.7495827095411784,1.2872271912798068
1.2143559082851851,2.229613893169095
1.0873389461550198,1.544698376685892
1.6308013822182956,2.562699691414228
1.1738001753493785,1.2745392054730433
0.24654496318689223,0.24386681365379237
0.47925869444481795,1.4328935411072177
2.688616823316712,0.3061677576449724
2.637963859319785,0.65012214218311
2.3732053002835753,2.681359398164716
2.0125234809350787,0.2549041437841001
1.6918290581230353,1.8958698453537703
0.9690431093512643,1.519009018876996
2.689538500248351,0.2623065375291541
2.7990956843771184,2.524770116287645
0.6847704118428655,2.291652790276802
2.7204033461108867,2.381670591629801
