1.5,1.5
0.6796084792470989,0.9690206333640962
0.27469618051019595,0.1369638042556851
0.3003435444691007,0.39032146334830264
1.3640952158742274,0.3525327195093647
0.2944778896176289,1.8429717513533839
1.6755138831253567,1.780309241553501
1.9692834346995398,0.8595863474360789
1.37738208957804,0.9445004206319292
1.352781739630736,2.495828954024551
0.9070198714117091,2.612142503016707
2.067614631015844,0.07261299476365446
1.369794391810966,1.5134363942045852
0.4440269624110802,2.986769150489691
2.6825661239476988,0.15487466806280437
2.373562786039794,2.2858469264492385
1.8087098339902865,0.6384941241899814
0.40420949699231434,1.4926386326985723
0.6056255138236687,2.2944389477045295
2.457283452016627,2.5860870024901397
0.3470990301569792,2.181482921603759
0.20072995289646267,0.09269931707507384
2.204415956994182,1.5957179770123608
0.8939967583590068,2.0477655325050765
1.0295329029175369,0.2820705872520697
2.8788743467847118,2.7874979734579224
0.0852673059242196,0.04572193602094965
0.4773968600799008,1.850596741806636
1.1214397155013551,0.5261654865205853
0.35647515749702063,2.5885894437542847
2.561847905742755,0.022202256905044737
1.0392005652603473,0.6154327749233998
1.4771426905454066,2.9959009036312856
1.8507633444650633,2.247786773088002
2.5001748874208696,1.2465069504102413
0.9788773105768325,2.0407692396818007
0.7748434898816895,1.3816085758360712
0.7440291729154563,1.1249140263359942
1.2611772359239124,2.4768459272175822
0.23038304493833628,1.7216719206094035
2.655675105741547,1.0474717282992587
2.1148323980716253,2.287601736387539
0.3847365940623456,0.7801240696691425
1.1879229587333335,0.4090553174303273
1.1233958149457535,0.19125136894816408
0.4379958396625079,2.5738560820882936
2.942470184544698,2.1530069196045796
0.9042514628383708,0.859124943278019
1.484097105312916,1.1851658616060017
2.04152770181953,1.2695918651033642
1.2245991219161603,1.1852081816146198
0.1305319257930262,2.9048380652453063
2.69707140287892,2.1571278680014263
2.7063637532568636,2.8117232238901613
2.4808848383066744,0.8287877597384976
1.9397304484163864,1.3567393107232997
1.8400300491465087,1.596992268166667
1.7886464581273542,1.6104183969551977
0.7352868148379768,2.7837907672058355
0.7370617742641884,0.5212152157557672
0.31443859222823445,0.5890242392965254
0.2118049859438491,0.3449255289281278
1.5420598870404243,1.5476172927561813
0.034881463302519844,0.13280773016808567
1.4073873195200508,0.7306541037292645
2.379949811411562,2.6644649575161403
0.23674337765209252,1.3655534416519703
2.01666500481983,0.6947597005600963
0.33129567235805735,0.8925642757383517
1.219291179436654,0.3478553440304335
2.4003819762144065,1.4091076121535915
2.597129260475925,0.42031973660582367
0.8555705555585283,2.2892468521733487
2.8578880710591408,0.9277415450835468
0.7563837566507746,1.0573461571746399
2.3761805668088005,0.8105090958388628
0.3344052781388358,2.415275610557958
2.8281331200619477,0.7995515445354904
2.9782316933624786,0.11255497946880089
2.3571247574352183,2.863786736083557
1.1501398023826868,2.3701645279376096
2.0333052676022954,1.7251437666898282
0.607793181351714,1.3789371873224114
1.4921377804819485,1.1080459918885341
0.02144425392016136,0.8962942613125956
0.3613879369662403,1.1897332960112723
1.2648189388665183,1.047813747709109
1.9198329751726906,1.552217560907036
2.3632686987068903,2.0404792281212187
2.5297647728993304,1.4485296918589339
2.0929424723822727,0.39892381938946186
1.6423816169656718,2.2710822921538565
1.182234622659479,2.034957906570013
2.054344237038171,1.3597090054070302
2.3176107504274093,2.0137737545839496
1.7276102730166842,1.6428310534189412
0.4361775762282948,2.6114200023437073
2.4961314284557092,0.8033749696730996
2.460351910395968,1.132351981892981
0.6921090224336359,2.9875458929466814
0.5180790595491286,1.6582350897333795
1.3161516616140885,0.22145296392246472
2.6341331381306237,2.3555590550686802
0.4310025542585222,2.800012438377652
0.6973033544012702,1.1761240169158294
0.49967997249381313,2.1971452885857596
0.3957718327868165,0.7496355868676341
0.9966820424680474,0.9864564269228772
0.9394911813165363,0.4915069336637863
2.260561767683653,2.099316217134276
0.2520833011471787,1.448601986870325
1.5370133053942237,2.6302349108932845
1.098891744586803,1.476420803214493
2.034128430096276,0.5240729356228488
1.1191264845815811,2.85834514664703
1.7112840798717284,2.855745734449978
0.7594037766671919,1.2083674973180618
0.0529304563771994,0.670558233389836
1.5639277922063357,2.7121632197734376
2.5409951616890987,0.9119138640263561
0.5501456668598443,1.4552166214951567
2.1329239924847667,2.487409325651279
0.9549881060915573,1.785727370784207
1.862888207112475,2.1609583199975853
1.3046625316887175,1.5855112794372002
0.8684839631344211,0.1639815824436679
1.8634651864495186,2.9048959761168986
0.7264081746420196,1.2261595424333622
0.10417082447471682,1.3703550837946679
2.0420610530336356,2.7638442568767925
2.4340848011611107,1.6475353696161301
1.6462012196509095,2.2629301806167543
1.9216965919424747,0.21692040880277952
0.057802628803288014,2.2135788579288076
1.8434931973685718,2.707261735994777
0.8443835678434828,2.1367010989400965
1.740980095079332,1.53789983684782
1.6017910095202312,1.8378426499259861
0.008651707566444955,1.1472531695139645
2.757833555616923,1.0250114576402458
1.9097038392253878,1.6414776780560099
2.5988121859417834,0.25567458110999164
1.170979279753004,2.3206657326628823
2.779355442814699,1.5163112684041893
0.8465030494125635,2.083965773193595
0.40884980033908347,0.40194574029427355
0.2639805126280388,0.9642086765552487
0.5812895774206117,1.7237262123775303
2.7402936492265986,0.6114938714355344
1.7221688561610726,2.649889134240015
2.832749139793281,1.8524859603745627
2.7972075275198733,0.0248245450577399
2.092079877296504,2.0756519676858094
0.09675365539226521,0.31092378080229277
2.8234978670864095,2.5403955186937366
0.0480109009684353,2.406773278004362
0.32457012368358706,2.182220409321703
