1.5,1.5
0.9586105008297378,1.7607670834055578
1.7111568933320322,1.329062877687274
2.545937356671674,1.6870106615608287
1.1565950238915033,1.5823846317488242
2.1102186491480786,2.200402242013605
2.778768845031852,2.6672189894083522
0.9765639684243802,1.3007115606841784
2.9410237690706507,1.046769772192568
2.4660468439413066,1.2565006032327413
0.3647476586237036,2.0286947413393186
2.7066884953454107,1.3341472395130762
1.3910827889185549,1.6449888634892993
1.8071202577980614,2.3889001655996616
1.0908148036867784,0.3473473414539011
1.4355239422686643,0.6739836447591437
2.463875242343329,1.3352582599352298
1.1856571103995182,0.6949728384401315
1.11268517327384,1.631606487580082
0.4509671566126958,0.7721501028489892
0.5022576797842802,0.018154815455435735
0.10840358139982209,2.968752926579832
1.032496579713846,2.9684607671717096
2.557268914587008,2.4783570253154825
0.21304446747265693,0.9753296464395788
1.105125810482276,1.729032477935976
1.1681910537014994,1.1427961859786238
1.2678017342005787,1.4339262745401937
2.87685151585364,1.6303116028464346
1.9077074095837856,2.1283661582932023
0.8234025730125989,0.18696366586720126
2.6285311951981347,2.9113506159982587
0.3376230046964003,0.7960200269033076
0.3773945467339773,2.282233791654445
0.0693946540581678,1.2763572663079457
0.8455874786181954,1.3834002129629968
0.38424599122590364,2.585079321081988
1.4057039912412839,1.6372674051092355
0.5439933040962539,2.3098908956765443
2.422343688093359,2.662736718796215
0.863285558750424,2.2706656649641217
0.7052895574701005,1.0367022253380622
2.875640201555904,1.6255294559983229
0.1910044865006646,0.44243892548986363
1.2420864948447556,2.931773929456492
2.855688481212629,0.20211737906973604
0.49908674631237826,2.9804535085241244
0.7267539318790815,2.2219116814819224
0.8092950406890213,0.049592491269638383
1.6465129001303038,2.96494209313767
1.6343921401099015,0.12459373681201436
0.14238774298269952,0.9307772295484864
1.0456114743623197,0.4736370531484403
2.2733085982916172,2.7157155727957996
1.0197406280280188,1.8384915700623017
0.4856245950476886,2.082411484676939
2.7927054328331735,0.7895424523596672
0.6967548730519522,1.1737702378137371
1.6160180223000788,2.515965515501244
0.6202205113541748,1.12469458750975
0.49221880171839727,0.6393989106484432
0.7472828255115952,1.414231484975212
2.323978622197029,0.5453469155915469
1.0973037444653848,0.295202729320616
1.0775143926319912,0.5007987325044326
1.5178904745318573,1.1716782335747327
1.070267357709301,1.4435792609309273
2.9522607894703725,2.0338249047728256
0.9441616996030743,2.579699844886875
2.096401608226522,2.978830839190496
1.802627327526185,2.4213150559924936
2.3421427017367744,0.19270901796432838
2.688331815934179,2.902777244292408
2.198998859532366,0.55816821976062
0.5882358512589454,1.8978120001074696
1.3892186198025116,1.9497308806708322
1.6652084939736138,0.9785420997856914
2.372400211674146,1.4366990562993573
2.6924978454697572,2.4040526008643788
1.6848444941314662,1.8870407412375616
2.96225838011724,2.5706898959821007
0.28847498817874806,1.8200665762633368
2.9394596431940414,0.1365765151537779
2.685551564622503,0.18985351974724007
2.085884064541087,2.595759766964814
0.7400915921698766,0.7940942405567918
2.3269071350841486,2.264041471523144
2.9903622980405093,1.5639452063266126
1.5268528925314788,0.48809006752528916
1.2033202815775992,0.737178048467514
0.8160734540976324,0.9074132605011285
2.1205168735296445,2.0628945333305575
0.9433703926530319,0.49048408020063883
2.5038520650422047,2.079184012744517
2.8562520636068047,2.0687757050631683
1.7538081876173262,2.0664112752520047
1.021725608571114,0.7026752917589834
2.6152784873558748,1.789126253785982
0.4295755358064204,0.5020908342339552
1.8498331659783709,0.6238707307093757
2.2038276539307082,0.6770189972905883
0.6460130349147324,0.9989944238322034
0.7620743521862575,1.6197178228543672
0.41827164187303223,1.3282942261627038
1.2582447327549608,2.2085096997865383
1.1425207423070205,0.1754526000033899
0.8080439623285168,1.0377448188812224
2.75326843451881,0.8754994682337714
2.2227268890538836,1.690149918587001
2.390322616879682,1.8873955214176887
1.596451251321155,1.5195337280508134
1.166137734506131,1.4562093169812815
2.5788865981270868,2.3997782196417643
2.585148857120091,1.9877168500842168
0.8953655128495562,1.0344367197335584
0.6567232553759292,0.8485810809069133
2.639382669559214,2.788978654367604
1.4023761376788482,1.1971747658542564
0.43524139518414917,0.5496080020380619
0.4233540934460255,1.988944353134332
1.3128829055285949,1.786835101446322
1.289961760903009,0.7653739476271822
1.1905164306540108,2.13124767836688
0.5139324548669133,1.0486835537309305
0.6512922297006566,1.742958743894789
1.7621443783958726,2.384591699145878
0.27987858595695103,1.9908329474309034
0.33849297468995665,2.181048056863685
1.734087390277149,0.2269578219918016
1.101553665011472,1.201465386278794
0.19697709066251823,0.501088010727069
1.9761047528967277,1.3029842626993906
0.5756700900725368,2.873094479972396
2.5078598726875554,2.0234382530793087
2.619323127167328,2.3916925989738953
0.4508681100019434,2.8500878891063612
2.254171130789671,0.3909011824042331
0.0896841488509208,0.3257815427694668
1.0470083214795372,1.9979606550934426
2.65675360034797,2.4178331534607014
2.8269819821871125,0.25089211683606905
1.0570809669559664,1.9121236515188245
0.9943222827401788,2.014101821596907
1.5882392357596826,2.1091539446278937
2.34020530286878,2.812490056377227
2.5567993436857686,1.9837273436981058
2.429199556618816,1.621175156175358
2.9763971750778166,2.6252198355463996
1.8372741274971434,1.1822930942916816
1.082756929222513,0.33246131269216306
2.431321564211581,0.10231232133901946
2.591764669316147,2.388244152878886
2.2213381531256937,1.915241543739269
1.062764681503969,2.0472094794344295
1.386274463527713,2.878692263136442
1.2092306847801348,2.7067312104749828
2.4111634673845046,1.789737154990258
