1.5,1.5
0.908737146338509,1.241393107794147
0.3151231302363282,0.5409370108554931
0.8566070401277797,2.1819454167630186
1.0154451871312271,2.3717429188658388
0.49134891954629,0.19131884610960348
0.6867434127045742,1.4724288186886352
0.0930464698522303,2.1265794591330316
0.11326466656735146,1.1931695793956696
0.9928328418872703,1.415469207010086
0.2229261829970639,1.6616977441549527
0.6556123456890308,2.830847640419098
1.2207780068683076,2.182924047662469
0.5139235310856314,1.3674731298639844
0.3872856703666727,2.2292405000920095
1.8319450477236068,2.3114156943985793
2.0861407754654926,2.2135086239553465
1.047923043359168,0.8624426681798496
2.320997839128231,2.900496740984657
1.1123322928745805,1.1927013461040001
0.2825168981098919,1.2401446402896372
1.6927465281723681,2.588948666419991
0.5364549797951058,1.3192600395784435
2.000560654971025,2.7208261557483207
1.5608135348977226,2.861857327579587
0.04600268507582328,2.7288114787756386
1.6531874040667973,2.289461411065135
0.6197203995492072,0.6929898741165962
0.18541827759637897,0.708632678884023
2.235247066521556,0.9525165427365593
1.177325446516213,0.8674985723171484
0.1345377816445108,1.8900950073889553
1.2479677453325286,2.756732267435151
2.3936490413796143,2.869131095978567
1.4949185228669384,0.8746725044771024
2.5869046388743517,1.178034752041091
0.16734405265329477,0.38897116553153854
1.6697419778328255,2.0616029289054896
0.05634511124786268,2.6421093766255552
1.4366563657591795,1.0464274042342812
2.286993783477348,0.3901637744751548
1.1888849709921372,1.376851346301289
1.7830359698879203,0.6352819632818826
1.1520817501616523,2.8825325947099794
1.2623619771760959,1.915399490855803
2.467290717832357,0.2263740838557714
2.108415093850856,2.213601710539227
1.026223028483741,0.2885278768637919
1.7358359009259974,2.916477505095382
0.8036192201123258,2.7422524956583376
2.1357296558924714,2.764745601939215
1.4799347399446363,1.5965061473654047
2.2491520439872357,2.189284562904242
0.009833910327832318,1.17343882275004
2.2932205285615836,2.9511454140675486
2.1371413476373533,0.8881280049173406
0.4570083969158749,0.29118708684497596
0.8030809968312429,2.8853394431741535
1.2900346607259379,0.5205668503785438
0.7868401036911046,0.7186962079596234
1.179522972363681,2.148968479025865
1.0907079179448782,0.2902827323400594
0.08118039427443302,0.17832402791383095
2.190973732286068,0.3521703605594433
2.6617428665579124,2.712568751978709
1.7566734400053785,2.344150852042647
0.7381996498666893,1.8926466904386898
0.4203971341703011,0.7126717089027812
0.8238970355589792,1.5847644804813599
2.64890068595558,1.0799057058475423
0.7742342490303198,1.4695694052283699
1.907565556736511,0.9606728766168336
2.5316308360091546,1.8381536641875806
2.362856775820631,0.37349738666526755
0.07303090357673159,2.774387319560847
2.113824659466558,1.1050733788020333
2.338866826725705,1.7965434898801418
0.018201099680923982,1.3814584244112567
2.275243236791079,0.9692571740381883
2.3897532961825507,2.49196331173472
2.0572633543763725,0.6703584252554114
2.0155957987048945,1.0951952677125405
1.2038731367473887,1.7123170337488283
2.09204408904764,1.5391836081999783
2.8615974645458815,1.3088173826745098
0.9607288679334588,1.2346760968837391
1.20263231895093,0.5765219607738905
2.6465074354210087,2.5825977890077496
0.15452301322416628,1.800363258597911
2.941511783622235,2.2518905451281492
2.196011454075381,0.5587911789378064
0.8581555010510244,1.8945202724495576
0.7957675031419458,0.22879745411160002
0.9118368561252939,0.28224506764398494
0.6544578952175739,1.5892106077448327
2.8647606539287933,0.12578900958684458
0.7832265055111859,0.7705058843321563
1.377053609550122,1.3092153643178603
2.8738900666062217,2.4944542532542773
2.8514946889580712,0.058620628555859366
1.5900204314912965,0.14630134531057115
0.30903144596754584,2.263005029821637
0.0951369717290198,1.866413394910277
1.823462420034999,1.0804895463883284
2.6293340674983465,1.0090642863816885
0.7839908466170014,2.160210971617863
2.190715378305488,0.21664689685156757
1.7404722743225318,0.643130094381049
2.563180328978537,1.7199454911009435
1.5440834373863366,1.592574566508286
2.846967425702978,2.6427030272168617
1.7303288970749755,1.8311076347446056
1.143950516754105,2.1565169238051394
1.3841603773837228,1.414632017104142
0.18586940222405757,1.0470356835343222
0.05991038873512988,2.023866469834193
1.027060515106307,1.6794212436388036
0.8732136001291373,0.9973501189314911
2.9377992372990955,1.1869165930823686
2.0255110254043474,2.917384670734302
1.9549397470839298,1.3305843496014382
2.2060549230135393,0.7555758515848549
0.6247744429238001,0.7568292996821238
1.0601453345524618,1.7605915325831236
0.8112252586199762,0.7317378740356104
1.331164945165205,1.6305724118021772
2.3010287147927517,0.6971645338664985
2.4291316292178298,1.0615225888902988
1.6173704058906553,1.2602061206721893
1.271655938998896,1.5386342053227398
1.2371500039533636,0.9692304118416588
2.0659241537127997,2.425110100393943
0.3311620495321296,2.904184133238176
1.4201836234533944,2.6737277424360353
1.4380549166404637,1.6391587733363182
1.346529369656369,1.7235067354933955
0.906681998486291,0.7068185693052286
1.5328703625831461,0.4302255983366313
0.32359162599363633,1.4400973182925916
0.9674327183803038,2.9505972930914353
2.019105292167565,0.08193986975817424
1.8994060844931884,2.9263831068337667
2.7744471641308865,0.3788016310422585
0.3143492148752628,0.08545403294837983
2.3256321271564326,2.6876489206573586
0.7833632374219762,2.209611636312422
0.2824836049581744,0.9937524638358798
1.824565977343776,0.40909832258836165
0.1889508115415548,1.0543981395166058
0.23396265404731986,2.381931571554979
2.1556621162076786,0.8713746581413997
0.5876141154767041,1.0731626634395044
1.694009588452062,0.455724881077214
1.6979169968694716,2.1212891754192142
1.4617804480356384,0.8858214049153962
2.298406018452665,0.9021213895966861
0.15148637881341098,1.56593691841366
