1.5,1.5
1.7940973010333194,2.0176944355815976
2.2232370123239384,2.0192936752591546
1.5274190402336174,1.8307875180867872
2.1307303304845755,0.7407724468956343
2.402620593043679,2.6861129223395497
2.8883246397231033,1.3612929856695135
0.9044613977753505,1.775820904631532
1.2689383441327085,2.293384180999914
1.2893257662554158,0.6063934081077128
0.5795272947011214,1.92437431164696
2.5704660082043653,2.740212806373018
0.5428918544850067,0.9918997482826081
2.4690246881605997,2.2094646096385238
1.149049048484402,0.18122304580369775
1.8052020261760782,1.2262135015226217
1.5480422893804715,1.3690224603769923
0.3547728920830957,2.870110097272195
1.5102037483970898,2.2913624154465673
1.0583945875640968,0.5936648035033177
1.3492246266280794,2.534927361230151
1.4696365212926916,1.3995340588427745
2.8532269388294127,1.2897861823545749
1.7089330186784975,1.0073422174463387
2.2265204111480665,2.1946429895651374
2.282268169427489,1.353860345289263
2.636313512500145,0.5143890428797145
1.0341291095819563,1.2593592827534754
2.4640702041500955,2.5680228843256216
2.668544291495181,0.3897575072410815
2.3278774115724925,0.11714336588035346
0.5573802435427864,1.1740039395819473
1.9573688327294405,1.0663565302318618
1.3601729318773152,1.1335477707329087
2.6778814897896894,0.39223658842059606
1.6153753774326565,2.120355752805802
1.961142422024298,1.762523139876806
0.7704931841627881,2.396450511598585
2.24589308749745,2.11174046699224
0.35557391481064426,0.7602973236841879
2.612618221432507,1.7208232228049247
1.2060183328330147,2.1373872904118065
1.3348974975631953,0.7200045282524676
0.4658056226709175,1.8215060303396522
0.781435535018001,2.892311385714085
1.2094755485998394,1.9746272339819222
0.0636833298900562,2.692750312746996
0.8536275016889934,2.4252882156798643
0.5104732914229737,2.2111488751501884
2.4538050789379877,2.400531757237139
2.575168569158164,1.4011944794324043
1.0543817799616857,1.1042249766369003
0.04379822172734105,1.591887777897767
2.960371617076361,2.5013383578362482
0.23739455631376172,1.7573562298833432
2.531275100034441,1.0687958995689133
2.354315869119086,0.3756928405715845
2.011859007811969,1.0816795093762896
0.6790648802725876,2.624367431011842
0.5726930354579901,0.10187788871399595
1.7298791567609757,2.794277332672998
1.9989247441504103,0.2142169759748609
1.1060604000251475,1.9920244332671175
2.370238458551671,2.436423048177806
2.308674966397015,1.8556458871234025
2.6487898801831387,0.5454499543756562
1.6710606075068335,1.4764126855609057
1.7066534787002334,1.7261792777954583
1.1889142797498264,1.5964631152049713
0.6090165672028791,0.7796147110717898
2.1041254678034216,1.6672666075976843
1.3835158494840702,1.1142654272575299
0.4620620494125278,1.0108979659658754
0.552394396929827,2.621084312169795
2.0864679208944823,2.74028335636347
0.9695966564617345,2.3522773475561176
2.362774169662603,1.6502708997753268
2.5223420254183724,1.486394277277919
0.2541539401447761,0.11528212852849762
0.2655759808617184,0.01780071817212181
1.6112721215712316,2.28734145624725
1.0663046709781954,2.7232824091370276
2.842978661716285,1.4776308215408254
1.9997276883532753,1.394793833977134
2.7238474976903597,0.10711071374516357
1.752297701011835,0.512647430514174
1.9954258500708142,0.5846406461274057
1.4387910332035014,1.6531324246031684
0.3278919948671526,2.261258615405798
1.920196973154066,2.54650561785576
1.4664390089614319,0.8611072827120595
2.991651061887893,2.4505478436878385
0.1870280476556817,2.3932261578533884
2.570151622252718,1.837268880168126
2.00806214770152,1.467716346716522
1.8799972861828347,0.3332575419421687
2.5598951975037134,0.41974818549442094
0.6471612552803474,2.2701436324400617
1.8275839918069163,2.641862503634478
2.0258452891909506,0.9161555203013804
1.1264924597590622,0.7943956647168853
0.5314025580478583,2.0656269185302794
0.8271043988038677,1.3997185409160045
0.8470248702564959,2.1767922663262858
1.1217698320492362,1.1418026918670638
2.9051000462624645,1.2337143443458105
1.0412911500757778,2.0995737502655483
0.9138673620831295,0.2687714942694627
1.1842812268168696,0.4226859058290564
2.5235058180212073,2.7111033363184918
1.0474701365103378,2.0279302834987423
0.47132085161637893,0.8359393271456086
1.6432532068642993,0.9874891976656115
1.2879677811833283,2.3133124547443717
0.3260751201276131,1.376666589028872
2.941135856791292,1.4154693818468767
2.5001628603851085,1.0899655544297806
2.494114525767107,0.18626413490141214
0.20051271153648498,0.946115955740794
1.361587499913258,1.3253978132120507
2.1623441366120364,0.969147153748878
0.7396037218947855,0.6838111597405789
0.593776990428638,0.08990716132023324
0.20227340748835065,1.1397676118250266
2.7224856855021624,2.1616782623440134
2.951977225942035,1.9883024681442762
1.8926253147625292,2.184548375319439
2.903816101092289,1.449057305649065
0.7507332284078848,1.3576360359213009
0.5926724540012114,0.5043346430256492
0.15129306158578115,2.0409606769874604
1.9247274121959461,2.9883692862167077
2.6491344522183766,2.0701840939505787
1.4472193064841776,0.5911389429418041
0.18385887642251075,0.11404601036367346
0.33165663698483616,2.9218565757803545
0.5166668315261712,1.3576238012554214
0.6647118910532684,1.5005196005828974
1.6256396802398427,0.49000803808299953
2.751666605907337,2.9484235887595
1.5400250022205988,1.6783551398016474
0.03382369625425807,0.17536573198127436
0.09554416005562372,2.0688292422404477
1.6515003901643082,0.3457048340419846
0.09319607582283418,0.7247743295253402
2.6697268236598797,1.7810550779054994
1.2065153433358047,1.1727911855205533
1.9384814232521386,0.17714062693354482
1.9629320637155157,0.6068745658261587
0.9920680396140319,1.5312714452759355
2.0232648714142583,2.1735223211936026
1.0170438176985035,1.502485201704078
0.6187880943133782,2.157989789194568
2.557933350994409,0.7159753033381122
0.9328606247402218,2.404660434849153
1.0721828419418642,0.348579303583468
1.222556609950466,2.3941038143591933
2.1666511132188595,1.530225942012012
1.2783423724602543,2.1496516268132027
2.747286881086848,2.9525026029921912
1.6438251938465638,2.305692530271167
1.5095886410324528,2.1910726115916512
2.047419158795858,1.7750647960825403
0.2757581738606233,1.7610579864789098
0.9473592453238937,1.4152651726557446
2.7945643638437816,2.950756480759509
0.9448692349515021,1.1242213156638297
0.45909871776352473,1.094936628338424
1.8721406697884353,1.623253582280208
0.23773303747892904,1.8603243520372668
2.248310747750496,2.185545043700898
2.9586685923885985,0.7186384488259748
0.4710868122809846,0.5943392636227656
2.716613268748137,2.022223145191242
2.8735958168898774,0.2338838580623097
2.5782665248971015,0.7838043467361853
1.502069089910362,1.7741498814145702
0.9913282160316715,1.2567916201121379
0.055547761808314555,1.237259474200544
1.1924548825997707,1.1754575057044576
1.744428837746314,2.8589172711691395
2.4174490707929817,1.5962580460753473
2.61992146729112,2.908209732543289
1.2420851726799786,1.653453238042762
0.23794938523983566,1.5861504577892933
1.3981732952408228,0.7431728558710625
0.9747495673421157,0.8489625642483535
1.658535451385943,2.3757834084764706
1.6315765777984188,2.9256445655838323
2.660007914868705,1.0041297656452672
0.4600399625717131,1.235235459939927
2.6782397124630877,2.0946069823096236
0.44002565928119763,0.7789362790405875
2.975357563748807,2.0828287128034697
1.0156291067814964,2.814488835418838
2.32046111338232,2.9388588625348686
0.4402885322728143,0.5723329989736875
1.6580089468681245,0.5989101818098932
0.31020492668052835,0.7408036704179356
0.7462938267867871,1.2906696460642395
0.9267738963538326,0.0073515577621707795
1.0354536591606611,1.0125953749762986
1.5353155776116254,2.4365992941623564
2.6562738976860585,0.39751003153768405
0.9233386303942533,0.9070333077434923
2.4459603493231272,1.6790951251827408
1.607574772051081,1.3153278190754971
1.7192199015725091,2.3223605797618627
2.253249597185605,2.3369233297190277
2.3052512674792247,2.6785148233624656
1.6684912921389943,2.780771962509542
0.5046600801222559,1.1795791170975218
1.1192534413357227,0.7443128506732911
0.5844233299567144,0.7745396673140784
0.5985224087642752,0.7271837532512502
2.421528015137411,0.010752663882200308
2.0826664161256057,0.5573927812478622
2.36145116572659,2.379902643746329
2.036392889605111,1.6138039501725774
2.8713965843393665,1.3692103135688134
2.0565392208416338,2.640844745254855
2.627342143678108,1.1427930819109677
2.2304696838481024,0.07786407009830787
2.5167480623687224,2.6483977186728547
0.6915219286029982,0.34118568857441745
1.798425995696963,2.9492493641021365
1.0317506227776188,0.30663080975663715
1.9613050639856282,2.9515826306843715
1.1976755415378082,2.100396386435946
1.184097123252116,2.156680621590116
2.825044982258972,1.4710853741842271
1.7906792140624161,2.9118636368778787
1.5860714901083486,0.939482188489875
2.451885721857595,0.6626905133784367
1.7602315027492788,0.09090579824806833
0.9116549786858328,0.7384877020584901
2.551747948629364,0.6753579267560458
2.735691374498976,0.8106654515116545
0.13231409452266074,1.6685404835925048
1.5968051370149587,2.638384323986246
0.7400865279805507,2.083622834132933
1.2878866177150088,0.9660780572992891
0.3322275419239725,2.1020719130452634
