1.5,1.5
2.2174448603901418,1.8787088732398618
0.9465197361852844,1.4485843774432077
0.41602501014758175,1.9759706559378571
1.3261341664903519,1.7764973683376066
1.5387695869668698,1.333246819052939
1.5455421117269732,0.9137554532758821
2.9539098208870183,1.288729611556223
1.4843742068955688,0.8514520213067681
0.9359605288992356,1.8952857975412556
2.2402746116737093,1.0172245265268813
0.35831203574718107,2.771931114930307
1.608367006324456,0.17692480025455115
0.7118888689944186,0.9354910770927538
1.7680253330765743,0.9346497577819064
0.6324688155103607,2.868878127018993
2.200639257771444,2.380719195464929
2.34205368354669,1.4136090523986675
0.4220668110737066,1.942425092627908
2.261956122164922,0.9466812054718852
1.0995094905513652,0.49327594624523896
1.9686778095607456,1.8550371816699165
0.1349872668528601,2.604887358009233
1.091188677479333,2.763261074815109
2.9609717061048553,2.865436487374151
1.5980035163252728,2.42298066397532
0.7949053759591805,0.3965870269750956
0.03884901219228476,1.1595256049904754
2.0484077169017767,0.0737610220476338
2.9064628827565184,1.918742090302346
2.377498831487158,0.6423250038870707
0.046178094723685725,0.9119989887631715
1.356795130842066,0.1395941604892027
1.974081443773446,2.510975701501602
1.0612180522455115,2.796554065627838
1.4656620240309,0.49070320634332176
1.7304936815507008,2.952103263623115
1.782242608320976,2.738318498218143
1.9141649534882943,1.89939291405732
2.7189305641820534,0.2950163142392497
2.751886395561871,1.307819393177604
1.9034118033692078,1.1346807553668268
0.07589215683039285,2.9852382494328507
1.3472750904701591,1.4935869702548625
1.7102564890708811,0.5839952820717086
1.2107735207407067,1.4309013225515503
0.622727580685259,1.2866272251380737
0.6123684990056985,1.9521431617666214
2.4419009506729763,0.948632823097159
0.9367488491987851,1.5622276279867089
2.1761597442991105,1.630964928416328
2.503867591152628,1.445164726568006
2.7180707179008983,1.5687516365557146
0.3313579539398186,1.8800088803976056
0.8983121916908429,0.3728467927429753
2.3054699305701214,2.516681557579572
2.530298324010428,1.1392017699356405
2.7542008272676832,2.867961197024736
1.2783783140283067,0.19181626939410912
0.9038426609219811,1.5187396921617566
2.7765784550477184,1.3785299386392378
1.639152405560208,2.9991065761617364
0.1319223173482419,2.0683725417684586
1.5323394479619563,0.8205301764171553
2.4828576021870696,0.6837041354611585
2.230034237991714,2.6951094314317308
1.9823494121920355,1.5576487279028997
0.8451657584560506,1.0860617538722543
2.4695617569663435,2.135826602632376
1.0809363705619246,1.6281533689886465
0.16323047750380304,1.0467851516726778
2.341320855801883,0.8245200456734509
0.9865365141157556,0.3186383659478016
2.4678697187111887,2.656680469695563
2.6923332917358977,0.5845264110808173
0.15231229018427284,1.4825609027750493
0.5451971278802026,1.0302598642774106
1.1814726773829836,0.21192346701920384
0.3207842122967429,1.4297621885732084
2.2497823138915956,2.051283266548282
2.549610288120314,2.3893852950465058
0.99106885145978,2.398305124941608
2.0614559480146313,1.2567698338521378
2.0006239501826304,1.0051814951189972
0.8966961131609535,1.2369124246578571
1.158153795033297,0.0635109096069395
2.438111155465996,2.262910681615499
2.8868296550511117,2.918616176684075
2.7556349635946877,0.1836502544205787
1.2923762408094186,2.191155282337709
0.521961890317576,1.1461419305731768
0.5171693944861471,2.8789901343426325
2.9530042816351028,0.692073216196874
0.9042218814328173,1.5079941864884745
0.4126636864833998,1.9109512415304255
2.4398254464056017,2.492876220226671
0.3966318445273793,1.116821468411181
0.048817961736157045,2.927001890743009
0.6046414998465799,1.4863434792474988
0.6292110133963795,0.21783577186729863
0.7178435610423545,0.44207233081780417
1.600477327825299,1.3989832110481697
0.09256313225301549,2.661304183356517
0.6562118546777838,2.7173451566602753
1.8573145195516934,0.729409392379656
2.988307743946947,0.07594556473604386
2.841866236986973,2.7490816698405123
2.2360667543236943,2.2556035573084783
2.675293338037304,2.9555276146520955
0.2652519102823111,0.6136654341331799
0.9806315199360202,1.7622479412459968
2.4521459391020253,0.4988111412956967
1.7043369564467357,2.353463517031757
0.5242549149738441,2.9647004413426306
1.24915605097812,2.2846439765816076
2.9558566960282473,1.4288324103357024
2.043530357713037,2.7332803791429408
2.2910044565682885,2.9447805288351976
2.590945048141575,2.457067773835038
1.5876603327421694,2.587771345774227
2.5934348158178304,2.9751828819140993
1.1104628610656797,1.5307309814677852
0.5052068982429565,0.08066303350816384
1.1922776017569605,0.5112749798944602
2.1882687601855517,1.5859792356699316
1.0246789572899366,0.7847269624949552
2.0418206895613915,0.2006039519917624
2.391459353685759,1.415908619204917
0.49041979948442593,1.0873130747687676
1.5141962176719077,2.8073325165793612
2.2465147841623945,0.26101159586440725
0.8408740019347883,2.6347825265638263
0.714705458413197,1.6731838688975609
0.7788152941281454,0.6893147567721782
2.158556991997632,0.6286463716209438
2.3683473551717333,2.6699036142537196
2.659562353689741,2.7408854393026525
1.432365936558643,0.3421561129159717
1.2714568519846523,2.991137476332055
2.5447308588745923,1.377490670687271
1.441241479055624,1.9205648620350746
0.5581638193722224,2.798522322449133
2.686778505793211,0.8794402360951384
2.364692345336457,0.10596417042530115
2.3482349697893836,2.5786108387040096
2.7800937913725345,1.2860868012618918
2.7354969686074075,2.285284563507282
2.7846055440013613,2.146402356994277
0.3430916838870812,0.442936119320971
1.6960469510771903,2.0732220872622404
2.463696230850758,0.1463444906899194
0.8025188363736744,0.34697538414799367
0.6397761721446856,1.9014093903872964
2.3484863410056063,1.6715728467065574
0.5968525411684062,0.7654923332309657
0.07410191029311086,0.7064022399074813
0.004695930964165873,1.7015229847707802
1.4966186584429324,1.493100954055971
0.7246775847799767,1.1492998186575503
1.8691017078454983,2.7869715039349114
0.0013530952928269002,0.10734782473156912
1.73969249146392,1.319689231104351
2.7856156414206468,0.30132037153297164
1.8999421357080624,0.6902585863453133
0.41272238779133263,2.6301954941687335
0.9849077754471323,0.8230606749980971
2.427161454520986,1.4159175901110288
2.2723862316112973,0.227469296223479
0.5900120946354704,0.5863734374081476
2.885638481569299,0.578729162233414
0.7402853164815756,0.6683150608259307
1.5088184358824401,2.68866602899516
1.141580029295425,2.854739855703325
2.3321023957419613,0.8589484991781758
2.777277796519324,2.8433002340569216
1.8510884373416858,0.586182669436167
0.3320286104133805,1.401883754734989
0.22558602124539562,1.3197930803471989
0.52578925267263,1.1020396113359356
2.29559905986058,1.2663971726643635
0.4212831385540311,1.7116632015690074
2.3163764386918726,2.3181800984347705
2.24356579095805,2.3192063739936417
2.292388071021084,1.078274399183241
2.0199540012016683,0.5807882843883335
1.4901631479864728,0.013025827354764763
2.6909125310806346,1.910162334225781
0.2053626420111253,2.11869070757499
0.22635421360953334,1.9632715858573382
0.6317117539557441,0.2709645081340173
2.3934508688101794,2.5754710650278305
2.1200851083908336,0.9743846063253953
0.8048605693507679,1.0285091945885765
0.8444198459081884,0.15512474536253962
0.10177789944078641,0.9250315047341305
1.8541686273277378,2.9780949463832083
2.205138705790341,1.3820523648993237
2.926503666269925,0.23519631219334902
0.10220219702535538,2.9676681973921655
1.5290894683433713,0.9107707843144851
2.206262883477687,0.6760256239272892
0.6345990901406492,0.6186654334023786
2.017541592957116,2.9597182884819544
2.263884758925004,0.31113018980935914
0.12389966266581776,2.603620838297502
1.7358704530989164,2.9375000713099837
0.46699500018058104,2.736300939918451
0.4487930551711379,0.36418093609109803
1.6402238044233233,2.9103859984699136
1.9806248938869797,1.3170814903613413
2.8306923893691196,0.31781188715609077
2.903318013539888,0.48417021529053916
0.12418117451963806,2.2773012129270582
0.6803653239116236,1.4776243997320955
2.6826318871112624,1.111908175173368
0.917827763950211,2.5707470144427553
1.5069782833766776,0.589490767185572
2.7973091247407273,1.0752654265167945
1.7854508261584683,1.3594894724371418
0.7762271995165868,2.983157333837659
2.2045231684374507,2.8692896307333413
1.9988869021227043,0.5368312410019965
0.7375329035415541,2.7329581171105675
2.3135987774466167,0.715736040417282
2.399492583298704,0.028185684111848297
2.7713816586920736,2.285662136383204
1.4518447271101522,0.1584305540892652
0.7642926273893551,0.016731390994644824
0.0784352065684446,1.016232871426736
2.7189552582231244,2.3810415772145292
0.2583927252654368,2.6511658776945546
1.621876590121722,0.1932499372271278
1.3734683715372205,2.321858432117807
2.5779834035330014,0.5554989811019901
1.5967210859496264,0.8088452247971337
0.6243175240606784,1.6335928885812603
2.9882408387667314,2.316129817359977
1.197394854637846,1.7828922353981127
0.02401475368486483,2.2006494135524997
1.354069699921765,2.5975134587037383
0.8267313285795428,2.9354737090647216
2.520213564335204,1.6091770391916103
1.7844569352036264,2.765032697179012
