1.5,1.5
1.8845637869125502,1.024015854717284
1.9200048387781887,0.9761462467182483
1.5153903703515859,2.4331573333682313
0.928365119657869,0.9736691385641595
1.6806095455839039,0.22147196587812334
2.4652781601985128,2.4941617285048316
2.6471095795830513,1.0194130686058123
2.9040915715274416,1.4529457359157907
0.9647614179713474,0.3248647788273614
2.065987051755761,1.4654620964110876
0.7356396352917965,2.7579382417439957
0.7122809652588888,1.1938248253971375
0.43216844694482137,0.10612243308606473
0.5076681271841345,1.5291057431528903
2.3437161180500916,0.914591166828037
2.487982674573623,0.31479559831282655
0.2517554061855295,0.403867190852484
2.0638980913474274,0.28011669404403894
2.875798259941063,2.785151430349147
0.20451096981451522,0.8542353633278532
0.15000756995361242,1.7145786112911319
0.7832891269265984,2.821319403683582
0.09402863003993012,1.6283342612191383
1.1233319613542756,1.5815762791249155
2.9894429776024776,2.0465444071684553
2.1473074035694832,2.2186421863745838
2.6200891057531663,2.674664561152461
0.8816987192570228,2.2235727742312648
0.0265912950450109,1.0841511648616082
0.1295341828732084,0.7108992991885035
2.249105173353871,0.7101478644710287
2.256460359239035,0.6022257484121294
0.13417736580107809,1.2429214673750435
0.2447723457820854,2.72751577700756
1.903452094014085,2.3583711455547065
2.5415821881450014,0.13932113705613636
1.1312597250459329,1.2475625342350427
2.150120527905247,1.3010553318001152
1.0582990132520043,2.7930914799485453
2.8643778492673966,1.067952920039831
1.0063746746301792,2.361411342631211
2.805178975893623,0.2875791739009147
2.1480124716663385,2.3998729447369365
2.1457555504328387,0.8152615280775677
2.0733719816032536,2.4234288198756566
0.0956200537220181,1.1414563604681596
0.6700641466775745,2.470717302598461
0.08423037760407792,1.2431859962325813
2.079239678292455,0.8873298907302954
1.3306793337736673,2.863532720668671
2.5213760772479556,0.44509700343832115
2.9039497117321633,0.527058141185113
2.292429481100181,2.158752636082082
2.0884767680091803,1.8119486632315036
2.9028271356094058,1.8773276194217963
1.3829349699821898,0.8483689902707477
1.7872757187405464,2.8836325146601207
1.0752972362553739,0.6382683618971344
2.6338658997994653,1.6089847715318686
0.021664653236760922,1.2842651207287645
2.9487983960587822,2.606825026839859
2.097266161166216,0.5301392429046358
0.060417759704535,1.6206718815322674
2.6885379203357767,1.4221585417669318
2.161694196178865,0.0052494777649492175
0.3939681578691532,0.5448510742035177
1.392676563923969,0.18766642548330348
2.5562141335194535,0.17500332013768882
1.0098125057344374,0.2856478622736076
0.4539082368145757,2.98331566694947
1.8674330665845575,0.5046989371302935
0.5199373614700624,1.500387424754238
0.29557464679208467,0.4750926600641888
0.9983241543680187,1.9355936780886758
2.6352448024106554,0.5683935858347241
1.7239066929965363,1.9052171637250241
1.5393381971218152,2.475975129752031
1.546941788972404,2.7193976747312605
1.637206664650296,0.5662646395915366
2.694171602824406,1.4134271270637462
2.1277664997792543,0.36729147065902634
2.24994287698266,1.6041329429614763
0.9404339925751254,0.4297734469334238
1.1174878068246872,0.6466853457746445
2.3126537320474636,2.2108690957348824
0.4941352948661526,1.9276318323408352
2.6358591263983318,1.8343307698383482
0.8550233807792091,1.5723183945603858
0.8999807422239493,1.828050075410641
1.785716754340113,1.5052224088903063
1.505337222163404,2.613246313370858
2.8036878002220327,1.6452345206793477
0.7872516926930603,2.4545400078281667
1.377708150941455,0.7333079995082633
0.513917117291387,1.4555995198361367
2.7428381989579664,1.2570369687092193
0.46594841901430695,1.5074185269687668
0.6385594731995361,2.987913903131858
0.2201139400549328,0.32711325775425737
2.040429583856527,0.1017183068572759
2.0535946387573434,1.143622671017995
0.8170119369010139,2.460122294294702
0.30357896453933153,1.5482256993620804
1.4772460759928614,1.837362405458096
1.441650396571275,0.9463922804582302
0.10969021242349697,0.5135872081524072
0.9977330201042965,2.270968437958939
2.881668414685961,0.0361457137912331
0.14464490668677554,1.4512254179114923
0.8349776687454378,1.5514038145895392
2.8391942861165873,1.3835101223639636
1.5467858153947183,1.279608946492857
0.5966393415916497,2.6450094588965203
2.80577781072817,0.3410499895095862
1.5200452441002121,1.490365077634979
2.449302742185683,1.0530365489811855
2.932702963085662,2.479488072954154
1.6364299076255024,1.2775200222620837
0.13038744052784135,1.4882242848381328
2.292169826985793,2.200083531857932
2.4091578385815864,1.2423702978165068
2.5326761785551715,0.3005839941955344
0.12024870183943404,1.7856540682132098
0.5519080601554962,1.3615737676362907
1.3688242953520573,2.8411833555030945
1.5078848641468263,0.5482473984016335
0.06032003799959229,0.37601734113817764
0.7595655705287853,2.828622129743374
2.8952248026350915,0.7440847562222153
0.5563586491429239,2.2284629929580118
1.7309525950406013,0.413193040055565
0.05587318995047774,2.0557669002995738
2.9308412083898028,0.6425073194661893
2.2169136255124577,1.1205084971110386
1.96615982102383,1.5552710408720296
0.04694044482579962,2.8611680780250177
2.1627070471045,1.1932764943008267
1.3271755745710574,1.095430230344778
2.2236621632003617,2.6753450335167637
2.259034717359701,1.705966519917936
1.0789248094777266,2.9209554476521236
2.97217417215842,1.8981401770976383
0.28075191234892194,1.4211825465197583
2.256552468124882,1.2042644415833386
2.32516596537809,0.26120859527069407
2.500412061860152,2.3612561186441288
0.17465046125078598,0.5714347169841322
0.3319616626182462,1.7215670279543982
0.05649060840590969,2.221627116276732
1.007090208364215,2.497109029621569
1.0229230970448304,1.9243743588230935
1.6778884588134393,0.32189265045912563
1.593340447158003,0.41916299340271557
2.3188862658604164,1.424530691149584
2.524476427895638,0.3917449407441419
2.1187194232373137,0.09384719292419852
0.8936516273775899,0.7677102725656325
2.9427101104700206,1.4489957970564649
2.983113526323941,2.172880109916014
0.06355059929925189,0.7180468671538747
1.2955085931880266,0.738268885095166
1.2536560704039412,1.2573598477638153
0.2580851197874271,1.9963360212676382
0.2419605720233241,0.642912844472178
0.959729355828404,0.8298686268833163
0.2669382149086704,2.42574016294047
0.8412800508342017,0.7127347489614234
0.5401992829357841,1.2822575254528816
2.901872959534754,2.0276705516395896
0.6055311734995926,0.6128102149324034
0.3643051027172919,1.1281745499805482
2.2368921293141693,0.06362262645979877
2.5017514692428273,2.5360580657837857
0.1670204067520804,2.4864605715702606
2.5311865503103745,0.14924987009196455
1.9739457231496385,1.7886645490209374
0.22970581449515703,0.02885678389512414
0.12777825184415736,0.6997952018163058
2.737983585587173,2.205244089820481
1.6020371542994265,0.25901158499789145
1.2483618388844981,1.3181952287001495
2.77608565872291,2.712605519844632
1.1024961576611179,2.240529302882621
1.3793274261067476,2.530993782962038
1.6659245193093604,1.937781808923911
2.385567981154444,2.666389199774324
1.1233586398617774,1.799216412373768
0.25219321812781204,1.1306673795407445
2.975004351381999,1.655099575850568
1.871699802998506,1.002225231101385
2.874169605523414,1.0807775391858196
1.2311122013641702,0.05253385510459563
2.03282971579514,0.6435533066764414
2.470242567251717,2.977945595630471
0.17561631211769557,0.4354527370407457
0.6195222705183818,1.827798816384014
1.3182734815045478,2.4028297710437285
1.7965508337938347,0.3662478298558399
1.6916411509708822,1.5189954976531563
2.689772673367698,0.392671367036742
0.7489626255337632,2.0134898145559745
0.6483025152910237,0.469053231754867
2.2988405966037906,0.086449015189905
1.4347214811594733,0.7876327789307163
1.9780220137991429,1.4814988712197834
1.2024439147557426,0.1367666647526551
1.3291155853099696,0.7823786154270264
2.3763052349395997,1.6511903334062756
2.8032615332860837,2.2431929940910385
0.49293179886740124,0.8023294733712535
0.07894209581159484,2.274432603740528
1.7661262392835528,1.2819689632671043
1.013325950362702,2.222741215003272
0.7709926250575919,2.65283553856687
0.5398720264299185,1.6110820939016306
2.108980228139515,1.7610230547444168
1.4619923639464671,2.816641619467453
2.8476039181435207,2.874021432010336
2.249125675083265,1.1760340463359484
2.2953482046309426,2.4333526333230773
0.8267364172006486,1.8253372832209154
0.8632513825290374,0.3611774410612275
1.8924709462754374,1.4236141721518183
0.6748958083323993,0.27579934575519527
0.41116875287538857,2.4042686795419472
1.5477250333455181,1.2262550562130954
2.2531559276319193,0.07693841628464326
0.010100983990872336,2.5983092649767134
1.2772825457706198,1.2285614154613667
0.7840364424072371,1.2055541815726825
0.32089203014196277,2.0830784384959897
2.598725034078849,1.4158670966702656
0.02652316120272813,1.089593313674568
0.8398140716969698,2.7101366302893988
2.9959663448077745,1.158800787683374
0.0929704607278884,2.0777403164679424
0.31610774411193787,2.0576794906965525
0.4659583744537541,2.122451111798907
2.9273599400515513,2.535051742829385
2.1535298645230077,1.4842824516571849
2.0910959229731727,2.810187015465405
2.5584759794851006,2.4670302603469927
