1.5,1.5
1.6500905008894504,1.424316207518884
2.4618434754716287,1.3046067097226144
1.2380227613592323,2.136528160229707
2.895583407757857,1.2077858616749528
1.2994564694481299,1.892051904793428
2.3646021247660065,2.1564553315623267
2.4694123757125457,1.0235135477347346
2.1816909353574068,1.829100843854967
1.940538479704237,2.5220535764497343
1.8715579587234035,0.5772973810120742
1.4960247350695992,1.207502778087005
2.46995977100927,1.0862617539727268
0.6812114539703255,1.2190767427059979
2.6241741908146525,0.9517685906154059
0.669307599652711,1.445461791092259
1.8463406234955007,0.8047889565350854
1.3942878671015504,1.649696067368132
1.5909380864101967,0.8810730943622275
0.12124172067304895,1.2382602886213707
1.9418610984371822,0.8045744455207963
2.1226560062064928,0.18033334228988884
2.8391549837041987,1.7187071257976991
1.593761700997184,0.6690583022614376
0.2880501730069144,0.2719333187065641
1.4986233794545814,2.001328360670665
0.5839486485517433,1.7668615980561433
1.5820210427517392,0.6213449293857221
1.1816238186482535,2.472385129988114
2.7172985969558274,0.15420245778816533
1.9914890658462032,1.3981255802465289
1.4494637159160795,2.6192247284679295
1.2572582843154403,1.6826750620947446
0.4978461005597258,1.8766268923482767
1.4802231588960173,2.4032533274025054
0.9710436912731111,0.8390056925204469
2.9644656715878024,1.716882739408475
0.6319219595377789,0.37280156669282705
2.991184076713002,0.0813496680811786
1.6546307143260301,2.9106576749408326
0.7989276256798403,2.4615793038431732
0.8931018626720455,1.8858461228561312
1.0519356419738752,1.1854423648475598
0.042866755490050035,1.000522342581264
0.9495409762491391,1.7927361189140127
0.6229383418857577,1.9596999369937411
2.6661083925217786,0.4621353512290215
1.8224794864508491,1.0992744894908468
0.0013451172686662627,2.8259020375598523
0.4761113661775357,0.41782320904622083
1.810951428228877,2.312185629767086
0.2592700861370647,2.047526120055003
1.6292342148205345,1.7043314097965188
1.2776353467612345,0.6880261645210126
1.911925909091239,2.8516871374940056
2.0148022885847623,2.706407134575109
1.950941040645624,2.4468672886873395
0.8009055319883575,0.1669092911266017
1.8112753304071543,2.971461753357541
0.5329305129499133,1.1253392051902793
1.2149275674086124,2.9103275567936517
1.8749822474454962,2.698349217604997
0.9211672511504303,1.1177785115610979
2.519597735807931,2.190960068389904
0.09597496590654453,0.7169861599964205
2.2165491451396555,1.53852209826765
1.4276892856178387,2.266677090152492
2.9795177547785316,1.4560788205913013
2.1097984557741007,0.43447188933195846
0.5470853187032404,1.2308080370898067
0.40755564485133644,2.544281820634218
1.3109187481538882,2.3613646045346166
2.4032266623269005,0.39818115818539157
2.281030415146502,0.5944246750870907
1.5657146462477805,0.05456729665644411
0.9929248154413107,2.6713264121574563
1.1115160191902103,1.4414840606010457
0.3605226527911618,0.228816544044668
0.2207953948972755,2.5100572788557796
0.15400287267544388,2.860533712219023
2.5135099631831386,1.7555614041333878
0.3714095118579337,1.1136385671153386
0.10849906451502489,1.9996125765204766
0.9122293532705077,2.26589492901383
0.2939798002555355,0.17482479200393752
1.2043417176899949,1.46959334867184
0.6305407199914582,2.9652916039191544
2.5181230295269414,0.3315927332619195
2.7410535626534696,0.21005084370482685
0.8116408855195159,2.392987672001033
0.4257013992195916,2.1756944271744523
2.5272228658957085,0.970490410159962
0.853993439803344,1.6791941606972176
1.6809972556465902,0.18442364252491217
2.7925213248021903,1.836092962120593
1.0685796391085596,2.479481358488925
0.5478578581126858,1.6172123022061293
2.9906040952439064,0.9482978948839453
1.0808253674613177,1.5920039908535382
0.839669164994705,1.1335715995218894
2.1234773674246736,1.944439438008011
1.616731301310669,2.6662729537681296
0.5056203247013945,1.5623597475030988
0.1719845588322646,1.670946232747502
1.7081038788486833,2.2233073002026584
1.018214425997786,0.2340756939887998
0.5984788745173032,2.94731337633712
2.3922464200078286,2.3912150413467175
1.9091055562122734,2.926713481063469
2.5106162491822928,0.8518851476676078
2.450733780223463,2.114920170016083
1.101407503741309,1.603355219159298
2.547796260984735,0.7075852813211406
1.0789503461204124,2.4952287269760043
2.7063208260975813,0.8161717353186506
2.2047008966826502,1.0353533512472457
1.4417998787501753,1.643383503664559
1.644448500768946,2.473977255166591
1.8965223911870734,2.0444158604367555
1.3722111644019432,2.1665875292355667
2.3062642544693484,2.922575169070212
1.1437063395780895,0.04019009660673045
2.4567009043132737,1.6471110728545364
1.428888602747969,0.07031917665950094
1.1386224534410343,1.1181490771183555
2.450082882999273,0.4027194892445215
1.8729678480114318,0.5370532229990531
0.8910483027937626,0.6764746501894014
2.932976842772298,0.9868158848283589
2.9788302561238496,1.557184105535173
0.8353990737699919,0.931972815357332
0.7119772970222308,0.3709584552232287
1.536512103996949,0.8665771396682542
1.1081201907638767,2.8359897663708153
0.7322409357570571,2.0794116190204592
0.10045009814279948,2.729621276718826
2.0975253331021118,2.1840444001286423
0.5740707659986184,1.6051800756140826
1.4220277035322495,0.5569739299650904
0.007070356956131674,0.5719168020534382
0.9200016833927641,1.3191863117313507
2.4787919444970345,0.7154558202924292
2.593320927273713,2.6851935250692094
2.737365012822193,2.9999879894167663
2.1011706687854153,1.7607194652293623
2.4402224035411413,0.27749741335497724
1.3684368956620248,1.712081491349066
2.5933106069007095,0.17325190679021163
2.9219462612982876,1.7576107650994808
0.6345273174319725,1.5200950470152432
1.2842304985768123,1.2900471635408766
0.686133498266214,1.1272667878153957
2.9342661073431744,1.358861120002117
2.9806551462936346,0.4934845795598555
2.2923887766441347,2.034584905259041
1.24373199275435,2.7581908125583143
0.3320365933121485,1.9473347210549283
0.48706208618871016,1.8625096523269904
1.675270719067037,1.6553300731333465
0.04263059970339045,0.5743957773841167
0.5647495124982918,2.9462532919880995
2.6200939822839686,2.630653727272403
1.2264850650807593,2.2287477628075276
1.5166917409666345,0.8373866670941926
1.292069245485672,2.231402165683619
2.348993896993114,2.8073490083363453
2.0345139971501256,2.339468945242058
0.6707315440716478,2.6948501075502986
2.760787382012869,2.1764261635058118
2.217736973446259,0.02612553536457196
2.1935525845934603,2.207429622664086
1.250608627318318,0.12144528213116568
1.8500105171331072,0.11505644652802005
2.0070427938985507,2.5151107050555086
0.18307037571775586,1.6006520866262444
1.5575274642756902,0.46296763580425526
0.297196367955639,0.4235428136095323
1.137408367789598,1.4031607190824298
0.9691106127413219,0.02157930531863539
1.7509414903464922,2.3760169881446305
2.4792213815063278,1.8090902008857936
0.14447075899831707,1.7102814739230885
2.1712582794298227,0.8968555588508508
1.363406849956362,2.6638179573788126
1.2000545198171744,2.074449562190692
0.3367753177948405,1.4901147123649434
0.6094160538096222,2.8172875544364833
0.893214112665578,1.8828232003169365
2.3692861316294005,1.6329818059585925
0.18869851522063574,2.4456615064946416
0.9908507087184627,0.6166135943332435
0.32187629703358556,1.8738347359008611
1.884827309439768,1.2974204117275505
0.6193835101818008,2.020466960140907
2.5893160565377737,2.5954895865711562
2.6533468325566814,0.8210002528094572
0.22773860305634708,2.7594095392394236
2.6593489192469333,0.028818274619815898
1.5772944639100437,1.0863613302393738
1.7237123519000326,1.9391372435500143
1.784684911034811,1.3833480620435186
1.338932374268588,1.4542765323476488
1.8726291577609628,0.07099076113604996
0.7460314633091668,1.7059896354135822
1.500846982156193,2.2208644722990747
0.7725751048365451,2.5879750599765794
2.7358010244440645,1.7799537015283573
1.1164628776613608,2.5396438246387607
0.6890089967489379,0.791657827243656
2.3858970515299625,0.7010622110262079
0.31006983574709235,2.5781558052187457
2.494259914214422,1.519583005433122
0.059839375715485255,0.16603975725247955
2.7205735850882746,0.14595875484055143
0.6035803238151064,2.7615471825250566
0.9881324948200808,0.013712715578087287
0.27221921499622914,2.802035591367951
2.1893805261896193,2.805974070136476
2.802237901316136,2.723593680372253
2.9676158442357448,1.1317585767874885
1.9968191726083058,2.0653712300858267
1.491510990453237,1.8664069143053006
2.142523154563685,0.12867790716325778
2.538658008362688,2.7026170637956253
0.6386723548052675,1.5208860319989914
1.0665697930169868,1.2318933626616293
1.4591697324748587,2.4797876994373693
2.566706097677414,1.5479586635715794
1.5391512904414641,1.0554590294473505
1.3453098739422356,0.8669852463633727
0.739868302018287,1.084331365467886
0.35262982941647436,0.9367949570150248
1.76596877738648,1.7424223066663274
1.6349497844951821,1.2000792508643396
1.5372487736596727,0.14243827437629297
0.32338474356860114,1.64115057580831
0.9302516380115745,2.070939487630829
2.840619506333413,1.233777663878367
0.6180807424612073,0.542711545529096
0.707137175243019,0.07975698725820324
1.7266059002466723,2.012680115628382
1.1609669660227477,0.6531374634050965
2.753049795011912,2.5490009024095195
