1.5,1.5
1.5171229363277186,2.1541389622147062
2.3353291384172707,1.8832082469615101
2.186649768782369,2.726558376426824
1.8587067830289303,1.9065056339785054
2.2965779679426053,1.2873291855639497
2.3452627036226334,2.9164859362646607
2.161069354910559,1.8790205527264283
1.269888197239918,2.275753030237145
1.686430057262513,0.6386861702232445
1.4909514209055919,1.9324608928424505
2.3400862329444028,1.679880078153417
2.109577005900422,2.1938841494950774
1.5610212866860103,1.8638982674753923
2.768257905471265,1.7738558194399447
2.1961619342582575,2.007142808147332
2.737341427493301,1.286501865730207
1.937333999347683,1.8306548423485975
1.5143933052476584,1.7317818737205923
1.8207369636219868,1.9286264151287098
1.520224636573296,1.8503423229734992
1.205216962705672,1.1827035763084257
0.4168890020898668,0.6199007515654575
1.7005479715271292,2.338139616731907
1.2371456342678622,1.3885717758916951
2.347620365764213,1.7260773500813678
0.6408806402265623,0.18674013747642126
2.6136266639253387,2.6322530394675647
1.4677743553099458,2.237573366723432
2.4062039831744486,0.013961696326493134
0.41535895890471863,2.003520860017449
0.291397433762559,2.1725769782675197
1.4892329958174741,1.8774939189644018
2.0093253311674593,2.1557695382747832
1.0020892323051167,1.968156300164559
0.2799749336952506,1.8928688128039188
0.07167654809356627,0.10124480606384367
0.6922598394302703,1.6976201675898224
1.8202654241206448,0.6180702293197718
1.3817317750928213,0.34481447703195056
2.4491052913195457,2.163758149364991
2.547980509997784,2.8027325712215765
0.7081110655366419,2.9590078740580585
1.0994558998664945,1.3833710367028542
0.2911715274864257,1.2435004221616766
1.8665363505344714,2.212433788239335
0.6225069195394874,0.9626470345082264
1.8122122802797493,0.8860477461156698
0.033401998831827706,0.40596219888356155
1.8964384954716893,0.22702977398922408
1.548641672741153,1.9162969203791533
0.6055037678631271,2.8963833477855503
1.713335718908945,2.165468404917307
1.9653119679825393,1.5123965751935555
1.614643540540988,1.2902275545718176
0.07937129712342605,0.9192148933751558
2.359609997164433,1.9511431730218678
1.3986881626014576,1.4345647591766686
0.695932276552039,2.479721798243348
0.7634914196496999,0.0649295904478302
0.4328901151902529,1.4655269879689237
2.5580457396807628,0.8879295084586664
1.730989875013973,1.912138669148246
2.589920487132563,0.607700989381147
2.7712334623344708,1.6486767562185334
2.593465783583092,0.30879548002902746
1.5994996873835916,2.3521553792506897
0.7752787565510053,0.13003278358243708
2.882367790523941,2.2434638702703373
0.9292574264875688,2.9233307231004284
0.28089164930412125,2.509089048882809
2.6505797910085422,1.9406099801202137
1.9658486517343945,1.6650133410558305
2.049903744555614,1.060085312243777
0.6958228173004724,2.8793707182439174
1.599471816392624,1.7109023741788196
0.3355910595213589,1.345908134811748
0.6599002569139281,1.5538781521396026
0.6902941245384473,0.6169972068022532
2.6980759812428543,1.5867624661899737
2.671651635739489,0.5408823374719769
2.0455829362171776,1.7444780363590437
0.8642755692813846,2.3629615097321524
2.688811762378191,1.842757547869788
2.2807747162140712,1.432831784600022
1.0556156828110779,2.6431581311438213
0.6291786422383444,0.12092004797274192
0.44842873373204795,0.1349019071517067
1.6128460735591388,2.777393447774662
2.5351161130360844,0.7928923873306983
1.043139572608816,2.866647410105138
0.6506477962408714,2.9451712197112334
0.0788190297998902,1.8776980522453195
2.144164974094916,1.1150380304983978
1.661839879476685,2.135710036747189
0.6891141071097221,0.34643209974804645
1.3198609316285808,2.909544081949831
2.995557079153121,2.9308458720386943
2.3184604475424724,0.05470888630706783
1.6031713896731083,2.27931705462653
0.703093723539308,0.350180951654684
2.4683425893400446,0.7207907105107167
2.4559137330348557,0.21063972708168677
1.6452798654854592,0.6656764164625604
2.304030901622129,0.909596319470814
0.7568361451048118,1.3231927543824435
2.351875118455899,0.8567353904599538
0.08076285667728922,0.8922512605242703
1.4075585141417581,1.2818931272896021
0.8640118191345372,1.611256245828304
2.4622730415449077,2.020837901831506
1.32928477984911,1.3241573589060334
0.48182832385243934,1.3555080022612243
2.217003781349179,2.203947187102736
0.4159767230433573,0.25469365368738917
0.430476167159658,0.6217816259143168
0.6014819542315861,0.06218515239534572
2.0205740252190614,2.826758472427652
2.4078876026785334,1.7803140959631825
0.923211287790831,1.0799304165346135
0.8191828865329509,2.892330341312144
0.2623612030461142,1.2682776642853235
1.7715436308240555,1.7020900002348684
1.4600628584119313,0.2493192811803605
0.592655444871547,2.2617035681608986
1.282791268479638,2.146237101734589
2.350792077713906,2.9073765736402253
1.4302137613808084,2.4056905057539044
1.3433318937514267,2.8054261168160566
2.3369245216305634,0.5705567922439541
1.4455104318838217,0.20564666089627248
1.7931209613500034,2.3420833508425183
1.220590956849628,0.5103484091756135
0.5212873080673677,0.5329091732831547
1.0087797935894205,0.5172902106207474
1.868974644678136,0.9698019818630514
2.3705955851285583,1.5437268537591435
0.20900096382455913,2.7306911149751576
1.5748819216110712,0.6452298758349202
2.164302894399197,1.4123878669171535
0.346712276927131,0.6735396539573585
2.9960564048168967,0.19307353600044364
2.3958870248969886,2.511854096937059
0.029547193444134368,2.0145012330281684
0.5711682084735836,2.022429480770678
2.91882524785757,0.6145488395851527
1.570070722677166,2.9178360906684206
1.3025469534483751,0.45225830022103497
0.5912094067795202,1.767841444829217
2.6347138175862113,1.1874203359672828
0.35331818100490664,0.12769323891739814
2.283571351707451,0.4469354315746503
2.4277824977081277,0.3390644529474328
2.365204539072706,1.4124770578218975
2.0730256891891674,2.4120989963226114
1.6192600162853303,1.0605561594927513
0.037614850555620416,1.006816004916264
0.2321678145530951,2.1030263772969873
2.160619482442274,1.333179366698806
2.5430399086599493,0.8091284196143693
2.2493489145250005,2.449463060215105
1.1910505495471602,1.5302196525808216
2.1821454898756327,0.06679771293900472
0.6844357373854705,2.4436781418654165
2.9376566816031118,1.3015719287589016
1.655999039598701,1.4592335163392625
1.9410491268765853,1.1222608747041678
2.15343268148166,2.9471944328338506
1.3746727718963432,2.584053320080582
0.2918258532207314,0.8736162534521476
0.25125346652090663,2.7161670155131685
1.812240627560087,0.6502512425212122
0.5659750233189486,2.1350064666249198
2.5666835579528318,0.40232182328268795
1.8575324459416387,1.117438759263419
2.9226981225235287,1.5488838839137105
0.7492653803515468,2.003210568345752
0.20091876674290055,0.8951043910445377
1.6690654306863868,2.4031697992494196
0.30157046166567325,2.9289864784631123
2.331362644632528,1.7805390555705536
0.8990787802061105,0.6377484495946922
2.74262960486486,0.719729262655178
1.3208413876228922,0.6511978055423263
1.1752818887294378,2.237689538900083
0.752835456233799,2.717066094793058
2.6964033374150116,0.7108313161184934
1.9776926232468603,1.4736376037141197
1.4295039781093823,1.7241879630464179
1.6641543533657075,0.13027664254454085
1.6395414301026352,0.5449558085514191
1.9996647754948762,2.987268011096818
2.343452333560733,2.730753187854031
1.102126827130708,2.7862020960699185
2.564087694110617,0.9450158595110423
0.5393339684133397,0.9260761336644288
1.0010468631018856,1.6279947286701832
0.6666610871356624,0.9572534425893617
0.7005779611390682,1.8497641764188713
1.8020500138336086,1.0835669049505192
2.2968313736274357,1.7165439788675871
0.2847062878898384,1.9894419574891868
0.3993946835506589,0.05778272228301817
2.658587208202957,0.32488045328238435
1.7909904005100898,1.5444436948872489
1.3585656435057798,0.6280668664792713
1.6454474284924276,0.8663052338078926
0.5885871048905582,1.8229958907484023
2.8090420203576603,1.7744411938361426
1.2474493203612305,0.16102016792184448
1.3847630147620538,1.0067782291628404
1.654886506186122,0.09534031926168451
1.260904543690243,1.001731723148327
1.6704439419174146,0.8089691308433057
2.783019515424091,1.9078877340059002
2.4621059245897716,0.13652557698089385
2.113952727532778,0.9084740756330767
0.9362482812992025,1.633984467840507
0.03942872089749727,1.0702599051417017
1.707506255868831,0.758030278258308
0.18035907592427758,2.069711121263838
1.667616080050785,2.845490405641296
0.7853974336228223,0.6285804047955926
1.272846267157405,0.7290435556256415
1.7369943637880207,0.6774403086974462
0.8302657578119158,1.0319002635163907
0.7173123634781099,2.014724509669084
1.15103945380948,1.7815717505181465
2.170634858875382,1.9590855866744792
0.6810148775813725,0.63418858595112
2.0715610253884535,0.952639472846967
0.12541125401211506,1.5172812498773955
1.8111926463450148,1.2264952707611536
2.0952673817368304,0.021306203485697117
1.8386343307359587,0.14651354405786676
2.2267948542099187,2.7101184398658895
1.0391081826652275,0.5070691541087226
1.3445295796280081,2.550859439908664
2.8024138221263106,1.7286523098408852
1.9413191484951908,2.3990965602983203
0.5952042812735211,1.6856491377458753
1.8745483429102618,2.791389926512373
2.055288224861087,1.0586998821314073
