1.5,1.5
1.948981012346563,2.2483449920219694
2.8153262689938874,2.3382530817891456
2.4195882829517785,2.4606184889725182
1.4774460558508644,1.1232796815447232
1.767668044874164,1.7192877621797846
2.9023407417686027,2.859911586426635
1.4015497410811288,2.1161087998166757
0.45564643720300235,1.9504113459728936
2.2482170808047033,2.7616472006461117
1.99926585521512,2.661130768986771
0.8671088326617254,2.1291606416450573
0.1539396175943175,2.3034223341561044
1.4024015932772402,2.01700388535234
1.6474526938773806,0.18607771063115752
0.6497621084460026,1.2923205135159765
1.587169891270837,0.5218818039130383
1.6710224138415049,2.604750357015002
2.092370677891595,0.28158274760239044
1.229906586360097,2.5636888913969025
0.3329964512386485,2.377500046598383
0.33515097375873304,0.5909627979406264
1.1844107980425118,2.2000691356672433
0.6088819113273312,0.11903902078115247
2.5887815967579217,1.605048250509531
1.6171055487696693,1.9329811507349355
1.4679712210779834,2.843732456402697
2.560795165468942,2.492680283417799
2.3442975091520464,0.6925189464571332
2.2600281081146436,0.25778376652597856
1.6828296615710605,0.892505152084895
1.3128561250779933,1.859252962734062
2.3812801764888376,1.7809333195198815
1.4190506106681862,0.7100868972835935
1.7350129083341628,1.3677593190114337
1.3518274111589674,0.9094242967962094
0.9195655123547144,1.599492739700093
1.3797553931381805,2.938728155995776
1.5104576952527515,2.2302685820883474
1.4063915662800563,1.1634317179015217
2.916960168815222,1.3643841841423834
2.6706737464945816,0.149286933284426
2.1180161777033644,2.7374340750944395
2.0822291745412635,0.655337666280135
1.6448409436943554,1.8764224758827432
2.7311530283383743,1.920492503996226
0.730189680472932,1.4886594325041376
2.0901368080605254,2.393212462315121
1.2006037440077963,1.030131861130677
1.7700753225514365,2.492089225054639
1.6144398807183664,2.445691792452406
0.1748864650056411,2.3124796951341744
2.952586887627591,0.8836590340283397
2.1321729132223872,2.605852008731441
0.050815967573357934,2.6465173036404765
2.8985715455299514,2.473289194368199
1.009783798604511,1.1850930663213943
0.6854339295635928,0.061672001680022404
1.9546353500277749,0.09484346696113799
1.8534489418842224,0.7919132561840692
1.849802684270676,2.3128183957491206
2.6284069146542297,0.26041497411938774
2.7820448778506437,0.6684039039968934
2.6179042049932875,2.849006949513233
1.0490843738367968,2.709043082813029
2.222965839547755,0.17024243174071663
1.7715410029848564,0.9740372313477028
2.2784629883274334,1.4936178378542717
2.0780574885049576,2.309065319310077
0.609822855442989,0.02041557614083256
2.6658175590086723,1.3864733925680741
0.26919460395196027,0.30753351288459985
0.405749800608036,2.0837647258518897
1.575689521262439,2.3211267887240115
2.6954600336269223,2.721348456025557
0.5913901519369041,0.7930237881573012
0.9623720693863523,0.8844857366812421
2.7822921013732316,2.8734666863185585
1.449993468343544,1.5814254958845644
0.255120091882855,2.615149450031747
1.6655573832350399,1.6235014562306878
1.1011417967952588,2.863637904609763
1.62922604006277,0.24349960932473602
2.566135611145896,2.4053390378061112
1.820250090193837,0.28733208794123277
0.6644534666198726,1.0742731204624887
2.393543027961371,0.47238892891992923
1.6529934469818501,2.3758741574666193
0.15819840280801323,1.8231420079960476
1.428303927221368,2.5231383168967723
1.4350187978035045,0.7967222541334186
1.4043687820265864,1.671333842736534
2.1701119707337093,1.8634523045726779
1.8092552449474222,1.1138159128331022
0.7886875753771851,1.5780645435239415
0.2440680063298839,0.6328152856669031
1.6913579897853865,2.397325366073301
0.8096692039573864,2.421936146974601
1.499749515209102,2.516883329751903
0.7407752216179175,2.999253770320093
2.187602394624799,2.5579161878384826
1.4866223992873087,0.3515210799737315
2.0655108969707303,2.373182640582242
1.1061873079354534,0.5134478693896016
1.3837731862948037,1.5779023719292007
0.38330811475492743,2.9246888351436224
2.7906067556427474,1.493418690901597
1.5405274921205359,2.3223130186312164
1.0962614564913609,1.99058195605726
1.5258530416978284,2.9933447271995712
2.272373132152577,0.7431352502945621
0.12935508138153862,0.2882088971344584
0.9857573159158988,2.235050771866056
1.206053395092043,2.5871253730548576
1.866406517481313,1.6237837147582104
0.169140143693568,1.5857361272134152
0.07955940319858068,2.7396117423353763
0.40946300829800997,1.2654311932010085
0.9315161709661391,1.143411911433223
0.19498329240898216,2.424393167712916
2.320603100744977,1.5113488898734735
1.648965502179387,1.5025495262863209
2.38625078804022,0.1728469485892915
2.824251614165625,2.0246521741215555
1.4991044076274345,2.8065230138248642
1.2362786661383818,0.5582287027910108
2.274115501580237,0.668818252452995
1.060063482103222,2.2527162983365683
0.26277338918213744,1.2589019222419764
1.002313413804099,2.104905877509913
2.291883713478816,1.106168970154724
1.601302145988294,1.8361505937589866
0.8674616669641482,0.4085529166563867
1.6885078913299392,0.4921502212267933
2.573833707906747,1.0060881269804909
1.792476305405431,2.955901582341631
2.2185597588318355,0.45742355406455704
0.00914009116771497,1.0077752435575196
2.900563589863089,2.804456511771564
0.3937730422070337,0.0036758389600192176
2.0056659948005637,1.5037717942637285
0.16324348513739395,0.789184011414219
0.9791556747949614,0.9868050683046206
0.5799831031862606,2.338521328703334
0.5835251617742016,2.5134581005790384
1.8810230522009292,2.110323700189441
0.6602831071622639,2.5652633389713095
2.9734048240445463,2.865846062459845
0.9482243589752654,1.6125421508318871
1.218388508339787,1.7877364044004898
0.9917453390614149,1.8414314429693301
1.345766880073029,0.7153854366953053
2.666217452500272,2.511340085482697
0.23024923906573935,0.27698066882337535
1.3786319498251465,2.2712375866082546
2.7521293005128453,0.09549275480673647
2.731332733992283,1.0519406431806837
1.5316004705493658,0.31056705322565104
1.642376989497742,2.8038760555645164
2.8163212704271468,1.2826507316166271
0.22961470131878303,0.7095823365878555
1.8371597820677723,1.1474462378817016
2.2070393706082254,1.1164598781845685
0.23185944171326167,1.9846917397209498
1.1998249692507241,1.9391933872710272
1.0675416375691562,2.4148411582516545
1.1385032649987132,1.6222806030453776
1.8051853672230735,1.1027358736813917
2.4266725934226505,0.799767975560369
2.7366476133082873,2.153927377263785
0.5742573107522063,1.0655057619976707
1.0377078693899913,0.31040671110884743
1.193402528784938,2.1727050429267853
1.3493496988580813,1.869486032521913
1.8951682597908994,2.1055526311231496
2.1682078218418015,0.45446829718047965
2.322920807617562,1.2631999414226918
2.9558333605737985,2.905504042051212
0.22550684448923752,2.583380445051305
2.3663762280416987,0.11087727463064445
0.41272556775062086,1.5504600029950457
1.1887139248920244,2.8158899327627744
2.0887635304817573,0.042241181659298355
2.0973864074084134,1.1111358104186626
2.1309929949790694,2.949741788792652
0.46338849060438536,1.7267642591528665
1.2654796825219337,1.6053215771452498
2.17086099447549,2.5264935120520695
1.459107596204472,1.011053970918008
0.8719403603282008,0.10053278645687136
0.495707034755273,1.400126471401996
2.371193770790876,2.2630425946408406
0.6737590649620264,1.435053313711598
1.9680077806428338,0.21107893532580113
1.2145695532224772,1.693084426548541
0.12243210448749964,1.664796088178051
0.29508209082775094,1.8497914197519996
0.8112651679970323,0.7405169146906468
2.965762817472742,2.0057800440567366
2.785680516889962,1.897798506231368
2.4488079813754235,1.4816657212078546
0.3024162501651515,2.469601392304811
1.5790436329943576,1.2093333813680203
0.5441989452022988,1.5899368555986138
0.8616882712403519,0.27376105743233725
0.19756801623631504,0.39191680802205997
2.238497388376093,0.14692334259169637
2.899554875109223,0.7552049347930146
1.283032247417839,0.9791119826715611
1.1065114817084707,0.23347378229757354
1.8131290236771638,2.466998149823661
2.6071185311915417,0.3377989406232098
0.4191901285288909,1.3693361989707116
2.1747524320421543,1.3797195201479395
0.45936053880623673,1.5973325204523574
2.388205676957986,2.9019233460628255
1.0545233691887148,1.106628231277274
0.08249232939773088,0.1480406935770474
1.5032712720345784,1.7420321929072653
0.19819055893807125,2.480311585681929
2.714644821666407,1.7299983395716898
2.5670028290095384,2.570641283026732
1.3820837699954527,0.8156260204848259
1.1963683718420315,0.08521750266033867
0.8525158013954914,1.8027900540264752
2.542581671816609,2.8974293687332304
0.4325504058277537,1.9224282900117193
0.5155724217875105,0.8159708926542437
2.5683298620518658,2.3270067989730285
2.118019805605936,2.018792914331716
1.6439085663539492,1.1207074892803437
0.6776562111164045,2.815550577495266
2.0478516246961003,1.3882133712632596
0.6142819134282703,2.90973071927029
2.120275139838172,2.314269003419644
1.4207713875603705,0.40873104720528564
2.6064739756722863,0.7164902251798724
1.2950612988887356,0.2776885488679225
1.7244260843628902,1.5805669617204305
0.43486621379446444,2.115551427018419
1.031205244968568,0.3854913885402339
1.9775170451878978,0.32848848893741034
1.591097686612403,1.5165031665874684
