1.5,1.5
0.8257334300721945,1.197283051667521
0.9170110278235063,0.5867180247929858
2.4576377799775266,1.3259870312568687
2.0751399237197634,1.2446016724782436
1.2941624841277868,2.360341711043432
2.2637168022458574,0.6698811524491911
2.457787564063613,2.2031119114499456
2.955011591913374,0.5538413127901878
1.4090802442077806,2.93112149680836
1.0726282997050238,2.3956055367354523
2.7630690883539177,2.709745523730107
2.3746571004907184,1.4623945323659613
0.4087705030677472,1.734839644543813
2.122699328658247,0.47372091308438036
0.46639869698844794,1.9052252278813322
0.9646274984453891,0.6601042294384484
2.2826810084963913,0.9234954172398009
2.5162823483939847,0.37691235561318204
0.3848629915729733,0.5571677349615466
1.065703407865675,0.37863452409603127
2.555975177892733,1.2929656785386945
1.3834847593193196,1.5984543111916458
0.6265123101276638,2.1998990332775876
0.4610467794061889,1.6176253261928015
0.6492631541949534,2.237480500396482
1.8873385821068693,2.3887588734737903
2.9576983664303125,1.0786640062923532
1.418264662314162,2.932966973347048
1.9656258221919063,1.4701947840252638
0.8956569967246829,0.9742706436984143
1.9295961042571705,0.7470716953006133
1.6019740441919879,1.6092254245764375
0.5962956890905862,1.1723829036177187
1.626695587005318,0.7234318955457925
0.7209405358446987,0.3224117121494108
2.16789359776648,0.658922223143217
2.0702493189603586,1.345709461497575
0.5805218568488368,2.0720895135960467
2.328021261329814,0.6397823749444221
1.6877832715305159,2.1430397410014423
2.146410902328677,0.4557773463438025
