1.5,1.5
2.0949235267753736,1.434864549671581
1.4889465711424343,0.5668209796424172
1.1992182689677442,0.964204976061758
1.2214102616296332,2.213340046031496
2.1341097996401053,2.3228932844797696
2.586134872580021,0.7344043713409659
1.4945795562816575,2.7803537786989274
0.4828345986708821,0.5259949738569643
1.138072719425274,2.3729981899992696
0.41945847277348525,1.8000347681818345
2.8344440186124915,2.090419612057044
1.6980896411101218,1.820857194228007
1.6394938903806118,0.34810463742489506
0.9450098944968367,1.5898590076323151
0.6491915382914586,2.836700153854912
2.039826311189257,0.3347245788956652
1.281900953903702,0.1016174960466536
0.32852819560288493,2.157099528389487
0.9493620216478452,1.2413930657166576
2.3894046762195194,2.927482738496073
1.8674651625454657,0.3658539682455192
2.380445254711809,1.1920861797759075
1.2936026919423664,1.4835833643432679
1.3939033701533012,2.4211978489664228
2.7268298961362936,0.8519101525558928
1.2180681185705216,1.8204818095096633
0.01929078161354969,2.8975751625798214
1.6943565137409253,1.1423037225260975
1.2424727335573327,0.5654561496859045
2.49800185473506,1.9552743095098362
2.7660337283001004,1.727421317518254
0.2970203453791067,2.8530858697787034
0.2796343324685766,0.44013890751980944
1.4274054025979535,0.19654687765098566
1.2280951625024294,2.7609171652816293
1.1743129746545637,0.1617893897464291
0.40879244077606613,2.8930402296803504
2.469873705654102,1.5989258818788585
0.5280999637535406,0.8528587706408143
2.4685221285330865,2.525940405558166
2.207795211570751,1.6857639327827993
1.777594954111651,1.858784841825929
2.1825447678057865,0.7782015113829444
1.0626263235761337,2.489431186315074
0.9829323824472643,1.140169769898424
2.1812907600274127,2.890296691830313
1.0268617487097935,1.9599501641839088
2.4555892273365627,0.4181381107312804
0.2233301021665528,1.8944058988090693
2.7244384717670114,0.7695041280818112
0.5728581129688383,2.3675437294234274
1.6892356283919978,0.8907459227528156
2.64625731875395,0.25658689518291056
2.9283789347827645,2.6235823371195908
0.763514228159689,0.8578137160319933
2.009499627746374,2.0231194507681165
2.155917724265673,0.4387906736219951
2.200665817032824,0.9087578832801565
1.224063545251306,0.3429123205714959
1.6254667207686275,0.8147645321646139
2.1988020642890143,0.07900060237893636
1.841547398004521,0.8495768196854395
1.1533840683419987,1.347605587128783
0.44742290046622735,1.7885320873390873
2.6196994014709323,0.6628019332721317
0.13650194782807912,2.2996405691130137
1.5641241610042735,1.3312943200801133
1.4707697077319672,0.8048539548122806
0.05364144558524586,2.9951688091822097
2.5672044720982146,0.895673760163926
