1.5,1.5
1.4679753073467208,1.7945133873038364
1.4200577380745774,1.971334078322175
1.6020304853595795,2.801025936967161
1.2848724611827507,1.0007668392918283
1.2343382453093619,2.17753520483738
0.3314132531295376,1.7536098139451533
0.5214045032318609,1.8443770706321931
0.0445366933911896,2.4704254361781532
1.9273672132453346,1.657221751284116
1.0134538909353155,2.8872149808416085
0.31728673983675126,1.491255631451523
0.43921642417744466,1.8302755159383262
0.8082227217858254,0.7408205237824103
1.6065669711238613,2.9146363368380674
1.8262529333101838,1.9386414861244772
1.4619153060139818,0.12443956499092013
1.738275453693987,1.0594362265999364
1.0368557913799314,0.5336586435463142
0.48926930757280396,1.3352839858221524
1.6490566744969382,2.199943546237843
1.1677676013487992,0.35375565255977426
0.5895199878574265,1.506821152899796
1.3997052396200782,2.744412549116013
0.9772337179596603,2.0504371113070317
2.3532690212540945,0.05636381477895924
0.5131824493984111,0.39308726685439976
2.3489751289252547,2.9139602630299866
0.34529582056384744,1.7373602520554154
1.9615692949365995,1.0378803374402312
1.0218150864328366,0.9903575186388144
0.30402189229852516,2.3761906725753272
0.2206226263183313,2.9096662917561567
1.751827643847904,0.7830397459705611
2.074546977785698,1.9117223584321668
0.2569683820359744,2.197836197827593
0.7178912257672245,0.06521269088666937
2.1899917616252753,1.387048668042917
2.230019379205418,0.046653840671828095
1.8340106425549694,0.3136034158363079
2.374158764714147,0.6688415293067778
1.6645030373758982,0.2875990452258286
2.081642603281359,2.8106019725878904
1.0891839477889538,0.07700296756016478
0.7158768039069414,1.5700351263246608
2.9695703739986414,0.0696468548540673
0.13787284889651097,2.36522751249813
1.9377622740779628,0.38644375872626757
2.288222149652172,0.15627540907635906
1.672190173204334,1.1339612220794462
1.1807820984536908,1.2285196043636142
0.43464644028713295,2.6015555678818707
2.540661787532837,2.884192095241861
0.07228403118257665,0.13061974267285148
1.1351100894720711,2.154044999601532
0.038053293062261684,1.7384462701913914
2.837895027591348,1.904991893975374
2.2279195169031674,2.370707255658003
2.751539955509113,0.7656100474749187
0.4526504522456847,2.506983906373188
1.2917047853423669,1.4767219369111109
2.4235837425640696,0.5563040030034081
1.796025890500854,2.0891728560117087
1.765883573946779,1.8046895098731732
1.1960169466567496,1.0613706924291375
2.3826029628984347,1.0931069069193473
2.7410499947432254,0.8598801166896217
2.729583494385667,2.940678715648305
1.6692940920227723,1.0220810006225074
2.117449579118963,1.305575913728278
0.3359286257822036,2.3414487495387397
