1.5,1.5
1.7861129075676558,1.932088536368651
1.301048589978658,2.006814608210357
1.3293083323816421,2.6903588850056748
0.9412406620309333,2.129206775864934
0.21344067102587727,1.85491650485111
1.065067483972468,2.6174799368610246
1.9995643466190431,2.8038777657787133
0.4846282624493927,1.017389442773672
0.7831579640786852,1.4309699225374823
2.3845077572116757,1.8520493655176928
2.6086476610079194,2.628661803906872
0.3241764672533316,2.8550119011703727
1.8782422594241583,1.3096356070428428
1.0145333692424776,1.0614844304280502
2.220107391049882,2.8845681223561357
1.4685772951770704,2.9340056968219224
1.2776517036348083,0.3087424275862113
0.45986108090041455,2.05043584744503
0.6702132866882248,0.035405906226042005
2.2393539370759443,0.35660821072192705
0.5228700328845876,1.162342793733949
2.27099217205908,0.39882579884581604
1.124792764078249,0.21984732847535093
0.11656886729566529,0.2897788378144355
1.4291200341950454,1.167940643575787
0.8685902185538136,0.20316750657286264
2.9485811518784857,1.343085046600649
1.153500314616013,0.004498802916386602
2.2473073962366454,2.0161119673518337
1.8726106447104627,1.919399121666827
0.9316858562408851,2.6763402159939518
0.3026825761971508,2.575350844651591
2.768150175462959,0.8247976113895443
1.7590446193387268,0.03241310680913778
2.233185677520165,2.634024422888549
0.046571994035860764,1.5707614012492574
2.00593931456086,1.7722188809738526
0.6592636647576777,0.4076776763861799
0.6796115977856683,1.6622308022612757
1.1884285642990329,1.1364897785540862
0.2628988292025257,0.5766513231701565
0.5169046095416044,0.6028000498380313
2.8912933321373204,0.17095782802337733
0.7122104526573991,2.7421224501054677
0.018102950760711778,2.0278530865130695
0.8222575734893011,2.597883555426616
2.562658107608569,0.43630312318815334
0.5015140419576317,1.4720978206554196
2.6500733996441337,0.42937341727833545
2.8262218250119946,2.187141640051811
0.11000457583140832,0.24148772007968877
0.5336727030327819,0.015465512395371861
1.5820438621458468,1.7652074686190706
2.8630889758266154,1.6304668575600854
1.383499442553504,2.632527332377344
2.8747443857095414,0.4802926608425173
0.09003608291555454,0.9646212344204407
2.9882042119353645,1.9057297916139184
1.08398122247495,1.8194130884113604
1.6697349245221043,1.062595725972392
0.28517979780092495,0.13956958366437944
0.03600536290406753,2.6859129899506002
0.7622928594332831,1.2308827758022682
1.5115874068496082,2.6209844537508613
1.1435811095112787,2.9521614784290513
2.9669968609598016,0.5499820812992675
1.9769454782283162,1.8185250960405346
1.2894929553794103,2.5273192680014684
0.12400935671649593,1.2357018157029964
0.9512359012316967,1.5551039746914026
