3.0,3.0
2.993022134681718,2.783321071021034
3.3924767355339602,2.3550470289530896
2.2237161215680707,2.547436026083722
4.039129083635139,2.3485055058808664
4.11556885597917,2.6504437666276566
3.0897119567609197,3.693191230554211
4.500845293043424,2.400750020836095
4.8528066815545365,2.1163773043000838
5.349322283497079,1.3100063518640017
3.945078573997322,3.9943807619199494
4.536164801076963,4.535048648213076
4.989167195309279,3.9965464564576463
2.55131814591418,3.064980171877485
1.3630793126635479,2.147612884343959
1.656189870731584,1.7995111794745091
5.691401638389149,0.8271180713028743
3.8494594048176856,2.539033280946133
1.3879697609111488,2.2878474584437543
4.938610877102077,5.319571107779834
2.1494574572241874,3.8441043801777055
0.9046955926298395,2.092399211678601
3.4170617435737904,2.1728067119057233
1.0700731325806834,1.6778876075967815
3.030934788568139,3.215987695418228
5.600245386675977,4.422702999986239
3.957534499796007,2.591416123975954
0.3754108548482842,1.4675892776949238
2.573400252363677,4.1897659963670675
4.022334071287446,5.305746048319266
5.224972442304773,3.3964068053379455
5.573157157796472,2.8040504288861356
0.9377974469286323,1.5412028149959538
2.4934690850943584,4.580033847588202
4.472710419752204,4.32120428180248
4.972980471865828,2.790174266247084
2.910038694042325,2.6696136818988543
3.9658072633800123,2.1223772547069717
3.491664754946388,4.913969812397014
5.557845219819679,4.085895477722092
1.9532884376808373,3.038561378675664
1.1911591786357465,1.2398492983662759
5.556157759402578,2.1926498053963295
3.0486470492418967,3.6297449451374058
3.912110617401024,1.854344141486882
4.318053202300705,2.062021950808985
1.698095506093378,2.8450458294873746
2.0086045203419998,3.904278922706623
3.6233195398704288,4.615139213163597
4.370235674978408,1.3619126563184178
5.9319947639527015,3.3236901215754693
5.143608321601537,3.143786736236992
5.5610213695284045,0.8479113803962006
1.6127625443558313,0.8426735630055808
5.45016893628871,3.423234767690464
5.1979925256463115,0.4648267264176318
4.436522154708275,5.841027573578632
1.9214465748111527,4.626296445985241
5.225130451837325,5.450920798681377
5.028166947863949,4.548934932303386
3.344411560970211,3.259441156679521
3.1372112674310757,3.5670195522628956
2.491900187604013,3.5223713588647283
2.741036575230374,5.270559114571373
4.803540450762927,0.2466118586931496
1.3511421495773774,5.2966698421873755
2.347116503724952,0.3263978562212888
1.8389777772515312,3.5779087113261303
1.4204349164019465,5.96894818091411
2.098423003040091,0.7507727257807641
0.9452196850408798,3.672078947232386
5.58885908299418,4.568864750532273
4.7850209929477385,4.303768736961451
1.7122948259999642,2.538566100567358
3.542497242533627,0.9859913414165578
5.370121694430209,5.708820418513487
5.654476209486992,5.314461706934548
3.1015331597370848,0.602399884328318
0.28915182493565705,3.752511044647753
1.6091015680547247,1.605384870991691
3.7336669949031815,0.971627470324183
5.645684174594079,0.9709552062606852
4.56821229773975,1.9632938156942608
1.5294843940083185,2.5971132597646633
1.963185122315336,0.3355590795684644
1.7312544340663083,0.8436456393176008
1.3719966696439039,1.900086207547533
2.138730655472413,5.405767228101199
1.260882834351046,5.093479739876238
2.0634673503322585,1.3351418560132862
0.4920754484780949,2.416253527355484
1.473407184496901,3.5446570734480156
5.122148439344727,5.03595665165465
0.25105200287074925,2.2534371257494934
4.769822545923153,3.493005279878636
4.61460356806969,1.8770207617036667
0.13149981552598744,1.3015718500681663
2.2288019421476104,1.7513569867233971
1.4291993387024884,3.204833078351009
0.878882321687869,3.509775976731236
1.8528103632512436,2.113121528677667
4.7987198685309185,1.1330861189773358
3.882078868565945,2.4052699270982054
1.476741009527633,4.401867316684987
2.5517562963003897,1.7026630709548018
0.41135702970445953,3.7873530621849314
2.98270336333718,1.0571383329979553
3.486697304208592,1.2327031178969228
2.3029839337029148,2.796365653789689
1.344801084778776,4.861492829638855
4.83330504960251,3.111124590986577
4.716930017647522,2.075068762576529
4.979102891494474,0.5830455867021629
2.062000861519275,5.451159803311252
3.3055779279182533,5.610352744762611
4.499691861127037,2.346023754679515
3.2583727994461817,4.715674000992103
0.9595661217169933,3.1287361568755676
3.3449647687592785,5.64800132748017
2.962214237455818,3.7014749357659227
2.2558197976529346,1.5071227306715709
1.5230963745030894,1.904386163401998
0.46061184086859486,3.34055104257556
1.9284349152077165,5.8691654037847725
2.6807182421171087,0.04538222012166471
4.527299979839916,1.6349051752335322
0.027269101450610567,3.677240560503183
0.4555940050091847,1.9526782915584877
0.4572068221033019,0.3916078464704196
2.6879922514432444,4.876450313919191
5.495131360073366,4.205342195910568
5.149278372374973,0.7787076017962093
5.171159725664754,1.0956689145540672
2.30534132766316,3.8082745715591773
2.4292020333191626,5.8210758456520555
4.920921997631071,2.485097781415962
0.01853586171221644,1.2546588925290378
2.594310486059012,0.19906879491201646
5.84126240722506,3.95622765918234
3.886666313213264,0.44012421177739713
3.6521512193839176,2.3956070039999386
3.7313144907446985,4.301886958113961
3.51222793901949,1.813392322190747
0.4875504814744249,2.945772895049708
2.238340662384389,4.80529193189635
1.8834120308209765,1.3079374220009845
4.883229107885225,2.892869645282172
0.24045300740291187,3.6554480412228267
0.09035317506659335,1.2745484672758836
0.47480666363084345,0.6617535830011625
0.9199862445970952,4.998962717474214
2.7271675231370085,4.18992163202524
3.222307836444955,2.3298429352866004
1.978015444481639,3.0240496432600414
5.554942771316135,5.151089384980869
4.108873706914377,1.1983834912350755
0.27125541206815873,2.5763755209932224
5.1669245003287205,1.4498104351774517
1.426104089635509,5.484589764709463
5.756690124806193,3.582625421242516
3.7861699251587675,4.679815255665966
3.8257402274840464,0.8376876333710255
0.8107148038344949,0.7406112709764565
2.8235892619597207,3.714126153893722
5.033404543829255,5.028030709390122
5.146232052710095,3.9718468191216685
0.9028447725731348,2.5981759089507657
0.9830789277004044,4.185671129286235
2.190233861165071,5.016177226814297
3.1714641445583847,0.5955266263530754
3.1990071551673434,3.4408718392635693
