3.0,3.0
2.6325204000800864,2.8771419373439597
2.9469870690059032,3.140265941265403
3.8315995541716577,3.2653553787967082
3.2924917344451785,2.6559262525858154
3.6184564023890147,2.9160388651557385
3.9596128380174087,4.1990076214314715
3.7895836371508493,2.4248885656240833
3.560732386171558,2.0991891492786534
3.220732985391509,1.385721879462102
3.714917015768198,4.495690749017075
4.02745884350769,3.3637516230929623
3.6916172461324432,4.291709139583285
4.216113013134811,2.034474335829229
3.0331070297519824,1.4467261710887287
2.923680586355858,0.7006837962098791
3.147256233470963,1.5227014262600502
2.7723899781575345,2.394991930288377
3.2765701390787454,3.125189336456313
4.575690700593849,1.2610596745828542
2.284266896164673,0.049897167316166335
3.7310832118575297,5.300131089591437
3.2392676730648127,3.355985877468671
4.7121062960187,1.5284561779685966
2.998743888077124,5.489977511561857
1.9540351994245084,3.5047114521952247
1.772766665144476,4.002129602992987
1.854440913736595,2.748045311692446
2.946077576590244,0.059661653928607894
4.026408541474185,5.1539962720980155
4.596327913161528,1.3740166866602201
3.9411488819911784,5.292482738585873
4.1437217151934105,3.0906329346783483
0.9971908507293443,4.3748907461441675
4.977214983570098,0.6788467029083052
0.9657386524943228,2.721983910117845
3.6277403167368925,5.127640274627428
2.185348123542794,5.575499590427972
1.8872343586069689,3.418683472032152
1.9789693807990478,4.655252272882652
5.5561370352394635,1.5474836803874181
0.9374334059288985,3.736636613804851
4.899305665066455,0.4007877393405881
4.711168956684878,4.8414062746900015
5.707296993261203,4.904811275770146
5.071013811935751,5.3984993001545565
3.859625717314037,1.3670207954923854
2.2668570919163002,2.3568249222729625
5.298632296202818,1.6318101663470217
3.4022510331724956,0.8055017294829028
2.896334897106931,0.6331055818403781
3.4814502218959915,4.87322979229878
1.6839422117033884,5.459679175732823
2.041811085174545,4.691655137207047
4.711392953397685,1.5625262908911273
4.556294260304513,3.5128876846535864
4.837680272074232,4.540555713414974
5.875020912068264,0.6149292904857211
2.0397582302083235,2.5964301474793094
5.766837454603843,0.4252113991801256
5.180901826714237,0.26834853534123115
1.8056808984322095,4.62300706555809
3.515264723435438,1.8669687230001575
2.55646829606029,1.651508633748638
1.7947771923349742,3.589438776150728
1.54373365255906,3.3512112349674057
4.24484237511803,5.954683376607715
1.2573772600474125,5.592618240505803
4.224607327657051,0.5890331848626822
5.051409734107407,2.9244307742499753
1.2534257862413773,5.769055538203859
3.204070200475539,3.6114883694178017
4.584232022502711,1.012168733084202
3.289076027009629,5.667463552277707
3.695587505989949,0.16133522632713948
3.8245427949645183,3.3029035791117796
2.5325408892343826,1.4404494769615197
2.8299788031618185,0.02799824173916665
3.3592592505076464,3.5783773533596523
3.0003046952682815,1.3661998437672114
3.9219053737807075,5.579123318518948
2.313839939354077,0.6982134572450387
3.4880131122097042,4.167790381994883
2.8772561280960156,3.389865061732844
2.9809975481229296,3.513857643088099
1.497329442927242,1.7366202314069163
0.47979243058344156,4.871878469647035
1.297611249375734,5.5193347742746015
5.968942576908852,2.6260815435068894
2.597680051023958,1.9820901240144342
1.7671843355332328,4.287574546806313
4.451281839767204,4.717637767282738
2.835875777305752,4.062892733654493
2.490629020730131,3.3218831798203565
3.141839679443044,2.9486760504131952
4.8030812192480425,2.4621677066489487
3.730871305844757,2.0142423621086216
4.662544858569762,4.0121842495847195
4.239786323718153,0.06913508255257073
1.5753185302219312,1.4696328397
2.454770776226633,5.120578421486269
3.4872016094890954,4.025430738316814
5.2358354426839515,2.5241503036923136
1.5026806668603498,5.001451959376763
3.066466689189695,0.8629161680555899
4.017153229554085,1.278441135790888
2.9774316274558834,1.11579659551066
3.545752514436059,2.4659168840042094
0.8084029225607157,5.740309297187423
0.8259406502468702,4.627775096606005
3.2726779406514055,1.3188836699696274
2.8546127454692902,4.427440851563266
2.353797017544416,3.1105603501102643
4.065182715105313,5.932114378561403
2.9614603774504484,0.557655979822969
3.0634640811015386,4.944061524485823
5.369456232321298,5.63227637295849
3.2749309372437816,2.5130753952815725
2.630173934389262,3.993129932372108
3.209214639457643,4.912940065869735
4.105961354238958,0.3613798924216005
1.0638856686740088,2.495994178080894
3.4171042510703025,2.0645896227523357
0.718197561513668,3.5394217094410267
3.5612483189457693,0.4590338931004563
1.273508606453642,0.7353517105696645
2.6464265393632673,2.5029220238755987
2.0166291391544617,0.41748830075508714
2.5630491743701977,2.5761576904714323
3.928952698971613,5.471244335539594
0.9008112025018176,4.630029626330453
0.5835842642392459,1.589514346125631
2.52071480711279,0.7116161828733263
4.684210888855215,0.5820851258499775
2.2964755784421325,5.675338850506142
1.2981318595388334,5.418143420998412
2.9772729921789036,4.835524781733854
0.08203597053218381,4.834268704262245
0.17022025527711881,4.985252388496291
0.41672104909024754,0.724047740591764
0.008864112037264116,0.4169206637015819
2.948750238790087,4.111849194121468
1.6977642210649808,5.648799240858546
3.33145927003365,1.8871864963808191
1.0559777649699198,2.0155211991065567
2.8784519701602913,4.739991357415225
0.4645390142161985,4.975774318159962
2.923374516567736,2.6287966289091758
1.65194719166142,1.300315529087398
3.7877545331469427,3.4760174097945216
5.162078304851718,5.908045918265147
4.991793570730467,5.691363634584079
1.726045239846179,3.0987859925802557
3.326645909471627,3.0356540830597134
2.857019507618936,3.379366022825013
5.036785549654709,3.2341362121071
1.5159844493693624,1.1480580584872173
3.0543295272067543,3.3451410113580407
2.0165049995254827,1.398726281239404
2.6760484144519054,3.7094310271552615
1.0741160018997888,4.568065352560048
3.788209964950138,4.057093184979892
2.290525269978553,2.519795872710608
1.406461193131569,3.207695228750269
1.4500668123047016,0.651133343316189
2.4306879145951177,0.8361291783756848
1.8943787631311197,3.4527296740214926
4.624410389835311,4.736246041778869
4.058723008401789,4.794744489636605
1.3859735890960567,2.6152139082305954
1.1685741738441893,2.983331729058454
