3.0,3.0
3.535826319905661,2.268834909158073
3.868091027553544,1.7914572060041816
2.3142465269559103,3.5434549116674683
3.2732228346116923,1.960672318162928
4.1290910582295615,1.657150971424446
2.367920145538787,1.8438207988776063
2.5921363550538743,2.0382718582983017
2.7769029738025237,1.9311940331308317
3.9445993651187683,1.7027231840747923
1.780218626926501,3.7588091708959874
2.5133043477673347,1.8926311091033787
1.9085913278311626,1.1211432950450935
2.797637115811845,0.8907885335466483
2.5837572238464332,1.670357615746154
2.5856567282821397,4.208255486661709
1.7741129215907625,2.469387166855349
3.708763668806336,2.3932315817972043
1.7946250245548632,3.823958220448721
1.0968219284248044,2.144475230883797
4.031897274150752,0.9777865924691134
1.5317141655392128,4.441975708212235
1.3663562770692574,3.552207635962708
2.236520527931518,3.0369519900074513
3.049218252329009,2.443120661263438
0.3163455220390141,1.796244954479976
2.3854565091443756,1.4718366858104586
2.680639351634147,3.250793177033777
2.9847041625487987,1.0328030389327936
1.09012564405907,2.4893575815380493
0.7596911941973925,1.845822337875386
2.595379621775842,4.830889194204491
4.016520957826176,0.1879263720440678
3.2778172013421774,5.280832394419229
2.8673277936812425,5.825516113949771
2.9464818691644794,4.846299923339895
2.6151227587928734,0.4135472193894363
2.0566791411827277,0.6705015258713034
2.991359720162266,2.6072849377241787
2.17229704512258,0.08236080964914638
3.238584988419382,3.885683628082279
2.124945203365733,4.363221480132508
2.396551510781011,4.67634300958057
2.6450297397816076,4.829202821320406
0.5628741414411678,3.2478551816248897
1.3517054140319225,1.4636014759978806
3.0537201164681833,5.407517914482347
2.621046070276038,2.1051517733120675
2.6550163790027748,4.986417383517113
2.7363016414621937,5.003419248744961
2.9046089193977984,4.35155195875093
2.511619726437072,2.1670082301748366
3.8641299953603263,2.5162433361293424
2.723135867076607,1.1577779688275407
2.991776503053487,1.7306784041791523
4.1311656238740975,2.9758913120064707
2.485496026642032,3.4403296733969686
2.7521961038336924,1.0385973226520935
3.656403999718893,1.2260475925052816
2.9596404052252963,1.0037095859809004
0.3064369133726874,1.024132886296771
4.34462905760768,2.3020510612654332
2.687617758459381,0.11934318318763393
2.5735603776113622,5.430074398840781
3.824285647567396,3.3266532589664384
4.082878291623823,0.8829492036695281
2.285877459471516,5.8124964928157965
3.3209650872085357,0.5278645051379802
1.5992496795320639,2.8881327742680973
1.3763423306162132,4.652585041069731
0.22028687410223569,2.8531806155162607
0.2609395407356603,3.2482476388038366
2.6621585975624678,2.4315573964175687
2.6775760940488116,3.295413725361483
3.8117360991400986,4.4966311980551605
3.3361027322830927,4.050485775487856
3.435264866695797,0.6279594289014654
4.068713501119138,2.507435778643854
4.392274825990832,1.458164445577206
2.8347449470928305,3.7577679478196275
1.7690484345375364,1.084922210639839
3.437310120796224,2.369524058549751
4.904971459946054,2.3291744459099855
2.7791651311812906,1.7157652116681523
2.829943605877384,3.521184269814342
1.5438665460627015,4.8165321928330975
5.454238712312324,2.235841114474021
3.257911945249786,4.52446070853807
3.9454608223187972,1.8305099315377045
0.4825583825709352,1.318255051560952
1.3745146538046742,4.270820209764823
2.3852659041388926,2.698575921097401
2.788699321640309,5.398783469793992
0.8909585033994454,4.680657553682226
1.3368147349982569,1.3169979990687282
1.22049289878773,2.9483512609690212
1.613714841200217,1.065809543961094
2.4829793090278516,2.9094589864133242
0.7678188713549288,3.669928653925849
4.653797496387418,3.346740734126647
2.1706608720307607,3.990562579942144
4.004238707957008,0.7181915812637454
4.5591033345036855,1.816264690489212
3.733707883446031,5.326365770079343
5.480611326078864,3.691529124499933
3.9483731969392135,0.024739764221096472
1.913350845707321,3.3260323203030095
3.3956176494144312,0.9372697847272602
0.68577511866092,0.7582495722240101
3.2017945666140504,2.3040216241743465
1.1907044036598968,0.9595136242687681
4.617914157424211,3.463573030679096
3.0353403984107015,1.0627533200088684
1.6736996652185503,4.914972293776609
1.8458031434537019,3.914556478151079
1.7454088775315435,3.842123141832359
2.480117320296518,3.238792659420822
1.3453807262401656,3.838104622605973
0.14075960304318613,1.4310877029849467
1.6595374958421096,0.17122232582526764
2.865424687007166,4.5745408784667525
5.9125412811018645,4.407384144972397
4.364724062859865,1.4130835233768777
2.3936123484111507,0.8461627680345987
3.7880225277497788,4.7321350510506
2.546205684431987,0.4712979787572342
2.249144589252631,2.330866186781921
3.5398711472476885,0.7363942397530421
2.520572200883927,3.6940978433954546
2.834343080490039,0.5883324087144286
5.0585167246351475,3.1331454671361008
1.5869136290855625,0.7478050190573606
4.361364583734362,1.23140975636844
3.9053854591346364,0.660052280439666
1.2550164231429906,0.42222091512827875
2.749867943713495,4.021900892254386
1.5526377607985828,1.8534483104615742
0.7657392273795576,0.43488123442082016
2.296768044753382,5.2876252266617545
3.9602146470849804,3.2916321941248405
5.975180221310344,3.0311454299160343
4.51555384540232,3.9141934450093903
1.5509645833600183,5.207516700032199
1.5033047775609325,4.792758492426042
4.89362478386132,3.3575657835379236
2.983636856712759,3.574116281938365
0.7695496637153707,5.133862227177193
0.7524135892348818,0.007396808102009933
3.4929726060695403,4.829650304853451
2.217016484200978,4.080788357054162
3.8595319918993765,2.1428247041583215
1.064318426280684,2.730867785217641
5.917223276821488,5.274289650054249
1.9046400234279606,2.777768644611606
3.1791042396748534,4.449343991581038
4.277146394294439,5.491056242437615
5.487936350946153,1.942734525681156
4.817016764763798,1.5198442530940703
5.361502988762425,2.00837950088283
4.301419745460403,3.8040721531206017
0.2182843456487913,2.575791830696148
2.790094914739342,4.239843201261631
2.9393008801986564,2.183938975859145
5.776109460476464,3.225068501774455
1.2577875113001038,5.795735794733669
4.673294993485239,0.23056554303292232
2.09883116352816,5.131363815923661
0.4989337689836584,3.2220127691984435
2.6735770323708756,3.287949179656046
2.23043832441644,1.489956043347446
4.705215914000169,2.8467870576687266
