3.0,3.0
3.3260757686072284,3.553752348145733
3.056152593224819,4.1913502627486245
3.2297752973413973,3.2508651475599875
2.894330863549997,4.3160338317325575
3.326484110810232,4.9075206346921405
3.659466758087617,3.6591060288816513
2.38294431823088,4.219361379727895
3.861825095009004,3.2398141998659074
3.143324527868625,2.8078868481124934
2.8109262363703977,5.266183508126551
3.887016462620724,5.334120987950786
2.68824098541669,5.476023102799509
4.066975237128739,3.840938590283881
3.464724759573036,5.266779872976208
2.219226381053165,2.993727143871088
3.0769150258383053,5.136452922957432
4.092458576087861,4.522743397037628
3.0791615357536353,4.1974930002575945
3.1461605168405606,4.494328653452698
3.8846212156774893,4.503013091353085
4.630423184473475,5.770022073165648
4.140204976434333,4.241486603640892
2.942071316667258,3.4904100396856514
3.2464514955362107,2.9229059678244695
2.9397011626532112,4.809334669082311
3.370450679820541,2.6516669039923215
3.153786309401816,5.1518563666366
4.147931293044288,2.031346010260969
4.238306117667416,1.3602494871498274
3.2968382715564313,2.9227357636128675
3.2191321643262136,3.0410588436801187
2.3589021592665036,3.0743053315365874
3.236621793121375,3.5228660983014457
4.531824660161212,3.873822610369798
3.534339064611294,5.062371620877359
4.210683046830349,5.952770498280342
2.2157150401277326,2.7541822021857887
3.437021674189262,2.858995509644628
4.468219624915437,3.2868092953680526
4.615903132123824,1.5728197757764624
4.108645234006382,2.735469691415193
2.1368166468037466,5.2017467301161755
3.3388747664724407,1.1369468547963641
5.399219677882773,3.9650457401785024
4.837727286791679,3.1037960813208265
3.7248348465635717,1.577468945650852
1.9358360418442564,5.70142730726033
4.614267594728975,2.56963674593379
2.1988059945854137,3.8771932429643736
2.389581421389464,5.517914120607815
4.257703350287191,3.8499268196949132
1.0180830238030063,5.907689460742678
4.3953900097548875,0.642907127041187
4.371424396802327,1.118089765324599
4.336820013472327,1.8977851036080902
2.0866830254256943,4.761135513119044
4.2873454642570215,5.218055778051678
2.855327366882738,1.381581371063132
4.912677639112605,3.4557084987429594
2.15874036572326,1.0014708212865295
2.8492511670830085,4.0448308163128885
4.392145877448951,1.6124626435632576
5.0017284456238835,0.08473516801951986
3.545896444731658,5.163761514598827
1.8509123207907703,0.6120712191004996
4.936176639189538,5.427671272986371
5.3860570742962635,0.05194589378825798
3.44070782268886,1.4574294233925131
4.608229569202391,0.35866937185011083
5.4304836965480785,3.065936235067528
2.051232887605542,3.459932226940293
1.8225027947116552,3.483193715091617
2.384601181743155,4.633894634258045
2.194003684742015,5.077091365844975
5.959961327567856,4.26851831422549
3.2834967077106514,3.8995587499975484
4.3126314973369055,3.574105422847807
2.920087231186683,3.6431033392691994
4.8071287952766975,5.612428147762005
1.3893446051287974,2.6050013266256316
3.7795893278090524,4.644500094548096
5.340403741057429,1.2952496389862433
5.154039680649428,1.0902967977455649
2.403280071143848,1.1435563908715702
5.1792381619247845,1.9596844317292008
2.939518722494493,3.337634375366357
5.9416217970337675,4.744447842127367
1.843802538783429,3.278152445482704
4.6969279649751545,5.415279838896168
1.4828358007232965,2.574158457658733
0.9497955927189312,1.960656000177589
1.2281225464282084,2.9779599256104876
5.863610165006776,3.0268833753290902
3.692670474914876,3.742735787082086
4.818588203915746,3.2597342330512578
4.632354862212988,3.9043717169872965
0.8261395700334142,2.5222537740341977
2.0304866203184657,4.677568252931606
1.6628915610574646,5.288661958104912
5.20886444675048,0.8750137579531976
3.1524453717368637,5.362896483257343
5.417858663414707,0.9858688274613376
3.876690261078797,1.7467939713311793
5.990094086542451,2.9499168020898248
1.2477351920492552,4.561482525486775
1.3854607013706353,4.229082719027685
3.1283620198372577,4.786922478289138
5.134768914261903,1.2516848231294957
3.3215911628934647,1.884242602266361
2.738821927160239,2.084126483717373
4.3606010776339215,4.453632241434319
1.9070955534169673,1.5597908440038182
1.2004830335635672,2.1601163726378467
3.200513312567331,1.4001871326668607
2.7827995130673657,5.943727955080283
2.3155473563031554,0.7506261222001123
3.7538265138338263,5.757552501783343
1.8502037741654203,2.688077578864323
4.33327699353414,4.47012942317827
1.6494179875207318,0.21211518485067749
4.169717205379875,2.7442464849453025
3.322783626457464,1.2434496506680839
1.3584236908839056,4.0847811981791695
2.4874663682775555,3.0128894019559063
2.1386302842452434,2.9811827897340843
2.0237747136876303,1.9284813286591687
4.885931280483006,3.29428026266626
1.1749868881428491,3.3653698181156173
4.945734845486233,0.7278894633609125
3.269474665555598,3.1799916106916797
2.9634327537559755,3.3990888113304907
1.4100229580606192,2.1299130958391626
2.1615192499477827,3.453376374416533
3.644085158456626,5.398933538495784
2.390715124918878,3.4125510131087444
5.07858567051723,4.349445039157574
3.7676938874343087,0.09001912837963899
3.6200888555273485,4.905245052204438
3.172096182696952,1.463888319350086
5.850917831225294,0.24666928491704643
4.1371762336959215,5.248566314208707
5.55354036327669,2.337418786641982
2.1890749890795833,2.0080080898416965
1.834186280290568,0.47578604685055237
2.7234053823708093,4.5536818634447265
3.6310463968296633,1.1861578432472186
3.374988699334166,1.7884529456655167
0.5323431620717327,4.7132397593048445
2.0081328581512365,2.154889253456461
0.8819192573880623,3.8485584780702107
1.3850918842959459,0.9794130163838002
3.4207441391646563,0.2737345461693823
3.649203871463966,3.4962703502319425
0.408973913617245,4.272872191157128
4.94734713251029,1.8829746143131578
5.140318546365672,3.885802628017375
3.79519991758453,1.087271891351422
1.0529201360386438,5.778772069857036
1.7418295619024706,2.7719885178355073
3.2209090430664067,4.558150263923307
2.3211008388472285,5.3345453453266165
5.122238724703847,3.1792963311302476
2.9854329902642682,3.071991574213027
5.888395217700051,5.040664020202559
5.448991147051718,4.019269768256349
2.625787048445992,0.032550495508327115
3.396508453012972,1.224522574335963
1.9434454377643609,0.6501793612487616
5.211401035826128,4.499274489274091
4.2642696071502035,3.977189648315893
