3.0,3.0
3.975723171955271,2.811017097131451
3.0738529631003075,3.1950823986641694
3.308506498346951,2.2471225665084846
4.886044612281312,3.1331536394820185
3.3549073219369845,3.6049221100430993
2.8379427972162667,2.9953641020964543
4.64268452432557,2.3065289364590322
2.7780811129564866,2.727460265192688
3.8016563645801327,2.672987227066473
5.356517141304814,3.283337747286959
4.401992072970904,2.668544337929351
2.5090423951101832,3.280952574794001
2.0459315194355607,2.0690945635984397
5.023029189817476,4.1023787249672
1.5617453561114945,1.604502496572897
1.528852610285876,3.4542890534199
4.4300218754344,1.3953947800237823
0.5737695939972904,3.6878562892759925
3.2223069656523675,3.25016735378032
4.773327529060614,5.0247408860110205
2.0598174111750107,1.2461624584707034
5.921993572510042,3.5454156931604497
4.567295241202141,5.980143020166356
0.6417713756561161,2.732892034107171
0.26704203739491095,4.41504760173361
3.666135593370311,2.99852922348426
0.7264939586785022,2.37194585722317
4.725643641980124,5.783924849556117
1.2466338221143685,1.1316754346198825
0.13798437688299803,4.169617000922683
2.810134327027555,2.9695986637581675
3.8625870099032156,3.447479703664246
5.215205176057421,3.6428884433831024
2.935242369128177,2.449283939484424
0.3194914857918143,3.9986754686452843
3.177721715313495,3.837111067658552
4.826847454884862,1.846741317605943
2.500355846429093,2.800678802649537
3.9827856919016362,4.8870440521672105
4.846483530506598,5.493813192440049
4.675195906482003,2.839828502587978
2.421029535428306,1.9443569550870916
4.56978110905185,2.8470560584637576
4.550926439101417,1.8656847938284684
5.762304386446737,2.9120855276367306
2.9382408705920255,2.778185222131834
4.1906848724874,1.6362088053222823
0.23633009072228783,5.247022877328241
3.2238921288927127,2.812385679882759
4.655539735731889,1.075153365861095
3.558108793748795,2.2036159601183503
4.059096704645505,1.023655892677564
0.0380189810347098,4.77220682838404
4.872064862802958,2.246218703831129
4.680787460160661,0.21195918266685054
2.0140489932114694,1.5323356479237047
5.502347324427024,1.2500417225570049
3.2725925018677975,2.841168293971827
1.2799159585373552,3.039494526985675
2.8811735770682247,3.1657989697620974
5.170026292253411,3.1133101951521094
1.7732072686865705,2.3817207360904558
3.7747495777707503,5.862537933872829
4.312653171793591,3.7499676182776076
5.935957496479439,2.133501380962702
0.39316804835922814,4.834588946186038
4.892189835418495,2.635500292580682
5.915011389189766,2.426517713351184
1.5996590952108058,0.4798812064163911
3.709758901348782,5.74265913282225
4.335904573447888,4.573501266274542
1.2352667280148182,4.433779586639899
3.9348148330863664,0.2915473550447574
2.2891569958122595,4.077371044513529
3.83732439299642,3.5593337536844603
4.730387641154451,5.5459918184825385
2.0716000154037246,1.3052851785974855
1.908978072914786,4.313687777899613
2.7023548382519595,4.482562694748595
4.9771510383320505,5.165447678097153
5.117906519827564,1.8425367171823994
3.698103551966951,3.2442770035256805
1.8669206661806896,0.790256858203489
4.799863568059914,1.3640938305071844
2.9500406355964603,1.6626048616012556
5.101073079348866,5.53657767906606
5.294922373784933,0.8675702484486099
0.009857774517040063,5.1352154097136555
4.178403657404622,5.824535358590243
5.21597949240099,5.191979928541679
1.8577420953218362,0.2637594890168875
4.6366971494775875,0.00474831871154735
0.7611441466599198,0.14588883109551132
2.8835513802939237,5.099958218102739
5.1220126541971736,1.0253531440884156
2.7800894579295057,3.7047932483586594
3.9417484248168453,5.397022280643581
2.314590838154617,3.8445794167682292
1.8172390797080047,4.915274290699555
3.9644451853879126,5.237203871357344
1.4340861380153185,1.4553081795969134
1.2804802163552818,1.4784495043561667
0.42115138794710183,0.2020419430176681
4.153105999355162,3.0324485659377345
3.4417304685067496,0.11110190412781784
5.910596797910883,2.704654949767182
4.282458850230721,1.163505104478577
0.9982585764619842,4.87548477232846
3.6107224076941735,1.8664575945535866
0.6813713512600992,5.834801774109784
2.0492869862976386,4.9480313288783915
3.6761417029207726,1.230451223353478
2.580212341503633,3.423599367270502
2.3252906720195656,2.776219461690559
2.507923846244939,1.5019915288874157
0.5860245297991027,0.6209055914819164
3.242507104849695,2.2838620465664867
4.017111998056562,3.406073429867732
5.966041460526739,5.843375540424067
4.948235616404221,1.019674079862398
3.499714054338492,0.7411300360427187
5.63328467807987,3.289120048376115
3.296669483879047,2.338507886225446
4.722001402060159,0.10511177778846159
4.663860640086159,4.48293672451785
5.845022226238853,5.266227390723869
5.7679444987114215,4.300863310336592
2.8650191908690585,1.930708924474703
3.936452440805484,3.529291187489822
5.626092434144613,0.8054475208288219
3.67448467867469,0.4385694624764491
2.038323553608189,3.962302636427218
4.834901714225678,1.835407885041333
0.04014437332001064,4.773564618328718
3.5532482348887835,5.08811712206752
4.765143178624618,0.9256102572852978
0.09038449044811259,4.123863585425257
0.9393812297546145,1.636890247594523
1.2707261675305297,3.800834355822964
1.8218998203780132,5.527260605027746
1.4798575912933358,5.375295477514815
0.16528897592719782,5.045847694252984
0.45880290245625543,0.3970740281754679
4.150743874459518,1.9739696836017366
1.2096458545469242,5.894155792168376
4.532539834239762,5.079709182972613
2.2418710057162143,0.3920426959710681
4.573355579483076,5.909903717453356
3.790181992726973,1.2694096294556623
5.367591101281592,5.511329209278348
5.403195119536087,0.43526340835380695
1.6006724979297864,5.404821854429315
1.1735916714487646,3.099222150736291
2.03015723734445,2.966230977604063
1.4029526837486823,1.3457867386996905
2.208566130371877,1.2566672003434967
2.409312205291446,1.6702390823787978
5.757207268182854,1.3817352400232445
2.201192827856209,4.261223927850458
2.3734453312850974,1.3092594415715386
4.21847237577677,4.224828204430319
3.977114085500509,1.8076243590293923
4.362203260210785,0.6593056834793911
4.762643214788642,0.6898380061698746
0.643342900450601,0.6407680710157988
0.8066826853422948,5.627796832520663
1.6258683249527004,4.79138402362519
2.2258072880443915,1.928883871222791
5.191832891887201,3.2209059384622383
5.847093296201523,3.8984173796282393
