3.0,3.0
3.9573544391747486,3.2399111814922206
3.3543847607692294,3.7738831720804553
3.6000270500739413,2.796091719103699
3.6676346621481937,4.0622113701026645
2.7125367114286,2.060287231154843
2.160168665446318,2.613422995752237
4.392033307317455,4.129633443538757
3.25370345838551,4.014263251512913
2.182093498751027,3.2570886579432985
2.2658168671788337,1.4954182493594907
3.179739460358606,4.8577200219622885
4.6919893921347455,2.6197483702875477
1.4260211971908514,2.9580699163151114
1.6741165614905604,2.249652717407608
1.9002601069959477,3.134509029705091
2.5973459255867213,3.0576756009186354
2.0823320467087507,2.3370827545550776
3.9900889347069177,3.790950578269208
4.828049077143494,2.919250061650353
2.589519170468468,4.339022122343288
4.826670531207404,3.509971797258009
2.920272591719982,4.165717894625482
4.699356208300403,2.693094112964714
2.251176599637127,3.614019715447532
2.493391571441637,0.657411287839915
2.9408470058079414,4.497712661890982
3.6754807144966506,2.263211314078748
3.484347050661907,4.256530404944554
1.3152443271160874,2.127046389647389
3.7350871614498597,1.635594274241563
1.6707914223486686,1.8238597347469059
1.5932945421428801,2.4994258535461964
1.0034249205185721,3.1023844079801197
1.452082466858426,1.8120628747782122
4.7991181649111985,3.5278351307760376
4.0126866635140415,1.7735792587103607
4.491105473676514,1.1831631230848214
2.711477529833849,0.7468368419280054
5.099751523529841,0.4771247113488206
2.3617235686254094,4.532487012482713
1.8323835770982841,2.9366502060023025
2.38906837897094,4.773847736559984
4.313916984593997,3.3169787136225377
3.9060635766207907,2.09116650079223
0.9977112945456095,2.0286223722451604
4.216326107861803,3.796829683245402
0.657710643723231,2.6461339957360135
0.8320973158568066,3.853117964977934
0.1357792355248051,3.8059290310518312
2.273097213289687,0.8212016108833955
0.37633109917893925,3.000409822221762
2.7432579220557907,4.666304003720446
0.7771711958603402,4.728590394668348
1.5581885625595622,0.32691534787808774
2.371189327941991,1.6956818225220422
4.942249257812953,0.7966101934826575
2.990118811084571,5.167995859494953
3.9622979664907203,2.0566181049651133
0.7259186869838217,0.25420321329074214
0.8562412094919585,2.6505439660026022
2.945907323971232,5.881453352297868
1.5347657645062909,4.555993445822763
4.155554828366211,4.886047518634945
1.8513648609331776,2.2306997564190367
1.7859539144949337,2.2130112146714036
3.8948150369632675,4.113860814139851
5.506506180537673,0.7524905768219692
3.574929003245512,4.502657171234427
2.8934375249812088,5.238847190268933
5.274728056758043,0.42999732635010246
4.000918809188408,1.6934652498351737
5.060933424372234,3.663699719453244
2.6269997816076254,3.5038168021970475
1.722001379004971,4.531449706854278
0.7041851941550883,0.821549302375479
1.8371879503633457,5.09419592295578
2.9939661638344957,4.223755264514844
3.276852731877552,3.804770988240242
2.512250956393549,0.21244737623686016
3.835644745479997,3.6912296939455955
4.6803479468539315,5.243540825234305
1.0683336686484362,5.395292048220044
2.170213154646886,4.959734824528769
4.899530642802266,0.4440736868194799
0.49508972467362966,0.7224355291011355
5.384746279959166,5.821784600076838
0.19810561103434865,0.5055718870577675
4.0410342047357,0.37290165315098234
3.3101215893706124,4.323920494102074
2.380788000971861,2.588214992743053
2.3023842467415516,4.212275737556099
4.23392708227896,3.4316132621166817
5.078439777261332,0.12421395911332889
0.5601407532766816,1.5415773702918594
1.40530204563976,4.881752031362394
4.745986119379523,1.8976153437569232
3.4251621910977184,2.7558041253962116
2.219905147860331,4.055429515145246
4.349025183427678,5.423304869525018
0.14815487209394496,2.198255204295112
4.442261173209443,0.7685118208410426
0.3210629820616866,2.781991630382733
3.9003060699311023,1.9928114884651722
1.9774662804161482,1.8507075969836335
0.4230065240510821,0.9872582084221555
4.928367082583145,3.5547855455265913
4.284362536946906,2.7557807905051552
3.9551442197626194,5.716845633773539
4.911161135253068,5.705989370917734
2.35382896200931,1.4815272685409167
5.756430848244551,5.227161484820039
0.9052003778501467,2.5081681961108533
4.700719511000899,4.012500755767698
0.5514535562264768,0.9463037456192891
2.341895990131625,0.6917784581646309
2.0723444785999776,4.737898785970197
5.3703995656076,4.314593318314016
2.7014630512121194,2.0202372468261265
4.684528968640015,0.9330038790011854
2.922032647981515,1.254250071539238
0.9683120885671779,0.17545303776411192
3.221494889877422,4.026220700236447
1.622747770668588,3.9673454416997203
2.390165186603169,1.984498365957871
1.9759730241931985,1.504327573544805
4.083121537916146,3.6401061567474224
5.66600590984123,5.822996822408158
0.2948657065093496,4.36793440740194
0.871716223014898,2.642462368089044
5.347878315578171,0.44232636931788116
4.2230035532896135,0.8108530346936926
0.7610017133643312,2.250662435529776
2.3784881696586524,1.4454691127364478
0.45496358115907354,5.590012792113958
1.1504352465987568,0.8004381056246801
0.12777465711420932,3.48027036435246
0.6673245258036757,1.8788733079490647
5.374043445498504,0.4141633641446203
4.287559658477748,5.643710137830238
4.004723474832591,4.48531859559887
4.773279039998449,3.365013448304981
3.6688349299599134,2.0333320144855103
3.4287594037371454,2.404079312287466
1.2193775166959844,0.5720279628599458
1.692499013111318,4.535300227542238
3.6413847185027004,5.670591836273813
0.6880188566526275,4.3973895323211725
5.215788606001254,3.194934214172761
5.834069365638356,4.686323887921543
5.223699645215339,0.1193919833502195
5.020521800990813,2.4650411289820866
3.062200952315849,0.0967603042884908
0.3835896570821715,0.09085229313874454
5.028502191936221,1.9765473418381452
2.0322638155295705,5.24938512664956
1.1918371423380885,5.592943284543983
1.9138924046627293,3.2212380553023663
1.6086792575579674,1.093660833726186
0.14813457016315779,3.7401649018063656
3.6257326240829713,1.1737814146577175
2.1269608673320306,0.09376266244051279
4.365094650087866,0.2848277510083026
5.934497772702122,2.5899050971055755
4.4869709419253425,5.996942761468954
5.564477673139056,1.9231760784519196
4.131187699285013,1.0735451107882945
5.0821551628123665,0.7895852305349327
2.344582336861227,2.7710282660864882
3.6215912589639423,5.645551074270696
0.7209063260777229,1.3641066913521014
