3.0,3.0
2.395519698827682,2.413020865364592
2.28641173148839,2.013320211952097
1.3247383345326842,2.1148996702152534
1.529937320221671,2.7374362193711015
3.3005732154496785,3.3368779359855214
4.136549419970361,3.5204404080228398
3.323270971073338,3.491870938251634
2.697915503339858,1.299687417758225
2.0503064579199304,1.970789830251716
4.907352425965328,3.9250414799095257
0.8853423131695592,3.2119445772918
5.532265576648195,4.238395014132055
3.724427893333627,2.571393610634206
2.91975058160091,2.3853669588420185
5.49889002115504,3.762901931902211
4.905563530878842,3.661078148488202
5.7875917986866865,5.128769251628283
5.60832348671787,4.728379611869893
3.99442871612509,2.840518439730653
2.390754345768105,0.4260898155895114
3.5249885763216433,1.6473290191380443
2.216318564722674,0.4893170774134967
1.4323677479202772,0.39262971671413216
4.263480457022726,2.737254947620265
2.210334351665088,3.1387521039218234
2.1752443443734277,1.650073436406103
4.992610039455288,4.171720780659692
5.027611843635618,3.556669802728003
3.119173823843826,1.217331443284438
3.6778801999110566,0.858864142268869
2.9585323314314507,3.0154966897748916
1.9792398312461652,2.7857256538193185
5.189604947523469,5.440218134242329
1.9988010682992121,1.8785050328390658
5.657115967603162,2.8824082615663107
3.9113252156295926,2.690538044836999
2.100811687774769,0.8656093144372621
5.615276079769672,2.835178982411294
4.119010691450345,0.05232239549773321
2.527269250329772,1.2126512989207163
1.1668232626800696,2.9508869995971754
3.5575472377991355,2.91606595343418
5.6275930935447995,2.8626526806405597
4.457021397517413,0.18284699727044518
2.02075165095082,2.3863787886786323
0.7800357201239894,0.8147849197386539
1.7364613385891845,3.7141005673930425
1.0410638926690048,2.0776570839772424
2.45578743283083,2.023614287863051
3.465558609082126,2.0000076958126294
2.4339228357809013,1.7466706115409159
2.428622643139602,0.9681632863736236
2.8927263984610585,3.8467100848876323
0.16713634362643726,0.3592136944944575
0.6859802040484844,2.6772692062808217
3.3394450383607928,0.8099924421819533
4.019826522125706,0.18710946879811896
1.9625067133186294,0.05540259676988901
4.1439009978387205,2.2518969324603972
1.7892184807510603,3.8179365407016363
2.4538667456418177,0.8397258186181529
2.370929306064422,1.112135014274815
4.79510493181504,3.117755340174366
3.6157076848775436,1.2219893291334782
5.855124973754846,3.6410759207781327
4.1268785689912955,3.527649270879457
2.654144204470893,2.6246814708555153
5.2567074141865655,2.34410394489021
3.8474200853225993,3.4955027405749526
2.3833444031518893,4.216520229632926
2.857879717831497,3.2201269777636634
0.5466753720549005,0.037352396529468423
5.972546820979226,5.479641896322662
1.855867929908936,4.632081192553254
5.631967437887708,2.363909342096761
1.4444598494278305,4.523495547822696
0.09915917173073896,1.9682129555433698
4.228399042435779,1.8286046278278467
4.108879294725684,1.8035730925140372
0.8983350014579956,4.931349119743064
1.9787876390666423,0.8419141926936082
2.6992247168720187,2.2808176387530272
5.780578837148164,5.83380351982758
3.3802865920031744,3.451268689244552
2.719000443393674,1.394278801171501
4.2940825505525435,0.917599286510093
3.755741792415016,0.5797801631079704
1.506752972388802,2.391534001480232
3.2185378800490847,1.1999125461369444
2.2428270393426577,4.425199344882715
2.6855511423182503,4.304634649149124
1.365605905266518,2.0153510881129995
2.029914942810046,5.155947029553907
1.5728551610585328,2.1859757140995963
3.556237229109728,2.606288076717906
3.2154822008225437,4.25007628659633
5.426056700887711,5.294368751930221
5.144826039668317,2.5373702343714184
0.43596299082474954,0.4529651975372284
4.60159741317493,2.9292952266031884
1.533431772624411,3.981511971293942
4.387127291565111,1.6780330778214316
0.09978790867168974,3.1323802415542836
2.8531972828878605,1.6153087714038132
5.009479228145673,5.519982818823302
5.237891148036001,3.5474097131984674
4.075097145557992,0.7162006423556331
5.669909474361953,3.8619581603300865
4.103020743982416,5.872293915547031
0.3644182330934129,4.947144107451337
3.2657548363238167,3.7529850936393245
5.90915821598855,2.4137945271145105
1.0798158673267542,3.964531090862261
2.977292623579472,2.115755223766528
0.07766020040272492,3.9325041374397918
5.094080615403472,5.932572733217255
5.331769831853918,4.425110096134082
4.093804199690825,0.24961256020114964
5.983525493863091,2.321326481618189
2.5224022635755574,2.731128061639984
1.8703864448485639,2.923651963757491
2.702156307239519,0.3590514853485369
2.7774651081488075,0.07861895648183226
0.8613686220459993,3.895017280972043
3.5169039350286466,4.715545054256118
5.943050180422745,2.685022267252663
0.5137876392089893,0.22544924848907533
3.947333945872709,3.189162746541589
0.10735465698328017,2.3169346490112863
0.9696197714656578,2.937818679613839
5.686120983911447,4.532949950714065
4.3535160628181355,2.0442986129042278
2.105728117139802,5.822593140657116
2.2291864541378676,0.7788525235974602
1.7670831615125442,5.8047799410826055
5.382336212643468,4.207600284871839
1.3365461826841503,1.1871607563481097
1.11794981710994,1.747022766243406
2.9592537823790837,3.3704764161786267
0.9330624409485608,2.377118050121938
4.106193289826003,1.1537407454124002
1.272803542406639,2.208544689997452
1.0409260990616471,2.806037615139439
5.176542095283097,5.307417942329563
2.5596503269871045,2.9800657173934093
3.1425024065365057,1.657837553452405
1.1114518991388354,4.240483173216871
1.8152584065592656,0.1721187283706267
2.274191017017812,1.7181802692404118
0.03091337499722102,0.2721883550702182
1.4702619701741382,4.737774464340973
5.011994050735711,0.7237964415580345
0.9514319405613729,5.170929694985289
0.37191739743828434,4.5681790199084125
1.802330455664617,5.038343350274894
4.120816403863179,3.842477898118241
4.49161620911401,5.688061056567803
0.3547351602305113,0.5024640898053154
1.2006417499310147,4.405523243256556
3.506482850664533,4.2553011264094645
4.95273968710951,2.9140294092539527
1.6251123569603219,0.6894964919452407
3.4319542209578033,5.416020357971515
5.242765326452492,0.9702946550093883
3.6586696328015407,2.0972007569604942
5.729756404590699,0.056023891798081094
4.52756218393461,2.0570785870078367
1.86751314971043,2.8856589162994437
1.0407855929391516,1.2224154844907082
2.267448847425518,5.674514109748804
