3.0,3.0
3.808037407738227,2.9372275201791145
2.308956329039618,3.195714806745037
3.3029339862279423,3.7306805795358757
2.153647983009705,3.338321360481723
1.26148965062901,3.4665374542173817
1.9765962137589947,3.1020832750063527
1.7429900179830362,2.7513085328662488
3.448637578725589,4.026734110400863
3.449656154396516,4.1543620748890735
4.227833603460574,4.49195385719514
4.491686866119809,3.3784729606490607
3.995726375240185,2.186915336263873
3.540949298475143,1.5601843213924618
3.5695003132919276,3.1420679589167255
2.740888416582456,4.126148949993396
5.185061371798424,3.8441540722752015
5.751564099876597,3.6512515229638476
4.063471564818821,1.3499935418774838
2.673212590589582,2.387792140185371
3.861319433143846,2.715149878391313
3.8314750902190235,1.0581582773181086
5.9116239319354555,3.6124055385445137
2.661957541359511,5.103647377447515
5.668550867237177,4.384604052960522
1.1692613728379015,3.4690256623363296
2.327383705890779,1.4848741019890366
2.4989835786823633,5.9726003098265945
5.661735981348603,4.493465327535732
4.263983005558107,2.7490471561480287
5.192307160623256,3.106449525455144
3.7624867287686987,1.5122665976089962
3.7562394676488844,0.6710834354495301
2.4586328667649786,3.208117319000256
4.686853019646344,4.296774785814154
4.33361058502654,0.7383780951359633
4.134193009679203,4.0866395866000325
1.542452678272724,2.9904652293835263
3.874962092399609,4.267508201832588
2.382046862002958,2.5683960048937498
3.196075689794167,1.6529820456875737
4.907533669036508,2.8934799324769918
3.346805852923072,4.054038546317123
1.2085158580258946,3.248322045111025
5.163203852761858,3.07651861221147
3.314046021142578,0.8623129217496852
0.9467973354154633,3.793574042558154
2.023844402377871,3.3838260702923417
3.624366738217091,4.006930300414068
5.291725002508524,2.904609935662261
3.0534374488269957,0.8337109451658744
3.3742623803718645,4.987064629227881
1.6188321716353693,1.7096983627870224
4.592349557989787,1.5720283868327445
5.172838564028345,0.2708121881003678
1.6606770414967604,1.6511387278609448
5.674383522954072,3.926424576241174
4.988766492383934,2.529223810659556
5.418430265933464,0.1026823479969674
5.477604238756446,3.0405028956709037
3.2272724600138707,4.642914201536245
1.6243615127294304,3.9422100179489252
5.987206209616004,0.7473889772714397
0.06520159895846511,3.7671698276370496
2.3856422613133685,1.1871968814299803
0.5761972407431581,4.349322062529961
5.587761152934743,0.19097685055691516
4.036949785001122,5.31530814037205
5.295016005852771,1.4262089658998047
3.872579655052511,2.7426714035830946
0.01939087983479615,4.982397941500436
1.206596475089626,2.096318209013444
4.367135145325803,5.018799569164851
2.6519212366593496,2.371013066447655
0.23660547948354615,1.9762896400656758
1.6180729245247611,4.7263245845335025
1.8959301339648158,4.944025882365484
3.802116789933128,5.280142299734942
3.6701099571259075,1.5496158515561282
4.389881081543315,4.350990700584498
5.183216789818447,3.7105053298382438
4.214187309992491,1.1229610927478455
5.03440362276381,0.40001744569020903
1.303861753419056,1.3154132573755084
3.6169886896258214,1.894527927491007
0.6490873719212604,5.519847092269944
4.631878509645592,2.9666439189204494
2.359895721579725,0.377659830093382
1.1186237794859883,4.048839781342845
4.154541698062326,0.8251629121562842
0.6390398727662283,5.340179947602465
3.1293145240114315,0.3393267028025131
0.5923608219961563,3.8447235892040337
5.346039157080428,3.9965937026357734
2.5761004723514125,4.7301779227088385
1.1745196675404788,0.5917999766700268
4.757005873955528,0.6250854674068682
5.477083607900319,0.5195003164383956
2.7411870055748366,2.236552898707151
1.6452018637555412,0.7673366980574423
5.458856200645918,4.804027965182345
4.815739306686446,5.023392019567842
4.371451416639072,4.633585639480627
2.8611191228149018,4.558107181834393
1.3077714829534184,5.97410758835307
4.037224831935552,1.1604625019248518
0.7852822101970807,3.4506060687608153
4.5331067817631645,3.9417667690324736
4.607487395500962,1.6652149426438774
0.5154272061061758,5.276327813144905
2.158207429793509,2.740120687064345
2.4710002849685218,3.9396362507076716
0.9657796396156784,0.32679737462881686
1.0641936878951572,0.6742974490066731
5.272671094673772,0.0029708412633804304
0.35859195776977537,5.043063237284399
3.424344571958268,4.426335539933277
2.8348782042589384,2.3071259330675655
2.6431199590873344,0.42771536546004985
4.653772030925435,3.3985491350872534
5.703965551508138,4.593124734692537
2.8990822137511243,2.2564617122337403
1.7189733411151176,0.8412636900994903
1.2144723411160616,0.24928477720624298
2.167083626638685,4.4685083611621845
5.22396897687948,3.2816342402367944
3.1038086360678436,3.7715382333373313
3.643667625911998,5.092218755405128
2.5335738044380642,3.6359347801207766
3.0080133376244023,2.2202599564096497
0.09656138055637897,2.3257144250628894
2.3549870031172455,2.0640886162765506
2.758336106270297,5.318717309247
1.3604662706336375,0.4321123143281522
5.071646658215304,1.21288619510305
4.3077969752374425,2.6359010051788214
0.0653123320515967,5.207863379203801
0.40125635251490754,1.791657956876721
0.5400542509086566,0.1926235891153858
1.0650747604042512,0.008449870444116048
1.8542746672071022,1.92977969054107
1.6604812007940997,4.836636468398783
2.7992030118470606,5.215737757348641
5.254430176232046,2.9305109451859073
0.9627879915569826,2.0251646120126754
2.6662672190250283,0.4565163628893698
0.2875226158658597,5.073051953953054
3.866439049952696,4.948101364081019
3.7421060063844287,0.015212952415270653
1.0103780571895526,3.160253713963187
4.733556884595428,2.002057424699612
2.55954337027966,2.231043811431642
1.480975668438617,1.0735650407017934
5.840929465440404,2.381578945032329
2.462002208623085,5.045617953231815
1.6295876212251952,4.52064301695135
0.15826251767962574,3.179991698841195
3.693812816704246,2.1366235318006774
0.31963156211603416,4.22713409094721
3.3372130915132296,2.230260722194803
2.496872592742516,1.592401765338252
0.8157326275982419,0.3424202804543961
3.294442246447371,5.787078526814506
0.977206631618897,4.249391415933971
5.839804501621872,0.7851622899879338
3.91167611282083,1.346101374413891
0.8802495656780402,0.35521587675931476
4.907882927270704,4.711685583954965
3.8769573192113933,5.845109443074378
2.6052481607855533,3.5506440620333306
4.65507384713129,4.034467949233717
4.92179561119765,1.9037545857919493
4.979710574821192,5.741405192730094
0.25432717042818465,1.1750947003991816
3.292450154543112,3.494104269252575
5.142795007862675,2.806088520746289
0.2015391104385782,2.632127915317322
2.054126509174899,5.201372085822231
1.1718821210074524,4.714738800096006
1.0244540886255016,2.625256838504058
2.6673077637866363,1.1171127473576457
5.289905505150348,0.1668421312484556
3.101788617473373,2.207787861297524
0.1842675494512982,0.6278719320592505
4.600005383369666,3.0420833659688036
0.42806328422700557,3.856134251911482
1.1713761149311375,1.3325361116474115
4.368826117607603,3.019245906057132
5.690197616730193,4.427451360773748
3.929828034325609,4.016995244296134
1.0787642132736128,4.421725847269064
3.8086127130147274,0.5338059100046075
3.5093707327282173,0.08879474730322001
0.3039921413065878,4.820683464726807
4.551182546007511,2.6123220230593516
5.6439349926221105,1.758482021459705
3.4211989519351116,3.9835939284942166
1.9199583649033474,0.5995263534558095
2.978985493209202,2.3221356257701578
2.5332012891404965,3.24157941658594
0.20357686126364527,1.835283950970004
2.7650962541571706,3.3704033708910295
4.960228770102794,2.76934298784116
5.216581415442382,1.488084611155797
4.9608831373036795,5.7529908982133895
2.7449982302982017,3.7000075969371955
1.174657245466152,1.0123542989170657
2.269579352372298,2.736250094885925
5.1255521624171925,0.08073769947923148
0.0024451563534442222,2.558066989552278
3.7071347959119354,2.055069702721563
4.3092100186369615,3.755967728489452
2.3166388637038398,3.7270950052045766
5.177982039529104,1.3299509068306237
1.4175738178015704,0.23443303124425663
3.9013090384373585,4.5989357908851805
4.199342950628119,0.32277512998038604
3.441746266529342,2.76970691228051
4.721541505588984,3.4629761194148534
5.422878440503089,5.471513285620449
1.045127061235334,1.2277154782242037
5.606893240035246,4.084429933371757
5.639848690639755,2.0033046999474946
1.481676734599336,3.178964548112079
2.919354389208623,3.2301974460932215
4.734783852707063,3.102481983532215
2.3153131297912513,0.26641243580442353
0.9560598772420379,1.9233253745596515
2.7064568671501004,3.179629932705047
1.0018526646709731,0.25840253866154517
5.252781585298965,0.47645678102799494
1.8587093741552678,3.7607473659723087
3.8493321256828494,5.338705750227308
5.122751226367737,5.68734741799235
4.758961227507017,3.0105856859198115
3.3342442520191673,0.3409906096054405
4.475076607244819,4.405582359307065
1.7189583304531981,2.411099805586529
0.7830654878586789,4.834000098962773
4.050912916206062,1.3998749924559835
1.7145892031428667,0.06556162587468606
2.3907554907936523,2.874797392177161
5.595033263043522,1.1109243669787903
0.6641487810963937,5.269817989587221
2.5495044604037007,5.862996075351155
2.0234482951479844,2.2662669680304237
0.174280843513535,3.455906225103841
0.43462726106510075,4.327809853258081
0.14328913822660683,1.214969380984234
1.0721507801622523,2.8513946432105044
2.0575322360831745,3.3860728040723744
4.7918777897605604,4.301622610084198
2.841995182127739,0.2157349717942454
4.507007740174163,5.222526515043394
4.175815820881989,0.3423688449703408
1.7467020569104041,0.5219254346243831
4.237267003650599,0.13845274723364698
5.131573867483153,0.6174206527149508
2.5145597581354364,5.956293058927123
3.528930777175776,5.243604939127923
3.894345614202611,2.9022533827527672
5.475015627839937,4.896613455972904
5.5456421740351525,5.816745137298735
2.773157603329052,1.6351915215314885
2.0158263318563225,2.3488173862818
0.5420296528858117,0.7963897934262454
3.3359677806724566,0.28592800683038466
3.067653355326854,0.29397680183259456
5.341974506188851,2.2323611624944197
5.904940454968569,1.5724317128112004
2.2288369696299055,4.002929537828274
3.6850821871354507,5.3337182252251
5.195517859977264,1.4062688950148914
2.354831151833533,3.2983457615125147
2.5828878408024316,3.673703513332865
1.7386540415895138,3.1906101936026516
1.470282320802777,2.4482801896173143
0.876959771554831,0.777603028928489
0.8517946404009156,2.568414725886302
1.6860225421800301,3.5703577863260967
0.525667153993979,0.3704418573917112
1.8967458749953128,4.386322311492745
3.522749828198761,1.2549433746498515
2.7084442936537623,4.855903707059045
1.3647946429881894,1.619710196001414
2.0514675024181783,0.6672699222880354
3.103815993594648,3.7048672528188833
3.1745065798903833,0.3610755111158317
2.823055042125935,3.8457124185387723
2.310588216604419,0.8992328787030357
2.168913973481964,2.7221720507322344
1.2123348526876383,2.2178619327847855
1.742237814954441,2.8525994608856102
2.3372804317876406,3.484588215226672
0.0023786978201629783,5.020353455593713
5.9677695412324905,4.439238273552542
5.367903005394375,4.618392944127501
1.4066163665162792,0.6032508481778858
3.74922123737543,1.672506174597
0.9586701718465758,1.7508068619185577
4.3030708147937995,4.173353225321981
5.01638002194475,2.658869380443824
3.7683937523760944,1.4114873914701829
3.58396800193807,5.513468938187905
5.8686769653459585,1.1422032538057263
4.7034829717023605,1.5539252846256986
1.695018158443881,1.9798004108995888
5.708235333764161,2.55662703401531
2.105065429129509,3.111355614710418
3.688282417203245,4.079277120066157
3.3134920759120066,0.7300729702377551
3.6498474311433253,4.153710853725783
2.2712624247352133,2.289253178142433
5.024540197405314,2.9030968785384688
1.6783341232064541,3.6253756188598603
0.8974070674652128,0.3254980182236711
5.930331612147674,0.35467038413461816
5.924092410261063,3.560180314255901
4.003374515930283,4.216937060724599
4.0121749909201245,4.096326852433305
2.780564346983565,0.4270275837487454
4.502921962592394,1.8678566199580728
4.20821916937861,3.5975389850411545
5.576162092164783,1.7037456885058608
1.8198143059717067,5.564520761240367
4.839334189876076,2.4273991900987895
1.5240919891914622,0.24389477485554534
1.1781506475094845,0.21299041947701158
4.567468373572557,2.3848638075556607
0.8247929852275115,2.55127699639746
2.0166991658522155,3.097963828454162
3.7398814344177067,5.328914127104587
1.70471410692194,1.0544865260033267
1.5902886239446903,4.3888876066714895
4.038905535846413,1.1826339382908233
0.6524943651228339,1.8039008461005115
3.8177650713288718,3.9531813245086758
0.14631204395566466,3.0680803149024447
3.5927988102286825,4.322045957637953
3.703861652489263,5.1177671496226385
2.304714862478504,0.04929131945981524
2.8719617799042396,5.895089835317385
1.8020827672406698,5.087477409548485
5.666147697653084,2.3941577759073205
1.453258980327966,4.154001008554523
3.5559547565874965,3.1171391191585984
3.348958275086339,0.16670446331462618
1.7322017894373,0.5956547102683121
3.2072544552055664,0.9580799447702748
3.461879036489225,1.2677154053397495
3.424550569951718,0.70644153243494
3.4525978514670967,0.2120293432304694
5.755665914076348,1.6088808621131447
4.380216447556693,2.447169943641239
4.910813345505898,2.858279982469535
3.9331518799911294,1.6712450680202209
1.6454536963148052,3.8584594046576486
2.7802010967014446,1.772721124109253
2.604432791549299,3.9673904011119996
4.8304640882231915,1.3100523127273955
4.294807565047985,3.7183145452078796
4.920061133720459,1.8164232048010298
4.939811722315844,2.68249780540621
3.606655310074114,2.1888196453074764
3.66274705301098,5.356758312753477
2.793237790443846,2.9479371470617983
4.769484700634958,3.1657680537846646
4.546550243746888,3.917711913597574
2.174639052439664,0.7506378427130265
2.373786280202195,0.42809432538735237
5.003155239822661,0.2786573082038837
0.7552812222386736,1.1684274410708422
2.259835739259449,4.385363749467872
1.8510328649615935,3.1402093240016686
1.8592293879478303,2.8032696942663344
2.641559966523472,3.727959885778093
0.4495162789685496,1.5094700424948284
5.7181653344001315,5.994758248229096
1.4525080035139135,1.1462921602292178
5.564760875500865,4.534553219055633
1.4525825502355998,0.5561975711884402
2.853870882238409,5.6589285598914225
1.8025511576053106,1.376137312675974
5.4675776581571505,3.446348751024697
1.3577606473894042,1.0662672999121137
5.670936924785097,3.256383543250702
4.1616054840825365,4.165825484160886
3.873848389361235,1.1193798495945744
0.8719983038253099,3.3580137339570455
0.039635831691825274,2.3873056567746938
3.127866353758116,3.8999044715583633
0.7777614615362014,4.048535479707979
1.1358101513942753,5.468049149415984
4.713943721113365,0.08037557885748559
4.3771918648752575,3.7113487956978375
5.554050345228439,0.2983196135756694
2.7968671548586523,5.247743899395846
4.333828380500596,1.2828051254657078
4.845126993124328,4.008442247425927
2.819682912982823,3.3506872379160733
0.6161400372720205,2.2661775602592567
1.4748157549319911,2.1378748417265028
2.5744539615978326,3.6373173369431995
3.522188966303779,2.6463924356536803
3.1566546105410405,4.121396637426635
5.404343408695091,0.15881594407557897
2.7187774937199904,4.072028970912863
0.2011923335786534,4.8014392302126305
4.543568493112012,1.649662348982641
0.37512595061693066,2.0628855715746908
1.004277652845467,5.593080797989971
3.359300491331468,0.08166381070805584
2.424607881225894,2.5154793746326876
5.421054889336352,5.147237762620917
4.910657539468758,0.43223044956553736
4.07703299329618,1.4336068290204391
0.8507777664647493,2.9746608130371355
5.316092663097965,2.221842859338039
0.9441383723245451,2.3520223371117877
4.852099477468608,0.6791460210928644
1.9483004824386783,4.434334397492001
4.4145485851548205,4.424376867689933
2.1012038267679523,5.830659229166984
4.526162983775314,4.455350926288141
4.156834439004285,0.6371850003302388
5.974969239121631,5.987540519822428
0.24500107295564666,2.3185470493657707
5.000187207650836,3.6118965633609372
3.3416644163014992,1.6813611602128076
3.858032539258815,0.967239308073367
5.737917708519456,3.335841276350987
5.795437955991108,4.086383480655172
4.29360064007999,3.639818559497618
0.7288090272116352,3.1254589940702844
1.897130346816364,5.39301863902862
3.0367679137464414,0.46606930871243923
1.9107603713566812,1.3511690722794871
1.186398493147521,0.31766703324196555
2.2727170170093007,3.887397125790272
5.232797130908858,0.29226304288803173
5.351929669650904,4.509659424596073
3.232142766427959,4.4309094014547235
4.151889869185303,0.5044758915903025
1.794375064207083,2.7562437888600453
0.5598454676963929,0.4252524280325132
0.5702047430543564,2.973966926061375
1.168512416914773,5.147789681481094
1.823234303027812,5.28054743885459
4.654659937997613,0.5962605497356703
1.7536470533352435,0.7187912585979139
5.269694101375521,4.6551415409217265
3.762751273234171,4.436214263776071
0.4853769829596095,4.158131583921833
1.0620960930879517,5.129089415924821
4.027585814702335,1.9368810103774194
1.206722342089123,2.2599271939763934
0.8858999162682741,0.9002596018682476
5.503732784753463,0.8350080562420201
4.130196770683005,0.02582853184175371
5.62671024332114,3.515789446986488
1.3214966676163573,0.75240728952589
5.883534396790549,3.083524241400572
3.063659546450448,4.346852557731503
1.6007641363942045,5.045770186973604
0.39564058071658015,3.978625092666496
0.5931250539742439,3.2357636007756296
2.4684247180944068,1.1192037840156268
3.628015664870085,4.496029933163129
5.672610068664282,1.8047732553448426
0.5835609063369762,2.4963123797818474
2.3386024391365012,3.567278337295975
4.211600830763866,2.1135105229268767
1.0635028899082828,3.24575351706405
4.755537904982351,2.9258693104609987
0.06451799581908113,1.5788773259910236
1.4077777836606027,1.6112995303525535
4.261021585301201,4.3901725961002604
4.221076472449717,3.4997350957495517
1.8596548110067677,5.689363213177989
1.444206388116859,3.2676244317592475
3.624925862115399,2.5642056312777646
1.3189437109399476,0.44449585194881513
0.35967864080112677,1.653706677388631
2.71567469070692,3.2732580784474727
1.3551857684687685,2.1126230470259024
1.861782152695715,5.850566132964616
1.6713942705721176,3.0970481611062954
0.4720126897315675,0.15560046244910386
3.066282910185041,2.0402960714823726
1.2701151322295507,3.8932082349402233
5.035851544579792,2.1959962475463914
3.3903613505773453,1.3717549565116882
1.022072401911271,0.7872706418567434
0.8228045974213629,1.6182830599197897
4.852896187551732,4.454005253306921
2.224256528118949,0.02584293325127196
0.04589616871432556,5.371070554449406
0.8960333982575954,0.18219560492543763
1.326526668116223,3.117577787272686
1.7873955621247064,5.701133281191024
4.967072180782074,4.183124612776388
0.14660248835118428,2.361971562437244
5.0783455741158505,4.864668557943018
3.6301314053518405,4.903949208771406
4.443900245427786,5.013388201840477
3.5618964906159447,3.0060442238905356
1.9622338907823902,3.00161559553945
4.921556367093347,2.8947747510983612
2.349942440865302,0.9219529079059421
5.776285504057423,2.2857282707590585
1.6492823646788668,3.011264982246015
1.0404435503675555,3.8686665856507556
4.1272905121311485,3.325926888210599
0.8494455376958259,0.6447456351667564
2.0595811728497595,0.8847121481184084
