3.0,3.0
2.6423449775722476,2.8046224387218412
3.136123461333037,3.5247633630526707
2.8301170906759214,3.8282550950943177
3.838542421159536,3.295143681586069
2.2115274535093326,2.4789787437552935
4.337847788715141,3.805087591612897
2.0458766954583902,2.0878734072636487
4.0619636176389395,3.0669473937064606
2.9624394853987575,4.12660187629942
1.4576563790103063,2.7955025762614527
1.5328161141445145,1.2759929077758714
1.379449780441261,0.4164577387002164
3.270373848658041,4.6912222467221065
2.840498049850159,5.0494172889266995
0.8647637383620437,1.7594660975285346
3.247570501930273,3.7565839139354553
4.591646732431212,2.910432705782126
2.2340703352705127,2.7145536910871524
3.8793250417232983,4.276826405062376
1.096220832362371,1.1050682224426147
2.045778359217054,5.062001127910823
1.776001501560393,4.307675840890955
3.6206012225473723,3.658637851651685
3.8800820962183638,3.3555912406369197
4.883845137076256,4.12851118263907
4.355488407664894,4.81185571313185
3.8539759362123744,5.66819189712664
1.3299020274739501,4.849856387276752
3.0556691747524862,4.606555317693542
3.3496059783015815,2.728054598516536
2.5943573210738204,5.603574106845442
1.2204621539016909,2.813555574461374
1.59610158926306,5.906141180915476
5.564002855152088,4.1622657650782005
1.8087590517869483,3.603706175324934
0.8153132763294673,3.1934974100081024
3.1052144581256864,4.571340353913265
2.179796102542417,0.6702432289214373
1.7168573728196492,4.632893490030528
5.1083379816325465,3.561148918597455
1.5880322585765183,4.403270041580627
4.136476362985059,3.1288820988932473
0.41362590896313733,1.934685371625968
0.8342933950205846,1.0368469740736952
5.646672946866775,4.201180868027196
2.0231948612110773,4.165153292811063
2.405897741182128,2.8164223569957105
1.1084742756673764,0.48710104377553365
3.7581887229573807,5.470780693275022
2.187243333724444,2.075874106682724
3.4393505749546014,5.738873454126911
4.767953145476568,2.757597354785098
4.936062204382689,4.60173368983099
1.398775491843806,4.170440547566046
0.40972000363290495,2.723372123211286
4.988211336464423,3.6397782633584663
3.717240761389564,3.101655940569463
2.491356801617963,1.5156577428826716
0.2925789258777485,3.609308662708078
2.0363627993329634,5.481297394009836
1.206140114465523,3.476176002660595
2.8209262040314735,5.7155540316447135
0.5858091671241399,5.237359704968863
1.9320648380333454,4.611270140737587
5.92035983144949,3.1251241494637716
1.826095006160221,5.4510194677262716
0.9879453158581117,3.5884403689412405
4.587287566113695,4.311458261569134
3.247153528270591,4.04569567069479
3.5554994011100964,3.2696178321307596
5.3634902510866755,1.9773815357113607
4.568500297855488,5.977559033225958
4.416911048644688,2.896355074098352
3.345042455154963,4.634905860355412
2.5818592419060087,5.515131090341474
2.1899210929001542,1.0445651142033967
2.0349605202509347,2.0715291299010037
0.8126278637141184,0.49393987267931383
5.134660748698216,3.8655285351162876
0.7958669628173927,4.188251200208233
1.3160501890137033,0.21281223252678205
0.31567144667307834,1.2451743937270734
0.28774337681584683,3.0454107404731934
5.236434897632996,1.160640867961198
1.596074575128464,5.577467314708825
4.093700083999882,3.054308084172967
3.9868930672750724,5.284759462961859
4.948299215439178,4.339383363059522
1.7830218717133193,2.5749369154631596
1.5336206103179786,4.473450299085947
4.835876061840981,3.030418002669593
0.3326935123048762,1.7336381154517344
3.0458395339311863,5.85226322590699
1.7471616496506766,5.786404422272053
2.148734322689423,4.597015709322216
2.806375528169607,0.3612840169331921
1.62316329859924,0.35555189270747056
1.9563858400544196,2.153277195379979
3.4027249533049733,2.510296614651904
2.8949019498288333,5.706683489561447
0.8535448701450228,4.519133753900906
3.3609795867042,4.47761718657606
1.8540637019692399,4.013911259040471
3.0435026792616204,4.486733856641825
0.41875271660191893,1.9110344688012186
0.17312434938207488,0.8423254381812213
0.012934380259966183,3.2241946018931285
1.634584213746506,4.4729901178753755
0.07554107232307494,2.8785752515726184
3.464548108370284,0.12847440989433867
5.477229388898907,1.22234521317058
5.919436190303878,1.7445145827342652
5.912965177444674,1.7975086841437986
1.5862600414996666,2.0414576560608793
3.26891912061269,1.829023121446651
2.5508101734566146,0.42019277312726944
0.17123289282230303,3.2712843252137853
1.3579229100312817,1.3457488985534907
2.9183807638588988,1.697931963505839
4.9846641604419455,4.496813058787294
3.328543634630978,3.842932877983845
1.897005399582911,1.8011484372896047
0.6097952209508557,4.815456535695104
4.602260102857817,2.500968642115133
1.6777918071247429,3.557980304292499
4.65490537988367,4.029123512385676
3.3574776981000767,5.590604700475621
1.7332902305342606,5.987837669469205
5.545619237664345,2.7435047563785626
0.6956587168655151,3.1859442196779337
1.1168293299081464,5.934756725791798
5.4045862395983875,1.1930286456658092
5.195142928534225,3.5567314476471577
5.30675685629784,3.4163549088804372
1.37215239832305,5.838585120127588
3.298514694536853,3.5010509513562225
1.9212727767354856,5.860370065440777
1.213791175264717,4.082788789252346
1.99620684010628,1.6252278821404367
3.4230026443472887,0.38260254355337975
0.38552981599071656,3.7100173796211333
5.692073576286895,1.3433951569424296
3.9302733913195134,2.045484062589936
4.545515812525805,3.407480735755911
5.329644025134242,4.8826723656965445
2.589577002326734,5.022071070660543
1.3916384624871085,5.337506588420462
2.9987314621477674,5.312881496167958
3.057962484092573,2.52874054518207
2.8802371577514077,3.5191843268945195
3.4755763242230566,5.334452202889499
1.2890652636201014,0.03710182002958895
4.477396377128592,4.295740503168519
1.9584821444417362,5.9333943290310245
2.1371862452518755,0.5979724892287064
4.794248902753404,3.4738607815526854
0.8265896393077328,3.6299966381321744
5.438671077899727,3.034950912635278
2.6512473565170014,3.8717765751123716
5.4749530220187825,4.084838076890223
3.396722241457625,1.8467616926162913
1.1736792169055652,0.39620841049145694
5.2584014574265225,5.647785851013514
0.8428388035814711,4.3590272913340895
4.054413419714619,1.6615386426164889
3.245784588384139,3.3111289600615184
3.3955879971900647,3.544375006077524
3.16902432121086,5.701181688465738
3.0850341562199297,2.6344841690915244
3.186093571788736,1.9344767726507908
2.2136416520500912,2.0707785161452437
2.3244372816957184,4.678898845626597
2.450565952160485,4.355895854746601
1.1085833621515389,0.7332464874933353
5.36010680797334,2.77720739774727
5.7371855803770835,1.1285767737030319
3.4112927147899534,4.524731710284519
2.0048463583537774,4.649023053031005
2.926163304742949,5.362889596835592
4.702460570765028,5.142632685304965
3.1872529874253974,4.459705978183475
0.9527886102558238,3.4734819013369695
0.6099535062542927,4.0132895722702315
2.2657607185601902,2.7354306854303134
1.6059768973156887,5.20429066614971
4.362129726259447,4.2111775189444245
2.9573240634779783,3.8204209810351855
2.578134226846941,4.952096410108566
1.584573284634319,1.210688790980584
1.0821850073862276,5.371635351368649
0.004602542908571872,1.5837485486611314
4.806657200942834,3.8843029720792672
0.6674324719447708,2.3550486291868173
5.925836095734911,5.720260605937085
3.001584952803137,2.1269415821326136
3.5240052329505103,1.8605191739182008
1.0574901100758358,1.672086257031342
3.2176550004481888,0.8041487232643945
0.20643739164922748,2.152592742777802
2.726118176773577,4.529668746304769
1.126012513378909,2.3243732070226937
0.7775580774188151,1.0840260287793757
4.424823321116221,4.4397086739535325
1.67021139317592,5.053646232438354
2.6310606703931967,2.594048417768537
5.59555984649017,2.8839367401790486
2.791973619021913,4.367812866735039
0.7654841478269341,4.443775995326984
4.322149251782181,4.356903809830378
3.8724186788952744,1.5635887982954584
2.3302643065044784,3.537020908771141
4.253979722674227,1.3801676503790299
4.206682122514825,3.3998542936356686
1.896912534003911,2.88096387187806
0.31373455755772084,1.9501791078031951
2.7083128884920953,0.28108591528968696
0.12686388798964,3.1211257011634146
2.4948206234126586,5.728397903444812
1.8096614068250947,5.932378642695233
2.803156032902037,2.5395254748549325
1.8752419741215771,1.6309838939007546
1.7323963925281884,4.199317347506299
5.709568665797214,3.795652299713149
4.204109483170087,0.561500852057071
3.5262981004874674,4.381637258695133
3.233462962246775,3.3678140945269552
4.921510343216621,2.262467174913528
3.6368008780393377,5.961279898832828
5.662174228345387,0.43573864908842963
0.5432125737077604,2.3172422006052864
2.7718095690796236,0.28779914229793224
4.221880166287965,5.885418726947633
3.6529263735515043,0.8360623637981934
2.5033118124340694,5.874426846714414
4.147430344402115,0.6577337510171826
0.12992583064781704,1.101732942171789
4.475874635956128,1.7144441314089829
1.0990065380900902,0.07297088356040593
0.9567826621643261,0.10682753167431125
2.6707608052091287,5.023607219463591
4.40724236355565,0.21780176854795075
0.5292705776019544,4.760428451008753
3.3386063037966958,2.019576230203365
2.7768090096713416,3.9470049510181178
4.0276284667858535,0.029515181994497652
2.944920723707728,5.666617957456223
0.5729692401460715,0.2590475987689551
1.3749452196240404,5.701704325408907
0.4991504034234533,5.024613782087556
1.8011332632206154,1.424923810313635
3.987997915120574,1.248652451625831
3.586743627599738,0.30043706059223063
5.43476746478376,5.4050545972453445
4.51515786161586,1.6814953610742625
4.314413257491367,5.2898211578912
1.6944454341098636,0.4154773611335574
4.436736515613979,2.408497463884725
0.9823551575816805,0.22321354405966853
2.816346692459888,1.1546634724673381
4.749384716894754,0.5434799560715198
1.2658553563487187,1.881328235706387
1.3205641867438145,5.2044182773547885
5.336104827709557,1.312358621981204
0.8567720147740809,2.6008356431872395
3.589104666255685,2.5039742536688374
0.6999484207564606,5.668455402447568
2.2647328737458583,2.7255302601668534
5.179201621300236,2.040635493527684
5.122757852407053,2.174057495721458
3.323131323841054,3.96541315462469
5.889172562291567,4.756231014587564
1.1606269864924927,4.477348698182031
2.4608621817862852,2.8455085386156966
4.560801906229248,3.7221325095539823
2.096414616910484,3.9778059570866575
0.39660332143319543,5.114353968608947
4.112163646022901,1.1548243448581534
0.5594911524413313,4.397934405957772
4.20474878480042,3.1852860572629087
2.0249747260895243,3.280920626801033
0.23536113911882173,3.732439221805751
2.672168935313592,1.1348075831966455
1.4156897369655816,4.276134197671416
2.7449337811556402,3.8017482522562958
3.375370743203261,4.062308770342187
0.14010293023203424,5.715336976331719
1.505903955766212,5.441972911123021
2.920981366376423,0.5898574693534697
1.0104291424564233,2.352069331575434
3.2532991518442067,4.189425169094447
3.3975670250077172,1.5900888781435123
0.7901867535755269,2.7249975504851487
1.7513586093742362,1.0794313148162917
1.6119044580862065,2.6917365379365767
1.194521970181114,2.0689898152080772
1.6474048784748458,4.048460015448932
5.82389704867219,4.486824390702405
5.71799181529053,0.8450830542349996
4.24661214038334,1.8566399168313277
1.0299217565821017,3.755969032541004
4.421009643697367,2.828951564258764
4.232575091180063,5.763616022418448
3.492214178167022,4.190883441338105
1.6129732310234322,1.782468334005479
1.1156539505970462,5.256639835372445
5.837436035991295,5.457689949159217
1.2397374881971006,5.306259278637937
2.1349744575237635,5.556668714527461
1.0180244538088117,3.4080257991029015
1.8536981539366242,0.11721267365873289
0.34925516648581034,5.735356064399458
5.239760300986733,2.2527812351111436
4.491708540259041,2.218550094758859
2.0320473212298586,3.4260653947032815
1.6272641561441439,4.372037169959031
1.5204982570183447,4.325245073528837
0.44845334143236903,3.9332857497347553
1.3859598653543763,0.4385605982143701
5.464821924407356,1.51919432337468
5.800708662963549,5.5047303408493695
4.351966477563433,1.6681315735585598
3.188321224391675,3.8977347278203816
3.0057691338171413,0.8342817274167456
5.6712861499758676,0.5816723381445057
0.46661573536604806,3.2831204779197933
0.42869365330320797,2.9159141560765223
5.510138287616534,3.4480042042422596
4.586042871911781,1.3882317663154637
2.9557380698632416,5.507020929112418
5.1874607923281655,0.5047809720643652
3.8748009085693873,2.0619319075165783
5.991570290895951,0.8074462017549229
5.7408719921785645,5.84242196054195
0.6110383660280978,3.833615056825389
1.574867272345384,1.3831455464728735
3.9960595918578146,4.992192917574551
1.601517931546212,2.6791520450731836
0.8487290131317302,5.532521882882321
0.25384753648305924,5.5886736586928984
2.562629232951587,5.983442336526471
2.7122642369338146,0.8994717205377203
3.4784791081506428,3.463768353271232
3.581123233246622,0.8485985390054311
5.379881585758033,3.25065251363678
1.139142656124208,4.215775025707612
1.7587826294124924,3.9968221452707553
5.843396506312096,0.5646876032103856
4.414259909364259,0.5878079333224535
3.1041064239002853,5.249997731796869
1.0398479832176712,4.991836917851032
0.7485654170407012,4.966278342075002
3.2538842850343483,2.232821941456631
3.8420075770418274,1.4516849855456415
1.3047835937043148,3.1581984011864543
5.130899491058467,3.9738773042981066
1.4216121410096383,4.4374496192256565
1.3981679430092613,4.040355937255915
5.301269592175589,3.6155312120632717
5.281406158537906,2.464795796972651
1.6224940212416707,5.610105146915771
1.090802033791792,2.3629796688227787
2.8849767015067327,3.8802795716237264
1.162037005863752,2.144805005277046
1.654698559611557,3.034673701557961
0.10625056313631087,1.7988535499125846
5.058997259178131,3.947263471518919
4.779472064031991,1.4982282583411266
2.9377833748272666,3.570407824643914
5.996277686636683,1.2354572976826177
0.5024592907425016,2.2879934160685895
5.2995388840891335,4.011432854063803
0.6044423112408683,5.435614533853921
3.1351342660999375,4.3484827663182894
0.021165542404752546,4.965025299968288
2.2535252744691046,5.119475070199474
4.205945877753093,2.5913189424705245
0.5741766324318256,2.359847983066376
2.856802417458592,1.8463920975980903
5.288179861150374,4.573202182581424
1.4299245407580234,0.42790812296079483
3.2557540605995814,5.481715199518955
2.3622036938719666,0.3908313973924995
4.135445312214401,5.303751401736457
1.6517891619432339,4.7531479111263355
3.768718903759563,3.6752967166737007
4.596285262254789,3.1746480094306504
4.195258563179617,0.008764417163570348
0.6468256482960857,2.7354646087338614
3.0146053808790443,1.5963611437134737
1.5269438735944318,0.9392630609828188
3.6395511533520457,0.5722608393333841
1.2949428601818842,1.8420410861828609
2.208821331112576,1.9961468233299913
2.0870901799752692,1.247391034933093
3.422908211960339,2.381208242418881
4.68900508191898,3.37389099905476
2.4123362864167444,2.751622112000849
0.29449819011746503,2.45175992568963
2.069042758975005,5.567687835168964
5.568547749353527,3.083453280053323
2.313948723610681,1.2408429589132852
5.828194827759259,0.8183406523324988
0.12267946362016646,2.4673654517967343
2.246596686695126,0.37970625869702745
0.10933284652252317,3.285181328716992
2.19097766352293,2.6659320443933816
2.7095076608825797,2.6671636663110743
1.2705758214177476,4.532213185161219
0.17235946371860011,5.117760289560125
2.9270869531859045,3.2902598869931943
3.700448856130139,1.2663784939944167
3.168439571900059,3.4335232744200566
2.848646309069532,5.1548351277041835
0.2766431412845076,5.833620479152469
0.3026217629671377,4.917932309665246
2.332660494707966,5.432730492557305
1.388756456734605,4.15508962359503
4.863799036732447,2.5005712883835463
0.14955486226104897,3.5642478744456216
1.64797771794732,2.146489131219884
3.1520389673134224,5.294378910421175
4.3051063530396485,4.677224266218776
2.954303362774342,2.107114611865155
4.585428259655105,4.473492002006815
4.45161837333643,1.6181962013404014
0.7782393868793682,4.369552185507067
4.130074338487056,0.30640868627676743
2.146455520047798,2.0307844368085846
1.6406152248258925,4.715477464681878
2.698315545699918,0.16686739385265348
3.5407153992878975,4.152985802804667
2.78966867745327,0.27311418804813026
2.583607551687847,2.3494720511013822
0.30138638884811986,3.971051803091897
5.147361118064694,3.4034740572371778
0.9563882400856756,4.188418879974991
5.056464298518707,3.3234714763222946
4.136028456207317,2.486671603258092
3.184103968458216,4.1791787283187025
5.045079009247738,2.473112330010145
5.752252274341437,1.208221288362866
2.9087577604234895,0.5810832261199044
5.661693179885078,0.9942467376804809
0.4891744874660966,4.231979491948525
5.148332351470933,2.5185685484380356
1.419327789499346,2.781477796526466
3.1117298236736217,1.1900567979958894
4.891248210092041,4.952656598040861
2.9232392829623755,3.0542922723920043
3.148167196946628,3.814002263080078
2.277312037772626,0.8075130393780923
5.166023128286328,4.237689738046768
3.597610204083585,3.9072416050571857
5.504149594262515,5.175961291027308
0.8563054881498842,1.9788425768328806
3.1505303300552914,5.843867124969274
5.289566905859027,1.0404338319349749
3.9263842576173067,0.39357642844707574
5.111498197255386,3.7378212265155044
1.1186786897915955,5.577269219198161
5.674093811209617,3.243905153922573
3.91707502177065,2.0090107995371147
1.2759275322498027,2.9037735797683255
4.6697832239715,4.846547318153417
2.493974377599865,3.7284978485284936
5.285992588099431,0.4809222237579336
4.862355808844906,3.947949729755381
0.444281223138145,4.658444551663996
0.6309493773959265,4.632030397153615
2.356779512924419,5.411425659194935
3.272293078794246,0.9927180315553614
4.856815380591393,5.903481930479201
1.2938314995221314,5.347182827977195
2.8069470700711254,2.7698864793953035
1.7660714668293984,5.261698501891442
2.449398291349774,1.9607017595911647
4.65486321111143,2.665310847968554
0.6949842420178043,0.45814754279818315
3.767178863860389,0.5502888180503511
0.1353164540310674,2.7595870666343316
0.5853969700241533,1.541592707108843
5.749094798812957,2.1970003525390465
1.291710406592255,2.9294754947660477
2.441659931506423,3.4581958996792372
2.76922554510238,2.012733789465895
4.8153044175955975,0.5662570283577091
1.8619878565505075,4.939026044801977
0.36617682336264834,1.2131682809894728
0.8927491558055429,2.488428729754152
1.0241903987503984,3.0280422993004192
2.7878979086359155,0.9760152263475079
2.7822966730629677,5.022311759033437
1.9813497744159771,0.9745225069642502
2.879249007675937,3.7991235897659865
4.721467819650133,3.302663999765775
3.9340510944667706,3.9068511102185255
0.1981518256116197,4.095453253734211
4.683086873972541,5.933649457628817
1.7266288634763554,1.3967108113683553
5.334485067869216,1.9556987682276483
2.52809769032584,1.383990133619429
3.762428577419864,1.5230664986345883
5.411027569670348,3.4424375104283484
5.709732375580575,5.825571376289205
4.9047000979913635,3.011509662263437
0.8190322673617776,5.872972832668629
4.243304869004926,0.20854768212449581
5.63534681817148,4.2795407394399385
3.5235175822775555,5.578002026645209
2.6278911362151702,0.10945806314974749
3.32194161075959,1.3535777626702592
0.5538511005014466,3.720363740013311
1.1700213569999296,3.142288616063149
1.4334390665280212,4.671330951909072
