3.0,3.0
2.783228923112608,3.6915088249775847
2.1172490230549705,4.211877909194202
2.1633359157139145,2.957700575060065
3.129940081131845,2.1470403414018557
1.5507951167804144,2.9649407837233643
1.470143110545945,3.929825791509054
2.78923398130431,3.958248284291161
2.581947119873253,4.826451055315031
3.098877351640377,4.617827904852643
2.081243603781677,2.1958228449763615
3.8870368951066316,3.163514336650279
4.687945886406664,3.676942843692145
4.235962466037253,4.031996609356352
3.2330297613360526,4.068403109907996
2.1802343912664286,1.9908180750184472
3.2876914756301314,1.4795804024847456
3.9678691971970252,4.819907237964434
3.7547582629219782,3.6674522949160666
3.2445688924242733,4.650637795121687
2.469628290403408,2.914340332514726
1.9417779711443484,1.6515463627923925
2.9541966915841638,5.091390639689426
4.039423181004775,2.608403014521387
3.778113578743707,3.077790479193493
4.369527363712779,4.3782768852428475
2.980053800861528,5.18964947885517
3.1148839870143212,1.2191619489610273
1.8951000783525656,0.8296325382281431
0.7752084893440117,3.26205133202167
2.721892955900647,3.676161493021068
3.8660941003088136,2.0396351721389507
1.950698052000033,4.5671146740482556
2.4763748577984037,4.415558669467904
3.6370028622447865,2.062337443304788
3.7693541760842493,0.8781839224237236
3.902487084354035,2.009708622247864
1.2799561876388132,4.23799898517687
2.1287802653226504,5.502344702633747
1.3826674523261409,5.628552478501921
4.046922986335458,1.0451591173835106
2.325529802297794,4.1308734508726594
1.0498639766471503,2.887436599953764
3.6780412124280755,3.139462150653894
2.361417998559415,3.9234481154360603
0.8997789896811108,5.713046804938413
1.6738043253429333,2.0987032139295905
1.104822624656605,3.037487335723392
1.9947006886803815,0.21472272129338177
4.141836390983593,1.7666037942588424
4.011487549754821,0.027739982493680815
0.5295310122394481,3.7240517226788215
4.649905587895141,2.473613616739648
2.3480247969571475,1.2100255008369287
2.88048171297201,2.979113385745166
2.639571570518199,1.0885535644041562
2.288199945511754,2.795198274189941
1.4830943909477206,2.5408057203041516
2.1641380147037115,2.0315598573896283
2.5108610372420275,5.85729632476126
2.2386293343123995,4.539175401652969
2.2489731142313247,0.0421682959020957
4.514879300225445,0.929981005302029
3.6158850540764265,3.674508730595849
3.5275728508095914,3.046752588897138
3.8495612616948076,0.674212758008504
5.607601177728764,3.3690601141706376
2.2082028574322528,1.5764182260273436
1.3994271517784587,1.2593287722150044
3.2863161086131827,4.945544734879052
1.5392912222606916,2.845860742676511
2.506862229785887,3.454580316125594
1.4633030347956355,5.165020639997033
4.343172511383992,4.609738541139893
2.3396539519112256,0.36768157083883035
3.1410359709965636,1.5207641939744732
5.472875163781731,3.2580250930374532
2.6345661344435083,2.247906962459818
2.554681428206411,5.061876136528565
5.8206189571747275,3.240518886444245
3.1954703511466986,1.1863310705633068
1.1945911736733514,1.7496144897595047
3.840336736533806,1.5737795903495195
5.13126778856223,2.280396510306858
2.5715484178569588,0.0736869665042339
3.49419040522132,5.557719380559086
3.439951485357188,3.4464901000505073
4.694072165066222,1.5030734419042404
5.087962021686737,3.328501439458332
3.5711349202499187,1.5989093052680812
1.747117500377059,3.8655130409440286
4.1282174820391955,1.240773144552133
2.19724382996141,4.223648712899213
5.6216924364681375,1.2595023971420554
4.916065483821119,5.073144681537945
1.8376243602321083,2.6879819435620087
2.3380224925178936,3.555889135101311
3.598829928490444,0.09970788826790988
5.381755978347723,4.209325556602722
3.984648171044983,3.76631596364213
4.66297899350984,4.421371021155201
0.9345497491267898,1.4218789258939317
5.15559842444252,1.1419417079136889
0.22153707213621443,5.126219422286958
5.460171586078264,3.142049557174727
1.0497436431001894,3.479776092047283
5.298343572469042,3.462066843882071
3.705916500076111,5.049217509255275
2.9275993005047214,2.8981249982813435
4.155047406287173,1.9710080651089334
4.078707353104548,5.3335063813191015
0.8047880828632439,5.251996712770836
4.921310736430369,0.7917316886536845
1.8422064353729555,0.0194805098685924
5.352228901680884,3.5790605740881984
4.723705822109214,5.473463456958476
0.267974875655431,3.6043101410956577
4.92048169175208,5.8889423775697
0.3621313355410607,3.539019424318803
5.242129963739497,3.004399541133137
5.216134634801769,2.819778320202103
2.926972518286161,1.0504035384713195
1.6535011630423915,5.900504348691317
3.597575907595707,1.4747292997031305
2.752834060484206,1.5406089945848052
2.447629500900245,1.4310151153784905
2.885994350113575,2.9009610858821366
5.088360771432436,2.657210900432336
5.556443843068314,0.8348095805657374
4.142444865770432,1.9672181923303407
2.801453512171846,4.141353323283939
3.450280499790474,3.9177943572969487
0.883922609753498,2.1151900566676614
2.748396183352436,3.347649885269804
5.323251196942647,3.498632995838193
5.65219142230975,4.121245203684197
3.197676524702775,1.9857521245846876
5.720422899836166,5.022957541505899
0.12996595005790912,2.041392937368248
4.7860595461044015,1.1410230977160374
3.8252578761115963,3.0339785137550255
0.8377695866571968,1.0651167160713717
0.4756936796181057,1.8078397269235489
4.59481404194386,1.1305171861138668
0.25259395241408944,2.7747949170951074
1.3884297094222546,1.9004947544040636
0.8500689199018245,4.9966758091258345
5.914771275696311,0.548320680635467
5.146015676726044,1.4773534461972957
5.726307986886833,0.7483369658483878
0.38291604196750484,4.947773342619653
2.847247053806284,3.96831872344511
3.8528447670868786,3.5380941717139605
3.0198469161284986,4.239684530217792
4.955874697433869,2.9371340133865615
5.65224898693244,1.9926622767446516
0.4262923794067306,5.290725567356917
4.886824043273576,2.841512102371723
1.421074472540635,0.598127205383971
5.136200622302987,4.639403018493571
1.0114231985644973,1.3651888493052473
2.8353702485700625,4.677982264536774
4.89928162844158,3.8014306094624284
4.080661031281026,2.628050362178822
1.8113345070066178,2.8993932819909993
2.2710318080969767,0.2786077426721367
2.9364941372248374,5.294382642678512
1.767182210450948,3.1646436960325453
3.3219965138012926,4.602593878584765
3.6544470256717045,4.71861857442996
2.0823582475070923,1.7562773879611604
3.1324439221846703,5.805038854782477
2.4803773257481874,4.413864006298212
5.671904726526422,2.6572424232736322
2.520688147400277,5.442971729513544
4.8456757335807685,2.102874245993214
3.517971372773784,4.123012701486944
0.923440270707734,0.7020222768067566
3.281121275274275,3.5467483017550987
5.3853422648609985,1.0296651847107743
3.608517436091528,0.6638585393338712
3.868909146197372,3.748711450169213
2.565094190034146,3.884497383194172
2.227401147130637,1.5372559626371476
5.015317164553824,0.01352038974257419
4.185624297764221,3.608429406654917
3.6551615227324614,1.2717005669164956
4.104710086452513,2.508630110149218
4.9030877044950785,4.3136441730675426
0.4091630996708413,4.177500796395459
4.19386811131736,1.9925692424325314
2.0586832270077444,1.5262918375275438
5.769251281365181,2.473936383003903
0.34965275471187574,5.586035930208311
3.7021459556725596,3.3748996906146322
4.727580750411157,5.985675355154048
1.8841475161210468,2.695310233873925
2.7782719787017385,0.9597820572929874
4.307097172139516,4.951572423163514
3.3503403560712783,2.1122846184535895
2.5289791087371536,5.231729908890237
5.591888026716565,4.202461374951684
4.915004806758738,2.2108016853759684
3.836477003554735,1.8695602567233875
1.9712551692948526,1.1392863743499182
1.2174410572404673,1.334086692806817
1.2406161062087147,4.091950212612691
1.1169033567386206,1.643511842436393
1.7266493089597983,2.7387014875233957
3.0721325087499687,2.0006433222551685
0.9828652508042608,4.913438894674865
5.568213233862622,2.044174647262089
2.72117090987499,4.310654678766915
0.21120090229740818,0.8899628993874718
2.892390828214373,5.3790688065627315
2.4421253316210723,4.012600254274811
5.261240515328698,2.5833294750567104
1.8057579037654794,1.1888256958078998
0.22722815705356303,0.5649925091336865
3.973897838335229,3.5361613537715315
0.7428834844084298,2.0095369759650614
1.6472839897263123,4.2336035482865855
1.7160781838670134,2.42860147373039
3.565036511736263,4.1591996402454825
4.557845646520816,4.125882521760646
1.5320985482010367,3.0072350258862626
4.485018862177906,2.1023690209666284
0.9088028808377462,3.071451724017272
3.9850386367121344,5.298925638700426
1.7384870926175828,1.9591201374534855
5.739682454497968,5.574765617607573
3.3547082532783037,2.7419737070683152
3.211582075557416,0.14266550875842077
3.0192004640727843,2.693052282169814
2.7150324757814346,0.40697989879812946
5.503142862393874,4.736242537236253
1.9847170857779064,5.984155577630689
4.569941713925973,4.8389633888345305
0.3298119447477945,3.154347178483117
4.720527018459662,0.6937558644993034
2.265098728290929,0.33005214392731697
1.2909084818019645,2.6847341791771084
5.360512421045369,5.587997503550267
5.471066643257137,4.8732457214339195
1.826158056383037,1.495158837544106
4.98546398862935,5.442477505033102
5.967807165438089,0.665320516783301
1.2424226807584557,0.8371545046896407
0.35597797293805766,2.4290975046583547
0.5875124986914344,4.469136105386986
5.361468568387469,2.576012987891705
2.796859672357084,4.25758453809542
1.9702573500574685,4.1830504573423255
5.931431006775095,3.852245110333059
0.9290268601335163,3.3985127460231577
2.4226412561974167,0.23232514178412167
5.401549542687263,2.3921625368690043
0.39845641824410993,1.2503794710167095
4.880807359591034,5.0429945946978325
3.705679650166103,4.370470902930987
4.273196272407576,0.7719725677703764
4.548540075044709,1.0431388619149398
0.9148106557525741,1.1982650010576557
4.218719940920494,5.225601953583505
5.0104466414499695,5.929754974001678
3.526813445701131,4.821835966183398
0.8403276203636003,2.7666044730668946
2.92278617133337,2.7071297876187055
1.7697436695413946,4.468269741550717
4.409078730030673,4.61827516626955
4.956801007714931,4.745349119333856
0.958609616628779,4.936897007221196
4.18538867123652,3.5635420477126774
1.9705322619364825,2.4538585838812725
5.563691838498905,5.984704598839213
4.7851246782948005,5.554643648041257
3.09400934358019,0.8338609426379529
1.1442920295136556,4.80149082911165
4.417598168616902,1.9825788871861523
4.498680153070885,0.4441431884565614
5.258394923059567,0.7958534283373826
2.3876272975825534,1.1909886149282007
0.06596784096296737,0.06981027668713158
5.88470376747137,1.7820654311832478
4.359394490125222,3.958102412833744
5.33661300155713,5.487749693937311
0.1797399502036494,1.0330957040497246
1.4192124134505097,3.2648898339691983
0.0642822214306642,3.5852305575351964
2.5017889761560372,0.24180052726331835
2.304274144520443,0.158300775387624
0.9594766305152262,5.632802055692647
0.927729209821827,2.4688530715374917
1.7137545497436413,4.8751148742161
2.219164892022542,0.6661290801964814
2.365465673244092,1.9725698785409382
2.1952085000994717,2.0207369368738286
1.173793987672612,3.8064257930003356
0.7941755319248298,5.460763490431749
5.745480514362481,0.6127914996521935
2.306025043743496,1.795862284286278
5.326004107002115,2.0069439042261594
3.105556330003987,0.12727925083469538
0.36547122674799337,5.845740778160712
1.1220387181858278,3.7823617568003067
1.6618392203861836,3.6985593783670474
5.259834743637786,1.6394681849011399
5.426083500511075,4.521858290125936
0.3884771502028914,4.971746100194853
0.5269980921381887,0.968733610003425
5.0644166970549716,2.13684965538542
4.225920777926973,4.274659248158802
5.333336626941938,5.95638497975313
1.370187945842656,3.6399672899536117
2.3450455567552133,0.21038322887020255
3.987104490661948,1.6121769756857678
0.16069000670482358,5.596443920332086
5.807210235629343,0.8762051838944185
4.169401523613242,1.6749710964203217
2.997853828273151,1.7524086268599086
3.3601889131172844,1.64505161045633
1.0411499536594016,3.2592683777224787
1.8326724560316399,4.019000001463253
5.897014117606267,4.277590006708139
5.220288791912778,2.417821626571082
5.607250910029123,4.739246107001296
1.2586839179908929,4.080241788964889
0.8314104473945838,1.1444311468221486
2.348317174375042,4.123561503538202
2.3553342812032882,4.32692642509973
4.707248322848696,4.4344072121591225
5.723676528643456,1.4534358382523629
5.952561073180555,3.605425398214161
1.8540764289368756,1.4021906977087268
5.808766492827412,3.1045944883067773
2.151649292666838,4.413819346629594
5.1125556622143575,4.7415345647195535
2.9467355999302143,4.370910131024128
1.1350968065944635,0.7289828573790889
2.1008746288127425,3.4952181296432174
0.9609286840472169,0.0623695419942103
5.247475840732822,4.502656207811551
5.097500286889726,2.2995674987360584
4.585988464408725,4.182989531404925
2.4963098947652393,2.0599717278139975
4.464242884873421,5.406161564701225
1.1725500747298594,4.927678785982897
4.127151084497521,0.9867014438066888
0.31825710388300177,2.7820697436530573
1.370873127522068,4.50285877345258
0.4568011327625534,3.3931575795413185
3.6538550148465463,2.7517979875572403
5.096000968919468,3.543442509987239
4.881989576126153,2.019941568216474
2.0514460760391526,1.6293982196759829
4.5442227995098055,4.280806448134424
3.7645044255841915,1.8601977030273429
1.306351309985136,0.23219055754561269
2.8429386010067543,4.988072885392054
4.750198552275574,5.036406188002594
5.513265069374945,4.336519429343807
3.015263876752331,2.4851048634547688
4.770762158229281,3.6662546491678003
2.996021968296974,3.0317517945891277
4.801240867907962,2.9860058873894824
2.327113494923311,2.164117034017531
1.1728570214182152,0.8121484745116705
1.8774270725346365,1.1549887457620411
5.047958677475676,0.5867001483869028
5.709748011019438,1.1224419246479702
4.42268653367627,5.943496527768846
3.3546628616402447,4.377074325440909
3.8675615547198636,4.77275397393244
3.948703771022446,2.175762237694824
4.539419227118376,2.337641015264755
1.4770779293511334,4.150302608723528
0.18138374121076173,4.599211379422794
4.667238505574671,1.254206288466019
5.110857687984635,5.835169308126934
3.864993642352127,3.6442963007445557
5.6349456376784435,5.049489591990727
1.658627834154761,1.5864557341767016
1.471362018687472,4.495394418585958
1.6926377192897837,4.374910883540972
4.4726911782781436,2.071156067177573
1.4228847331111314,4.853267221928066
1.3774131304363104,4.387721721302698
2.4232697072622167,0.16048850222708655
3.0421449277204626,5.078834110604896
1.5618594198315896,4.519512580069099
5.399124124294114,3.4762353404285484
4.915319686370507,1.8256863656061335
2.8082455931016304,5.54930760615246
4.05012817278304,0.42098511924251336
2.3036325957715835,5.609296014929097
3.523316702044748,4.291443605607084
4.751057515450393,2.460004630315142
3.070166628853061,3.0954234249942276
3.4733873494085543,2.2075128553511014
0.5750130474003721,0.6728154746518877
3.4718178262676367,2.1312660879381093
2.0681147568683373,0.5729749469621639
3.6108071656398115,5.389157158508905
0.8279999701342815,0.765240505596819
1.1424192806983466,4.606477988306783
0.7332033032759326,0.9915524737642325
1.6579561769363846,4.183061332372432
2.0702442066854116,3.1230221836781125
1.2651393201057832,2.15346945950369
0.9561290336002846,2.4608174502735616
0.8890999179707333,4.619161561961263
5.396240891603961,1.7181687732092727
1.8436451690023898,4.461184235469069
4.367931146165626,1.0368684286806815
0.3442798588976481,4.216539076905202
5.77161990487475,5.7439502175419275
2.010035502524307,2.7758393835943007
3.5434868969951436,2.086964110377232
5.459698370834494,4.3270400481442355
2.3923633126834676,1.5199239312973676
0.48180206353950883,2.614463097621842
5.042559709236878,0.16719135011833863
2.380603765373216,0.2448987413160979
2.8056869112714855,3.8125597437129475
0.7858186077237979,1.0888210321600242
0.9432892760043039,4.65398586451085
1.2702717674097164,0.39847009496152586
3.266354301167963,3.077089198744117
1.5008290889641467,1.027702967557695
4.101957300426529,3.115732390457005
3.781990594781871,4.111927800069898
3.9057165604116295,3.5399993906716274
1.957165512381949,4.065825660832193
0.7433605244212982,4.550960530082166
0.3474080176577927,3.2437197473056125
1.7456354586448686,0.3807145815962625
4.125460706845831,2.095505278709495
3.9187782967939104,1.2968111082916995
3.5954105720681344,1.6528561605043355
1.7123924483755675,4.930812558745443
0.9850299782219356,4.6821572033956915
1.4072722381593272,4.286803348665321
5.721122242651701,3.4627046785148705
4.276830805991853,2.247456740216604
3.239448494375676,0.2011732558704622
1.5549205903429906,4.4453057266639595
4.925174954057921,3.095972667497901
1.0852982214077609,0.6283107494925482
2.566720103893057,1.076719894447891
5.6315122475622,1.4837700483098164
5.85971281034653,2.450900406909561
3.720767969015208,0.43062537871590933
2.4152058133881145,0.06787336138730482
2.596876271638062,5.184833899099695
3.7351286274477102,5.130191393292903
4.606829525707281,5.178670231750644
2.412474108069779,4.869454694691133
1.0402088716143978,4.957048909776768
3.373563385824739,4.010899664759966
4.908619010433603,4.286635845143381
0.3032662977413427,0.7510874386181439
5.993421604323138,4.8355265079487
1.805891791316446,0.8315237964429338
1.4903317704438115,0.49902438472040256
3.2015356744938255,1.7088861566617466
4.165140881837882,0.4703371413329347
3.2410364422294236,1.3835290543171783
5.58941979523511,4.606333509442366
5.6799386592798236,3.010076531588293
4.569183032620085,5.259825823232916
5.746140723862137,0.38912553281756135
0.5242082915579331,2.2281616713280767
4.284024596970413,3.6913813471005827
3.2981554352017692,3.6523877888023564
0.2537693844754598,0.4769418187993202
4.338160953141404,4.997276950537302
5.03959031259528,2.1427848958410154
5.638393856059802,0.6693366760803796
2.179148318118844,1.2920700664820486
2.6403705119175935,3.370959065972442
4.006814605939402,4.162988447287441
4.487510731359705,0.23022537550051214
2.4012000646940104,5.419676624955616
3.856163867337658,1.374195788553198
5.047099244686649,4.004727479497895
3.2371515941155518,0.7731445885119135
0.5882882474929669,4.85914612544152
2.3827594654731445,0.6872441034159136
5.913686453320668,4.358487791083765
2.882846423137183,2.3987750819392746
3.5350127428564573,4.70602898144837
4.215094017615652,2.576904194988312
3.345044688531554,4.227276992062257
3.8911126258604103,2.656876950772528
3.619965606746841,0.8115586496933005
2.2217005103638003,0.6478767808326231
1.3653449846710703,3.8018552481540153
1.1621613364857417,5.626226771862752
5.7970730890416835,0.6450067986221921
5.469904993569031,5.602831276156034
1.627823790148292,2.11775228260922
2.8100433928472226,2.514625314397709
2.7688387328561523,1.0361243215704914
3.0524047090133424,5.660518432830354
2.5591116609656237,4.011881810346409
4.8149592984702565,2.903605174828045
0.8667971587724839,2.203467573482139
2.359655808960105,4.881964124899936
4.043865029153405,2.87074619372014
3.4485461012482705,5.9594725840694345
0.7972660792327964,5.971920717117406
1.831677490363161,5.234426338092623
4.33729134492928,1.9462682133654463
2.5550881713001443,5.210721503303623
4.712067913586967,3.385882421052397
