3.0,3.0
3.666242310914569,2.439382113878976
3.1411667512556587,2.088233594303272
4.107474323225668,1.9322064344685563
3.680997501420675,1.957566389447928
4.384088930597763,1.7287492033426357
3.079656451962376,3.8639559320905947
3.085986881511446,4.003377210166624
3.1218444525897286,4.8490185799804735
2.223248738079529,4.815778212382897
1.9206333594236231,5.2702086440591485
4.902634302689875,2.4067824592581917
4.200651277686877,0.84069650791606
3.7303680743075267,4.628980553910647
2.03118888869694,3.8478883456482222
2.6403183110840107,4.188845838013828
3.4261067732116057,2.363195223243544
1.1227128398235287,5.227119028557953
5.048107650750894,1.9283024239250768
1.3530358509749623,4.983473980037401
0.42910858833469945,5.935032110738856
2.9379566076081343,3.8151501180262732
1.4290965667171291,4.140882797257044
4.210448592403992,5.503590401096293
3.947057071932014,1.2420439886895907
2.5220748646140096,2.1153560701753387
3.7989167312973438,5.655698079866223
3.226736989789418,2.2610327843537066
4.97961728278305,1.8145873996646689
3.306660640242212,1.767962704646852
2.7806224402326007,4.4675931655652565
3.972856249476315,1.6631080863597878
3.2338897887109286,3.331383397354627
5.924566449332331,1.8940044660659543
4.5918549145614485,5.4608740289038
1.5662578657944661,2.155454466307721
1.0869132103992807,4.8316835622567975
5.700384896398865,1.934182982534869
0.40793285183926864,4.756488800808493
0.7740432175261625,5.688457809917679
3.2588854227194495,0.7706757164949982
3.1811426107859155,3.2168150084033593
2.369316877330176,5.321543993543878
4.344958831988902,2.4216843263600296
2.848474999124589,1.2575559806817795
3.7856482325028105,3.5224756159547743
1.0750400196795218,5.649172106119038
0.24587566529044746,5.243659951144436
3.7762394450252112,3.912305478804126
5.433902750974575,1.354189889813313
4.698074531649192,2.5489458733664057
2.012943620918124,2.1779945014342683
4.353336516522524,2.020810190657362
1.0445838177300621,5.577881330113598
3.112176239003353,0.4849519887314011
2.4773795383203043,4.263896600021977
0.23081702421425154,5.7355487021237135
4.793631915503763,5.196171758631916
2.445770094163424,1.5665745823755368
0.8709828803158957,2.378532503579791
4.833082457754193,1.0963026790363772
3.78573241739248,0.17488897280189608
1.771082392050453,3.296769090375892
2.043682844392107,1.2080405240778462
3.721226471369157,0.8806436528604753
1.513542666207,3.1271808088417328
4.672633246016426,1.9266158485526899
2.9951625281904217,4.74787706248871
2.8426903975857236,2.058334149493372
5.216528808629844,5.139043065042374
4.181574740341864,5.7937136853698314
5.205488707095871,1.3229897207301375
2.8255754422039576,2.0429724943209444
5.503775568236506,2.7015386620174344
2.7881102699493603,5.856627418441374
0.2715506383151205,5.886315786193031
5.94014513642604,0.6430250318471042
3.1534272624045596,3.8493450996369125
5.484341881982791,2.8804638317244287
5.065578723163109,1.5121438946800854
1.2920454228357783,2.4613890531526756
1.280798415816507,1.3953739349299925
4.796279421223446,3.4877371689615684
0.5888079983688557,0.9678870070100567
3.335473292431752,5.431624426495619
3.5953776843023704,0.7106611458009628
1.723576245884512,5.64508244075567
4.045798123358104,2.9668601735189006
4.42250617336864,5.990162952252018
2.772829494268294,4.101890477567479
5.579191629877652,4.043576980233276
5.599885625307921,4.692184809251749
4.467931291063561,4.480025828435057
1.8648018969683722,4.557147796538142
1.1464761293071393,0.7272854287719916
5.752995631880805,5.318088309633455
3.024143218169994,1.9466306505253845
5.47235745729383,0.015992601796268602
1.261296296220302,4.2531364671836664
2.0771284023010077,0.35675843418456643
0.9254786951925584,2.181072906174092
3.7059438471681045,3.956191346908123
3.1542384537325265,2.047702147259413
2.6809775874649624,2.724366832437053
0.7955301214107666,1.9133224874798007
5.274210497772142,1.3628973510619802
3.2624788159666247,0.3720644614932722
2.8374575250389507,5.090628571480442
3.5486835992907175,5.145774939389282
5.9154346437901335,1.5782607614855284
4.379626258769146,4.978889798791464
0.5593964055803977,4.2608585849589105
1.5999788747532837,4.380329568981281
0.2069869427564448,5.969598592452641
5.244114345860064,4.13019201045032
5.59067631387987,2.1207910817256774
4.91031358389266,3.9023545747879127
2.9522924901588388,5.407025325150975
4.009210656118224,2.264158675788387
2.9135816724678376,3.2505366470600823
5.632811002281779,2.1743349052512597
1.087446321569419,2.6730923301259972
3.5016557878738688,3.1662613049658423
5.539499043079914,1.3894023963076525
3.9369765101302656,4.692739191670198
4.97753595561334,4.283035907751592
2.0107224875396366,2.0017832160173397
4.391974924603019,0.7178778497212623
1.4280861839413475,2.4519039383352688
1.15390752755363,0.08763275338893406
0.7432193910025824,0.43029576139579695
3.8052512276907065,5.018910864959983
5.059143160067072,3.9438702281809626
3.896832030889598,3.7984007455242543
1.0332560270959954,1.2796595055264939
1.0113719840228836,4.405014942586062
4.995537542000901,1.374509678508647
5.666188594941867,3.436777691985603
3.473724664428258,2.373536323967376
4.582101066209136,2.6818475811063625
4.374029505580046,4.413439327117562
0.7981370991804138,1.9043875703126394
5.564865687603611,2.4522619093281297
2.3300841044614993,3.4415709855664636
2.400290420689032,2.204992997067686
3.636868562421344,4.676314243231714
0.8234695957234794,2.1316844073283434
1.5534640467904979,2.7242579072623556
1.4632659244273811,4.126027978322126
5.086433708153025,2.0218348988436663
2.898037382821239,5.586523189632858
1.0017955055035432,2.1110774550571367
4.229519827604684,0.9387327210530609
2.505564197328812,2.5669593546353178
5.325419588588985,0.6318300705285143
3.9012240128092968,2.5104100920147596
3.8307757744889788,5.564124392520877
1.930330781441377,4.473473616091908
5.927306430005309,1.5376459271613911
1.8391035040869186,1.005851329514514
3.456871880271086,1.6236670683625087
1.4124301073954697,2.0458841348017627
4.628903164817612,4.400599432806108
4.054487975876064,0.5059034602982948
0.33592567896488945,4.21095426215517
1.9690589563117382,2.4078798270870485
2.693233711497017,0.30690893809903175
1.639455504620892,3.2888441611376997
2.665477600102653,3.7204516899969855
3.096795241998667,4.0465021783768735
2.503487010966055,0.4233636296653167
0.2522579564574621,5.427154782424933
0.7041804208835523,1.6954785201820721
3.7363473485646765,4.89027359638057
4.291541064338765,4.151463750500186
0.19920386633881915,1.5141760675204003
0.17480587388313462,4.640970852340179
2.958798711016385,2.6199494410543194
1.2057074631404328,3.6156845440813976
4.636075463748611,5.619837787672586
4.153618434303212,5.9288635160680245
5.7474936633063995,0.7911213043136986
0.08201141544239032,1.7529572898738117
3.217565357660722,3.203360521009105
1.336103366862365,2.6233214794642103
2.003591482403764,2.4841177530992526
1.3425015113185816,0.2200957400330572
2.677598100539365,3.8464837988112324
5.44522511455352,3.8924736657716017
1.535792785873356,3.5250508308516006
4.0384163217913045,1.3654591972196584
4.437590160484411,1.7070121445900595
4.5674230736044015,3.069660438687616
0.2649020495450305,1.0985199619855988
0.6587474709002161,3.2248565020174
1.398373372238975,5.434656834856495
2.975350029244064,4.281120526445299
3.5745030642054014,0.10656136456520482
3.5771223002922006,4.324095092274376
4.90501055595413,4.949345041717294
0.8333141230569021,5.217921208097477
2.1912261890776956,5.453741884660983
2.363731195932592,4.378533158950221
5.415660254648933,1.601106886144678
2.0802647945891715,1.8042295505110006
2.9020927401756698,1.0221914776689311
4.256722606614776,5.8109159207952885
2.1365841487407167,3.93391577235459
1.3261266551840531,1.1437316667208355
2.7616033240877043,5.855947650232933
5.436291536344051,2.2508441770982186
5.549511820265947,2.2231607365816926
2.894726445329022,0.4784183664748216
1.2205254991060461,2.8124175823869058
1.9779492753139878,0.19159523371214848
1.3384604745816615,0.47759745937727915
1.107551714517451,4.3480590896594755
2.4265939806480112,1.2578641227155627
0.6806795191031172,5.1923052940263705
3.0840728074534445,0.3055623286759721
0.295944391405365,3.5102519536008874
2.012374572644945,1.7049907677248044
0.8126551093709278,3.674286356656249
1.602127934735664,3.916822603161123
0.22634358894203488,2.0715518322545194
5.615933710259128,2.638686840109069
4.772875247243583,2.139651159179617
2.8782594351797326,3.3309943461075053
1.6121614376411508,4.953038320252061
3.1197068700355697,5.91464185257441
4.1020583211736525,1.4593213499240432
2.8649374419061147,0.5785518067637712
5.727133652111678,2.5772984117452955
2.118539595751183,1.1296495308188665
1.180011287207715,5.453033032333403
5.00382479249126,2.1537294282467796
1.609673197125211,4.840334747445527
1.7561760295818947,3.624201485449116
3.2155669284557575,2.161071388704096
1.4934201991142673,0.6652612214038938
3.641596642687311,1.722201535475471
3.6342270849514584,1.9965822188713045
1.717444681864188,1.2314233440955389
3.0370404440509335,5.8527573619654705
2.0130333088508423,4.729604362489347
1.2021127763756283,4.3004218749762435
2.783012461973925,4.528663377032624
1.8558033043304327,3.205159274178132
3.81311101187605,1.4133302762489754
3.495723054570834,0.6780660581539488
2.2110410518879093,2.9291769029396706
1.7935063470309884,5.563600954581021
4.403144618465452,4.161910952025444
1.0544598669667917,0.726278188047609
2.62754891977183,4.488696147623273
2.05692238177169,3.1450534665798324
4.822433759306732,3.3518450707238756
4.40594883166343,0.6344611908537434
1.9566918954025558,5.778477125739268
0.9562418594785767,2.639446201890817
1.2721787567236105,3.6345960634813927
0.7175583241771455,3.1813336668221455
4.786455292930875,1.4900119368946445
0.699185313882722,5.646719182880101
2.132111966017373,0.5903890322920251
3.541246552303072,2.464334853904369
1.1621481096476436,4.771743080112285
4.944707714884586,5.207920773378803
0.29602924948829945,0.6140890576647464
2.5174496539023368,5.9489741051161396
5.771873750104392,5.490432786833042
1.8153022815231596,0.5422726055226856
3.2726257275512776,0.3867195116813147
2.755533475840875,0.8716952201675388
0.5775101288424265,0.7054049311917532
0.8340656000422177,1.8900947834288433
3.169929473027058,4.103943983706818
2.8644748992826363,2.039693753388306
5.096719810915095,5.339288529336064
4.754513381523681,5.8062646171109105
3.080641752783254,5.895449344377011
4.935494766001801,5.448950592673647
0.25318464973640986,1.3139900422098347
4.2055453805637555,2.760395838747557
1.2353177422508743,5.851799717486518
5.331349168712608,1.5825526460849544
0.18011122643294475,1.7961186537021336
4.510942710913185,1.8498362891813906
3.7338527497643716,2.6464121235900935
4.361738960676957,0.5530701636299111
4.0327111726532605,1.7517929736836142
2.4248257865055676,3.9997781908657357
1.394777255260202,5.364940300639964
2.7650643654707725,4.891468449055644
0.18928740543228906,5.094328692748384
5.490505687695054,5.9500244942804175
3.7170151153762214,5.039533253487193
4.5344106591181665,1.5462237882336818
0.6983068590865544,1.472391903018996
3.8790519620891137,5.68023006438713
3.3661028525607684,5.9211319157082904
2.6347641359462255,2.780107615996405
5.732507124066279,0.9220924744370029
5.281228357968449,4.935991125453803
3.082021689175246,0.5362975887004668
3.3022307141823033,0.20021953219237676
2.670846991633261,5.087550562590373
1.233843775898123,3.6220983731755396
2.339535120400432,3.8611682527862117
5.430631019392999,0.5658645887856535
1.4176200801686742,4.94992587699532
1.839016962384371,2.7597711673311522
2.8593293983027674,2.6792874317101036
4.100460679619205,0.23865276001890479
1.139377134542946,0.2505867386337559
5.54106171575991,3.7804661730334055
4.619604538751542,0.3925989356783939
2.893761286767977,0.3345323380012506
4.106510625709107,3.9860302936402143
2.690614782963455,4.656357541732804
2.729479611524913,3.0092057223371484
0.9753229470687284,5.712329223732433
5.193053085885216,5.844717068512033
2.473726654649103,4.799483358239807
3.095642113482742,3.049398016140513
5.640009669677266,5.713982984017541
3.5509969175579923,0.36477749476167287
4.774445895251052,5.123807526692529
3.990574942899677,1.7455764540996102
5.02083378921406,3.2675781124584304
2.362326453259171,2.8546856005477195
1.4954585155497448,2.8202472565443886
2.3820268535472193,2.3619763457555645
1.2230341169206465,1.4494868249498913
0.050429578700220246,2.6828027537965013
0.22456871405065804,3.8338374358641625
2.895269016911021,4.6878431061389945
3.4780410728920543,1.4369402664032387
5.286237899059534,5.190309087261819
3.4535401041780167,2.9696553886229387
3.0434547679527295,3.6642079292743226
2.1257763036523194,3.242864508987587
0.46923609751178197,2.6364295281195216
3.7369369305273583,5.669293556465481
4.859986224953801,5.981761255103923
2.7892398781304384,0.9738895540872632
5.926546643656006,2.006396145799793
1.946805305163318,2.410298008386702
4.688071363210183,4.361117672575538
1.713585457431212,3.0708463875779604
3.383809610497707,3.233151511415749
5.737761058292094,0.5928278004243819
4.229154674121384,0.6277967699303904
3.6331092625267725,5.842044551026582
1.7349963585867931,5.755692333849956
2.127109430576261,2.3801771163750702
5.080142945464258,0.732359712236019
3.6308556574971322,4.7564813834670385
4.9190803155427165,5.567002598856263
1.1498733739105793,1.434144173338756
5.83981785450389,4.418979658483817
2.194853255929285,1.5688590776869589
5.786062597099917,0.9100760567299497
4.831469793326143,4.678059947453702
2.352167917101168,5.729777632286778
0.03156860666494565,1.289047691084957
2.3613350724410775,3.7657191005793473
2.023515748696554,4.671512654860437
2.281631374772835,3.485641157193041
5.281478028025585,1.3470320802071916
4.083543457822043,3.983869513060495
3.8753183067986816,3.7863363845369467
1.9113327970586582,3.8698366734818084
3.415219856208597,0.2304621061619665
1.840100880744021,3.797445472239233
5.9517080772379645,5.377255490438703
4.707947269828879,5.472172620129573
5.900168925283607,3.2406403481084247
1.5566299559593861,0.3300268195187255
4.139477867917026,5.729497707417021
4.497067416620925,3.2573653544419754
5.508852526728573,3.6389829906741245
5.997960656973303,2.4771141676897575
1.0102052897890201,2.0585647351968843
3.4131678877592613,5.80576962739482
2.7265528114311723,0.043255868450255974
0.7182883518868541,4.062464680680826
1.9362949192798906,4.675591687067629
5.529282332454699,3.1274252208343882
2.705076692360927,5.852048487082362
1.9419602298653178,3.370855803339844
0.2774305026352637,2.6591789364422507
4.485455451272692,2.4162769624097082
0.7282668090368238,2.2450062384124987
3.404000302668118,2.7965380515248413
5.977974899681311,3.9850621922038196
5.779960487475968,3.2721236314128177
2.015872017729607,3.211009507795719
3.2306477216848153,0.9319888998510852
3.2256129471737456,3.831553944391784
5.6375338915526285,5.690865840756832
0.684634113796676,4.364663467794554
0.8372581889265189,5.956343909647469
4.525259526678912,1.745219487232446
3.2026567437489626,2.6706734867782354
1.119260993316682,0.16520908767808717
2.1206104433496824,0.2516511596046409
5.896570539303261,0.968505956172212
5.42081170297492,2.926634776014984
5.74619679626575,4.697464065430233
5.061274651157463,1.2680758105475531
2.3636496786700096,4.009951913037017
3.106136422876345,4.30464927241465
5.689595597159897,2.465680530600461
2.3602261082278373,3.027933671110153
5.876365221603076,1.2045939045413208
5.168905953093875,3.4288651837354642
3.7940302916349378,3.6014196525512805
3.6375578157262183,1.4868339250288596
1.9530419859857175,1.7034097427777428
0.8616965965548966,3.4442554673703016
1.2588701255190589,1.2690353072436982
0.36435807211879356,3.666226689113934
3.44857124568402,1.4841364355782056
2.8037958105862377,4.301437235700095
4.7816923865785625,3.186018404782118
0.3928129779823668,1.5523264979063014
4.052280212877309,5.392667981449046
2.6618774265413574,5.689578778358334
5.2250620877803335,3.0146840469379486
3.933598829404334,0.44527509369110896
5.797019053263542,4.182518596326355
4.24275572167347,4.4132735812911035
5.652840993587725,1.4327238207711837
1.454741770458559,5.6192378398732625
3.8878492026554428,1.708378798067452
1.0106303732179367,2.9098268522187585
1.972412762163089,1.5319388609527442
2.1605073183228383,5.830093164406957
5.219318626225277,1.397517003657985
5.100859300372218,3.645227575188822
4.922032903416621,0.5499958524680688
5.082367899322839,0.1355318824212428
0.48890753958921507,4.109807015069741
1.1038876226287937,1.95826878699523
2.668594244787815,4.4101195069356836
2.543523895459902,2.6998424391815403
0.15810598444172275,4.343545171658533
1.4120661767375888,3.6247468888405043
2.8336155567927674,3.1963748315607683
2.9026875457533774,0.18486419868906845
0.6347584661647316,5.386580472563908
5.476243233717578,1.2690231038940774
0.4190484300879711,2.0975278958766115
2.302012573007403,2.0869542770031035
5.981386573508687,4.802742018685002
2.6797733305521403,0.5191637950274428
1.665166463218747,1.9472699507880407
1.0629758225985053,5.784249640345481
2.70428248670225,0.9414940746783669
3.9032380143292933,5.508008143025405
4.072925935635233,3.5398622324076126
1.1739178425853039,3.444650949446978
4.080138864554092,1.3950493145937122
3.2470318476106215,1.1421061743693846
1.012968648772022,2.568647024960949
0.5778278260084144,1.5745003309996868
2.199745130548602,4.169190643345647
2.342256484645178,1.1822378815800272
2.9534369859899448,2.997043556775834
5.2117068020465025,2.7210310101768345
5.371834635053482,5.021940318758798
5.665416022506524,3.119221148987882
2.876662824541583,1.2974061269413333
1.6172307280406577,2.5649693720971136
5.929711936818652,5.85715236124312
4.62361010784444,0.44425677676060005
4.045896321321562,2.093508603599917
5.180986747987427,1.3421410532698104
4.300126883114729,5.047117828245794
3.015012792528263,2.802586572745321
4.3499966945384845,1.9398950645362851
3.5499502759750294,3.4351822278745443
3.619470330329059,1.1011393236133096
5.0303875147190835,2.3159489769014394
2.634194101960656,4.108124097640326
4.722380223625483,4.796101376079812
5.739602492256634,3.366750389495519
5.014005307608146,4.513748524620417
4.297792986279871,4.2127457243316835
4.692957297460533,1.1155833160498216
5.621616736203232,0.48309481692482303
3.4622109649515282,5.382871681083592
3.0656804784525846,0.018900246922552322
0.6236616462262516,4.051966209106666
2.813393007757926,2.8182603695154276
5.726548604585906,3.2253740662312103
1.538225676595267,0.081272472894109
1.4217047991464982,0.13621604026565404
2.7569589276905893,0.570054682240213
1.2270840328995423,2.8627778943717552
2.5051500166503944,2.837516391975684
3.598436784504205,1.6878870892385973
2.7886814722459596,0.13631386716593386
0.12676956254490102,2.6127577025955477
2.4715940620682337,1.4809147106429745
1.2736091219707897,2.555457018204626
2.618342928993753,3.7948046376787152
2.387895125984537,3.562511521838675
1.9148513008156411,4.628626802131981
0.019411446085698447,3.926440040880497
4.205874484197988,2.691685703299663
4.437814149827288,2.4463967067416252
3.9694779827239355,2.4680342699903
1.1502755634475024,1.4249071702812877
