3.0,3.0
3.413084906550816,2.9022631002640074
3.0637632672501987,3.3345523172024527
2.9532253485807347,2.1367064209923097
2.497039712484061,3.228003987720342
3.5324629043148104,1.9662605806488587
3.4017722266627803,2.9058377171029792
2.5890065982205197,3.6116362003740057
2.9702269551954013,2.5471945583131204
3.159035364116468,4.372833017096417
2.02153839475079,4.117023207789252
4.288322199503519,3.3031499849643797
2.97042989530902,4.968201764529329
3.068354808065279,1.3423105057208313
1.7124493475851807,2.9683217045906263
1.2955762044178765,3.338138764399234
1.1119613369647607,2.247678779234687
2.155947405934774,0.9752735892622437
1.17358486268722,2.3656485359465966
1.7421131174054172,2.077565343217179
2.230293022971699,1.4918783862749398
3.7392882517725674,5.2380420558494185
2.2302058473809097,3.380693851446285
2.2783445033943113,5.66446561210196
1.7622823866457267,1.0990496172870565
3.074101807886978,3.9223786940959093
2.51123483871849,5.115913222821807
2.060706783970284,3.2358029689096415
1.3092744087172967,2.6942700190168445
4.214191050703319,3.0016639716364537
0.5496986573296725,3.806098164595543
3.271802864545688,2.0358046249283146
2.472380224859826,4.696603330470464
0.7696233562668371,0.9823164938593214
4.184316592789234,2.936474068207078
1.9864306678706034,2.258859517322886
2.9869929072684016,5.535455793318318
1.7660955784857786,3.3786251429691427
0.744708999331332,4.0839248519381455
2.849576999578485,0.4289520368999411
3.185062098736153,0.3303036460307982
4.098963412922164,5.285630000666807
3.5613971277539,2.005155511447104
1.5685309513440322,3.6100322581598308
3.1128332016744573,4.3361534209997075
3.142746893965932,0.6544549468579055
3.061085761809328,2.1163225529203675
0.5141684841984868,1.0057356968490265
2.4790277496126363,5.886106355355602
1.604872821681955,4.801613827569683
3.551002904799596,5.081953151503275
0.5519489834007627,1.9333445859217788
3.1392700573696235,3.01221587171295
1.4254525138352285,0.6741575810219362
1.7676207985867947,5.879916480969342
2.317657764386345,5.840027435873669
0.325468355303844,2.9336078569437305
2.5488678906658917,1.2812338767221363
2.2688489057090564,2.220221135780535
1.3758054883142954,1.8132525529183172
2.6204952100658057,3.9856899881565706
4.715609757897622,5.415561831385363
0.7004006928227386,1.5997082561016434
3.731814179064143,5.632312525888383
2.0293123584103054,3.491779979086286
2.5150371096810247,5.477262078037646
4.5090257031567536,4.934648385781443
3.507394812533,5.124703697521868
0.9232262105661837,2.252644772203271
2.8202392255628013,1.2725539890549917
3.331559629135973,1.0619680138162133
0.9567933340911376,5.070824625860182
2.158561530685823,4.8632346781876885
3.9664095914964923,2.53086386785121
1.448681596052236,5.569072357597454
4.221796833558942,3.555762929896665
3.08927054941247,0.9429566923258605
2.4116755655492894,1.3894759931258303
4.385783470026073,2.4446077127838324
2.4909668131730607,1.769787288801996
5.302870281420693,4.377657707376054
2.314614862354575,4.650552438602297
2.799727452340377,5.596578695149624
1.7956950297858358,2.1470556898246604
2.3845169875100405,2.646186098366384
0.9138549766343489,2.62027220470931
1.9287847327633865,0.7307527907108435
3.704690116232795,4.803771628251939
3.553543148143195,1.0748949996841701
2.4574751305005793,2.4136646208041235
0.05134246625964112,3.806723800793872
0.7694241103425357,0.9495816395208476
2.0392210721312676,5.117668826759175
1.7753681378715866,3.275897296977776
0.32319774275545643,1.6510970313490356
0.2351478249874157,5.3152650607955865
0.1593355386558546,5.385109113455799
4.513844811687154,5.4265261395133475
2.546519930170179,5.084816508120271
3.473657434329257,3.409430647162412
1.229959338866074,5.818564373723154
1.6580895004848726,2.4983407365511763
2.468802414923645,3.279747655415102
0.24363075753714036,0.9224111365802616
1.642703444613063,2.225008832865655
2.90020859243222,0.5096906426775043
5.3132544437027915,2.2811316367940058
3.5134605445758322,4.375314852399819
3.3452714067077016,3.4091709481950874
3.272334423580762,3.9339904127634933
1.8796261676710968,5.195608100904901
4.268195619461746,1.8653262431625228
1.9952943545714081,3.712819373724921
4.019052429979176,2.3843524077671225
3.530838883309748,4.051684478597302
5.905692400209464,2.9492980619948517
0.5319929675177635,4.1750761033754245
1.2313748574088286,0.0817489752642484
5.653472229293266,4.635285271335684
4.364223094581047,1.1653357610006077
0.09594690220833324,0.09769979719141464
0.2597984457061344,4.136354542733219
0.7830967082598113,3.5476032049443256
5.501646904842909,4.9873690167127
4.862485784034184,3.518612492207402
5.304117041843165,4.7044019529250924
2.5978475302195805,2.91741816722271
0.8607626125045755,2.735512091028127
3.1281145766416576,3.232194823021591
4.854590774986805,3.647095275909549
1.5512356589123326,2.819796679443497
3.0620346060289956,1.8656199944620004
5.611661935402857,3.4813694727638405
4.853373994935155,1.2448418105769947
4.7256151444492,3.1621889236584955
5.092497654844413,3.0564142508513044
2.0868808755599666,3.9473808318484336
5.6167791039433235,4.709899350991431
4.799274723214355,0.5447512524412936
2.3613528734532476,3.5627923232319727
2.659371981321335,3.99327660024177
1.8108373730713134,2.3107241108057726
0.39170243132583615,3.4040079344465592
1.4992670272906925,0.6031530481083263
2.862836881248521,2.536156155500679
1.8539080418779845,2.326661757378049
4.593011854126145,4.591561441034135
1.4687762841749517,0.6869899762202007
1.0567689273480094,1.26694620999023
4.65446852189887,0.3271907832415948
2.270908088465906,5.922826443736591
0.8891275248383179,2.5507073786041934
2.064114081336128,1.9137439100343823
2.2382977862400457,4.26293129788002
1.3616331167452627,0.06854596115578837
4.379263252404874,0.11362054349472217
2.605118063447651,2.888105594667421
0.6113059206571765,1.7602782863342732
1.3532195353896115,1.7296322090073366
5.568099745219122,1.2259064854251778
0.006956650921786878,1.6101273465495647
1.3738814719072792,4.45651306549006
2.80324717162834,3.454923600804311
3.843301170348427,1.2240749822681563
0.13607465135670993,1.7521922897113693
3.264368280820201,1.6402324539624114
1.3119728923419551,5.283007712338739
3.4368346483632735,2.8366861342009093
3.131204436842128,5.118846217017708
1.6194239097210106,2.239548566367764
0.5628808352831431,4.153494603220419
2.8728209856097173,0.6917951627268331
0.09186617682035547,2.8476565059737515
0.9872583622862849,5.285874747332748
5.1732307171146745,5.336441555378013
1.2404442064221874,1.3815880165086585
3.1915897062350034,5.541261235670467
5.993247675952288,4.799988327654273
4.786052438843791,0.28458984377181884
2.6400450420139023,2.4716671286159
1.4338188615831806,4.435260316090874
2.0919076121868483,2.9972129315574216
2.6648014578767434,0.4343195897427661
4.881938444165959,2.7758862225782632
1.96895357360811,3.4660424349477656
3.3404008181058984,5.550408946542152
1.4455692625730123,1.7387216392244693
4.8964273516882395,4.064138830204065
0.10723016790826168,4.785035132769051
1.3988388846553628,1.4303291792038955
2.7071137893700494,3.16112605852677
5.783620034490779,3.362101009338712
4.836093954421305,3.81393318529393
3.1816673138227927,4.89691386940664
1.3938938783698869,0.9293647956373139
4.606423894913182,0.3273603154608198
1.0082458193392383,0.33307155228059515
4.819431178279214,1.5673355684454142
5.74245486006867,2.957046470530252
0.5684361627293817,1.213385026146126
4.052380135636409,0.9011365029314202
3.7932997213859467,2.5322880810006962
4.10898109304024,4.812835213032347
1.5230043017881425,4.466766874869033
2.6911862014828616,0.7339849493299575
2.20721634609791,0.9431920386171904
3.5202302844052342,5.037566824888119
0.4268261822628241,0.9504666667862214
3.5964883492597797,5.247915216685446
5.958004588937429,4.956010035278493
3.507695846256979,4.723051988806379
4.010104099973518,1.6283220515234018
2.5400132084516778,2.277051314124107
3.1008660024795187,2.9818225873793676
4.98996679655936,2.0000071212412873
0.03334950936424397,0.22454204723753302
4.543834196223363,5.133152305143055
0.16702120125249786,2.636631907464865
4.461152810014179,3.3170156899150314
5.104226053508761,2.3462866697802753
5.678856676503543,2.764088225895943
2.371110417341347,4.10134835589639
0.9462285852367254,5.450108746688611
0.5678237449363279,4.977830519009718
1.5740064322499019,4.746641666478528
0.7543692978522354,4.226116922058468
3.305117555353346,1.5312770002605696
5.2173435334517695,0.8688274226891324
1.6720373686807954,4.492051123350469
5.109012694449709,4.891780950013112
2.5659783871300332,2.565171967695708
4.798691152789397,3.2701240016616624
0.551578449614605,2.311687424802905
3.99675978856143,4.833611848177858
1.6595103708767804,1.2025170421660059
4.769045493991255,2.2376093678038256
0.3609436761109468,2.815671905858761
3.980858166796286,2.127892564207503
3.950862748927412,3.415967450474576
0.3605155681168266,1.8741494566121877
0.4385317516718541,1.9384332655720966
3.075325945424087,3.888241224558179
0.22410840244728525,4.425932519136779
4.585555709083597,5.033462155469513
0.23142236465153454,1.0007156878735266
5.8357466087790355,0.6686416626658629
4.486018436622842,1.9117429328348279
4.234643793886281,0.27334143121899146
5.767549235876096,4.47938395465701
3.153297721658176,1.62511030845818
0.22812282785500781,0.5645165842121467
1.161490638375415,0.14303102988843497
0.8695823955179467,5.493368830257994
3.5270968091651005,1.0338453761694626
3.643354756068818,1.0571054642125406
4.4681840411469596,3.9214644438326873
5.274738238704185,4.973558769197131
3.748221348904658,3.918367177271702
3.6443049305875346,2.7104173355256886
0.17557127633473102,3.481162392581173
1.4904103716819763,2.3416658226362417
2.9346191879008146,3.7111265891380723
1.616948423030228,2.9287091358734845
0.3495416179023998,4.2169663983109
1.5597657585159839,4.619890607217458
3.009700864663399,1.7491091964486378
0.5128942266803258,3.698750547486231
3.3929651739567346,2.9839829449978277
4.246028207403439,1.1578949261059714
1.2318261321495785,1.3518767507785123
2.2506535730626314,5.904052511203059
3.105898939505657,2.5269148270142416
4.397837834380386,5.6325342292945795
4.29239815760455,1.4752358382436594
3.776020310642065,1.3369868262896873
0.17033544508895782,4.498039796821763
3.2610841478094192,5.661364597654177
2.242561375034467,3.8510860229091524
2.6679330518428546,2.0522735085007113
5.73950289832172,1.934663548080416
5.4574481299675925,1.4165144347008305
0.9552918315576615,3.446776274950664
5.250084000772723,1.1450263344737222
4.913639898240897,0.012305417823867515
2.152969256315386,5.875815383546893
1.5741814932399814,5.15427464498773
2.102392822727766,1.0186637618623358
3.56940935807782,1.5409908455137877
3.706876535310554,3.9068761812463855
2.6898148559742343,2.3934259491793552
3.220124444513157,5.206726492316827
1.9266157045787564,1.2191609248324247
5.251047533466581,4.125180945320958
5.500952172739954,4.539085621463627
4.671188972912118,1.6710135057664304
4.949090472373623,5.526417896840625
4.511872662015419,1.5160017890743602
0.7080809174559104,1.13371336774427
2.465794959373583,3.410827514536416
5.684103090764308,2.3705588020320567
2.305439431428299,0.5246232422148989
1.9972757070104172,2.0336026955140643
3.8828211035885367,0.9246635045680629
0.5198410785851175,0.6382186830940142
3.5825958826190627,4.573344209439045
4.156745705066275,0.22048771120707644
3.7588885859951935,1.306856467222671
4.370924512729693,2.5307126875519117
3.730621114255037,3.824501430045439
3.5916645867179673,5.0525193744743655
3.8088443279945285,4.092104145379564
2.5389603617642917,4.1315724137193754
2.7571963271416773,3.2153066107063335
5.374780249101723,1.0379103786320327
3.885948229352083,1.231486626437588
5.247224564005587,0.06478867177764935
1.484614972009653,4.053438213992759
2.6687457022633305,4.240315262952405
1.0862315353597958,1.7003899494126322
2.101374005391961,1.1873760812457432
3.9357994594730603,2.4542080694600186
1.3452038328421887,1.664428911122071
3.759023494403129,1.5131864057995705
4.304009431363555,5.429914402353249
4.048474952382243,5.582811525959411
0.7532877168429042,4.345995429357356
2.648604041712539,1.108922433288498
2.996484942602515,3.0180390356002476
5.413262757194064,3.727987393998845
0.026765362988380836,5.379876946702193
0.027478322359183904,1.609764473992309
2.991054606091958,4.903799602403964
0.8129239178568568,5.700060989957393
1.1244077296148842,0.9676225548077788
1.8372844968141537,2.922054369863271
4.236992104164933,0.9597058716865798
4.155954517151963,3.4929302874543042
0.6651401507810859,0.5467032169893473
0.16317990265344773,0.25990702262925414
0.7643722197902478,2.6791507393935463
1.5004490147602805,5.534173571262406
4.139042612665737,3.209435609293471
3.459128426945587,3.4042532011023683
2.2214213201140476,3.8410461047930644
4.485393277765546,0.7971247690762009
5.749640335895457,4.724535073397603
4.068857943566252,5.514460852143833
0.08680268750816111,1.8945588143983794
1.0283725965778565,5.100235831820025
5.573846747102732,2.2396953652238727
3.5638326143883763,1.4815366810070671
5.0668885766807685,5.565896177315625
0.7523905156558004,5.3573302723866405
3.646985148208423,5.427039600482608
4.340194771736589,3.5499909684261786
1.1393610306178779,5.0280053967152645
3.961513636100955,5.377127627764008
2.579749098736621,5.2981238083273485
1.986286928809206,2.962696716898161
2.213471696064271,5.114108720724658
3.5691419176109545,5.8120894232626625
1.8458550329727827,5.875890913115931
5.617614762295333,0.3749900900078331
1.634595360955396,0.3396107264175381
4.613493919854183,1.494197498445178
4.2281988711260645,1.0000297954142463
3.586868988001064,0.4996789707366509
0.8216119509903255,1.7776420071146442
2.4249854917870692,4.59046106448268
0.6781185686962146,5.144679566772882
4.109626226948569,4.156598944772696
5.477960312074672,4.053274296494014
0.923301959315608,1.4353790047214594
4.153765927417677,3.721509413251276
2.3314214886556885,4.910731509351075
4.5174011679525785,3.852555568164932
0.11246988990088558,3.447075415230744
3.2711656546085406,3.482811590375085
0.9034296475243773,4.731529966525979
4.40328410268838,3.4888082288662234
1.743052179709258,5.025253365433132
0.5725617143187263,0.6218405607902213
1.8885193017316608,1.5751744596087085
0.45482435033813506,1.3805159751117126
1.5756638330397204,4.651877101884194
3.023243998648785,1.8995937930848235
3.443871013857945,3.861580606126538
5.154936941435838,0.9237828411109918
2.790609405389258,2.8513041410990208
3.2563697743706124,0.8865666581505889
3.7827180168652283,5.787524563022261
1.0663396150648863,4.9336127026599526
2.576686271655012,4.167021835520589
4.747895783596672,5.754013080919298
2.903132587737396,2.5091194887114563
4.65502366693113,4.288481402850313
0.35014609528965,3.7113476658107736
5.975973257725592,1.870579137323576
2.4030159329518317,5.290535873217847
1.4925657352130757,2.87400242951254
3.0836203258483232,1.9308546217025375
3.1624568778458704,0.1888630675702121
3.5172635766220344,0.7822741563757312
4.300509567029066,3.895669012999575
1.4921173672257824,4.92146070505503
0.9728708501987826,2.087173422718
4.0269557409620464,3.3538535839559613
2.1132886741541492,2.5400383361566217
3.6364543490232837,3.639445507328949
4.316187205982248,0.8069585931948764
5.208913794415377,1.9028473634637293
0.534346756164723,2.321171865236817
5.670496160243459,2.742120046242194
4.9666942831834415,0.2882817570774603
5.682898874688498,0.31660170864217485
5.427097492279588,4.8799762679569145
2.2551071014107302,1.5052372201187751
5.476841141597726,4.810528191992791
5.221627555996301,0.48812097820372236
0.48574438632846784,0.9814085210432135
4.214820721057383,2.2204712573969463
1.6801558731765855,0.4194011782093372
1.624251124556773,0.8911325610700913
5.971966215120798,1.111784238026675
5.086045144772762,3.3878922825729596
1.686415403123195,2.3571412231115207
2.4431142134086103,0.648671812567547
4.222798235688538,3.7867426714521883
5.509420885646582,0.4807401244698004
3.774187436258332,3.4946355374798204
3.512617017760679,1.9700115756218233
2.8062054459844994,4.490823755077683
3.8104417561005315,0.24457950973712128
3.2880895588089807,4.552467159211508
1.3298487744888046,5.622039477533714
2.693168926834789,3.838670339101439
0.5005144037817335,5.735190983854217
4.3355996518823465,1.1302204680082437
1.5083701203875755,2.0318843891288605
4.667276397972385,3.2682417205452294
4.824517661919524,5.554157824808712
3.0383704468117836,5.904549050238198
4.231651592996393,3.8156470711750954
3.9960372482558144,1.8317596296768437
0.1582781154034263,1.062898400234718
2.414713336692767,3.0738072235892018
0.9499786441871438,5.934776591895929
3.4210676863420555,1.605242178423836
3.5786494082272484,2.7641829392399977
5.385178445423427,0.9824321313733144
0.04803376732707987,2.844550941217449
3.111013082325501,3.779544293574877
3.1887698020603104,0.3735259936829123
4.666290268534528,5.837770501238577
0.7310910770822214,2.0250272143187766
0.5724018871214114,2.512957298844514
3.7769081398053514,5.0067718756281
2.3283286560284875,0.24162819875052333
2.8560022363349047,3.0561319496303314
5.7113772074957625,2.9746435520060475
4.618539311010233,5.466956202358539
3.38361857790892,2.876686192154544
4.915211970598887,4.002245739886374
3.3155076337376164,5.033133258027589
1.3300170872466437,2.305259734161085
4.498360662410243,2.506751939977254
0.09568189174581332,4.639850427925382
2.693715109997248,4.771012518182412
3.7501570012178114,3.540655958137582
1.7077989287150837,5.356356357976437
4.019445774279962,5.097706736220864
5.1368996039378505,1.7872427353032352
2.8188096182145475,3.09596089630436
2.0146200653075885,5.722914562200983
2.5965531885786586,0.5710549259986037
2.09842220169579,2.813272248017512
2.5278666794208586,5.1721103227905605
2.990371458981435,4.968883955350902
0.7857402248348944,3.2308218854586794
0.7204233621987708,5.23907417786774
3.3059640706225903,5.755265277926076
1.3521083832780174,4.066835104872363
3.027102034261637,4.0300679115920905
0.9528280363822148,0.7259900928927414
5.553898755685779,4.69669015835438
2.892958891644276,2.7634488908565062
2.241456583361373,3.260269263980036
3.4607067128947953,5.466919201082578
2.843097397824268,2.2861377214975183
3.50194427612822,0.9750122549856182
1.2156578406740504,5.611455991037931
0.8712338774331154,1.3396255873062035
2.0373897703311803,3.823434087907189
1.951524682980685,5.948098213577533
0.14198887591906129,2.255495968857146
4.871367818646214,0.6546702710018679
2.322129811846732,0.7144229324874689
0.3985212066071704,1.388602909343587
0.9015460928974788,5.077169601667364
3.025989039737538,0.6448179393908644
4.526511950464931,2.3920961085803505
3.5785223095951624,3.9959734152755706
3.718764768133693,5.2365751056714736
5.806389514301334,2.571316247564286
3.878575109063226,1.3875552336759713
4.571337283754613,0.8394556016179839
3.3952697880086458,0.45165764143088527
4.765467126092809,4.906166637178237
2.6630714329683185,3.3374457076162214
5.023790914937024,0.41274001608683464
0.6035855194409077,0.4482909307137586
1.307597550322242,2.011837988667472
4.762930043401863,2.7433238186131543
5.437201344608095,5.846451950920098
0.6086861922925688,4.629355591923719
