3.0,3.0
3.8039613765418885,2.8403242687103427
2.8574840131313874,2.474481111285009
2.992383275727148,2.685263713218649
4.643862949033492,2.9080075592588406
3.8567868445965967,2.6155110653641613
5.148908183183437,2.6574254975356286
2.857447646411491,3.7813638071020645
4.817937898228484,1.936039039870864
2.4186954536016225,3.067653387701643
4.703683436473691,2.324473218884947
3.150544519829719,3.0611760577836384
1.9944775577904241,4.126995129365431
1.869413798617292,3.1904782392016844
5.56097419288038,2.0287107586146274
5.766287034886566,1.88601751365708
2.0613968612164437,4.375343463322201
4.713899115760655,2.856884530319494
4.168736198597989,2.676493594970763
5.880590289087012,0.9495463447428174
5.7613296272798005,2.629165991404675
2.1781819494005994,5.228536931887147
3.1817842286604794,4.406698342190883
2.9665383834270878,5.794056464755042
2.213028532214448,4.477073717782118
3.700855737284214,2.079014829714831
3.1042977776343648,3.3139268983484693
5.523975018734976,0.7442650379575655
3.987881790721448,1.6838807893517755
1.4120188415185124,5.093437948758435
3.4694301240363017,5.769041415345486
3.097355303647787,1.9274510590967582
4.690215352855985,2.8910578433678062
5.277347749093215,1.8641601879736502
5.26645364395775,3.17181895171636
3.7171614827805417,4.394923316501582
5.1973345982363695,0.9394143950597666
3.5797332514246234,2.4039759148267263
5.243813782269835,0.931686929289596
3.3423461105646277,5.792367136436419
4.394511342847267,0.5916728857240576
2.9279061945219413,3.0172423275807305
1.8512099731278135,2.4480450170506556
1.6567827586972,3.0374063234139745
4.62003296946754,2.1760495633524823
4.232169805099737,2.0919574920198816
5.321781561577604,0.28110550620457
2.85650997598115,1.0643522957087834
0.842414650462433,5.472561396262487
2.102394586827989,2.7490214614583373
1.4772906941982893,2.88608186623195
0.39373576574923486,5.655696038841326
5.28542352484961,1.810901755759662
0.6003609574655091,2.8851043079270813
3.087818268451821,4.919322474636278
5.7932438783293945,3.1233417748025767
3.083914963423294,5.553402310259614
4.83059423670683,2.538500625922492
1.0189285865143927,3.18147832387001
0.48448971714300204,4.896524187234059
3.353961186700846,5.922431096795096
3.009019327796592,0.5555757988637264
4.658021075379255,4.137037494919678
2.698724057573629,4.88602587482698
2.710142091070567,1.447529948266404
1.7316797472171364,3.3915612602165597
3.4813017627282936,1.3213284687865898
0.21100433247296246,4.297796733917154
4.297496891440513,1.5805940805645133
1.0027065477452948,3.9085627638918576
4.805318393629477,0.3040664449389947
2.715868514488887,0.3227473912040535
5.302743268269907,4.045679316404115
2.4673716007706,5.985713236091791
2.5404586242636817,5.363492056210121
0.5156813714544937,4.804012859699993
0.47580343315482,2.187300729540012
2.1372776927702075,3.283247155184373
0.424247394207677,3.2320622658552236
5.797114707695869,4.710427289571228
1.1169689366684106,4.43198817753868
2.6563869081848552,4.00656265512352
2.475972203141943,1.385949266098025
1.857446793720481,2.266226865557564
4.770150930963252,0.07186608261241623
2.078938391328328,5.702126215448694
3.250513213872652,1.1087681275035157
3.386592097351972,4.796348587832306
4.1677727278401475,5.399192015886395
5.317179576811651,2.4983104895546835
5.387693624938717,5.459527041880576
2.7555512679357483,4.484687360291643
3.2072023942832057,3.020984593288242
5.619469836712955,2.0365375189351416
0.5834698022640845,1.3436560593002924
2.804187564684674,3.529912216426867
5.334344741375913,2.2304617583419906
1.5820314310214025,2.5440653105623463
5.247759135092786,2.184291061605758
3.9546435099455177,0.7858970085560708
4.60745858789179,1.9967503507689395
0.5358455716840753,1.69660697119274
3.9539394267096886,0.5205543735892877
4.518533698991821,2.1701884772024274
5.91896601652811,4.411944904161566
0.6673700519873793,1.5331640963495177
4.140886222399465,4.978227592054332
2.2850911408556014,3.1735928124317003
3.620048956621198,1.3599121087382315
2.7333419850857092,4.094452319005444
0.30098654660088275,4.616474357406054
2.5548772498837695,3.710407515237617
1.3223149938825938,1.959878463306257
1.1375004737594476,3.324569171056929
0.276801806642629,1.9396847459870634
2.185666410988424,4.7670525951932525
5.66267407135282,2.4157457531068323
4.181253604720357,5.317639032487257
5.065886242442942,1.3144048307711995
3.304204582079694,0.3776165087594845
4.440487045565502,4.4080320070089405
5.140734352005557,2.4848597454605263
0.969071146198184,5.779161211577845
5.7660472721149425,5.060187615511586
4.923407783742303,0.5133061497048834
2.2380421013233773,1.5673825256420313
3.1801045906715997,4.833623613256377
4.344133196366187,3.035288634491307
2.2816574273971604,2.0505290005203145
0.3275577392810096,3.5434556918583704
5.1268377709025765,0.8392762891700281
5.430169145378341,3.588005846536241
1.919096500502857,4.530667553049987
4.071966090634901,3.1996329874155656
1.1218444155395206,5.099733470400413
0.9757686637791823,2.478684732492416
2.7034985007124277,5.915749974149113
4.9904169904438405,3.396038218055371
1.4492536279822799,4.25636551443592
4.47021260690627,2.6667813566795107
2.4976112047486363,3.533743917826228
3.5091999530730016,3.0093750363624308
5.556089712751346,5.614382490772847
1.10331558683884,0.6110992866723144
2.8059230169821134,0.1964075427858456
4.865650694815037,2.5618186349303884
3.465888906079114,2.1483110581615317
4.6211060162676105,2.0946055061387114
1.2504473337058777,3.835689744074252
2.834644154466544,2.5975962147570097
3.9695170417631767,1.6305871354275163
3.6200495604389875,4.60562886726413
4.964852474229195,0.4135607113409916
4.992646177868036,0.9872369883619452
1.0054614710689842,5.427959787412952
0.3514239399132104,2.4928164073043404
0.3424042276401629,3.09162402135532
1.8557453220575417,4.697979680036092
4.12276335498079,1.9032720499303541
1.4768581769625526,3.3798795016107164
2.5709709924751367,1.088419619455451
0.5286317441761494,1.7489288443175603
1.60015493474901,3.875175760647539
4.2103540512066635,4.931298374443697
5.798082557287908,4.976926899446266
2.5391467178763003,5.547803553655501
0.7294299823448591,2.1936009134485643
2.140152855524198,4.824231174120973
4.372290874179894,0.28643987405778804
0.517911728452283,5.153121594534165
0.38604057298679373,3.2251343268282944
0.35674049210333836,5.801356551559832
0.8247523917582968,1.2602000152839992
4.216285370876112,2.723171160653181
4.231699758740547,4.213577201405994
5.98495965208317,0.4446461138169493
4.969690048377032,4.159777266836428
3.2086513964912875,4.053233759280762
3.4995953220800575,4.67318102923107
4.836692853500596,5.209443345759661
2.831687205149203,2.819226536219073
4.533561555223768,5.020432941969802
1.6709901972620418,0.8049807153923025
0.15372581716584155,5.00982921074994
1.6147183137561383,1.414802269783667
0.3794902892445897,0.22654751217919733
2.4342000560750656,5.394229884903826
4.322410589955338,3.1291762432495376
0.9161960108289049,3.8012052239441463
0.07992381515678981,0.8294311360523277
0.36523701458273994,0.11161816292462468
3.9842746309804205,4.57147553308542
1.2196570193113214,2.7714880204752164
5.552682296264416,4.630141219319537
1.9312252145337627,4.964764685063688
3.674981077821062,1.5791559428484676
2.59790106054703,1.1961349580322105
3.424271837831107,0.2220515110857464
3.7993544532321195,0.8970356560148665
3.3543839728365503,4.657781615120867
3.7630971579593133,4.052278594376627
4.534451258369891,3.9665867917756565
2.7450423449282715,1.9737966931113275
4.050600670431427,4.889625131055588
0.5850192871562836,1.1304507363820044
4.648016256083695,4.9754979397706185
2.7621337206761103,4.933854514010026
3.4155786748227754,1.3277137361180593
1.777617956485781,4.73507665169346
2.266934039608375,2.6020748666156335
4.763425238034175,1.4065987869746228
5.544837500339045,0.49670470395799904
4.452903525280398,0.4684571356314464
4.137499550540371,2.392674453156088
2.122042329809547,1.8892167987889843
2.625674916821378,4.842749962728126
0.5018175304150723,4.356777494370715
1.424813218698947,5.070655997924526
1.4705457866573968,3.847630812771939
5.420901320598411,0.438101101203211
2.076921376297561,1.940990738534229
2.4978925020464473,3.9866570860154966
3.440541387081651,0.6414422068731918
1.186601569925732,4.5342198709318
2.085437446875508,2.60399279872412
1.006778793296573,4.342421559674882
5.956977425976826,5.830415157290586
0.9648903871044527,2.6796281265488604
5.267762385541206,0.053829901356161836
3.7834275488503146,2.547688429145684
5.209653662450743,4.4251588735880425
2.1233018590452843,3.776630393663594
4.663910581586975,5.438862389159498
5.415985719764785,5.32728778631259
1.8995539076542378,3.3131043113999823
0.42591143747645965,4.839718746881278
5.885396291778378,5.234433439825103
3.0214307629761583,5.824247587772286
1.3670345893563658,2.6248410384274994
3.569765975229558,0.8279808685529662
0.7303426233418389,4.492685439698818
5.667508764256829,4.463750562752506
3.454066736175043,2.956325358085568
0.6691457543891377,5.425159317682011
1.691212166170165,0.3885005417139782
1.3814208239561552,1.847090131241618
0.28651011504747803,4.912247613870113
2.7445095514009017,2.8058297380994226
4.6843180263648145,5.2117643859107
5.8003079488790465,1.7911023776759107
1.24196086543242,1.4968659042778367
1.4835953367344081,5.920171114576428
1.4581891762397439,5.432838958341407
1.1604039408617917,0.4187586689005889
2.626664929065826,3.1356870759342366
3.0532965587820082,3.2789884638199576
1.4256256964216507,5.895724241706922
0.6610034262063045,4.558138026034956
4.038201266906624,1.3135306756700293
2.216784001941094,1.615181612712959
1.1728354244160233,1.205862465966661
5.25349384308765,0.21760209431329414
3.0589821979127434,2.794928712498111
3.1657438584331627,5.183334867915356
1.0798406926956894,4.89254064272022
0.8484497888053664,3.0318171581624167
3.1336236065469865,0.18267597008488012
0.4808170820147011,1.4903824017430807
0.5123927495445795,4.005559126697162
4.4708306326217295,5.746551212733825
3.8964043993426634,4.58692442131791
2.635060919385511,1.4422798557259016
4.278822241211304,5.1238470185064005
1.9432166837906422,5.685252424931566
2.8328951989908147,5.433277756763557
1.1840929484397964,5.546527981274943
5.1001448988817515,4.209378112580676
1.49447210340657,2.8169419660557002
1.1869635094516542,5.820580067679953
2.09316831560579,5.314994888501893
3.338749150523404,0.35192671746342885
3.8815405354256103,5.190580556175829
1.2722561483714367,3.4939956364790556
3.9486849525306735,5.706096969196379
1.3632304778147983,5.829636814113302
5.868383306739621,0.16093610366637012
5.888433434276124,5.725379657760872
2.9170735514442905,2.2248398973129273
5.707453324019529,0.8783944159459647
2.886873807490029,0.709146025876805
1.1332125643931863,3.1856494083718214
2.1650070739693366,4.343037182585814
0.886474162997235,2.8071611161385532
3.972350154695987,1.1192534880291551
2.4035013031507058,0.691125439672643
5.247971590102245,2.9340006215915815
2.6954886586870375,5.349603969596083
2.723258081351167,2.666745535877261
4.724715239848685,5.353596547554719
2.653141050099303,4.716613679328913
2.2542679849184464,1.5884060969785683
3.278168052220103,3.277700363869397
4.029692931207716,2.686528756326197
2.1831785111099533,5.9305113792877835
4.491782206208674,2.273884745678995
5.644321668673764,0.04846199579115473
3.1285957020005526,0.1105297671123342
3.1493609237729023,3.3394626185280427
5.376946907263438,3.7789570224534055
3.399137651293586,1.2910763822931408
3.3837795538208786,5.876643089663238
5.762128696881394,5.9650760689784565
1.3319048081938096,2.0783185480839226
4.578254217126451,0.7178853778456462
2.431138358056911,1.8391772256478252
2.6786851700873386,2.6402996968976344
3.3893386614007044,0.7588285515902491
2.8379344181339317,2.327975257821265
5.177336067920024,5.333700243104197
5.840865733701325,2.1776687854682133
2.025946288595526,2.388449745524783
0.26706037675968375,2.888105437859144
4.899241702543558,2.850335945876985
2.862367229504134,3.39660590908204
0.8903011821663307,3.5486290546669004
1.4295542678198436,5.344129461399352
3.5148972859894596,3.4320977121397895
4.158620594391704,1.2132602673050374
4.3654384576191685,5.0285929275572085
0.44276950279958016,1.4207812260425754
0.5829358158767128,1.0584788095409985
5.832452894502023,3.5942666670306704
2.4791976104211884,4.632628443576593
2.551756013219226,5.294746070327518
1.4626865021630526,3.821962252131631
1.882195733483234,1.2716397474225685
3.0445646372772925,1.8766190657229915
3.707378339967188,0.5699019582731282
2.494342159515228,5.670198701187962
0.2528343531886552,0.2034731597915671
0.5192641663493773,1.379681761076956
2.6300508823119735,1.1315204348253398
2.029217546819037,3.2371880815754075
5.218679059507559,5.270356779710145
5.407348573387613,1.9019669743810401
0.7409542077511109,0.14101695964973904
0.28478655919232376,3.4460552921414234
4.895705749162162,1.1424250825216984
0.5833397636027389,0.28777930354041614
0.5778070409687563,5.253329373398791
3.636919635717131,0.9367228340334874
3.923534779114587,4.538970125913755
0.6359350452024313,5.721969775866585
2.9126048336660952,2.1214204376474886
2.219999041170981,2.0932413552756093
1.0852602996086307,5.656046218481364
2.983404651383335,3.329917986205581
5.703064577365889,4.68828235596472
1.0212272235037567,1.4431382355327336
1.287573874382085,2.211403294886485
3.4215311094923893,2.4959865809557282
3.6718917974412895,1.6747969761964399
5.663478814563669,5.360435551662418
3.0741133460358396,0.27952729648966246
2.306742823919421,4.950499699157423
1.9762492768684945,4.536915768894142
1.0106871779297204,4.182507443522247
2.0541338629237953,5.750875802965634
5.982243304293924,5.370577332091967
0.6485673906106324,4.175308357276878
5.188004247263115,1.0728998369740077
4.688130233837058,1.7288751088184542
0.5099301751792638,0.8086269087023452
5.782869182288272,5.779174970964307
5.747247846361015,4.570382468705145
2.001132548794427,4.267233966266306
5.495159739445844,3.1423641690857105
3.898056223907461,2.343631415158206
4.13224625049609,1.8174531953295836
5.081072863500519,3.4082095926396456
5.176109061185351,4.5424977998079905
0.962063977598479,5.4632567265275265
2.2139406170148987,3.5905688522183654
2.9662102144968925,4.808879613315263
1.267654403107771,1.3920299102138856
4.501195377124526,2.658820144772812
2.0758065399880983,5.928945648865231
2.3837794244393544,4.951247936670506
2.392935435218738,5.642758777075044
3.5299304144275823,3.7585883418461803
3.3381157511943664,3.095121460572211
5.484531554471863,4.7669068507533545
3.2407453148836174,2.4453683937133794
4.831274588822707,1.1668312868958022
2.9458632165083913,3.0184658226945755
1.360777328602632,5.902330204480424
1.1058853483113498,5.701863205739837
3.599765043872882,2.220956864892325
2.6736951132890527,4.348557709144128
1.1739770935955707,1.549287590846621
3.63388836887317,0.8777732075788429
5.144198961618694,5.360727519699554
0.5051698497749411,4.730718933159113
0.852628378097781,1.1598550691497531
1.2490960785394607,3.0959898135472796
1.9892295934855688,0.15403505007168472
3.615717617970654,5.529486631421759
3.5868100660729425,0.21491856473398707
2.0548662408015894,5.889137190368077
2.0481910521335958,0.41401085825412554
4.519219346931243,0.7412064064278898
2.813208986118994,4.215898520379949
3.7056861358389455,4.098782201434933
3.722300920174985,3.488094544840573
4.134398884876522,0.7590542475754827
2.4538211881092282,5.8009244651082605
1.241119702761303,2.3317098293204226
4.451536368295269,4.671343872883174
3.4548241370262547,4.612612187779429
5.25878255354962,2.069169804003092
2.5154068422279607,1.5916273683029911
2.654263877488081,5.4743172701449
3.151871898884717,1.0578800288746473
0.10707129580235608,5.249609142174565
2.8970637614698713,2.231921464379992
0.5683958332139165,0.4551436698162923
4.974128731006653,3.2267419969335998
2.781930092640801,2.3213084984533436
0.11908342236923475,5.8957063950416515
5.6831406585043425,5.986031885588039
0.16066192831762827,5.814749071716595
3.4067380629997315,4.5128529365087235
0.42261377981755577,3.9536331394872226
5.253901175677923,5.480410892656068
0.13085822117824342,2.550558686343365
1.3706258481602125,0.9090546209044092
3.0120681184498768,2.5034143918760097
3.213645990443136,2.882875831004725
1.2574137831205743,2.212185056824235
4.887816533602683,5.876058022099739
3.5998510660086565,1.125224589928021
5.361614005471669,3.4351338585653375
0.07315958310114423,3.814282647013522
1.0974759162357974,5.768982855365951
1.2847206187351117,4.613717443857846
0.015827959549594484,1.2226200281475623
4.868936956574034,3.485156701662212
0.6310227381220104,4.443629850491131
5.802029237210775,2.034410656335316
5.615857984842208,5.192570882369367
5.16969935541905,2.6319704622004036
4.031514671972757,5.615229207562182
2.896816563640199,2.316996676744381
4.1859549913952385,5.000752052843157
2.1008474211298918,0.08850013905702947
5.302799003549979,3.4958991079904305
0.5138248940287937,5.177126557704839
1.198886726598352,5.866293934095408
3.368884828203525,5.937742512997654
1.2862601713334527,1.5058739521453262
3.2788859688547385,0.09309853608440166
3.428560974193191,2.8012428499933986
1.3923877067795762,5.018360192483991
5.411170280758555,3.6220650687852
2.7645096032994187,3.368357602471166
2.6999914734670134,1.6203925737308098
5.57957124316554,1.8552442419259723
0.6268194467810677,5.147007339147641
5.702682917467341,1.8284025814536526
2.8341448904890036,5.408466578381496
4.278164983054939,2.5628606255611857
4.849829145692596,1.3663284177917618
3.1639559768805157,2.5884437742597783
3.52482330144802,4.3156892981302235
1.1501315856184586,1.4168387784023884
2.2577444726819804,1.9071662650761767
4.023197155073498,5.613697898728547
0.4612935282105721,2.220045128609266
4.3870533478312215,1.2525776621211167
5.821670419367332,3.458637351889047
3.4129304400927225,4.327043876151624
3.712512985180151,5.2025728677452125
0.035586219801860164,0.13334643122295842
1.1686193047615432,5.563823585079652
5.637974296909924,1.830651480984383
4.335691777416494,5.836164249407214
5.069067297256784,2.6338620874350687
0.8375978839340805,2.93274318309737
0.3705368512460592,5.483378980915743
5.105601540441171,3.061999161296689
5.3230893032723055,2.189200762207471
4.2613048024340685,4.897098373061026
3.9544922689475364,1.4241304234768188
2.4637419704852603,5.323733136114309
3.259332934755789,0.9650833460063661
2.3126462104957985,5.137735734966268
3.4803847270457915,3.096571214497219
5.302686252135141,3.24544487104789
3.93290557723713,2.413594900656836
5.808676273114845,5.70615439185074
4.447809210027848,3.874736508591518
3.4300358952659264,0.6568435030869484
0.19865489544103831,4.580153039039935
3.2031313273013025,5.4294898828982365
5.555419052069846,3.9538589168013196
0.49381202663312096,2.726936384897282
1.0252019543567175,3.426619425390098
2.6577083737000047,1.435659240728801
3.21199833296332,1.1560887132432214
2.4061239073642495,4.576291841152035
0.014273171114476568,4.499423157890325
0.2439230317548804,1.9167220522791635
4.086766456618614,2.9912763863015517
5.792777136311319,4.443170832173297
3.1110282666619815,0.7395576258194694
3.849137079576707,5.187561709519912
0.5803369549676773,2.193766864331557
2.8659935972297905,1.9091790011410998
3.2056098171578187,3.896079118862972
1.7366574019079069,3.6212136979801137
5.316040774727648,4.178668851758565
1.715456615332431,1.9203458998574932
0.6203416623405151,3.007507443078941
1.9401962792826772,3.0675448964482053
4.792390192047657,2.135562663687095
3.152185188017929,4.251263408372307
2.0773381928324564,1.1827987233781714
2.319443802663814,2.5067923850573526
2.5226983585042606,0.3145960190736601
0.5598654730224053,3.342421492143692
3.182377502879676,1.2926481589214849
3.2863161890055865,2.713803851011592
0.5875226996429992,5.442009395929238
5.931435682196326,5.350999793238558
1.428637889700822,0.37598900671977775
1.4025354537483052,4.584087217659944
0.6375389944553504,0.4896648203702034
0.8636516340639753,0.84335044197578
0.20905852711568218,3.8291563369217916
2.7858360453524518,2.277454924074547
0.22900974511807393,2.027880893996721
3.857242649253469,4.032261985328882
0.052968490927701506,5.29049073784339
2.3855325526262696,0.8814993810939824
3.5095288814934107,3.2569094018534934
5.180112379689422,0.6324562022563145
1.978672556856347,3.8618145433298827
3.932949180062433,2.1879292830768255
5.72849220263438,2.7577471313521964
3.0256020416567035,5.2838039406372195
2.6407878973394068,3.94219653536334
2.216447847761864,4.692002715452425
5.618641869501989,0.5629141914502396
4.962179105341461,1.5706074863632529
3.3727708757434307,2.9340918227821797
4.254304636464067,1.6539575657624825
5.75575511306148,1.846108458232529
5.234321350095079,2.9129601919927293
4.832380650986577,4.589433967108304
1.1649198515675108,2.600315632128382
1.3800724083736362,1.1733245708454796
1.9584311682440498,5.247218800899175
1.1442565687579997,4.864316164628711
5.902832182590603,1.961894892474264
2.2385271138403695,1.2072956294889812
3.7201686726026013,1.915735396797717
4.439117185741715,2.736070174587443
2.1623735342369885,5.542627514938382
3.701385725198907,5.129411965851359
2.2714849049819312,2.304678379219706
4.262841578278255,2.2087188607819765
1.9673511120229332,0.31995570110690763
4.7433591771859795,2.868660325863213
5.164072074931989,5.774273687098029
5.987856722364604,1.4440110441387703
3.539164616097292,4.75386359453738
3.36168228634709,5.366559748462694
3.2498232332428554,2.7508562696988292
2.2592292083958965,0.17495133530542462
5.124306438870582,1.823692899058429
5.229294051974631,2.0631903469468913
4.468045202358654,4.4645792993603495
0.7723713405959776,0.8997397445978317
5.650255965803104,1.1537255684710692
3.4291755777789192,5.053513393448283
1.3814588235482608,2.1646137633133815
5.918310681805021,3.105462896734818
5.445439536265395,2.1072484958388604
0.13976231595996613,2.777794721568336
5.624411665984848,3.6587797379184686
4.676285154493321,1.1468810829971634
1.8865310988583106,5.994215982685078
2.371720001051446,5.155838461841162
5.368922370242718,5.0165897683077
2.406123375995672,4.227566902667242
5.635880824555047,4.734789200468445
0.5487135414075142,5.2827325248141355
2.8129425818319604,2.487651972130444
5.564383831867845,2.488141256798704
4.392676705488013,4.712567567808297
5.758412969050866,5.580860531814586
2.2524588271324677,2.1441615842210737
5.777681217109288,4.05465329873482
3.2445903593073515,1.500233769751198
4.629521491280141,0.7798731092099886
3.8095400277027824,0.03140438740229201
5.948535399413993,3.2362268224257718
5.553142151343337,2.0781347134441295
1.594109064111142,1.8767409961606014
4.592465512722684,1.4044398101871787
5.093643171590239,2.820213589654199
4.733790383358035,2.6136483775894837
5.9133664018587755,4.418242502200866
4.684546995837126,1.9337753664220814
0.5399150857137713,1.785302039684695
2.2230234991067324,5.997296319869418
1.5691115769765551,4.396819863917534
4.163796827665381,0.002172969672651348
2.765677284172293,1.9359413057478814
0.38001980561691595,4.971031355420845
3.035619013038682,4.314884286271548
0.39315042887817864,2.3017069766653693
2.7513153636329233,5.077844810935216
5.9339613212606075,5.821242950577082
4.234522651320662,4.5116823459052355
3.2400597645988283,0.49367093681482044
0.3857616171197893,5.428144640306065
2.2584156535693936,2.2552626914130034
5.220498271210483,5.724786343891262
1.5057318693557264,2.595871162498705
4.202972258228188,3.2862487436579357
3.3800404991117796,1.3811457532393097
0.9922238327024089,3.635269040927417
0.0363537920992929,1.090791948753144
5.551892787292525,2.951606243461461
2.5099614753506727,2.5234107914231947
3.264413192533667,3.2939784153790495
5.962725927313947,3.939552573817834
1.655838623649594,5.370259972830093
0.3344661548292578,2.255866531228615
4.177144436581693,4.558103660738878
2.706201998724006,4.377429605372662
0.7970729304866906,0.8395722263823651
1.202131927169649,1.0723560901111928
2.7693658037252558,0.027839518698715038
2.4504350260938286,0.10492067655851312
5.121897307794967,2.917396836357821
3.517368777229299,5.016726435757137
2.8229098356565747,4.085681266660501
0.9851430148301226,1.907144795121358
3.9414593559156987,5.077718579172941
1.8834813651737963,1.5637467138066932
2.458106779789165,0.6933600509825915
4.5051838729565645,2.665942836593058
2.6787800760562863,3.4006190623384915
3.4230059215175843,1.0463769522323436
3.4097352610651877,3.2243317006455765
2.997286111093087,1.6069918338778957
2.6040624368855214,0.12227318030691481
1.4718535428158062,3.629643785194081
0.4876696521586257,5.79272687708912
3.5892269539328723,5.731439441158468
0.6602578712400846,3.5830041651804883
5.011577161190566,3.2659641737783933
4.749996110725796,1.1854292163419105
4.449578927994194,1.6475319133277628
5.933511443507251,5.955286639236555
1.953884646537368,2.601469104535237
0.20715365239148276,0.7303900865933299
2.4246432143410397,5.6217816691542435
0.024153655105041638,1.3776548174177352
1.3930239752994356,1.2535715816836077
0.387066149570795,1.5965825561936067
2.7279937436648587,5.992780614816574
0.44392118015541726,2.7952350175827028
0.7701820591295259,0.0651746308683474
5.217876508970037,4.2484694031757675
1.8205948512814538,1.6294549711900324
4.419387830358195,5.8761811464235185
2.175848616613911,1.1152043756590808
1.1606747303725409,0.8816007142071183
5.399411619265004,2.750687754030529
3.1836290696039824,2.858004658659816
1.2088504673119436,4.283294050355556
2.9092285068071346,5.893351730885517
2.388956588555719,5.412000436560967
1.0962303589269635,4.487301776866188
5.840951289870248,0.4236692492270153
0.6582269693885032,2.301357226931917
1.238806591955828,1.181822733969831
0.6923705105437108,5.956815292848772
0.12300554941278907,2.7631432434636976
4.043497567430676,0.21605613049726702
3.8586661345011146,5.459701975519639
2.0419878225710253,3.245344287166831
0.23692468706434267,5.361392956187877
4.453773415890902,1.7182061935648156
5.361456745498539,4.23945856941876
4.1320200635968485,0.6306586867194666
0.40156582358004766,3.7436561386129927
2.8966106752224956,3.5128051510629463
3.6059961979046307,3.45887819646809
3.7851918791621024,0.42055303349501916
1.3047442629198789,4.444145285512934
2.555903653313085,0.449723503102049
3.437525794129469,5.350509197734006
2.5337013968716633,3.294837282514793
3.388876635052614,2.446941320515526
1.9503075356920534,1.2824219498737286
0.37049618200673695,2.9046572459970736
0.907703036019158,2.466565463046436
4.750318715643977,5.444323337515215
5.645895096327853,2.416332543476048
3.8811987138714334,4.8404877794159225
4.9162133415957365,1.451972353189104
4.10167167832584,4.504730460260314
5.692723940958483,1.147848365082236
3.8769834792312237,3.4229706859311744
0.37710060722839334,1.2815856275526858
4.466053790456867,5.523396273558861
3.007434134814007,5.782722058880392
1.814082306969386,2.531188358614247
3.837367157637753,1.196225572154911
0.13525671967455621,2.11122371380269
0.6107231884413098,1.8991204177600747
2.6683604392440365,5.182276766345685
5.503588960901606,3.1297008945380647
3.2874900743275965,3.988187316921623
2.0741110082753496,5.48555124454761
5.6657915325075665,5.806517001853679
5.928926027158741,0.3923981218269117
4.877053948430588,1.9826364601178676
0.24665263584949915,4.6848955413692615
4.999485654168968,2.609877976992979
0.618194534454884,0.9809855312291644
3.4678202908708973,1.75266522602162
5.058235055099733,4.843837963464507
0.09759580733853723,2.309880263662593
5.011588311905157,1.548515112969601
5.1149057291114275,4.330239069127622
3.307199759675868,5.721730557981241
0.4073778135346815,3.172913901208606
3.5054963066854157,0.7729302219276659
4.613754187950632,1.5819005028490154
1.8259669234897287,5.16503248354314
4.721444080768269,1.955442029733833
4.74635959582946,1.5108710682844795
0.3541587389680232,0.766819412363722
2.368560989829581,5.524834815307305
1.4166391487921073,2.960785683785124
5.334791181946405,5.029372013044416
2.062531372892911,5.677868709854816
3.3613384862812703,4.104298627049182
5.667366904357531,3.5180789027329715
2.271108582363357,1.830981392540112
2.9910164062564695,5.026647339070507
3.4617170100824244,4.309949444477116
0.8437892432179985,4.053872271594756
0.6596011410745148,1.168334689047976
4.028264645691442,0.1533815328316459
3.7316887070882623,1.2083118792519676
4.579369411110038,4.269445901090885
5.47915717774263,1.3755351429125664
2.471423587598302,0.841246781811765
1.4345287869773804,2.240328307137342
4.6812815378068535,4.24961404808879
5.949679608829999,0.7689620764656531
0.2588505054862906,2.051258845311704
3.0280188620280097,2.7183042673097058
4.2319229888864465,1.9716179292678584
2.5460373789830615,2.6749518653118187
5.5205673986195105,4.515563141910272
5.189603315048732,4.130581175089562
1.4068681042024225,2.614252910502379
1.7046536145704427,2.031108208124565
3.7859056014468297,0.2681522593289587
4.664106839837883,0.9567835404554239
1.8655240403832412,3.0119656289543077
2.616488106276127,0.39297540477425863
1.9633372828499522,2.4008416495119347
3.98648956960054,2.5600126694748875
3.397740953314033,4.328169850046725
3.082510834029749,5.877154666893467
5.263197693229528,1.0680721064182859
3.300771929733922,4.238837837873852
0.21561965736447775,5.372635665730963
5.143153597289704,0.6069035367814928
5.631150101401904,0.4519799941922451
0.7954851475469089,3.4646479491345765
3.339652167166345,5.2026203353437985
4.912450596561891,5.110997961890309
2.3210550553556386,0.8774823855248228
5.654225909449954,1.8008367343585079
1.5861438656214297,0.9859818921326844
3.7818254322475973,1.8815297377634863
3.1534287873118263,3.3067521834107723
3.9510291657830763,2.657649054772526
2.4438491618439584,3.181053468676901
1.492570585418898,4.189247609549057
1.8082859714460549,0.44126813800215325
1.0618676134509444,2.027870404029412
4.150028955490801,3.804833547392065
1.7325298555571615,1.5391516465627015
2.2623054574144543,4.96678281508591
3.945608195857772,4.221778764089575
3.9676475686421115,0.1081559680537949
0.36394233936233866,2.3346881392744363
3.7832753459523394,4.348536934440804
3.7259358071132884,3.2227405843482186
2.774525448143069,3.222190733398468
4.444170178446036,5.386706418358719
5.529482477397767,5.375231529967275
5.257033639361536,3.4162241878653425
2.660754969237116,1.7012420317122345
2.3627813310424974,3.708983446603611
0.5345202070058876,3.816402621883695
5.501186291725496,3.1729992201817123
3.284405679788051,0.2128308427337915
3.5588747139012455,2.6952084330581085
2.0414162822710766,4.630330846613269
4.480659726462119,5.955786121675854
1.3094188174317012,0.08672039259799136
3.044303008665635,1.0612638404967587
1.7997355025344433,2.601474786293538
3.101599490484692,1.0389067506652556
3.1320674974311284,3.0035985869627297
2.0229660716894053,4.384569589634683
0.6193923473948122,3.0802981364392115
3.236906912386881,5.414509941696375
2.0116944310723746,1.1669003108294669
1.4987170363696085,4.701896669402526
5.105725972339065,4.9783452121622505
4.930453708402935,1.150386331633059
4.419111457731131,5.226585432603938
2.063921043728749,2.0553204198057085
0.6411634495403891,5.901089722139251
5.757546244585958,5.147063626510708
2.741177415576412,4.904185339299556
5.717975428593437,1.5798077573903466
1.643420909204634,0.7935149367903584
5.964453335484972,2.074865589716363
3.7360097854212926,3.5671616630768623
3.7112327180458804,3.712794742366537
1.2132508398620525,2.7640696262772924
1.4197327918279838,0.6879350252632286
3.457244654349445,3.257043404420222
0.6668041313873307,2.4272742997168324
3.304455809562334,0.5895720549629193
5.276372669860588,0.749310157877815
5.5691097262607485,5.470746247011808
2.105941180910274,1.264932030488141
0.2085242833320362,5.564018044832512
0.43611649118697127,1.9036561646846946
5.2794862180564355,0.2571019798529026
0.7358722962842934,4.477671409447607
5.859962377865747,1.9241540759664053
0.07891098045502853,4.032400017964804
5.599066349061763,1.7580183399835974
0.6975272062880202,5.555286064671723
2.161236416450339,3.036479786910481
0.40844618329252724,5.1731462962467765
3.7400533105783995,5.803248536721327
5.15720520918887,0.7946182880437411
2.9256047311665325,4.935022929518296
3.7384426864344746,2.797143831137947
2.8204721040037413,1.0788673623445915
0.319933133096713,2.9747231775743765
0.4881687298744599,0.04940103092213555
1.2904351746629208,3.1155797355942645
3.625618505702628,2.9656490333161614
3.401489969290219,4.5524193115600635
1.9497487211892435,0.17287497294342513
4.010679245768195,1.5499256939394206
0.5104272675690751,3.9218359692429408
1.742835577664495,1.9830450875992216
2.9753727930684875,4.688865497963286
5.749788012026224,5.202940636087273
5.631628458786853,1.9122393243283609
4.805800907649609,0.41473416342628755
2.7074344100926258,3.850896472322069
0.04206197098420161,1.523587835355112
5.64991028042815,2.435468755430084
4.407625332444814,5.393748490690958
2.508790019434292,1.5926576210689087
1.1567963204530634,0.9252238029540232
2.1533235168766374,3.070821494821544
3.0184843835534187,3.048791691402937
5.289854490067682,5.431856964285634
3.559065878100765,4.765301086955578
0.6222225565356421,5.505123126223093
1.6380432521554187,2.6438491774683888
5.8387533735433825,1.0787601028372302
1.0543823101428846,3.9275111909191778
1.0468711102918402,3.9966204860054835
0.30217689634427747,2.7893738810281894
2.0079744156484733,3.992964913654211
3.529246082064187,4.219252232221596
4.807443525988604,1.6516493208295617
5.921916400734962,2.357782340159206
3.59899717447314,2.4328247424506353
2.771754352491289,3.414950879329128
4.152516237058105,5.825026692930133
3.353374610323967,4.742093043944935
3.6246039597312874,0.9667282985133794
0.7254548994774115,1.0517942383943355
0.7455699261068447,2.7745973613052075
2.3520703756413686,4.814432226046295
0.12047809396523124,3.4151753537792087
3.8375781566044296,1.921267339480358
0.8809459579083538,3.444914807010629
5.712085088852994,4.8094953369881335
4.465048404118433,4.682204710255593
3.313103327406499,4.187632066980289
5.680416223836232,1.9111478196805594
3.821848822237813,5.075555690245395
1.3804943353921937,3.4412619049165833
3.99670011795728,0.42678694912809445
4.925384445350384,5.8450842906215845
0.14178769903204347,5.801312945551917
4.982442341049306,1.4744176019154327
1.779704838237392,0.22842153723451464
1.659115339426155,3.4875582364451683
2.6288312302175045,2.3741505900984414
0.424399202594856,5.320301027066904
3.2478805505316175,0.7935004091864573
3.8691500250528423,2.834677145825479
3.5306005501663393,3.749698606453684
3.473457432522644,5.6069734901001524
5.012267681483574,5.401418251894456
5.668319824376283,3.6339913654370033
0.7972952903158248,5.131241574108611
5.525091636210139,4.510728531647315
4.196158886362544,4.770593901176738
4.965673632008714,5.132530170724536
2.0976396875106906,3.437599598649487
0.08905735337898624,0.49404883593882576
4.6721066570587375,1.4250986552274583
3.78876861087436,4.342096591544518
5.92146843341766,5.903516332615534
3.5813699181998384,0.2787883218931164
0.8407176416032389,5.796903626312188
5.642486123543543,0.2504834238007132
0.756308599544238,4.303159712258946
5.6472700841244885,3.9908494480611805
0.14773013129855994,3.132127513176986
2.39920438380047,4.263874874049228
0.4317877217002848,0.1293265347831385
1.5354276755008212,0.5559322412261929
1.4678948156709455,2.113407442818451
0.6666055521262353,0.948987794377484
1.7913623734334934,4.032305654826699
4.478884621971154,0.8883189971774499
3.073304868004115,0.6059641536000915
2.2947544675731972,1.7793741411959878
0.6670305033216264,3.768235003486361
5.41589966330369,0.9907641198604926
3.240950736973523,0.26783503412362264
2.138378190481994,5.600331200355387
0.7692419496889804,1.8448781025074648
5.114137108347959,3.0874344850853106
3.829337954826104,5.686499426619292
2.043561005991739,3.022249169616587
5.309702843187459,0.7463664297975092
5.755751072381123,4.932131035388146
0.7101274334669851,2.357185582778116
5.908394318314574,5.792330246748289
4.677964522551635,5.042455584139532
3.874910673038929,4.412204653336076
3.1457331076266604,5.513412326704869
0.6781316010310465,5.17339473844803
2.1957879876868858,2.0732074439047
3.662849550405813,1.108561250904265
5.462435438566845,4.19637890796268
3.3254491866424267,5.380194303216344
