3.0,3.0
3.1197131838790253,2.1588235124700104
2.4216583759723846,3.363207355612433
3.293198855357411,1.6250949490467466
1.596770672046006,3.049756295425398
2.2459597187089577,2.3204446595920727
2.103388476237356,3.7841599609218495
2.5743343028648304,4.540269152634696
3.0492646115010675,1.4248150941647304
1.8017780467113038,2.830663924928007
2.7868362867785668,3.7336049048646816
3.2226824424365255,1.8014233736878187
2.4846522771772,1.527755293561595
2.9611107605704476,5.371245811686288
3.312487105523012,0.4735613278433968
3.063291725812921,3.1223335388667994
3.217409639011356,1.062904069520953
3.0076030541267227,2.3643702498693235
3.09643584965312,0.6467084995476091
3.4343938840208237,4.412459332170846
3.289853988120452,5.004978741952959
3.269328633837127,1.1351078908226895
2.623292689678337,4.936600501471826
3.9592788060045296,1.3539539080234633
4.129761723030094,4.610362306624779
2.8470192391731306,3.50738676550591
3.619726941942035,3.9698233659613074
3.09061851058195,4.751728246679593
4.10025242231872,0.16361178461376946
3.7272705583927417,4.300307579687786
3.8073739145096765,1.472952603443211
3.8051850064938666,2.167494847555976
3.7636590769472487,2.447450498943565
4.1302542627952885,2.044201710359767
2.2586361100975703,4.02838255560197
4.486504457990858,0.0041438339495529775
5.188713892647318,0.5319614315765957
3.8008307353110586,4.669525182784251
3.511654835514883,3.718036507242739
2.10247993094354,3.228665404975242
4.115435151371779,0.34166039496947787
3.1732109065831606,4.94178141721677
1.671932922333914,4.783095873802713
2.32431178227802,3.4213669039368453
1.9574493561322808,2.154306363327451
2.3368052099303798,3.051010456906777
4.006630098833311,1.5998147431003422
2.1633465842429658,4.501802636345927
5.008633933843109,4.643299849370562
2.374099079693771,5.86554119434637
1.7275133771946216,4.976384261206137
4.654263620476539,1.5638904465524393
3.6811676524662778,2.286537044896927
3.663881466340788,4.811768950686065
3.9045587156477355,3.801201465362408
1.318074589053557,1.4204220039557856
2.8669508298493236,0.3990913753740566
0.775019938013185,3.303550565705934
3.235344565740073,0.27480032602281645
4.264970731938234,2.1574397689737497
3.677334354829952,2.798902486429485
1.8498625052489661,2.833130155027141
2.5579484199698825,3.112065642375277
4.405068536195538,0.7733959932464918
5.566691410615716,4.124839924294385
4.830405880986936,1.1272757972768388
3.3257144354463133,4.36963817000494
5.029099002305146,0.2865852815397485
0.7517958375348972,3.0136680556123983
3.6180900728221737,4.726849598351432
2.861341795939655,1.0635953658019988
3.082886436971125,0.44101066026299907
1.8394192530404312,3.46307534757047
0.6229198981729474,3.5311595172756154
5.333083649071046,5.166957427450962
0.8134264762076113,0.6627246226737089
1.7908595777270004,5.047577653181267
5.707518058238263,1.0553099888029158
2.6160165050314146,2.9915025154747257
0.6578044382385442,1.7157777573490292
0.6315256159680924,4.026810021804453
1.977313241328597,2.6283824214969336
4.495516890513075,0.5046474964405856
2.852251567681426,0.5818418527816629
2.2173704378032246,2.381359175870812
3.7940724677524917,3.0887719221360745
3.070397891714724,0.11936477633252673
3.8113561278066186,3.7532970308101343
0.11774759120768907,1.3776309540912517
2.7549555572237834,3.0982559559923626
2.6585130547892284,4.582971149970609
2.150594060456198,4.843112622622095
0.259417837137609,1.0718703726183212
1.5378950417744857,4.8664435407766335
2.173221019826407,5.665634293863726
3.2498680128176742,5.184170514175819
5.312634978272111,2.013191627877375
0.15377348220627418,0.37537791012245614
4.359133454819753,2.5781655755299306
4.5619115879898855,1.1896568019566691
4.911162585344099,5.148926093226926
0.9408503299324686,0.1561500043948596
5.341674314753545,2.8860043556206483
0.026382113907334137,0.397055049372951
0.7824055467399564,4.5375567256933484
2.353173604813343,4.289385939641766
5.988425615537609,0.5613599316857836
3.752210501530814,5.3554543999634765
3.8434726583424017,5.418643714878858
5.62426964795396,3.5319896792952834
5.766713962695711,4.248874414837376
0.8885785313633303,0.23483306375161206
5.387188026523997,2.9342995534767256
1.8539940103476242,4.851206316278552
5.349050962197422,0.255192045377703
0.2575813743658919,4.866398961600829
4.599357449720436,0.4484966039006182
3.155317574299238,4.892948358648231
4.427992467299537,1.2046331375623467
4.882623070481528,4.875507536715727
2.4569099384529256,5.696449289109766
3.7367398263048908,5.440056852252999
4.0550498592740825,2.440610816674626
4.191620780430471,2.366002699631859
3.777679766361341,1.2028299601458803
0.714234619744639,0.3756537811657028
4.6031051531947265,4.962153373636525
0.18010902914138605,3.084751297586946
2.420861352687804,3.0456996021345883
3.6182530433245876,4.298335002479969
3.2376689552550277,0.20417371001807805
5.2235265281086924,5.088617305126666
3.0001027195416077,0.8979994984969133
0.4281157785257528,3.693637936774249
0.2863204159118795,1.4908100707256398
4.973581945379559,4.747916802655476
3.4815952649144433,3.25668054310516
4.37410085824116,1.4165882782927763
0.17361324859921656,2.5630539522232145
3.74288067443905,3.8333680149855542
5.813649593882481,2.1029393790452913
1.3983560686925847,4.563847502435596
1.8244871358960002,2.1838673486153612
4.867380989688016,1.3213249243597445
0.8675151873109339,2.2934473835818583
4.403756312393844,4.8269875393859945
4.106082349406174,1.3288711691031763
2.160754489024419,2.190610259281223
0.36683335220537305,2.549759251751048
4.852470548358583,2.0163466346881482
0.3895353302355662,1.3081339312191442
1.842550488597004,4.876133183108166
5.341147120664643,4.0627439600338615
2.2149700040627724,2.3383784675060957
0.5325069642111784,2.253402057053927
5.0369096648108105,4.013672895981216
5.288379145020817,3.4805807188548066
3.12573617078171,2.115327468066564
0.8655792363177204,4.95526882854001
5.1911940722627925,2.136057502691105
3.017163785886871,2.3770610957038585
4.634625786155399,0.9007332359936933
4.97827894861116,3.2224345137188743
3.4733605167825643,0.9374169776561623
4.250723200004445,0.5162739575505955
1.2013945320584807,4.611843720825549
0.8541305883515096,0.8294048682359583
0.68103656822379,4.993551581696248
3.923905961919561,0.1301461321444488
5.045381127871169,3.9001601260844607
4.351280987097709,5.044439933195914
5.786924153102596,0.3787955254798585
3.9082092100160732,4.067237231587454
1.8862976405195977,2.790869317853102
2.665001384717253,0.2198065275147325
5.092894818991828,2.390356709758038
0.1020479768325202,0.850047470698559
0.6670098458974272,0.8925157608087178
5.483284649053485,5.191066112986806
0.2654271674178901,2.3849606764073084
4.309464142644398,1.4739184838372836
2.4609968223698235,1.625097547048441
1.5208234964129723,2.8442833757162758
4.779543300819407,0.662547032704069
5.386528213854903,0.2622335761936705
4.1619987092868795,5.270628853859655
3.5432519224066885,0.22739718274904774
3.496223164188085,3.598745315017497
2.9375098433554756,1.2001087361397147
3.3300962168337493,2.9239809955388525
3.6147002083360382,2.793476551576005
4.852215665514089,2.2569804756143466
1.1846219196135184,3.527499816603746
4.484030129636435,4.798991345372235
5.195715569793658,1.3411180826190023
1.2566570873514649,0.8913296060708347
4.543198336900671,2.4029357571442653
3.6064738987267146,1.7310189776292766
5.421495000944625,2.4146439495421816
3.0364477392846982,2.155287060806173
3.0740991780783764,4.840740257400216
4.331895704363708,1.53698426993747
5.89817987750922,1.4141886614751031
1.2932919360014279,0.7849522081789555
0.2985148035147758,1.88982420495992
3.369398204185506,5.334856529561033
1.0185871464972116,0.10703298599654643
1.2700200495367848,1.114619537059123
4.63917731381331,3.80796438260444
4.085781427059077,4.965510014786841
5.266581947076919,4.490309068916264
5.493820977210163,2.329603646551317
4.761252114227757,1.4021100916465592
1.5723044243889879,3.000574647289892
0.5043218693596876,2.3896182374909567
4.539268462027879,2.979219024861149
5.696563394320691,1.7645457879439153
3.7511411894871336,2.4932704144328204
5.618303014881302,3.2503576023388963
1.902513720409842,0.3273527764408388
5.1263401427476225,1.4327578714271905
0.49122215074835673,2.3110415024367787
4.134989270307367,0.1505294778935522
1.6001766201654666,0.5422588506486226
5.9587864501118135,3.737611799856753
3.823507801509383,1.7990043825788455
0.5257489589690689,0.439204400049908
5.253076658951169,4.223297555603057
3.3498024755783544,4.890499968997086
5.582583802728809,0.5345272949309059
3.4834341024926565,5.058376404916439
2.10381443544193,5.76398515832672
2.083496573928251,0.6274044075288814
0.8635850290226317,2.680749250727029
3.1769162939972353,2.499345828329342
3.673957147108731,4.600365862946841
5.385300089920671,0.2645180742888258
3.385804868654815,4.797976728761315
2.330308723258864,3.4677909704526657
3.392897815446326,1.0421118792913597
2.1791137952569635,3.097254010797762
3.245202465080353,5.479508215110702
0.19883215929595166,1.7896249900709067
4.624159232387761,5.526331184319627
1.8872997645171727,0.8272415829427833
0.29407462802657736,2.522112884531312
4.188341211278947,5.773175184842418
4.14413672995491,5.355242007528986
2.993812074357941,1.2148447878129718
0.9610475738853372,5.835474159526295
4.681780098162708,5.962025105156355
4.8929383147476155,2.857998365092458
5.285889148493929,3.3297257281535355
2.0835642433110446,1.9151144101362612
4.624668810421306,3.1099233869837355
5.52639478561559,2.94526497122083
3.017546651163401,0.5279758141265711
5.456561776365142,2.373356652612631
4.498993966708747,1.0569253603601567
5.147336297398681,4.067487315841975
0.010914165747242022,3.8236043194439366
1.013534469161853,4.740232047752748
5.512037846664526,5.446876577902863
3.4340535875341103,2.452687797619655
2.8849988368162793,0.4973110180809268
4.9545052650346735,3.06545436079999
5.978109502559059,5.499703807239147
5.7049271107785255,3.2742992348444844
2.280567367318949,0.4043127171525671
2.70946551456873,0.6556170194856459
4.531480803802455,2.7983492739668065
5.850802523930836,0.5104382653204207
4.319992100919175,5.281872204013764
5.638434501784071,3.823961623037902
5.820736491679307,3.7048058940779454
2.0743799185207257,5.560873328743085
1.052268334115608,4.302725488499325
1.5173413139327543,0.9913991506118609
5.247047166886327,4.64279073321704
1.2559184317524645,4.066695393629365
3.7040447280996043,0.4247776742600464
4.897534981955147,5.203961348366246
3.6601556087194016,2.342394929518699
2.402273007977234,4.346141146193708
5.980316247365067,3.047093700598515
3.121688580909292,3.8916580695115526
5.973993944200522,3.286795567928709
2.828639020857822,5.660219536032287
2.1022367585141994,4.745730282094881
1.3896555367935728,2.720143343444727
0.9564717716895648,5.37675847958398
0.2626295223722346,2.684898207780991
2.3921973015747384,3.045911870334247
4.2918722844562724,4.706408455172185
5.06912042078678,0.47184560937579345
4.942212421876644,0.17886017439755642
4.574407244004458,4.176958106771271
5.962728861013073,1.3548910392326439
2.164513228546083,5.152542872826413
3.763004686895521,5.305898983390596
3.5104474461192288,1.362241819629787
3.5995030494311875,1.6731584784781448
2.5993514402049014,5.870639425206649
3.4982301911108937,1.2227374675419842
5.4689395189056995,4.719997558015611
5.709850256904302,4.895668145018176
0.19528781203966283,0.8769326778680515
2.1171585876238237,2.0724533102841267
0.43991612646823897,4.745407286647772
1.1658585178681753,2.5440219971006233
3.7164700682068297,2.4109419509226306
2.0920108909009114,5.619037737852365
2.544353871761145,0.6934966676485661
5.7839578441936625,3.820056687743743
2.523625462073141,1.3317761642320771
4.197615907570731,0.501585049193829
5.651500624554362,4.421789622354764
0.6153115534733629,3.7593442620054454
2.1041887496763367,1.4986524696248211
5.317609849127129,5.516892804199593
1.755192263567793,4.083885858598458
1.2489785225316665,5.483266094702293
2.805892844239044,0.6947929513255833
5.799596713721419,5.687190759394272
5.009569846115933,0.9301664570209731
4.15155686582353,1.011133734315722
4.987343292556607,2.5171677709054956
3.710677006984956,1.5551662361432315
3.4069282388336086,1.591426913427216
3.2018261079149397,1.4332643792256146
5.410292528360866,3.204558754584782
0.21513438349773129,0.16818687851678948
0.46728610012713245,0.9555075948334328
5.48096696921786,0.15705733122920074
3.6889404512767205,5.3983343322207675
3.744736775237217,1.2928493207954852
4.2845874049325285,3.281543786550973
2.0800025702641056,2.646686143301693
2.6639404353660106,1.1597642948254865
3.2107455798699984,1.3763804747460406
5.52546382512497,3.3718859045073044
5.421305546058238,3.026419223272141
5.250283959711043,3.7721910665957026
4.204073434449734,3.3540366817669174
1.7254321291569168,0.9696388007167507
2.8268234918848414,0.14081760136657273
2.790563687136321,0.4944316576655985
0.6672865496339682,0.5815571210392392
1.8604202293389382,5.181896304255162
1.5632296276647133,0.016686782365300745
4.395229880505862,2.4679867729481875
5.512566911368955,0.5012457410918276
5.505986307745917,4.5364660867181765
5.155486582980945,0.010181430694580884
2.2191829213259457,4.420007997720528
2.0417835316470834,3.8815605826314155
2.5150218515801903,5.36924263338917
3.754967360340599,3.508329596154086
3.0515636191647655,2.817295441567652
4.0218726713012,5.635004124072725
5.127532623954725,0.21649327791911954
0.3691433855645463,2.625917666981416
4.743945030136264,4.727254113594725
4.438390081282599,4.193395614014992
2.205332735842945,1.4251517182795819
1.3057298507397095,0.3042698128559853
1.0635319697585326,5.19095083587322
5.8191667101140885,4.982443232234284
5.913656436206568,2.4400909593819
5.096752363010032,0.35967254640121604
3.030949124684092,3.5601945079785953
5.319232865495644,5.914572999038965
4.575423246570503,2.9576426039236603
3.341226659539755,2.9487771417416466
1.4082249024784288,2.2509750380839004
0.454421743621376,2.51385253316204
1.6783962790867728,5.218971982374967
5.228233664077996,5.810108014456485
3.1913789616556,3.9317452164836713
2.347621847789597,4.623272562070572
3.9687440278255353,0.12437741177170647
2.601430253797881,4.700463807356047
0.9741927107785529,4.756281150448582
1.0377370748091896,4.964074498020541
3.168017845243469,3.187031055785929
4.213783134373754,5.7938499086785935
4.5477225392638125,0.4925665055322004
2.2675006276980536,1.865996708800085
0.7540330514956919,2.252349139444461
2.727591491299468,5.862488686564299
0.5736907660170105,4.140135768769034
5.1655703304348215,3.8138066018067525
0.1580685019244028,0.19068695753978315
2.731681214199848,1.1727603851373398
1.2156251238262068,3.849178410183425
5.424643686246125,2.609810153163071
1.4025357096295754,5.03286381259211
2.56297638343296,1.3208081642632925
1.7337877724807078,2.1108670254678032
1.8990236181215738,5.5284753843854935
0.1558721520717421,2.7688448858990924
5.863728791406551,0.35667875628427215
3.7655129713092155,5.240021922886782
2.3132714391240157,1.6785495946561289
5.83364650673229,1.065128416300095
5.442389390623449,2.085680275658511
2.9544832854318495,0.9796737675952756
1.3858325435706882,5.213836917913421
5.906902970627051,4.970783155496631
2.398263771059382,1.2427124227335382
4.8029804918115975,2.211470337632845
1.8579635090806936,4.959774649747021
1.185976285722058,5.39157378211238
3.5491771525279834,2.2585752578768306
3.5735072594571964,1.9363112678592083
3.666349757401412,2.757175536679463
3.42223212580124,4.096283832120035
5.284749460111795,5.1634886443705685
1.8308579082822882,4.78995015375571
3.16829228149779,5.723649498015813
0.5558833475102083,0.21505386207187893
0.7749706457149725,2.1834695112118077
0.8277644460880103,2.354497237868266
0.055643733464543654,1.2821337886778643
3.8113942120362303,5.765477488089568
4.208032510482202,5.718545948029629
4.22223387478118,3.26911625070151
0.6423647554226686,3.4337106213068145
2.3548663620378534,5.603001014963576
4.4850016390621175,1.2444999368559355
5.373471664565722,1.1046110288779911
5.201245954799689,0.6818569389933657
4.847154389442598,0.16657646756997968
2.4694578791072326,1.65650864791772
1.517241635600189,0.20996921505526078
5.042510168972165,1.3089297520855296
0.15731396752697102,2.5824485464361238
1.6328986760360655,4.082940541933044
0.9399859889222784,2.601522459581595
0.2781681064832038,0.6615625018619817
0.27098777201773006,1.6983717273003427
4.3218270058218256,2.5927333611839254
1.2116005808949826,2.0669037258444156
1.5033542355848641,3.1450281355347895
5.713858067355339,5.859411951400994
4.430628975946887,1.8807391277783694
1.7112370789866878,0.41148145887884624
4.105907102633286,3.777116480017061
0.8557584648888426,1.6882751345765463
4.927435283780389,2.690177810053671
3.257705572029546,5.541432652371385
1.1815752088904246,0.6543491931379817
4.217793067248692,3.9755842048364154
1.8357327027381138,1.5930908656565614
4.796097919308712,4.970479090732485
2.737887215402643,2.99172500049581
2.4364410947981456,2.4084868580476124
4.697610817583679,3.6585807540450763
1.5010094142757462,4.590931391044285
1.197769566343517,0.054795195995076096
4.8694865034307195,2.8174155653398705
1.834439725283875,3.9943089319067626
5.899171985223338,1.4226249142939018
3.4931555964629344,0.4029970375741949
3.1204662043080544,2.5122387890841305
1.6047317394088816,0.7925382569810357
1.4185568820699792,1.0290807813665679
4.2253434643949745,4.435754065888345
5.592504097989235,3.7595963004191373
1.6512860480644838,0.7900331189111038
3.1431829473080333,1.5702179955221687
1.295633823697091,0.5723192710386418
1.3113466929030182,1.1493713648986892
1.2366485635849724,4.885993357924509
1.6044783333781445,5.205206012232889
3.888970444989284,0.24290938369615334
5.30076707236484,2.014675246560806
0.7524637363072078,0.6852619938882714
1.0377385266757193,2.273939687795436
5.62092535185189,2.0390497062133974
3.6183329064699743,1.5592837567550084
4.843067722217031,1.5925947753015433
2.9380044204484443,2.1211946531175374
5.3428969717417285,3.630920404680792
5.25557499608716,2.2538829178838933
4.475468959784406,1.2947903128543916
2.509215447321269,4.816541820897739
3.947101256764226,3.924004920889616
4.264794120491517,3.804726929685386
1.0294610856175381,5.332026457031203
1.4609421664244278,2.6537099718142283
4.019976034552455,2.9018605676248437
1.0512551892065696,4.493037501728259
2.9420744196231556,5.553506548374828
0.4524306627051071,1.13344747205351
4.522322280721332,1.0020926990751395
5.498547564998908,2.895734075083321
2.9759375115363564,4.388000776330104
4.740745197532688,0.10498989590968466
2.353769094666571,2.4578525450104047
4.419222510523539,0.5622650166687289
1.4037924875207293,5.628310981723078
0.5903908796078874,2.4528894969870993
3.814285689511386,3.1013432081422074
3.109399412521503,4.052083779379695
0.9118588226432365,5.601306276579514
0.5286403793448089,4.621168803806977
4.961749213760642,1.4871468532264993
1.140987596280504,3.001537598454129
4.464746915872664,1.3126298341483065
5.001691679495042,3.3180308517033152
5.690607256645068,1.5071449178900154
5.18463801542329,3.3941948308521512
5.977669795885502,1.2509665752651589
4.061957230442912,2.6347210226217905
4.782094817767486,0.5481448192471239
3.7148379453517406,4.770108420252717
0.37178253404549033,5.120962973149727
0.44630657433815935,1.1279168206289907
1.233375702044581,5.177373719934165
5.308804191525557,4.5070424949204835
1.187220140595408,5.577702527436396
0.9897789064625482,0.27802235755180726
5.587930935052733,5.245232141965795
4.247669700486462,5.41930116522378
0.7245734025751156,2.921468459273652
0.919394975562027,0.3648530328239621
2.368164752564642,5.959537536277013
5.770813589285307,5.070218863972407
3.884064758089333,0.41260077246044546
0.29301865629782964,0.836708622108874
5.032620084835209,2.9903471222506126
2.45295832791692,2.2118501119401675
3.076556763724775,1.0562602444757256
3.3324339540643253,5.56395974551933
4.034892520723546,1.4813699385614942
5.971546584298273,3.013000665349713
1.9711724247560285,2.4858038040324733
2.3282134946032396,4.203861187998232
0.8671940557732789,0.23696198415688108
3.855579378152213,1.9372237857859913
0.8883574414920483,0.06080994029125142
1.8294648920760064,3.425253130502024
0.9778594337744009,3.8361034185333343
4.232601544669938,5.390946928776099
1.8887214229290252,2.3605237391942637
4.4671052293901665,1.0184390342660972
2.2140099126191735,5.88568046682215
5.588975072326576,0.4759180341809188
4.324223955525213,0.46976190795455297
0.9823618394476703,2.277636068150798
5.635337907692417,3.1467080730990906
2.8475738926024103,3.1896405465559523
1.63704495096235,3.601999572730543
3.007122552972583,1.8316125158070495
0.7987601703283531,5.247170876638017
2.6275529598804344,4.573587694808197
4.862855928085926,4.3128877650431265
4.930681707897547,4.876058253210565
3.100789372383515,3.457065956628159
4.096618795728116,4.356207650548979
4.005461020257603,5.309727430024303
0.1819978118510246,1.4832645292798234
1.7706777195622154,5.673396182978122
0.9580092693773001,3.7540591861121744
1.312542993899346,0.6013057789629572
1.4878600274656528,5.768331777370655
3.6440487675766833,5.546245158231943
2.9096329580110725,2.397747584135149
4.476283539614364,5.105814667425196
2.1653165562099694,4.386726819414601
4.834077095332445,0.5137285025024942
5.874877899241832,3.275335222736009
0.7270391310443147,0.48728578686054225
5.077249168769564,0.397105314790426
2.6158222360950116,5.648355289090934
3.7348792791959173,4.824515737527357
1.2969116046774434,5.6746130073412395
5.699775198879164,3.60267505904405
3.8054364186178753,4.0946167761023355
1.4276132471523604,1.1386909633666762
3.941834792004955,1.1752017155660703
0.25874591285650284,3.3781468252676397
5.1420492271603315,2.9494542943843647
4.458550304625602,4.102256597857057
5.762765809691414,1.4940086120979768
4.695972613258867,0.4722925624816128
3.250710321414303,1.0839443297180542
3.7995011243980867,3.129426829691486
2.9451474881296997,5.810910876688945
2.058267935832903,3.8686266318524942
0.026248053681260597,2.602136782379585
4.623157639175243,5.359037362347305
4.1115829741528716,1.0963445698349006
2.1101594802097536,4.390519702637224
3.4013912038236724,4.482620595416318
1.9996285052773688,5.061921525794478
3.0586687924862392,2.7922394938612483
4.942579882433414,3.2415438857083707
5.926605694631721,3.3636434060801275
1.4924582331972465,3.646993180884643
2.582463060631186,4.859884674801803
2.810884630990146,5.1915875310812485
4.529799830075632,0.6837841895227565
5.08100674732821,3.726323888491688
0.9063019516574324,4.0534481965790885
5.923678142901421,5.313647998521027
5.353243558116943,5.859347593904453
2.0577812158259494,4.536433264960239
3.0100876912519468,3.726046879319263
4.906030851662003,5.1162719768219596
2.9708332174108474,3.4801713493869997
0.6289906358639255,5.4980031847538235
3.956810515081216,5.837586992198488
4.074692151989845,4.775722210759792
5.348907312150301,3.09018871041002
0.017073992647569813,2.100120881572014
5.9304489815221775,0.19814930977175393
5.801723320481868,5.798997762094595
1.7710093035348307,1.778137027753821
4.958275798052797,5.362320442011812
5.989152401414278,4.780146392264557
1.0042673069027446,0.8525646414489889
2.2974572692361854,1.383465340152093
4.79001707234017,4.84969071275036
1.2768891615405886,3.270784234212403
2.5271506383890285,4.086526389385348
4.055296982880029,0.7224478024363676
2.7880819800286067,2.827694654681351
5.461398148742392,4.845358956558533
5.163833278666727,4.997397817328476
0.7694470154739286,1.4019244735722216
0.14700466203129814,3.3387595881824312
4.565334215112449,3.5066194094243235
4.143653918263792,0.008776945842659867
1.889243489695721,2.2505194862957234
0.6038439966537683,2.4291879099159583
0.5016475725526672,1.3926793411982652
2.548351785390925,1.6862290873016348
1.567091242186213,4.480632086993741
0.7286549239252362,2.923255851605931
0.8176964658068331,1.5709731581480484
3.407808155601807,5.157027335482921
3.6194799100207087,0.2822140006399416
2.0576881881745823,3.8329474540508173
2.7512795639364933,1.4268778496417511
4.674750347528142,2.390871497570551
3.240648324431599,2.489250040342647
0.38595782085380703,2.982786932129862
0.18643743528516787,2.4239049500434016
1.924026921552059,3.426807816110494
0.6815406315700534,3.414189499388155
4.416182979937813,1.5759965162137588
0.6791142671247707,5.195377892529296
3.968013214047314,1.1627732414115588
2.86820709004298,3.5561023607924063
0.7187226294712363,0.3470335419083779
2.803717994240532,2.6693030430864426
1.1398582881437427,2.395148197299864
2.888714722247296,2.6930362619327353
1.0914303046009963,3.522691601169881
3.2573609276772664,4.988541969323315
1.5669248185053921,3.926829370668395
4.884637017032404,2.3715163345368087
4.958219421510397,4.741295440583512
0.1182212075646667,5.556809897074293
2.901129713217999,1.1883355703263374
5.39951559402544,4.418380128083879
0.945567620453645,4.751690756361162
0.41521092118086855,3.8605293241288057
4.1020671081822,1.51653410408776
3.510101252997976,0.248936024071994
0.36882189493732254,2.2492748568053003
0.20538075399988376,1.7614753788822213
1.919551793581065,2.140409961704081
0.8044284436693372,2.2539310681703224
0.3245075458728761,3.1418821114362467
3.7101064810321294,0.5881323946645647
2.2345191799640904,2.580808534029001
3.5145723573943215,4.790860257939762
3.7021698989336764,2.6209812101785843
2.401917752845127,2.5316111700370145
0.5904677797905085,1.6308591248786226
2.9739836060415135,4.3900929734844585
2.376886425163824,3.2261226559056126
0.048880302013757815,4.966366778198562
1.4449494321282648,5.758677439955602
2.5028298954752475,2.531831987644105
5.997161944041423,2.66407445220574
5.897431230484308,1.3316011644515657
3.723890678081122,3.786508184735991
1.107587447661113,2.288617082746064
2.490029706478661,2.5898036408391674
1.2749068898858333,2.510641252056981
1.0345563280598085,1.4756278350056018
0.7001027290755497,1.0910247097851884
3.344505394777377,2.492720768737681
2.479792223681696,2.2400656827566303
0.6746652898729597,4.779680976020045
2.2343194747568575,1.0119913678657357
0.223485075082696,4.031874392813576
2.950565049057119,4.705875732603931
2.6501356001244067,5.901123141872942
0.48488056087191667,4.0901717368354396
1.6496149299684597,2.9342333715057496
2.8582893100810036,2.4966576925057162
2.0379913284935824,5.291453526598113
2.8376636612080652,0.15890068009488023
1.7597364566462526,3.471221569496307
2.3568648309414435,4.909014146529495
1.9977536672950231,4.479309505641175
0.4058109986258627,4.884413851641286
5.274658610963405,3.8842605376780845
5.3985752737101205,5.675869135450698
5.578077097618003,5.529813424793404
0.9180084216260673,5.340615210656015
4.469761157877866,2.2039578157653597
2.066679178249542,3.280266954630531
5.941528215564342,4.568908888278563
2.9927082602793655,4.081726047622045
4.240781022671931,1.0636891757310256
0.20584580601763025,4.505980327612779
1.8597631965767767,0.7948999267678174
2.7194210090659494,2.4201534298011023
0.207615550596427,2.8366643567876957
0.44335188814604165,3.6347026168020076
2.167259891865163,1.515185502984513
3.5476583533652395,3.5975635240996113
4.547017990150053,3.2595407779697636
2.233308948526605,5.207240856569759
5.356344281909666,4.145258442436287
4.147143825967517,1.9224476380415743
0.13026682472971074,5.422825476885324
1.5560068166109182,1.791206143852087
1.0610471201832044,4.448468509996138
1.2476124467594962,0.8871632817532198
4.1080351516379,2.113584326129559
4.774059982534675,4.1797726283008
3.4505818283631475,4.22741480609621
0.7091047105612882,3.506607680958115
3.583508124016004,5.6961280076038845
1.4710706787998467,3.0120501871046637
3.3623526569692217,0.26680499149840253
4.167435667694286,0.7113205773141362
4.693647643419139,4.349312360972451
3.737632237202055,2.5306477153311864
1.712796359633555,1.630192379554978
5.477592072036523,2.435545497090997
2.8706857093310125,1.0501942932678667
4.997470918865185,0.849935946129939
1.8558678081875284,4.467681106583094
0.8257227515526588,4.02238002150302
3.202701066802712,1.7716079505072093
1.3240710460222127,2.5147174167521458
5.600151008318131,4.951468934770663
5.394266056360015,0.8345547532105169
2.97252078806432,0.9546378324434261
5.437510695775776,5.1617763396768215
2.7491220388778923,2.8425597655992245
2.2651293484404476,1.2604173451126572
3.021177518176985,0.8346417181646795
3.5328816352650265,0.03976101830595691
1.2342417516536224,1.3266085499092797
5.326687723227179,3.0826532451171254
5.624594009268649,1.8745552327619361
0.420280811803053,5.718035473781841
5.910126118702043,3.4651570955675286
4.99274134600378,0.6849914066034182
2.172897601076753,2.933048153705577
3.190567415472263,5.938790509494042
5.189295834078517,0.8635636682064984
5.859306208471259,1.6645158914589773
0.15049468349277362,2.098643264446851
5.198215928697973,2.1134644086875873
2.4387054612189027,3.679455235722614
4.715225407029804,3.7514830037805487
5.866078080754957,3.880114854082959
0.039864949140808514,1.1716238704967241
0.344914432354285,3.8921719071075955
0.38238094813819234,1.3588801130849835
3.2075327189315366,0.11426939383573709
1.0009064300791521,0.3531997675223133
1.3996527073130052,4.896831922847152
5.080179876970349,3.387276506987608
1.6759188668404945,0.8464270475618896
1.7334196611263892,3.3277965600616746
1.1211005078567018,2.2920131620656443
1.7813186717198912,5.223826078221735
2.5867143732379887,2.6930443632988403
4.160375717932754,3.0053465437021947
3.0338936910802126,2.3350008926458186
2.1112529180034754,5.554318801850972
5.0709259992866755,0.07236330561765603
2.537461679516639,4.842786232234813
1.48752599748771,2.719434099846535
5.648036405967996,1.6313635276608793
3.984370664465083,5.574230021395555
2.178323947293914,3.8898581240308694
3.2783705448347735,4.63899160342019
5.49353968904759,4.408876387947826
1.9486135001843763,5.484051165558168
3.3819216212814167,1.6700300808749835
0.5525405090824163,3.8490702658149876
5.738255510643518,5.414264897808323
1.5463777838771542,1.7659423506570986
2.546953725302827,2.932310389054239
1.3858905496308593,2.762701165178198
1.529006695868657,5.459730783923735
2.697074939079327,4.598696547021342
4.006888181339889,3.3012094879702656
2.6062393985541554,4.658962122604369
5.305253552598188,0.6174323354202367
5.290245373235594,2.151274265285453
3.4519352944053177,1.8491804532567035
3.838534445946424,4.689827437581196
1.3512190086980367,2.4620117289966084
5.424099251594608,5.701299206006374
4.736004421805568,2.699517879819446
2.4870286264156407,1.6851902923347926
0.10867348578483593,2.7963111234642586
1.3554414596940452,2.260386826507708
3.7987960644709626,3.9898242115936635
0.32344682322201135,2.043533277805105
4.622431037154453,0.6714533867785499
3.6873474255512404,1.2844219732963382
3.209281051917953,4.7676365171365305
4.689988964396067,3.6393470362395606
5.426988846292745,5.59442292406326
5.094614091076587,4.449268150918924
0.08380019460770738,1.4584551045166063
0.7717845718571383,5.415135902810387
0.753002467006546,0.5935967964173481
3.3728533187344363,0.1346472726457424
3.978246134046884,1.8926325026498336
0.625213607751133,2.690843218042268
5.193665760742981,3.3635670949563012
4.678281171621393,0.28370383379171615
3.738921517330649,5.449223176913153
0.13350628433051326,0.5727270243060332
2.3171638541225255,3.511460616132295
5.111589461072903,4.679113377576328
1.1631939671248683,4.1816395420289565
0.278964968237952,4.941937338943623
0.4376356736808178,4.076467279108986
4.5459642894652035,1.882368008643743
3.9788799864245714,2.716011984837361
4.114787822507165,2.337845595666315
5.963561311394069,3.948646752626794
1.6916734831666618,1.1337280978389892
0.20492571030310258,5.08004444063104
3.4371416673495823,0.42696728333320255
5.939102805049245,5.007665565146022
1.0520982535440602,4.112060070840476
3.5629578723454376,2.7593470189036555
3.3017150654895047,0.8415443760498007
5.8161694354640865,1.3250627032855924
3.649836153341939,0.7470481585945479
1.6992419925236284,3.6317839130768945
3.4441729501863874,0.4784987676756547
0.25332141279377685,5.151678556716558
2.565633477885289,2.2671476346007293
2.935082260316669,2.8634278371684685
4.36987422829394,5.2537633826628
2.0522280906720445,2.4061482397060647
1.132196879320236,1.5667334226705858
3.371574441544964,0.47070279428287787
5.95205809485253,3.8724449306072333
1.924230728840947,2.673966729620956
4.361390466856463,1.8413481551785704
2.05690310285757,5.903011477032985
1.6560580418638946,5.827533155261241
4.833376535697234,0.11665151316202249
0.1728560933713601,0.4616175149664383
3.215308740099537,2.308664745564669
3.6090981872693453,3.2355946844011383
2.8933314044090257,5.074274123733372
1.2437687684748375,1.965273326762877
3.54796175817361,3.4390485905232966
2.6300814745774255,5.463646429043312
0.7919432271058575,4.9670704781880595
4.114789355512795,4.14502537675434
4.589298059394952,4.910810408336535
0.7409671672541229,3.6543560458297035
0.11866203470020498,1.0917744980727098
4.790199605632104,1.9014412334383775
5.778063043277926,2.4183259659879788
2.7502227720840793,2.050862180910311
2.19968902039248,2.3398590614400727
4.296226875899748,2.144213013250534
0.8153681926725143,1.968794771306177
2.9229711713185402,3.3811509605415906
4.245998566780175,1.9707158120894792
2.1177920255475806,4.821064754396528
2.1680878681532967,3.6817305152991393
1.8445478487967482,1.8841449675321382
2.547045830495109,4.119811559375731
4.397553335463474,4.1811388093011495
0.5614795232822754,5.113819200101355
2.1889196667187236,1.6537712295013556
2.5696979997280582,2.5665441876342596
2.573733299102142,1.0544585986256503
2.684421981117776,2.4399483259204224
5.351391336264443,1.8327870503124137
0.8801956068893391,1.9831469959589438
0.8926473102827976,0.3497394810219152
1.454139570415217,3.242353443515918
3.0744204084516857,2.172047846981018
1.7302651019808868,0.6644231772208633
0.1896113219311497,0.7929198772998647
4.948936923871389,0.8088324063951475
5.716224275069653,5.247959366785208
0.23186301778864848,3.1215741126450665
5.79602082045765,2.0482171092285597
3.201077155131334,4.627506135382066
1.327138790590694,1.1989257321449973
1.984713268158767,3.3727118326496335
4.186511825307697,0.4249162630346828
5.493710585901842,2.757685111381674
3.645898788309527,5.1521863836819755
2.3403676774907836,3.0083761645552904
1.785843990929583,4.4076154266581495
3.434223038889198,4.255623467665514
1.6567839911503295,2.797027838348297
5.084836330161239,1.7506767717354232
0.049576943024682185,3.832969389343725
0.8371910779621259,5.35031778193045
1.3363770187940658,4.120312351966122
5.1486621422131345,2.618242501053774
4.475969431965114,1.3325716227655608
1.6865793999170147,5.682538496897963
3.6514499697974925,4.222461968898848
3.1961509633516485,4.943195638601693
4.111704639546698,4.363084174905309
0.7977944281736524,0.2291876489154263
5.4690269105409985,2.445973423179945
2.9151286407027808,0.18142023206669666
3.331810226316068,0.31841796453709814
5.578725855638792,0.8899885922580142
2.9276446981349755,3.6911777369376377
0.4819722433193969,0.4507189394718971
4.104070549741066,0.14937214621811257
5.667053247193125,2.2406224126099747
5.2823817494984,0.5521185722499784
1.5136643961902547,5.80398318578418
0.5333283250499907,3.9837662960936284
3.9263292268199343,3.3996267269551375
0.7816654078799081,5.81826399522607
1.1713196975726006,4.917910610109299
5.361218998065655,3.8539112100128152
1.8244042460984005,4.001332641940555
2.2195364861640514,0.13043411989404974
3.416914117369547,2.9739859828552007
4.033942951925455,2.620683879683159
3.601187295582265,2.0545886277184318
4.423751298166534,2.330199185369552
1.2164796003065974,4.099821559901069
0.737800781703799,1.5670525897174774
5.463585097790538,4.561291150938374
1.1583541171350182,4.741224312889553
2.1215336878800874,2.6092662258130512
4.995582551733952,0.27727587979213575
2.869593325431338,2.682632162521254
3.002116295241583,5.884407199234342
1.7811903494530967,3.2967712609165867
4.915691430430837,1.113328327824977
2.9559546962043397,5.217662670155813
4.348006130998924,1.5801050313403802
5.023138999546594,3.669781664986698
4.03108951204786,1.0954448841804576
4.292029208670598,3.2439418062939955
5.145779440474004,1.7447526701576124
0.18065128053428903,5.550963424302795
3.144568592060325,0.5120743421849836
5.898656865728614,3.3392540849811456
