96,4,69,44,0,
3,0,
51,30,0,
0,
26,27,29,0,
0,
0,
68,0,
0,
32,0,
0,
7,0,
0,
59,75,93,0,
0,
57,0,
0,
89,0,
73,22,0,
0,
0,
34,70,0,
20,0,
0,
25,98,39,0,
9,83,0,
2,21,0,
66,61,0,
72,0,
80,45,0,
0,
42,0,
0,
58,0,
35,0,
0,
33,87,0,
0,
77,15,0,
76,84,0,
0,
91,0,
65,0,
36,28,46,0,
24,43,92,0,
17,74,0,
41,0,
0,
99,67,0,
85,0,
0,
37,0,
0,
14,0,
71,0,
54,0,
0,
0,
0,
47,0,
88,49,0,
10,0,
0,
1,55,0,
0,
0,
79,0,
16,0,
0,
38,94,63,0,
0,
0,
0,
82,0,
0,
12,0,
62,0,
81,0,
52,0,
19,0,
8,53,0,
0,
5,0,
0,
0,
0,
56,0,
0,
90,50,0,
0,
40,0,
0,
48,97,78,0,
23,0,
11,31,0,
64,0,
18,60,13,0,
86,6,0,
95,0,
0,
