81,73,37,7,0,
76,70,0,
89,42,0,
0,
86,0,
0,
59,0,
25,2,21,0,
23,0,
48,74,47,0,
0,
12,13,0,
0,
0,
0,
24,97,0,
0,
0,
8,28,0,
29,0,
0,
64,67,99,0,
45,30,0,
0,
0,
35,71,0,
43,19,0,
16,65,0,
0,
0,
17,0,
0,
0,
0,
18,84,0,
49,60,0,
0,
90,26,93,22,0,
79,0,
0,
20,0,
0,
4,0,
3,0,
0,
96,0,
98,31,0,
33,0,
91,0,
80,0,
5,0,
32,0,
0,
0,
0,
58,75,46,0,
0,
72,0,
14,0,
0,
0,
0,
36,0,
88,0,
41,38,0,
0,
83,82,11,0,
39,0,
0,
0,
62,0,
95,0,
0,
34,92,55,0,
57,69,0,
68,0,
94,0,
0,
54,0,
0,
0,
9,66,1,0,
44,52,0,
56,0,
53,6,0,
50,0,
0,
10,61,0,
0,
63,0,
85,15,0,
77,0,
78,87,0,
40,27,0,
0,
0,
0,
0,
0,
51,0,
