112,13,62,63,0,
0,
0,
113,101,119,0,
58,0,
0,
27,0,
72,124,0,
28,0,
0,
73,75,12,0,
0,
92,39,0,
24,20,70,7,0,
0,
0,
40,0,
8,0,
36,29,0,
108,0,
41,93,6,0,
0,
104,11,0,
37,110,55,0,
48,33,0,
69,0,
0,
68,0,
0,
122,0,
90,77,0,
25,15,0,
19,0,
106,79,0,
0,
56,30,0,
102,0,
2,87,0,
105,22,0,
76,0,
0,
114,126,0,
0,
0,
26,0,
0,
0,
80,0,
91,0,
67,0,
0,
0,
9,0,
0,
51,44,0,
57,53,0,
49,0,
82,0,
34,0,
125,0,
99,0,
0,
123,64,35,85,0,
10,3,23,0,
32,4,0,
111,0,
0,
0,
0,
0,
65,31,0,
43,0,
45,0,
16,116,0,
0,
60,109,0,
0,
0,
50,0,
14,0,
0,
98,0,
0,
17,118,0,
0,
52,54,71,0,
74,0,
0,
0,
42,0,
46,0,
0,
0,
61,0,
107,0,
0,
0,
0,
0,
0,
0,
95,0,
0,
89,115,0,
0,
78,0,
0,
0,
0,
66,0,
100,86,0,
0,
120,18,83,38,0,
96,117,0,
97,0,
0,
5,0,
0,
94,0,
88,0,
81,59,0,
21,0,
1,0,
103,127,0,
121,84,0,
0,
0,
47,0,
