83,107,69,79,0,
0,
0,
0,
16,116,39,0,
0,
11,124,0,
71,0,
0,
0,
0,
9,0,
65,75,0,
88,0,
96,95,0,
105,0,
5,0,
0,
85,0,
41,44,97,0,
76,0,
2,0,
109,0,
0,
0,
45,53,7,0,
0,
106,21,0,
0,
55,0,
59,0,
0,
0,
0,
54,0,
58,0,
63,0,
119,0,
42,13,22,0,
67,0,
0,
121,100,0,
23,0,
34,0,
10,99,0,
81,0,
6,87,0,
60,62,0,
0,
108,0,
0,
0,
8,0,
56,29,0,
0,
0,
0,
0,
0,
0,
118,0,
26,52,0,
113,0,
0,
0,
0,
57,0,
101,0,
31,0,
25,102,111,0,
0,
0,
0,
0,
122,77,0,
0,
0,
0,
0,
4,86,47,0,
33,0,
51,0,
93,30,0,
19,117,110,0,
49,114,0,
0,
90,14,0,
66,35,0,
0,
36,0,
104,68,0,
112,32,0,
48,0,
28,0,
123,20,0,
0,
0,
37,0,
0,
115,0,
70,0,
0,
92,61,127,0,
89,74,15,0,
0,
3,0,
24,0,
46,27,38,103,0,
0,
0,
82,84,0,
120,43,94,0,
0,
73,0,
17,0,
0,
80,0,
91,12,0,
40,0,
0,
18,98,0,
0,
72,0,
78,0,
50,0,
1,0,
64,0,
125,126,0,
