56,25,106,67,0,
3,0,
0,
0,
0,
0,
49,122,46,0,
94,0,
0,
28,0,
0,
0,
0,
21,0,
84,0,
0,
10,0,
2,0,
0,
0,
0,
0,
102,0,
58,53,39,0,
60,78,0,
24,51,82,75,0,
0,
32,0,
0,
44,0,
57,83,13,0,
52,0,
0,
0,
125,79,0,
5,0,
62,0,
33,0,
0,
59,20,0,
0,
0,
98,22,0,
19,37,0,
0,
41,0,
0,
0,
0,
68,117,0,
127,0,
93,101,0,
107,0,
54,0,
0,
91,47,0,
112,6,23,0,
113,26,0,
27,61,0,
0,
71,7,0,
0,
0,
0,
9,1,119,0,
0,
76,0,
64,42,123,100,0,
0,
114,109,0,
38,0,
0,
40,66,0,
0,
12,0,
72,116,118,0,
0,
18,0,
121,99,0,
15,0,
29,70,0,
0,
35,69,126,0,
74,0,
0,
0,
105,0,
0,
110,0,
73,124,0,
0,
85,0,
96,31,0,
4,0,
0,
0,
8,103,0,
34,43,77,0,
16,120,0,
115,0,
80,89,55,0,
63,0,
0,
81,0,
0,
0,
97,92,30,0,
0,
0,
0,
0,
65,0,
88,111,0,
0,
90,0,
0,
108,36,0,
95,0,
17,0,
87,0,
104,0,
0,
11,14,0,
45,86,0,
0,
0,
48,50,0,
0,
