40,81,108,79,0,
0,
33,82,0,
0,
0,
16,0,
54,0,
0,
0,
0,
0,
94,0,
0,
0,
0,
77,0,
0,
0,
35,0,
0,
43,15,0,
0,
0,
0,
0,
0,
55,0,
65,0,
0,
106,92,0,
0,
0,
44,0,
22,0,
17,0,
0,
0,
0,
0,
120,114,26,0,
42,2,78,0,
0,
88,34,29,0,
105,31,0,
0,
102,0,
36,0,
56,0,
7,0,
123,0,
104,0,
61,0,
0,
112,110,0,
118,0,
0,
41,0,
30,0,
0,
32,58,0,
91,0,
0,
45,0,
51,0,
0,
83,0,
37,0,
0,
21,0,
47,63,0,
75,6,0,
107,115,100,0,
0,
57,66,116,0,
0,
46,0,
101,0,
0,
122,27,85,0,
90,69,70,39,0,
11,125,0,
53,126,87,0,
13,0,
0,
121,111,0,
9,3,0,
52,0,
96,98,103,0,
72,113,0,
1,0,
80,93,62,0,
0,
0,
60,86,0,
0,
12,0,
76,0,
19,0,
67,0,
0,
97,0,
0,
0,
68,0,
0,
8,0,
99,0,
14,0,
73,84,20,71,0,
74,0,
49,25,0,
89,0,
10,5,0,
38,0,
28,119,0,
48,0,
109,0,
0,
0,
64,0,
50,0,
95,0,
24,23,0,
0,
0,
124,0,
18,59,127,0,
4,117,0,
