80,30,134,39,0,
0,
0,
0,
0,
0,
0,
0,
0,
55,0,
120,46,0,
0,
75,0,
65,123,0,
0,
0,
0,
2,0,
112,26,0,
0,
35,0,
0,
9,38,0,
0,
44,0,
89,12,22,0,
96,0,
0,
36,0,
130,52,0,
56,25,90,60,0,
0,
144,119,0,
0,
0,
0,
0,
0,
0,
81,41,149,118,0,
84,0,
48,47,79,0,
0,
97,0,
0,
0,
111,0,
31,0,
121,58,0,
42,0,
91,142,0,
0,
109,0,
64,0,
0,
0,
57,50,143,0,
73,106,0,
59,0,
0,
114,83,102,0,
137,133,103,0,
0,
15,0,
0,
14,0,
135,0,
0,
24,20,0,
37,0,
128,85,0,
107,18,147,0,
32,156,70,0,
87,0,
0,
0,
0,
0,
11,0,
16,154,0,
72,155,116,0,
124,78,0,
34,94,0,
27,0,
0,
92,0,
131,140,127,0,
0,
28,62,0,
108,0,
0,
0,
0,
101,0,
74,0,
76,63,0,
0,
0,
99,53,0,
139,0,
0,
0,
49,150,0,
141,0,
17,4,0,
33,0,
0,
138,0,
0,
0,
0,
0,
0,
8,0,
69,110,0,
5,0,
98,10,117,0,
146,0,
88,122,82,0,
21,0,
153,0,
6,0,
43,23,0,
145,0,
77,0,
0,
132,0,
129,93,0,
54,0,
125,0,
19,0,
40,51,0,
0,
66,45,0,
13,61,86,71,0,
0,
0,
1,126,0,
0,
0,
113,0,
0,
148,0,
3,0,
67,0,
0,
100,0,
136,151,0,
0,
104,95,0,
0,
152,0,
0,
0,
0,
105,68,29,0,
115,7,0,
