40,107,19,111,0,
0,
126,0,
0,
0,
0,
84,0,
118,0,
83,124,0,
0,
21,0,
0,
27,36,0,
0,
0,
0,
55,0,
0,
0,
136,57,23,0,
0,
0,
32,115,47,0,
98,138,79,0,
0,
0,
0,
80,0,
24,0,
0,
146,0,
0,
5,69,0,
0,
0,
31,0,
11,0,
0,
34,0,
68,0,
56,130,151,0,
50,30,0,
0,
17,35,0,
0,
48,43,141,0,
14,0,
144,148,0,
65,139,0,
53,71,0,
129,0,
109,0,
0,
26,0,
0,
0,
8,123,76,0,
128,49,147,0,
112,0,
37,117,0,
95,0,
150,0,
41,85,93,0,
0,
96,0,
52,0,
0,
0,
0,
91,0,
13,86,0,
0,
75,38,0,
140,143,0,
4,39,0,
0,
81,28,0,
0,
1,58,0,
77,133,0,
0,
142,0,
113,0,
29,0,
0,
145,0,
9,0,
0,
0,
2,100,0,
60,15,0,
0,
0,
61,46,0,
106,103,0,
0,
0,
7,0,
25,51,0,
0,
0,
153,122,0,
0,
66,0,
0,
89,101,70,0,
0,
120,45,22,0,
0,
0,
152,73,94,0,
62,105,110,63,0,
0,
0,
3,0,
42,0,
114,149,0,
18,0,
0,
108,0,
72,137,90,0,
64,134,0,
87,0,
131,6,0,
0,
155,0,
0,
54,0,
88,125,0,
0,
74,116,82,0,
0,
16,20,0,
33,0,
0,
0,
121,12,97,0,
156,0,
135,0,
0,
92,0,
99,127,0,
0,
0,
0,
0,
0,
10,0,
67,0,
0,
0,
59,132,78,0,
154,119,0,
104,0,
102,0,
0,
44,0,
