107,85,46,127,0,
0,
0,
0,
151,0,
2,70,0,
0,
0,
0,
0,
136,54,39,0,
0,
139,0,
0,
0,
132,0,
22,0,
0,
147,93,0,
34,21,0,
36,0,
0,
74,0,
0,
101,0,
0,
0,
0,
26,155,0,
0,
149,0,
0,
0,
0,
122,0,
110,0,
0,
0,
11,0,
8,111,0,
95,0,
84,0,
27,0,
0,
0,
134,0,
137,115,150,105,0,
0,
91,0,
0,
94,0,
50,0,
0,
75,0,
97,69,0,
114,66,118,0,
112,38,0,
138,126,0,
99,20,0,
144,53,0,
0,
0,
145,0,
148,0,
156,62,0,
0,
82,103,0,
47,0,
129,0,
0,
79,0,
65,119,0,
44,0,
40,92,0,
0,
0,
17,0,
81,0,
0,
0,
0,
0,
13,0,
106,15,0,
89,0,
96,90,59,143,0,
152,63,0,
113,135,0,
0,
0,
125,45,0,
0,
4,133,0,
141,0,
0,
29,0,
72,58,12,0,
131,0,
42,76,0,
37,0,
121,0,
60,0,
41,5,87,0,
49,0,
32,0,
123,117,0,
0,
64,73,86,55,0,
0,
88,14,0,
0,
78,0,
0,
80,0,
104,77,0,
56,51,83,0,
0,
130,0,
33,124,0,
6,0,
153,3,0,
0,
0,
68,0,
52,0,
30,7,0,
154,0,
10,98,102,146,0,
23,0,
0,
31,0,
0,
0,
0,
0,
25,0,
128,100,0,
120,57,0,
0,
0,
35,0,
0,
1,0,
28,109,71,0,
67,0,
61,0,
24,16,19,0,
0,
43,0,
0,
18,140,0,
0,
48,0,
108,0,
0,
9,0,
116,142,0,
