88,1,48,114,0,
98,19,53,6,0,
0,
56,147,93,0,
153,148,0,
0,
50,77,71,0,
0,
0,
0,
112,25,0,
0,
0,
0,
145,76,0,
33,0,
74,0,
99,109,0,
0,
97,102,0,
11,0,
96,106,0,
0,
90,14,111,0,
0,
0,
12,0,
22,0,
0,
0,
151,0,
0,
5,0,
0,
0,
110,0,
0,
63,0,
0,
0,
0,
70,0,
18,84,0,
0,
0,
0,
69,0,
0,
17,138,4,79,0,
0,
68,15,0,
103,0,
0,
94,100,134,0,
45,0,
155,92,21,0,
154,2,0,
60,0,
95,0,
0,
0,
29,0,
16,140,156,0,
0,
57,113,0,
0,
0,
143,0,
40,0,
0,
0,
41,54,0,
89,0,
133,0,
0,
72,42,131,0,
7,0,
132,0,
82,46,0,
80,67,87,0,
136,149,0,
0,
39,0,
0,
128,0,
141,0,
0,
51,85,0,
130,23,142,55,0,
126,0,
144,139,0,
37,0,
107,119,0,
38,0,
30,0,
117,0,
86,0,
0,
10,91,0,
52,0,
122,0,
123,0,
129,0,
0,
83,0,
0,
105,0,
0,
0,
152,0,
0,
146,20,0,
9,0,
0,
75,3,62,0,
127,0,
0,
0,
0,
36,0,
8,0,
118,0,
0,
0,
121,115,0,
31,0,
0,
0,
0,
0,
64,124,78,0,
24,35,0,
0,
0,
26,0,
116,0,
0,
59,0,
120,58,150,0,
47,0,
137,49,0,
0,
104,135,0,
28,0,
0,
66,0,
43,0,
32,0,
73,44,0,
13,0,
34,61,0,
0,
0,
27,0,
65,0,
81,101,0,
108,125,0,
