8,81,27,156,0,
32,0,
0,
10,0,
18,0,
0,
0,
153,0,
53,149,142,0,
11,0,
0,
0,
0,
0,
0,
6,0,
0,
144,0,
0,
141,0,
16,12,0,
131,0,
102,0,
0,
0,
46,0,
0,
43,36,78,87,0,
138,0,
57,0,
128,7,0,
56,117,71,0,
0,
0,
123,0,
145,29,0,
35,59,21,0,
65,5,0,
89,133,54,0,
72,17,0,
76,0,
0,
0,
108,28,0,
105,0,
40,0,
0,
42,0,
154,44,0,
0,
0,
80,0,
143,0,
1,92,37,0,
85,0,
125,22,0,
73,84,0,
0,
9,119,0,
77,15,0,
0,
0,
0,
3,69,0,
0,
50,0,
52,0,
139,134,0,
97,58,63,0,
33,0,
24,0,
4,0,
51,0,
0,
64,0,
0,
0,
90,0,
34,20,0,
0,
0,
96,140,148,38,0,
75,47,0,
14,0,
150,0,
0,
0,
82,70,0,
0,
130,116,0,
0,
0,
104,23,0,
0,
0,
0,
112,146,48,0,
25,113,0,
0,
88,0,
49,124,0,
98,0,
0,
106,101,0,
0,
0,
0,
129,100,0,
93,0,
118,0,
0,
147,61,0,
121,151,0,
94,0,
122,0,
0,
13,0,
2,91,0,
62,0,
79,0,
99,0,
152,0,
0,
0,
0,
0,
0,
0,
0,
126,0,
0,
86,0,
26,110,0,
114,95,0,
137,0,
136,19,0,
155,0,
0,
0,
127,0,
67,55,111,0,
0,
120,30,0,
0,
0,
115,0,
74,83,0,
0,
109,45,103,0,
66,132,135,0,
0,
60,0,
0,
0,
41,0,
0,
107,68,31,39,0,
