106,99,58,21,0,
66,53,0,
112,45,0,
134,0,
0,
0,
93,0,
0,
140,23,0,
57,0,
38,0,
65,0,
0,
0,
0,
156,0,
0,
44,0,
135,0,
73,0,
0,
34,139,125,0,
18,117,0,
130,0,
0,
132,0,
70,0,
0,
0,
43,46,0,
0,
0,
0,
81,105,0,
48,83,131,0,
0,
56,0,
145,30,0,
0,
102,0,
59,0,
50,0,
0,
109,0,
0,
76,0,
0,
28,0,
96,41,0,
0,
0,
0,
74,143,0,
0,
90,3,0,
0,
0,
0,
107,62,79,0,
0,
20,0,
14,0,
61,103,0,
0,
0,
0,
27,0,
108,127,0,
80,2,52,0,
4,0,
0,
0,
31,0,
0,
113,0,
42,0,
0,
12,0,
32,0,
136,33,110,0,
40,0,
95,0,
0,
72,126,0,
0,
8,100,47,0,
0,
55,0,
0,
98,0,
119,0,
0,
146,0,
0,
64,0,
0,
0,
49,0,
82,0,
85,149,54,68,0,
25,39,0,
129,35,0,
0,
9,0,
10,75,0,
84,0,
137,155,141,0,
128,19,0,
0,
0,
133,0,
0,
0,
0,
124,60,0,
63,0,
86,0,
0,
24,0,
51,0,
13,118,0,
115,78,0,
6,71,0,
0,
0,
89,22,15,0,
88,0,
0,
148,69,0,
123,0,
0,
116,94,0,
0,
7,0,
154,0,
0,
36,87,0,
67,101,150,0,
17,26,0,
114,147,29,0,
111,0,
1,122,142,0,
151,0,
16,0,
97,77,0,
91,0,
0,
11,0,
0,
104,138,120,0,
153,92,0,
0,
0,
152,0,
0,
144,121,37,0,
5,0,
