2,149,14,87,0,
83,109,0,
73,154,38,103,0,
0,
0,
82,111,0,
96,41,44,0,
0,
134,0,
0,
145,115,0,
146,110,0,
48,0,
0,
152,59,155,79,0,
9,0,
100,0,
0,
0,
156,54,0,
17,0,
0,
0,
0,
0,
21,0,
0,
0,
0,
0,
125,0,
10,55,95,0,
71,0,
0,
0,
104,0,
141,0,
129,0,
144,123,139,0,
0,
99,0,
105,0,
0,
29,0,
92,86,0,
62,0,
61,0,
121,148,0,
0,
107,0,
0,
50,0,
0,
4,0,
0,
43,0,
45,0,
128,56,0,
0,
106,126,151,0,
0,
0,
0,
88,130,0,
120,0,
0,
78,0,
8,64,0,
0,
84,0,
0,
0,
136,138,67,0,
80,90,0,
0,
0,
0,
39,0,
0,
11,37,0,
32,24,0,
0,
26,0,
3,0,
0,
53,19,5,0,
76,0,
57,85,6,31,0,
0,
22,0,
137,35,0,
74,0,
81,0,
0,
0,
116,0,
13,119,0,
118,0,
0,
0,
124,0,
1,131,47,0,
0,
114,63,0,
0,
0,
66,15,0,
0,
97,36,0,
0,
0,
0,
0,
150,30,135,0,
102,0,
28,0,
127,0,
65,0,
0,
33,0,
0,
0,
0,
75,77,0,
0,
0,
132,142,0,
0,
143,0,
68,0,
18,0,
52,7,0,
60,0,
0,
0,
98,70,0,
58,12,0,
0,
51,69,0,
122,117,0,
42,0,
0,
34,0,
0,
27,20,0,
0,
112,0,
25,153,0,
93,0,
72,113,108,101,0,
49,0,
46,23,0,
40,16,0,
94,0,
89,140,0,
91,147,0,
133,0,
