155,20,22,103,0,
19,0,
33,0,
72,0,
0,
0,
0,
0,
0,
0,
0,
106,85,0,
14,7,0,
62,0,
75,0,
76,0,
92,0,
0,
0,
0,
38,54,138,142,0,
65,0,
99,123,68,79,0,
0,
56,27,0,
0,
58,55,0,
25,0,
0,
0,
74,101,0,
0,
0,
0,
0,
60,0,
130,147,0,
29,0,
137,35,53,0,
21,0,
132,0,
8,0,
0,
0,
143,0,
18,0,
105,135,0,
66,0,
13,0,
0,
145,0,
0,
0,
78,70,0,
50,61,0,
104,0,
0,
0,
100,0,
52,0,
0,
0,
0,
91,0,
47,0,
0,
0,
0,
136,156,0,
139,0,
90,0,
98,0,
0,
128,93,0,
32,0,
0,
0,
149,0,
113,0,
48,41,12,0,
83,0,
112,45,0,
120,9,0,
57,0,
0,
3,148,0,
6,0,
0,
107,0,
125,0,
0,
0,
0,
102,0,
17,0,
134,63,0,
10,15,0,
0,
0,
80,117,0,
0,
49,0,
0,
109,11,108,141,0,
0,
0,
59,5,0,
31,0,
64,114,44,0,
96,82,0,
153,86,0,
4,0,
34,0,
0,
115,119,0,
0,
77,118,0,
94,0,
87,0,
97,0,
67,0,
0,
0,
89,36,39,0,
154,0,
42,0,
28,0,
144,0,
0,
0,
0,
2,116,46,0,
0,
16,110,95,0,
0,
121,0,
69,0,
37,23,0,
24,73,111,0,
0,
122,71,0,
124,30,127,0,
88,81,140,0,
0,
129,0,
0,
0,
146,0,
0,
0,
51,126,0,
40,84,0,
1,150,151,0,
0,
0,
152,26,131,133,0,
43,0,
