105,145,132,20,0,
0,
0,
0,
0,
0,
0,
141,0,
0,
0,
156,0,
75,0,
41,25,0,
0,
0,
121,108,0,
52,28,0,
26,11,69,0,
0,
0,
88,90,101,134,0,
59,66,91,0,
8,103,0,
6,0,
49,0,
122,0,
9,83,0,
71,0,
133,0,
10,115,0,
19,0,
0,
78,0,
0,
0,
0,
0,
3,0,
0,
36,0,
0,
117,0,
0,
125,0,
129,0,
4,0,
0,
0,
116,0,
0,
2,0,
74,67,0,
148,0,
72,128,0,
0,
0,
33,0,
0,
13,142,0,
102,0,
147,140,29,0,
0,
92,0,
94,0,
1,0,
106,0,
100,76,0,
5,0,
0,
37,0,
14,0,
137,0,
47,0,
151,0,
0,
31,0,
118,0,
109,0,
18,0,
96,50,0,
0,
89,0,
7,0,
97,0,
82,12,22,0,
0,
154,0,
0,
24,44,0,
61,0,
98,131,93,0,
65,43,0,
111,0,
64,34,0,
0,
57,23,0,
155,0,
0,
85,39,0,
54,0,
0,
104,63,119,0,
0,
149,0,
86,0,
114,60,150,79,0,
0,
48,40,0,
126,0,
0,
46,135,0,
0,
138,139,110,0,
55,0,
51,53,95,0,
0,
0,
0,
0,
136,0,
0,
0,
0,
16,107,62,0,
130,0,
0,
0,
32,113,58,0,
87,0,
0,
0,
56,0,
17,21,127,0,
0,
143,81,15,0,
153,0,
0,
0,
68,0,
120,77,0,
152,35,0,
0,
80,0,
70,0,
99,124,0,
112,123,84,0,
73,45,0,
42,30,0,
0,
0,
144,146,27,0,
0,
38,0,
0,
0,
0,
0,
