228,165,80,17,62,0,
0,
193,202,0,
25,50,0,
0,
0,
0,
0,
0,
131,0,
60,0,
0,
0,
0,
97,0,
184,135,0,
116,0,
200,218,21,23,0,
0,
179,0,
24,0,
163,166,94,0,
0,
160,113,125,0,
0,
0,
173,0,
0,
154,0,
147,0,
221,0,
240,106,223,0,
241,0,
0,
170,0,
12,0,
53,0,
0,
0,
107,37,0,
0,
0,
129,0,
67,197,0,
145,188,100,0,
52,0,
222,0,
0,
0,
128,99,0,
40,0,
0,
0,
0,
0,
162,59,182,0,
87,0,
0,
0,
195,214,0,
0,
114,0,
89,194,181,31,0,
0,
0,
0,
120,79,0,
5,0,
28,101,0,
157,0,
0,
124,30,0,
105,159,0,
0,
88,0,
0,
224,45,150,0,
233,0,
34,0,
134,0,
225,148,127,231,0,
137,0,
208,207,0,
108,0,
0,
0,
0,
0,
0,
68,141,0,
180,0,
0,
22,0,
0,
98,187,0,
0,
190,0,
0,
112,0,
93,0,
83,198,0,
0,
51,0,
8,0,
7,0,
205,0,
61,0,
11,0,
0,
2,199,0,
0,
139,0,
0,
48,92,0,
0,
0,
0,
0,
0,
0,
75,0,
47,0,
209,0,
0,
58,0,
186,172,0,
119,0,
3,69,0,
0,
0,
176,226,0,
0,
118,0,
33,20,0,
0,
0,
85,126,0,
0,
95,0,
0,
63,0,
168,54,0,
96,74,0,
0,
0,
132,0,
104,65,0,
0,
72,43,136,0,
217,0,
13,0,
0,
0,
26,156,0,
0,
41,0,
18,0,
0,
27,0,
73,0,
210,0,
189,0,
56,158,0,
32,42,0,
81,29,0,
227,76,206,0,
57,140,0,
115,0,
0,
0,
0,
0,
86,0,
0,
151,0,
138,237,0,
212,0,
0,
121,167,0,
0,
38,0,
192,236,142,0,
211,14,0,
0,
6,0,
232,230,0,
169,0,
191,0,
35,102,0,
0,
0,
0,
9,10,0,
152,0,
66,78,146,0,
64,0,
171,0,
117,0,
4,0,
46,111,0,
130,15,175,0,
0,
0,
238,215,0,
0,
0,
49,235,196,0,
143,0,
1,0,
0,
123,0,
144,0,
0,
90,203,239,0,
229,0,
84,0,
110,0,
0,
153,220,0,
161,155,0,
174,183,0,
0,
0,
16,19,0,
201,0,
219,164,71,0,
0,
185,133,149,0,
109,44,213,55,0,
0,
70,0,
178,82,39,0,
0,
0,
0,
204,103,0,
122,77,0,
177,0,
0,
216,242,0,
234,36,0,
0,
91,0,
