132,4,235,140,183,0,
41,0,
0,
158,0,
82,171,180,239,0,
51,166,0,
0,
210,92,0,
0,
0,
1,223,0,
94,0,
150,0,
216,84,0,
0,
89,0,
0,
0,
0,
0,
0,
0,
18,0,
204,141,159,0,
0,
0,
46,0,
178,148,0,
0,
0,
0,
160,122,100,0,
28,0,
0,
208,116,61,0,
30,0,
136,190,0,
33,0,
0,
0,
169,211,0,
0,
97,131,0,
196,157,0,
0,
0,
0,
0,
184,0,
0,
163,0,
64,139,0,
0,
2,0,
76,0,
0,
0,
236,0,
0,
8,0,
0,
195,135,0,
98,0,
0,
14,0,
147,0,
0,
0,
127,0,
21,0,
170,54,0,
0,
123,0,
186,0,
126,0,
49,0,
0,
0,
168,69,0,
0,
0,
0,
145,217,6,0,
200,0,
161,0,
226,0,
60,0,
24,0,
0,
0,
128,192,0,
138,114,0,
88,0,
0,
0,
52,0,
45,0,
188,0,
0,
12,85,0,
32,35,0,
0,
53,230,0,
25,0,
83,134,0,
0,
0,
0,
106,0,
26,189,0,
96,218,0,
56,0,
107,86,0,
3,11,0,
38,0,
0,
146,182,0,
225,87,0,
0,
0,
174,0,
66,0,
193,185,0,
0,
71,0,
0,
0,
0,
125,0,
202,95,0,
0,
0,
156,194,212,5,0,
0,
19,0,
55,0,
229,0,
0,
220,0,
179,0,
153,34,172,23,0,
9,103,0,
0,
39,0,
16,0,
233,74,0,
115,0,
0,
20,0,
0,
0,
44,0,
0,
40,48,7,0,
63,0,
72,207,0,
78,155,102,0,
175,0,
0,
65,181,0,
227,151,0,
0,
0,
0,
152,15,0,
0,
221,111,0,
130,0,
133,0,
162,0,
234,0,
112,36,117,0,
240,113,242,0,
50,124,0,
0,
0,
93,0,
176,59,0,
165,0,
0,
43,228,70,0,
79,0,
17,0,
104,10,173,0,
0,
224,0,
0,
27,213,222,0,
0,
231,0,
241,0,
0,
0,
58,0,
90,99,109,0,
118,0,
0,
0,
22,215,0,
0,
0,
67,0,
80,0,
214,0,
219,47,0,
144,108,0,
232,0,
137,0,
120,73,0,
0,
105,0,
197,0,
110,164,198,0,
201,101,0,
0,
149,0,
143,0,
203,167,0,
0,
119,0,
0,
199,0,
62,0,
191,0,
0,
29,0,
0,
77,0,
154,75,0,
0,
81,0,
0,
0,
142,0,
0,
187,13,238,31,0,
0,
121,209,0,
177,42,91,0,
129,205,237,0,
37,206,0,
0,
57,68,0,
