35,233,238,112,89,0,
50,159,0,
18,228,0,
0,
0,
46,0,
0,
236,0,
136,0,
45,0,
165,0,
0,
106,0,
75,118,0,
20,0,
188,76,0,
3,0,
0,
0,
0,
128,0,
122,0,
0,
0,
19,124,0,
87,0,
39,231,0,
9,74,0,
0,
0,
193,0,
49,0,
0,
66,0,
0,
168,65,226,220,0,
241,0,
44,5,0,
180,110,0,
22,0,
0,
210,234,156,0,
0,
141,175,0,
130,0,
0,
0,
0,
184,137,192,0,
0,
97,0,
240,84,0,
40,0,
158,55,0,
150,0,
176,0,
0,
0,
60,0,
0,
0,
108,0,
0,
0,
68,71,0,
104,194,53,0,
0,
0,
0,
47,0,
0,
73,0,
235,212,0,
0,
178,0,
196,0,
160,0,
185,230,0,
10,117,0,
0,
114,0,
59,0,
190,0,
88,0,
109,0,
0,
144,0,
0,
0,
216,204,125,134,0,
58,31,0,
0,
0,
96,0,
0,
0,
0,
0,
0,
83,30,0,
43,163,38,0,
28,0,
0,
16,7,0,
80,166,0,
42,0,
0,
0,
0,
0,
138,0,
63,0,
48,169,100,152,0,
0,
0,
81,161,0,
0,
133,0,
157,0,
79,0,
224,142,0,
0,
0,
0,
85,0,
217,211,126,0,
82,149,0,
62,0,
0,
52,69,0,
0,
0,
0,
0,
64,90,146,0,
57,0,
0,
187,191,0,
0,
0,
0,
202,0,
92,0,
218,101,0,
0,
107,0,
200,21,0,
0,
139,0,
102,0,
0,
70,0,
129,2,167,0,
11,206,0,
223,0,
0,
56,135,0,
0,
113,0,
225,0,
0,
182,0,
227,86,0,
172,189,0,
116,0,
0,
171,0,
177,0,
186,207,0,
115,162,99,0,
94,0,
0,
95,0,
0,
120,37,77,0,
6,0,
0,
0,
0,
181,215,0,
91,0,
29,0,
0,
24,179,143,0,
36,61,0,
209,0,
195,0,
34,0,
237,0,
67,0,
0,
173,0,
239,0,
0,
229,54,0,
0,
0,
127,119,0,
0,
232,170,0,
0,
0,
0,
33,12,0,
26,27,199,0,
145,111,0,
17,0,
121,0,
242,0,
0,
164,222,0,
105,93,0,
213,0,
0,
0,
147,0,
1,14,15,0,
25,148,0,
140,0,
201,0,
197,221,13,0,
208,219,0,
131,0,
0,
198,0,
0,
153,51,205,0,
214,0,
4,0,
155,0,
32,0,
123,0,
132,0,
72,41,174,183,0,
154,151,0,
8,0,
0,
0,
203,78,103,0,
23,0,
98,0,
0,
0,
