40,140,170,36,0,
0,
101,86,0,
0,
0,
128,75,0,
23,0,
0,
0,
200,106,0,
0,
116,0,
43,205,0,
26,0,
0,
0,
0,
0,
0,
129,185,0,
124,0,
0,
171,0,
0,
0,
210,0,
0,
224,0,
187,0,
179,14,0,
136,0,
74,123,158,0,
216,0,
46,0,
96,0,
0,
100,98,188,237,0,
132,0,
0,
113,142,0,
105,172,193,214,0,
0,
0,
8,0,
0,
192,82,53,0,
0,
89,28,0,
233,0,
0,
112,160,0,
41,0,
90,59,148,0,
25,161,0,
38,94,0,
95,0,
0,
166,143,0,
0,
130,83,0,
0,
0,
0,
0,
0,
0,
0,
131,0,
49,0,
0,
0,
222,0,
168,139,0,
134,7,0,
213,0,
175,0,
235,0,
0,
0,
0,
88,178,149,0,
217,0,
242,191,0,
115,0,
0,
0,
65,0,
56,0,
121,67,0,
15,0,
104,152,0,
32,22,0,
122,27,0,
0,
58,0,
0,
0,
162,195,0,
73,2,227,0,
0,
97,91,221,0,
0,
64,0,
21,0,
4,0,
240,114,212,0,
10,0,
0,
169,0,
0,
211,0,
35,0,
194,0,
79,0,
11,71,0,
0,
0,
0,
0,
204,111,0,
18,0,
0,
153,0,
236,157,0,
0,
19,198,182,0,
0,
78,0,
42,0,
159,0,
141,0,
0,
0,
0,
3,0,
144,0,
0,
196,103,0,
99,0,
17,0,
80,223,156,199,0,
0,
61,0,
177,0,
0,
0,
181,0,
0,
81,135,0,
84,0,
183,0,
117,0,
44,0,
0,
206,6,0,
147,0,
72,12,5,0,
60,0,
51,108,0,
0,
220,0,
70,0,
24,0,
0,
0,
0,
186,0,
0,
0,
0,
45,52,125,31,0,
0,
241,9,119,0,
0,
109,0,
0,
150,102,0,
0,
48,66,0,
203,0,
174,87,0,
0,
13,207,0,
0,
0,
167,0,
0,
0,
201,219,225,0,
69,0,
184,0,
228,0,
189,173,0,
50,180,54,0,
0,
16,0,
226,0,
215,0,
155,127,0,
209,154,39,0,
93,0,
202,218,0,
107,0,
0,
133,0,
77,0,
62,0,
1,0,
37,55,0,
138,30,0,
0,
0,
68,76,0,
0,
176,208,47,0,
0,
0,
0,
164,0,
231,151,0,
0,
20,190,0,
0,
232,57,92,0,
0,
229,238,0,
0,
63,0,
0,
126,0,
234,110,0,
118,0,
120,34,0,
0,
165,0,
0,
0,
137,29,230,0,
163,0,
85,0,
146,197,0,
33,239,0,
145,0,
