12,173,53,54,119,0,
0,
0,
0,
117,0,
1,0,
0,
178,4,0,
0,
186,0,
0,
225,220,28,0,
49,90,11,215,0,
138,0,
0,
13,103,0,
0,
236,0,
211,182,0,
206,0,
0,
0,
83,0,
0,
77,0,
168,141,191,0,
216,74,0,
40,78,15,0,
129,121,0,
234,0,
0,
159,0,
0,
89,0,
171,0,
14,0,
204,151,0,
80,0,
0,
0,
114,163,0,
0,
65,0,
0,
185,197,0,
0,
0,
0,
0,
123,139,76,0,
56,133,181,0,
240,0,
208,0,
0,
188,100,134,183,0,
84,31,0,
137,21,0,
122,228,174,0,
0,
0,
0,
16,0,
0,
0,
0,
0,
128,0,
125,0,
200,160,0,
230,0,
170,0,
0,
63,0,
0,
111,0,
23,135,0,
212,222,0,
0,
66,164,0,
187,172,0,
0,
34,229,0,
0,
0,
120,0,
46,0,
0,
0,
0,
0,
218,36,7,0,
0,
241,195,0,
0,
96,194,239,0,
0,
193,42,0,
45,0,
10,0,
43,0,
145,219,142,0,
167,0,
0,
88,0,
116,0,
0,
82,0,
0,
0,
26,180,238,0,
0,
0,
153,101,0,
0,
71,0,
0,
0,
0,
177,0,
57,27,109,94,0,
0,
105,0,
33,150,0,
226,124,0,
0,
0,
0,
86,0,
0,
60,0,
0,
147,52,0,
0,
140,166,0,
136,81,18,0,
201,0,
72,192,0,
223,0,
0,
144,184,0,
233,0,
19,69,0,
97,61,0,
107,0,
175,0,
17,242,0,
0,
38,0,
29,102,0,
3,0,
47,0,
132,0,
0,
155,0,
0,
0,
44,79,207,0,
146,0,
205,0,
0,
189,0,
0,
0,
41,0,
165,0,
0,
227,0,
0,
202,37,0,
0,
0,
0,
0,
25,50,156,209,0,
67,85,0,
0,
0,
0,
108,0,
237,70,0,
48,190,0,
106,158,0,
161,0,
131,68,92,0,
6,0,
126,0,
59,0,
199,0,
98,179,55,0,
0,
152,0,
118,231,0,
0,
232,0,
24,130,0,
39,0,
0,
20,0,
0,
0,
196,0,
0,
95,0,
110,0,
217,0,
0,
0,
224,213,0,
0,
112,210,127,0,
221,149,0,
162,0,
62,0,
115,0,
93,0,
9,75,148,0,
2,0,
0,
35,143,0,
169,157,0,
64,235,0,
8,0,
154,0,
0,
176,0,
32,214,0,
30,0,
0,
51,99,0,
113,0,
0,
58,0,
0,
0,
0,
87,0,
0,
198,0,
5,22,0,
104,203,0,
0,
73,0,
91,0,
