1,3,35,197,77,0,
4,44,15,0,
0,
221,113,146,45,0,
88,0,
65,0,
176,0,
175,0,
52,0,
0,
134,0,
234,163,214,0,
0,
0,
0,
2,0,
0,
177,0,
0,
117,87,0,
0,
29,0,
231,0,
0,
0,
40,189,0,
38,0,
186,19,0,
0,
0,
69,0,
0,
16,0,
0,
228,47,0,
27,179,182,151,0,
0,
0,
0,
174,238,0,
36,0,
89,225,0,
0,
26,10,0,
49,0,
90,43,85,0,
0,
14,0,
0,
0,
241,102,39,0,
0,
0,
137,0,
121,101,0,
116,111,0,
0,
217,194,41,0,
195,5,0,
0,
99,0,
0,
0,
0,
0,
0,
206,0,
0,
0,
0,
136,236,0,
0,
162,0,
224,0,
0,
0,
190,0,
57,50,11,199,0,
28,0,
155,165,0,
51,0,
131,0,
226,0,
202,0,
17,83,0,
80,0,
24,0,
219,0,
0,
74,0,
161,118,0,
213,0,
129,205,0,
72,21,0,
0,
0,
200,0,
0,
128,130,0,
0,
0,
0,
123,215,0,
160,210,0,
0,
31,0,
0,
148,181,0,
0,
73,178,0,
0,
75,0,
0,
211,187,150,0,
0,
58,84,79,0,
122,0,
208,0,
198,0,
0,
144,0,
145,0,
0,
46,0,
0,
107,98,139,0,
227,172,0,
0,
237,0,
108,0,
95,0,
0,
0,
0,
0,
204,223,0,
132,0,
0,
0,
76,78,0,
112,0,
34,93,70,0,
8,96,0,
170,0,
0,
0,
92,54,55,0,
0,
20,0,
48,0,
201,149,0,
109,103,0,
0,
0,
62,0,
18,0,
0,
0,
133,0,
64,0,
147,0,
100,0,
0,
168,233,0,
0,
0,
119,0,
152,0,
56,0,
154,235,0,
0,
30,167,0,
114,0,
216,0,
23,0,
0,
0,
0,
164,0,
240,169,142,0,
203,0,
153,0,
218,242,0,
37,0,
104,0,
138,0,
140,159,0,
105,143,0,
66,222,0,
191,0,
0,
0,
13,0,
81,0,
120,61,0,
106,0,
229,0,
125,115,220,141,0,
0,
193,126,207,0,
0,
12,0,
0,
0,
156,0,
71,0,
0,
192,180,0,
0,
232,158,0,
9,0,
60,166,0,
0,
0,
184,86,0,
157,0,
0,
22,183,0,
53,239,0,
0,
25,209,135,0,
171,188,230,0,
67,0,
94,0,
0,
97,0,
0,
68,0,
63,0,
0,
110,0,
0,
212,0,
127,0,
91,196,0,
42,0,
33,0,
0,
124,0,
59,0,
32,7,0,
185,173,0,
82,6,0,
