10,211,122,138,0,
0,
0,
0,
2,0,
0,
34,0,
0,
0,
95,0,
213,121,124,197,0,
0,
232,0,
203,0,
8,0,
0,
0,
0,
177,0,
0,
42,0,
0,
136,0,
99,20,0,
238,0,
0,
0,
230,0,
119,0,
209,147,0,
25,0,
40,0,
0,
0,
0,
0,
161,242,110,0,
0,
72,153,0,
133,0,
0,
0,
0,
103,0,
0,
44,0,
7,0,
0,
0,
64,208,0,
83,207,0,
102,0,
0,
0,
183,0,
226,0,
66,0,
171,127,0,
0,
224,0,
196,0,
0,
0,
56,54,0,
181,0,
52,0,
0,
154,0,
233,0,
0,
0,
0,
0,
11,0,
53,0,
160,0,
32,0,
24,131,0,
48,0,
0,
0,
82,0,
0,
146,0,
105,159,0,
116,118,0,
0,
0,
73,46,0,
90,45,0,
137,0,
0,
0,
18,68,0,
166,0,
0,
157,0,
145,115,148,0,
0,
41,0,
1,31,0,
167,0,
0,
0,
0,
228,0,
0,
117,0,
0,
0,
204,101,0,
0,
14,30,0,
193,51,0,
125,0,
150,198,0,
0,
0,
5,0,
0,
39,223,0,
49,241,57,0,
240,194,237,206,0,
126,0,
185,235,85,0,
47,0,
0,
35,0,
65,22,0,
152,219,63,0,
0,
69,0,
62,0,
0,
0,
0,
0,
0,
151,202,215,239,0,
37,0,
201,17,0,
200,227,0,
80,0,
58,0,
184,50,179,0,
74,12,0,
0,
109,0,
170,142,0,
33,0,
236,0,
140,156,191,0,
188,4,0,
91,0,
0,
0,
96,186,0,
0,
0,
19,0,
0,
218,6,0,
221,0,
0,
98,0,
217,55,0,
0,
0,
9,94,0,
27,123,0,
71,0,
16,0,
163,0,
60,28,0,
70,0,
130,0,
231,0,
0,
176,175,0,
75,164,0,
199,0,
0,
158,0,
0,
187,0,
189,174,0,
106,0,
0,
104,0,
79,0,
81,149,0,
216,214,0,
76,229,0,
3,0,
120,165,173,0,
21,0,
0,
88,112,38,0,
225,0,
0,
111,0,
0,
234,222,23,0,
0,
134,0,
0,
114,195,100,0,
26,0,
15,0,
0,
135,0,
144,129,36,97,0,
43,139,0,
169,29,141,0,
205,0,
178,84,190,0,
86,0,
155,0,
108,0,
67,180,0,
0,
0,
132,172,0,
61,0,
0,
0,
0,
220,0,
0,
92,0,
0,
0,
0,
0,
182,87,0,
210,78,0,
0,
168,128,192,0,
0,
93,212,77,0,
89,113,162,0,
59,13,0,
107,143,0,
