68,149,22,181,58,0,
113,0,
178,51,213,0,
0,
0,
30,0,
0,
0,
161,237,0,
43,0,
16,15,0,
169,214,0,
0,
24,164,230,0,
0,
0,
154,0,
139,0,
27,0,
0,
232,28,0,
0,
167,155,13,127,0,
0,
182,0,
0,
0,
0,
66,0,
96,153,0,
0,
162,0,
112,239,0,
26,0,
0,
62,0,
0,
233,49,0,
119,0,
57,0,
148,175,0,
200,0,
89,156,105,0,
0,
33,138,0,
0,
143,0,
0,
195,0,
0,
0,
152,206,0,
0,
0,
0,
194,220,44,0,
0,
0,
107,37,70,0,
67,0,
34,0,
140,205,0,
0,
234,39,0,
41,106,0,
0,
0,
0,
208,42,104,151,0,
0,
224,52,0,
0,
147,0,
228,0,
0,
40,10,163,0,
12,0,
157,142,0,
179,0,
0,
137,0,
215,0,
0,
0,
0,
0,
0,
0,
0,
184,226,0,
235,0,
0,
45,0,
103,159,0,
0,
83,0,
231,0,
0,
91,0,
0,
17,46,0,
0,
0,
196,0,
8,90,100,0,
185,114,0,
191,0,
176,86,0,
158,0,
14,0,
9,221,0,
81,124,0,
141,0,
19,0,
0,
201,171,207,0,
84,0,
101,0,
0,
0,
0,
3,0,
180,78,0,
0,
7,0,
0,
0,
202,93,133,0,
198,0,
102,0,
0,
35,197,0,
193,108,0,
165,0,
0,
0,
69,0,
0,
126,0,
0,
88,0,
0,
4,0,
0,
0,
0,
0,
0,
183,0,
218,2,150,55,0,
192,1,212,0,
20,77,174,0,
145,0,
65,0,
0,
227,132,29,0,
203,5,0,
0,
0,
54,0,
125,0,
123,0,
0,
229,31,0,
136,209,0,
240,0,
98,109,0,
217,166,0,
0,
0,
92,38,0,
74,95,0,
25,0,
168,0,
80,204,0,
211,0,
23,0,
99,0,
79,0,
0,
56,0,
241,75,115,199,0,
144,0,
0,
71,0,
6,0,
0,
135,0,
118,0,
0,
121,130,0,
0,
116,60,0,
94,0,
216,59,0,
0,
0,
82,0,
0,
170,61,190,0,
0,
48,72,0,
172,223,0,
0,
189,0,
53,0,
238,0,
177,225,0,
210,131,111,0,
85,0,
160,21,0,
0,
187,188,0,
242,76,0,
222,0,
0,
0,
128,219,0,
32,11,63,0,
186,0,
73,117,0,
97,0,
0,
0,
0,
134,0,
87,0,
36,173,0,
0,
236,0,
129,18,0,
0,
47,0,
0,
50,0,
0,
0,
146,0,
0,
0,
0,
64,122,110,0,
120,0,
