5.0,5.0
4.726578219758636,4.374101097120563
4.287652631972772,3.580055145081423
5.024652788358157,5.0844705170943065
5.875589832701717,4.749860534316871
6.2741572203302445,5.536160401006223
4.37089505768716,5.6955071820031264
3.7063660629631445,3.577419647598541
3.2564832132476407,3.6290137004786525
4.582261952039125,5.530648528526393
5.958686255278192,5.726573497427077
5.569002171401747,3.9170583600233577
6.098413960428363,3.9198200032414254
6.9970449778334745,4.127644770302568
4.339932591206367,3.8535031579265198
3.5683678331737188,5.428154304841417
3.5559394913948217,2.9886420331750365
4.21096031121277,3.4318889068541525
5.496974904249891,4.580775556301169
5.575067828810169,6.356094840626629
4.503865989211146,4.953459738758297
3.2638299355611347,5.647587731482594
6.413494137795905,6.224424489709911
2.6389104201566838,6.070547780970246
5.130972223070016,3.8521691224781196
5.350376106236279,3.8111992643882586
6.969659044779487,5.6035775718335445
5.076734744065102,4.3303034537968985
4.605677702798152,6.087008915965977
2.706476663766726,2.9994947461893515
5.149706623916925,6.090876352624591
2.236831176844176,6.595992790929505
4.599205663444982,6.100476792803541
6.315282454842807,3.2746647807147298
1.9353050899959912,6.582303723369975
3.5217910632447658,4.724362233827888
6.1919563649838425,3.9924119989867335
3.1265907375594724,3.6256361778837376
6.825508919750064,5.095903984412602
7.177915210036393,5.3691064661681285
4.253399018603938,4.082521649319411
2.9441202795823864,6.697736899952868
6.1278340596532255,2.444262828000172
3.1940822625835352,6.186065909038533
4.490264970590281,4.920152893932121
2.3110762911562146,5.171745398717639
4.563233106300981,6.281894984615345
6.431733207482742,4.484398062409371
6.095267941598865,7.182713480187594
2.579799823283433,5.917519121076413
1.8836645444065991,6.53129169173336
1.6754698759345688,5.051600203097602
1.5718050137674444,5.823035769701961
4.871080283567338,4.9103224622927115
7.633237772238264,3.464624328930431
7.185185767206076,6.495430986106349
1.8350047887199528,6.230466957440175
5.63493145358228,6.879927622451913
3.333441366271984,6.267130385373564
6.382314981192295,4.363511641291376
5.094266820954479,2.9589327116624475
5.11551709623768,2.971579656028147
1.3048978011735302,6.35822375003218
6.855636349030213,4.590397619192302
4.728861332147617,6.4853651038172995
6.730139610430291,4.273178892737246
1.748360405095677,7.487733879068084
6.900757449308656,2.2483473935153233
4.970853834866295,2.316524546847006
5.752091271000479,1.9359803313932844
2.5632523105764338,2.431135315229808
6.563687114453783,2.5396911268728415
3.1751675303926663,2.478111226576687
3.0176330868535004,2.7249307418723734
7.699966812988239,2.1370002993999138
3.4451320993967203,6.451383411491633
4.117035551876961,4.552741531388
4.960939558230618,3.4976975246726436
3.0087861095089607,7.439425947705197
7.2471357547390705,2.3818660432175087
7.561325322638225,3.730077374783103
3.8982001021266255,5.184539624329912
3.3637407608531733,7.802299575581132
0.6645801062477263,6.272321513062119
4.3094076670637635,4.5155799377291705
4.659021966803695,6.800409611679381
2.9384108941262097,5.389734210505801
7.908831175601968,2.745810320402259
2.3839341284253592,7.601269170147732
3.475929375417283,5.482304574807887
3.6034798968445325,4.20697189791932
7.645387398189488,3.2377120472515353
5.995459991800872,7.898709102653641
7.963797608725484,4.403268081218476
4.08747704498118,3.313767432489173
3.525231682309984,4.626265849393202
7.252564139308032,1.5059915629892229
7.598010586704271,2.931517252018774
3.405792327616264,3.8437954288430753
5.884971498539166,3.8031422185881802
2.1798227001955017,5.1863486289041525
5.855152204868752,2.6401564907495514
0.09918376994303091,5.873357882954242
7.158083264336495,6.8445685832733325
6.476169307704271,6.384668263033556
7.645465958369622,3.1779376142290605
3.0520778275209484,6.722472047530566
3.997689884933643,5.136179766116227
7.217297058558801,7.696659628340964
5.168526755894554,1.9665151289018334
2.0968685285434385,5.504671503652766
7.446527294298458,1.1192938231052607
3.2371845381427344,5.260549203483787
7.603125101447477,1.6965453174503076
0.5807019034613048,5.441636388409313
7.121452419810465,2.830293832099681
7.007052465079733,6.853915162947494
7.36641813646327,7.209877307108139
3.1946670563970523,2.684277512284976
7.600905811857407,6.69581482128884
3.4291645065041387,5.636180362857464
7.582119718700077,2.025321859015242
1.2268041416312303,4.395980927672549
6.5897306781248055,7.4663875209683574
8.347350756461466,4.186710226635526
3.737475169750979,7.813369234522305
7.33567175756808,0.3802851921688133
2.575702489388748,2.1253955347532862
0.865454853389146,6.91258790387744
4.162573388580075,6.300574274487448
7.339859979874386,5.892120207529818
3.2897629871471192,6.712912260078989
0.8669482757048097,5.339686540460918
8.798278797938782,2.441536773092846
1.042248871551542,6.98622158506036
4.209764477185747,2.204498247629596
4.216530516274687,2.9678267759063326
2.7324940297462383,8.483715140763966
3.6149757026571083,8.097502291495157
2.027020042846024,7.994825993327643
0.8067468434837288,6.354283003296304
6.226895089460002,3.1641997834195754
2.5192656503768074,8.60042490391984
0.3234444446037843,5.4112457191679795
6.209057654129938,1.6849151907623205
5.21053882480939,5.214026035155312
6.129993570667742,7.708505498954025
4.834429241832244,6.490186953156276
3.1794046612003246,2.7434299986100505
7.345430828484435,0.5354162565795517
5.220519895977331,8.096123549529793
8.561359971709964,2.940883600205466
4.920222083265637,5.544725992679176
1.5058730321364688,8.474154633779811
1.396439528249962,7.82928729998046
4.172749470787157,8.30575503433947
7.452008049370545,3.4422469789618573
1.3450365418183496,7.369708138174467
4.754662590196441,4.830100870325244
2.9362886059820115,5.538699319494262
7.9828613253654055,0.21048363798375824
4.070632360470859,2.466505638124211
0.7049128100257818,4.605282569448727
8.205185940837135,3.446278330076402
8.86109642768229,2.955450060679481
3.9720036463972406,5.082763108859146
2.220038621085921,5.102996862421879
6.586833280110875,3.1559549611902025
6.273553760224948,5.7178984520748175
6.136859964970443,0.6956394469702543
2.0022205276714367,5.3242814778498655
4.2348375840802355,7.653711478875589
2.1242492449639947,6.985769134872855
7.134940495557548,3.896479496316142
4.824753107700981,2.960013744653198
7.004470809242445,5.247487159624967
3.4499751290201166,3.7763807667371685
0.4436541065256461,5.68519134380466
2.630194251968141,7.831596337010084
3.2998331024493854,5.685730940656689
2.1044432568239335,7.9793181244960305
8.370967475601871,6.09691122517546
4.542098285719218,3.8920497161151224
6.833730726564564,5.667094374970673
0.940975823380068,8.504359938480688
2.2347079772458054,2.5827126369371536
6.331878508049571,5.99810493290566
0.8345419390709052,9.302806785636358
6.415826861969208,2.6334666374134583
0.6568037971256158,4.433986469959762
5.404743056527445,2.4193312178815662
5.623803498268605,5.073244911476513
7.684764936487534,1.172564996130142
2.6971795230974474,6.658027482690617
8.625614308570766,3.0739489338031722
4.934263210850769,6.482441142060898
7.102878359201949,8.613973577787608
0.7549997933651686,8.1399075076605
3.785586167151338,4.40790837693133
4.813100436708662,1.063437850837573
1.0770671299550505,5.079808610263353
5.410425565361685,5.918515979295485
3.709953971339729,5.2912251118684495
2.6611902975935395,9.455315331370386
9.607817139680984,2.0036342978101827
5.0988815404660315,1.3156703967188765
3.1937699719044508,3.8154732960178297
0.7270649558730347,9.615455525438726
5.165625680101076,3.4731418223453083
6.749583899053024,4.893493232113561
8.099786640016301,4.162400637264314
3.7399232956373374,1.59947575970123
6.268599084365777,8.239629967010934
2.0237370831576706,4.059819200679788
3.4657895477759535,5.351455065451933
4.692781282085921,0.7852570248950674
3.4238843817626807,9.093302223785928
7.244096275164486,6.690148011593692
0.9057592934301661,5.4693471443298405
7.7728640617785585,1.3258284790908859
7.7436321765179805,0.8286126726213694
8.558237483409775,5.321485056242138
8.76060104273252,1.184284678580052
5.301266214524909,0.11500962284230254
4.120032442159346,0.02011650264644005
8.839179490381945,2.780908653452856
0.15674644592951759,9.780476625175217
2.7120542776393375,7.754833912221233
5.3376655430737205,6.138675588109037
5.8224683023187325,3.959805320707849
6.082657520740722,2.283758887799716
6.998481146923686,3.922911921639588
3.0833743100106537,5.845058605528115
8.276039827131068,5.231455651778143
7.210931355467215,3.1383028737012406
5.51673980432583,6.521329662670644
4.261314122729666,1.4115974901290052
4.617406364870112,9.038842855345207
5.141692146377874,7.921305803405065
5.1160403108948245,1.996020453738907
4.237404575483046,5.283024881222777
3.4209824687368187,4.846356589146156
5.887670434918766,3.307546083801501
4.762131892108745,6.187838976727966
5.105073696684585,9.380271175867932
7.418117815488943,5.580454421021864
3.777946092349075,0.8927084609158598
5.346301209822897,4.213423294494406
1.372536076002353,5.668285139399209
0.6431415232110138,8.603251114522077
1.2732354267085266,6.328710590300944
5.966565287695868,0.7770805498521793
3.1382286614043755,7.612196585682337
0.3308878697121398,9.457903239367727
8.694036267923465,6.359680546657996
7.607203419770171,0.6348565298243414
1.4185966494796787,6.4864099233200125
9.517385208379594,1.9385159260860385
1.0608340355784018,8.034063507013924
3.56343031316014,1.299243957110342
6.604979667252033,3.335000876787315
7.41736485435868,1.2853945618551
7.467656264049497,8.709526346514323
7.408256420842816,4.031229217911876
9.95624634048649,1.8198618042647419
1.7157022565101676,1.7374475678755563
6.679324102442691,0.30826835261190566
1.9494547522557781,7.78419951851164
5.099376471416477,0.03083766528923504
3.2744722705956875,3.132886980282381
3.395838812777623,1.2550955245113304
4.92395440766344,6.548727717321729
8.55482345533208,3.5434093427539306
0.05131896198069974,4.069148461868658
3.436901942305309,3.763064524415425
7.246267628244425,4.086016176269119
8.48393045189097,6.327577855374989
1.7247243869567086,8.787644143640888
1.5422247027627944,6.708504050603644
6.091698438109546,2.3964340833536713
2.9677412269739434,6.339837182641671
3.2845949977966624,9.768818819580776
5.678605864653184,3.140810181775916
9.455224074259405,2.1719345384245283
3.66656765097513,1.0199688965261056
7.2031743871515435,1.8499256605848635
0.9556142501569287,4.102936512872176
7.32047608861853,9.250825779401481
6.860771450428572,0.3852924537613367
1.7851803828442414,2.670194249390793
5.099410663061165,4.175195232772345
5.328422222473557,4.931212899119571
6.897322263438847,9.550426037865313
8.201797003761254,5.594334226806772
9.91425696415289,2.944722421017123
4.405145455925613,3.9340417342908482
7.281302133523084,8.591480743192667
6.137899243952951,3.276313394463802
0.36518734327468105,7.029008099013434
5.702643080984623,4.780037131796036
8.188523728450322,0.38658854591803626
5.312763466434699,3.68250785759922
4.544858432991204,8.237663710904682
3.4368855874559157,4.158452328494445
5.027042861223929,9.799378592179457
6.110503669020969,4.9010223704037505
3.079214204286517,7.964107647477848
6.155689619652533,0.6584530440395042
8.164234958712006,7.510450150165164
2.5310854580803954,3.6218525847790763
5.769807281512072,4.764832720759944
5.246737063650102,7.565538934024429
5.106335738843102,0.9084050384395581
4.670805567482761,2.9811457794984095
2.9317119868675445,5.258621476139872
4.068828605900353,4.00906512282821
7.993084514242954,3.824370332674402
2.465784749514972,1.6082132936821258
7.458801935994096,2.5849206334085997
1.9291998408832722,4.109739629198062
8.63931476987024,3.029217940687418
8.067748987431347,8.17558736150411
9.67636261849519,6.175207629804015
3.8533973996018744,2.233314085624497
0.20805642687663717,4.514262442172043
1.6739365035203735,3.8966205924850374
7.499398951384219,5.851640966626306
1.974434374592866,5.7343343876723285
3.343488901313818,3.9638636271271386
0.8188748006847402,5.350953447145099
3.493017249334706,8.908665104210074
8.058776902699558,8.955459212587993
5.567911113461034,6.26171158172896
3.2089824950142862,1.0004918797171358
6.89767495353316,4.3574517273146585
2.900772084163945,4.113348946399737
5.948048249213738,0.8525447987678914
0.9606173860843925,2.7650077098764547
9.768568585858855,6.563144114109894
5.052940247904546,0.6353625682658481
4.704883145350257,0.5301908583755022
3.8409295230794727,7.830931005859567
7.766264613546645,9.715747913021229
5.059215711092692,3.1608003666465176
5.131210505077172,6.541210611587501
8.57803250083585,5.873016750565427
6.432390823311804,5.823124568174393
3.5859787219463968,1.2947542264871592
8.579609455261865,3.8558774405158545
2.826764945094747,6.442100932085678
8.932937074271297,9.018781993458573
5.455929690911638,9.973882026484533
8.462645754951097,9.052140207733531
0.7362373195790828,5.038420204196401
2.7621093891599413,5.432492441389826
9.101117558523216,0.13602856835192578
4.01970716272297,4.1174669810911215
7.46956390704637,2.8484255453974185
4.3826315966964735,2.4551591440517226
7.9129164404682015,6.930865790390989
9.64383118804001,1.1376494574470075
9.90750469859053,6.955316291556879
3.8258509283186193,0.9377808039731161
3.257364029407003,4.885195891332341
8.005384792938907,2.9252409760308575
2.4665744483865604,9.828562139985221
7.417149600059672,9.36098626985492
6.288886783446785,6.851064911398542
9.720198174471218,9.463313847820011
6.021417487071702,4.850476303955686
3.5471659026518445,2.1975699870169754
7.178672882160098,8.76080963628109
1.357718598820794,1.9960750726092147
9.966120870851977,6.803773250018457
7.194855309711484,0.2600188368920353
7.731148254628405,8.120052032668255
4.869380013002371,8.557735978671467
2.961703851718227,7.66809698606357
4.906930904732285,7.1259597463511035
6.008257456429591,8.349620903634845
0.9674566754276348,6.870553598164345
8.31120547434771,9.49725393150523
0.8792744853462042,8.038779486955164
2.168244383425776,8.899320771119818
7.8363486981797585,1.2886132625866953
0.7168110867598965,9.428372343071707
2.600829132866138,4.199138451162635
3.9453228591790412,6.856986740558617
9.962869214934138,7.7345111214772855
1.7414599747243364,6.474646163968281
3.789526456861899,0.0956008094649774
0.4743655642440092,9.10895796031983
2.1567182502512527,3.9745070698361094
1.932269235643771,8.094939096045145
9.182122158398396,1.8124095827504216
6.4086344754363855,5.254733223131852
9.77609207926509,3.6027264469398936
8.813359428419709,7.494910910835819
6.584014904633719,0.22075071473598662
8.943376601862967,4.688238748222659
4.585073961454841,2.6395698369694376
7.3881786868083825,4.289652839050905
5.903504506843872,3.6178258663752905
8.362198016174938,6.239367414690207
9.384599096827445,8.842261315261085
6.242019635587901,9.200489311880975
4.700569800479759,3.448858483476317
9.651244237773456,0.038071735204208146
9.372516985582607,1.3747705492750983
7.128191515666874,8.712602778822516
1.4815181407684797,7.057432798564818
0.3762145105763348,9.220416168779298
4.640592397162221,5.7209847272669725
7.071738966805029,3.6302900268888747
3.471568305622573,7.332989909729731
6.447204852096781,3.9663053869049056
3.710014412186624,0.5356129902223083
4.379648212740236,7.367249843826399
2.2474798699563756,7.572439101116416
0.8988616540563898,4.227384022263857
8.183005499616446,2.770253097802885
0.6379415908821351,3.6010629033985833
6.445939532593222,9.49717996356736
7.8069438281101196,8.80646164942403
2.3086031889977168,5.701051322750582
1.478037806194713,2.5802175497534297
4.016197528582745,5.803219424219064
3.456221360976419,2.9184426152702905
2.507331203562837,8.573976404669235
0.8022571038913762,5.876065158325947
4.5376179935604455,9.854229347657574
9.575117217553338,0.26032529502579504
0.9628520461626322,8.013087006605172
2.8553650624058124,6.147952262058603
2.616099764590439,0.34606296489466115
9.401368768981818,1.7004582049876182
6.212624541135524,4.21507364509333
7.917093228731619,1.9347126198001496
6.1676494529748584,3.2846279003469703
0.4646596519106039,9.677979873519691
3.642201416366687,4.033104709651894
7.069448075875138,7.252481632745123
0.6708313637528718,4.547735447714948
1.9433534219425086,5.545681566279459
5.709906406478618,6.174272709102331
3.863886744251077,6.7915458285063
5.323921019332828,0.8957508811677417
8.265910070810799,1.663937796951227
2.7379386243554737,5.408951736345406
5.040642617260064,2.786884346381917
7.493445864004057,3.602639732778762
0.5585383434579649,4.1175851403753505
1.5238570608445423,6.054081707093476
1.3479993839523696,7.115540473158743
0.8525447832665634,6.6223835438128
3.973907925597957,7.219284709585293
9.741457765629507,8.415907562901086
2.394484908101868,3.070652477724366
4.217433931845251,3.508391465320515
3.258630291493204,6.9032876713661615
5.881697516655265,2.7611432280597334
6.372524277093513,9.354558173714114
4.324353996160587,4.999423251135676
7.106438470652517,6.241858969846197
3.7528337642855956,2.840680105887885
4.367423095581509,3.4858807137863446
8.493616670457996,7.839196997744047
8.618379572893653,7.1965830861388405
1.5843477879869627,1.8076972906894462
0.20884388147722088,5.74586603333889
7.896235563472253,1.5837638249206587
1.0149207143699601,2.4113403427348343
1.772694926973074,8.607891192171653
6.894721106659234,9.888181991906016
1.58620853769057,9.699121760380603
9.893739437163218,9.724762310942936
3.4228562784798044,2.000496378089788
