5.0,5.0
4.668267809083798,5.749268823545829
4.477260010706166,5.587585445668627
3.9222367633570565,4.848274498223199
4.489172691286058,5.17322746324524
4.0109557831693685,4.132756105094284
3.7297098183117128,5.693976568637274
3.3234083933196557,4.5347871089730845
5.394745731502529,5.107013094656718
2.765062201808174,5.123911028175339
3.2378971884967154,5.320801157078357
5.420679475423546,4.225425882746203
5.37201592730278,3.8989292485503926
4.744438930506565,4.6032375647281345
4.118860477287084,4.502351879016836
2.9804462475719875,3.9287605516482262
3.2330684821129587,4.30060892189712
2.577012216582679,3.152081375485618
2.2399152204804054,3.3606197550213612
6.326804014558128,4.916463381778508
3.873532713475395,3.215083357829558
4.948471989606595,3.624106320899436
2.760691237960283,2.448929453982939
6.099948808369886,3.9439753407522247
4.957890156396104,3.526473515364402
6.136529780802416,4.353261924485741
2.4836336840290416,3.873325071997277
2.225006916383511,2.613342586489723
4.158838677320139,5.004028927507383
4.209907122578982,5.690920915112205
2.894767032730454,3.4669421243086607
3.00020436235486,6.3598808025415945
7.144534248745637,5.350741526872759
2.8780159023033702,5.845559995553807
4.936926883857527,2.7427130180360693
5.5342113245728095,3.4845563080389166
5.446875111335131,6.235003595653566
7.466485159417479,4.983212951848024
5.651991362956053,6.27864676575787
7.760214609528701,6.012587267127724
6.569122835192635,3.568496922388782
4.7886338032713915,5.297011462280428
4.0233655643740915,6.117660335068172
2.6008554106662194,3.9060171913968498
6.955950850079326,5.792764892580675
5.0062043726345316,6.279900876580032
1.658786123975079,1.8096409381817524
2.299267144286169,6.486856214220015
6.40658488903905,5.402998209892527
3.7872899680582197,5.418975295839367
4.929864157235233,4.150776840862216
3.6816737065589034,5.801525918919246
5.223974623560768,5.001860220285002
7.284494704346942,4.1552164846458775
8.209343613035502,5.900947249989423
2.9819947841504293,3.4374869432036848
4.353180186831205,3.9784512971344355
7.920824844283903,4.376278117875634
5.110431159748757,2.842935570745678
5.355463383941466,2.5501554383465552
6.776602800532427,4.634919780502628
7.036543251986554,5.8847155816382255
4.222343776323136,6.716672998312761
4.849418868999393,7.302006064081543
5.648287444849275,6.635482135218473
4.24032730605788,3.5953216242199257
5.911414729329031,3.418400737925862
6.574939377426667,6.417817933073353
6.041888615467692,3.66871373010376
7.768086662657625,5.141781387717157
7.117647600061315,3.6672194925177735
2.3684820316908564,5.720461835926102
5.765627238243976,5.385446257664492
8.199951105017,6.679759577550627
2.4256758476593108,3.1465255081580756
7.436806114912918,6.969180253747361
3.0785360932736383,6.0435542484622875
8.118855421517663,6.184198078686219
6.256886356158652,3.268014418774954
5.688108503695489,4.25309476933974
1.2246445423926566,2.360131980835906
1.7439116264818122,2.7320378325782335
3.166814291907647,5.9268698302662495
0.7049690482620352,1.9630831737668042
4.157522758254016,7.952876610941279
6.985558509383841,5.880161737559354
5.587163091939865,1.9192721095955434
8.851123543033255,6.971256968968987
3.9164486395357345,3.4135122095120995
2.4877212133870694,5.046341341841327
4.87330475916985,5.144910270338654
3.4373438317025196,1.775724646384883
8.34581188757937,5.893123108341904
5.981751319775654,2.8532052926556273
4.853001716608771,7.84618663728215
4.633861965423516,5.153652031520259
3.464194710349755,3.648792194049989
8.553596958007292,5.2874831514491625
8.73907832574635,6.685075916033007
5.215543184573905,4.753802956655491
2.93905962885518,2.2886899919093984
7.267714391530666,6.4023313428392425
1.482011319060953,3.702491737233775
5.6444332074751005,5.898427532177408
7.579090163509003,3.7986561571157296
6.3985260222213665,5.971694901033546
4.340531100518604,5.636929642889222
8.043738259099376,5.956574284765588
1.2605237056330387,4.261161141881221
4.529140945723614,3.46272536455173
2.7114457892607033,2.1982726660717997
5.8004612724409395,7.162253519662801
3.130190158547487,3.715347661624718
3.1623328617783653,8.027648522051168
6.708102004326077,7.013122564641422
7.382009041427683,3.8174868776186113
2.7426040154459628,3.417473579919318
5.492984891342415,5.087665329333841
4.640046659022854,6.250436489393202
2.432102616789986,3.0298656590406203
0.5182638186224264,2.8284578728474163
6.349204869140643,3.8536007515203674
1.644411527971985,5.047056514961689
5.107967546981702,3.0133081909318395
4.164472571796011,2.7116999471443393
3.64550249063625,1.7462824717696923
0.18949382828606143,1.7070167154522287
2.227559658202576,3.7926074561762135
3.8361949086471405,8.627932400144568
0.9543071669765013,5.023156608426226
6.408256027314082,3.8638908373677037
5.472501231268153,2.597617747512866
6.8069294488293846,4.376392231882935
2.178493589444729,6.726724379261173
2.71740310418405,6.12334312590376
0.5660281035216996,3.363376564576861
3.408129691123815,0.9518754923162642
3.6405126316308967,8.707420238096129
2.488850243969064,1.6259113332464792
6.546079362196695,7.5938920884785786
8.470554790918294,5.002765083157231
5.550691772355631,5.23937297049986
1.2574510296124997,1.5048640705417826
0.41981875574874983,5.376211104269641
7.937187736313617,4.133079996691814
0.3086805897112166,5.078903803333423
3.7232128447888857,3.78596446544897
8.489783734201675,5.9451680163124525
6.900026657080277,4.023205429364179
8.525986167970315,4.537175202899412
4.650253966564045,1.8263156100438127
3.0561848252905044,7.115374752371439
8.799062277806119,6.67660453280586
9.100212872784176,7.635858576442088
0.17032996293200875,2.8367846951531375
3.0128249374344165,0.6323321593292974
2.7498662613326683,3.6180964786737224
1.784585587823001,7.145389636361912
5.119194390698764,7.68559479855443
3.8344602706649544,0.6264347637194889
5.033225787715416,6.539829009541142
4.0013412467140075,9.420123348823191
1.4276406326869584,5.764918721945593
5.915595991179013,2.847628056451401
2.5602477781709654,1.5099702531749837
6.041143429726649,3.2667071462400363
0.4529759519396559,1.5396635622636379
0.019899572864370274,3.255453293624412
2.4382405550549233,3.1404696826142455
1.3096729392125395,2.7792065144682585
8.34364728951541,7.054731967195985
2.5603231761167375,4.424557071674235
2.8941583252386827,2.0646011353936853
4.6790400084001575,8.135910416815854
0.930268826746331,6.729338991698378
6.918310034600379,4.641172339897556
5.7525300188583115,7.562003061961832
9.674170411160238,6.2010937238297235
5.436132842977056,7.353758480161384
3.401803439387728,5.921926374187708
1.551781190625502,0.6841579537600573
5.254379394519573,1.0866403706339123
8.728789298096313,5.269332847771947
2.2205916107893064,5.647107163427427
3.1442348848989035,0.04226634115719552
1.8430734145622851,2.1348493249890033
1.1459407783701714,5.530505005619331
4.713831364278665,9.373668590087057
6.641982110817363,2.6687065593938444
1.5605073057051055,3.4000885478501566
1.4971259552569005,6.295167845052182
3.60339828460991,2.0731319046232946
7.26382694949093,3.578310477001917
4.625692023812855,8.332653026452048
8.336874886765816,6.529768464837814
2.3133646392289786,5.808919647493283
7.809979414635764,2.8447140741548136
1.2140490852518426,2.907309391880335
6.027901502310328,5.446905010635734
1.1992472848967073,3.009943727840607
1.2398919876402348,5.709225237802929
6.775562056262392,4.420872023231857
7.199941523023594,3.9050728937039256
5.315963192917517,7.370406237844992
6.070802721434997,3.6940688350312376
9.93987062732783,7.605931032159694
0.6795997985196045,1.320760464917785
6.95780245457925,3.1214387612650416
8.02095490049843,4.8444627134447416
5.810001983184998,1.769223481568657
5.952656468228024,0.6696439418796019
1.1127650060566419,3.4991248943026756
0.3245493969741764,4.3286582988724165
7.552273760941269,2.6692649365798236
3.5532207209445588,9.556624767223624
2.684176090740178,6.228636481628586
5.2532262782363714,6.070290432141238
8.24363795553965,7.130636805934708
2.762445956788474,7.372555055319088
0.35976759085419974,1.9908986878566726
7.3576876654753445,2.1899272507115954
7.116489968651626,7.447746568570514
9.473705667245344,6.989431984547961
1.8677140084232535,2.1289990949923663
8.570484604072453,4.649860193475231
0.20300055783852078,3.038224105089217
9.17627741918564,6.056764042196846
6.168102806042671,1.819799844276253
5.1959885811550865,4.743847428059834
8.160918597180132,6.340424399186746
4.908668348156492,1.6915835468056828
6.025441058229976,2.8788841616051917
0.2943165848345486,4.404268810340476
2.823289915207632,9.610490344907154
6.882329882660053,7.55871987101222
5.498768241989465,5.620913366091054
5.1927811308341685,3.1266647022152574
3.4193901630063483,3.9114089107585768
7.716423499608929,2.722336913413436
2.928734392012248,7.217785913399366
4.6482439474926265,0.2601571089957688
2.5707742192030825,2.962252664728906
5.314993885359888,6.956166374156397
3.6455814072717607,1.3375139306937844
1.1918096732782058,4.697153381116274
1.104663508121685,4.9448156679554085
3.7262674878546074,5.917511620355025
8.35726112506354,5.185009662918026
2.9135935317046235,2.6353413741323974
5.5215384462230865,6.521796235090688
2.9483265922554613,4.416273179403817
2.1828122679670123,5.343185048376952
6.9227387480796265,6.040952839157639
9.394566791704628,7.886425700245253
5.534007859144574,7.531034847513541
7.294736232598584,3.208318057503919
3.564288700453454,2.3412735138763416
2.3797303721901955,0.3081576012563014
4.350564011630917,1.6856133811460006
6.425518535719117,2.3211337693256673
5.637143833834212,2.141488294248278
2.5130324485735045,4.07874273928443
3.5817894932817493,0.9875499530297349
5.493695028945976,0.14520661607577812
4.1026768146897545,4.678823442616516
7.399723312168346,1.9818093176650808
0.9262549214505211,4.1664803778955
0.9335813766515266,7.03899745258073
5.102237939042633,2.691913641769937
9.996797330842886,8.344289557569496
4.043360961638779,5.614744343185047
4.625852976204047,1.7242576503284412
4.320265491172721,3.93934871579774
2.594804081462323,3.9422144348616337
2.433732430789348,2.922949408774592
1.6273169768384144,4.5117843727872025
5.472591796789983,1.662420456432706
2.920830977274904,8.57740397684497
7.017791395292548,6.406137998488097
4.241959697455499,0.33059564179338974
4.876234375226142,7.860771580593802
8.933537199407874,5.736597606498482
3.015954275881101,6.183284403511907
1.8423261558827808,2.233628273849082
4.6171806589343,7.230200676063557
2.303715579922423,9.280364883745204
0.9507100205783425,5.4500993385229375
0.43407188763130433,0.5320998988434922
5.644641033667152,6.754853204145984
0.02374262101736413,0.7898439496796583
6.35906459710366,6.13605565699357
5.590411319630151,4.504587037326337
6.44395102322831,7.130622290602387
1.5411590662654606,6.259000650862447
4.1733231526007835,2.502805737725634
3.1549842818945697,2.8909906418349465
2.1374221475716038,3.744338178905692
9.44432279329724,6.159069703542629
4.318463143896846,5.585969732217066
0.32621882829019344,4.799517600012862
6.357384591768706,4.5266968489430335
5.731105070297032,8.280712018362989
2.1485698525214145,6.078486898658834
4.863026114291525,7.467456417454324
2.7414365353447945,2.989598736546093
3.5464408301333714,8.150245764040472
9.101376154608696,5.987991961418485
3.3598561966155893,2.975203433601604
4.852759238359972,8.863030353045891
2.7711389480560387,4.255454712703289
2.770663694477453,3.7209780441020603
7.00253763334409,7.683696658368298
2.408479988790159,7.343082987678836
5.43905316635753,7.278950279119016
8.482256855503788,6.47983519097084
1.5219006114973166,4.744470203652771
6.901638472489218,1.1725675598826613
9.529726975228243,8.156953089910473
4.202812276484542,2.300144712475091
5.746712072803639,2.4661199997552186
3.346520588442864,0.17581827104274028
7.806530319700392,6.787429752718811
8.600391875605183,5.543165935380335
7.964410305470842,2.7906825661029213
4.003925334307468,4.6066255484369725
1.8981591230924544,8.785495584082954
5.647686963427715,6.651842530107789
4.964335045878294,1.148067152613732
4.646450769403025,3.3408986341979108
0.8409432923987137,4.365770440580685
1.7887313715529307,6.742063874530748
6.59004730298533,2.6657503861595346
5.882092259461595,5.067679808230709
7.898819598185187,8.013491271355385
4.173047870130281,1.3395810420091103
2.221348818473242,7.310096437914626
3.2697135929622565,6.891782176127483
2.762635090309992,6.975821617678356
9.613197447695773,5.351039718416173
2.7056883534240086,1.3055579600180856
3.749652457231999,9.461428881559701
6.658942356319288,6.997806526248539
9.303896148863414,8.46711221278677
0.8561751911648363,3.3346199701829757
6.746847315581111,6.685232403830563
3.1871306378644224,3.3879030842068802
5.119622391350907,4.392195269431845
2.4793231332727004,2.981016643989649
2.326455154159228,3.1196066902336526
1.6963996651174473,2.673814079404603
6.535489534686559,0.19903172352448095
5.0630714343191805,4.460942194963355
6.732987457163096,7.1262498010861215
1.884406631954838,0.7628221179754835
8.108463409719404,8.941638833924111
7.124946863690653,7.044490239265519
7.415020583060933,2.173970379785586
0.7150911311066399,5.801793555587819
9.074420493594546,9.211453451684315
3.1107701082971637,7.515394498472054
8.549860729989742,6.4641983829335885
1.7918713740155356,2.0662368722522437
8.872613257488375,8.337545461616447
9.726272355748188,8.306792821322915
6.98114440762557,2.3339182084414234
4.646329953822775,8.282993084640015
6.194070470424857,6.140491054838993
5.314880920281604,7.319292946347662
4.122934779985796,7.326687934830854
9.21357471512575,6.316296973840085
8.791174944972285,7.570736001206557
1.1704384759465536,3.3596639822391348
2.775297679365175,1.1404906685562355
5.054499523338045,4.65001161575668
0.18864397972615632,6.049400566191051
9.793480178308073,6.048848824806231
4.439835708017733,5.105416514510398
3.455828036964952,2.402860958232357
8.434989193102952,5.314686712749856
7.535069482463914,0.40305617132024296
2.5511744561698846,1.1923288556526368
4.077253801165669,1.4083094494172266
8.78394845315964,9.245524972305207
5.621648221080273,7.057078913765706
1.403926242034652,1.6340405685807669
6.725431035764396,7.701255891189101
5.236646440505062,9.248605863088823
8.143439614407033,1.959012290102664
6.431850541154312,0.3707951435054635
4.893239739408025,0.6537487813275511
0.01798756268144741,4.401329800881438
2.9006442960717016,9.933692824795097
4.272890732941576,2.0780853081688786
8.251882614870546,4.094629824476627
4.119404389956584,4.913050147857341
5.6242614807947415,1.2330893899150663
1.2770032741775017,4.785633978226555
5.1944839517890955,4.114307424484024
3.9711096918034485,4.712658006599217
4.4719943487213545,9.765951572613263
9.23999749477092,4.258790637460182
1.0830047286669597,3.8954517760678775
5.544754774775049,2.6515952748022977
3.4779536115484424,4.596569889457518
6.624519127581575,5.654713038571063
1.401638757361514,4.191478659858326
7.810079284208731,1.7901345370833632
7.247068300263383,4.415103081221831
2.1524073782634288,4.5150399423062755
6.299436365949324,6.933365329974846
4.513645687860892,4.087662211881845
0.3697014280192612,5.45550230368785
8.230033705106614,4.324693289174316
3.116832040198474,7.883710861380737
4.049051333950474,2.0797176346955712
2.96883099357904,0.7542333088704944
8.876907230677796,9.779611532288568
4.245526289293854,6.811097352893705
7.4872741915346595,2.7039194127836064
4.478718403893999,6.7284538930054785
0.9288998954951488,6.784449497353405
1.0465429493540468,8.30086954893595
9.50915462598033,3.4315784034703736
8.530461364212965,4.599504870501464
1.0348303975737516,3.0537873907387514
8.79456033491099,7.6498831933318145
3.443395457019153,2.0203481826083634
9.537157764527661,6.092520601051796
4.661682292083005,0.9246871828786773
4.058223356020586,2.1972040082306323
2.2022148228982266,8.072011842666548
6.532206518145102,1.3495616957005652
7.412186504980726,7.5603599852018
8.850637871642261,3.970770167896156
7.995848507385591,9.805919167757851
3.112257177943678,2.568023464291176
2.959550779150187,6.739050772492375
1.2479737520731704,0.38641940917925943
5.287622852992298,5.34292714978779
3.810562376552596,2.7969986469523134
0.14557633144075766,0.7378534774211964
4.5481504712467515,5.415793319526054
9.702152411279398,3.9088838566170994
5.704880143152934,8.640172717813638
6.525891788127519,6.859196028603998
2.5529308040530294,2.0932708791184176
8.815931775843698,9.463480636339169
0.5597097583656829,8.133054404587167
0.29174292060664464,0.9810411725728507
3.7074960047139105,3.5170464330395568
6.8572799687824295,1.8423332184839492
4.1861375355601735,1.9839421115765
1.8257154853503632,8.869153473038775
5.314645559874972,4.570264607355863
6.383933029716261,3.6792420093923783
0.9142569000285494,4.716279620929232
6.736383227630853,5.544150820643932
5.783996685603741,8.215726184893215
6.49341244986111,2.6650893699047637
9.729203705269919,4.508511998564159
0.3584085155730532,7.222701646167332
8.579958416066642,6.973549675027565
6.289444458800901,6.251416109660654
5.038248556906497,8.254123373718228
1.4049323753549947,3.5433641372534064
7.626294693543501,2.5370034340957828
5.365044992188764,1.8675705461101133
7.086060359176194,4.929787844666034
0.3739718825878624,0.3990634463916465
2.7695594270985757,2.430884834005651
5.076244449957588,3.1624456321812877
1.7871409204945699,8.35736584751076
4.35415218945295,7.5516785009935115
3.070667977839422,0.9294416607794453
4.32154226869131,4.935776598305156
0.6150449416347381,1.5887074046208227
2.7202197032158972,4.981953198208492
