929,1730,258,1254,1261,725,0,
49,1059,1183,0,
626,1095,0,
9,1603,1614,0,
5,0,
0,
1252,317,0,
1414,0,
369,0,
1432,0,
1258,3,1085,0,
0,
1328,0,
969,1230,462,0,
648,0,
1096,0,
1192,1003,0,
0,
1313,0,
22,0,
672,538,0,
32,36,0,
0,
1423,0,
131,1653,0,
215,1175,0,
768,60,7,0,
458,1602,0,
785,0,
0,
859,0,
801,0,
1370,0,
247,0,
1233,0,
91,1486,0,
400,0,
1101,623,0,
819,0,
309,0,
1458,0,
600,367,1341,319,0,
984,23,0,
1198,0,
650,0,
0,
399,0,
1453,0,
1659,0,
106,43,119,0,
1626,1589,0,
1170,0,
0,
633,0,
662,0,
0,
613,0,
1400,0,
1443,0,
78,1109,358,0,
40,1105,0,
850,0,
811,1044,1182,0,
551,0,
286,0,
268,0,
1525,1334,0,
0,
628,301,133,0,
0,
723,454,0,
1391,0,
0,
0,
273,0,
427,0,
1255,0,
0,
25,557,1583,0,
0,
0,
402,533,0,
1332,1190,0,
972,0,
0,
357,726,519,0,
146,0,
0,
58,0,
772,191,0,
17,0,
1722,684,0,
882,0,
346,1077,0,
666,514,0,
0,
0,
0,
0,
187,0,
1089,0,
739,1564,13,1367,0,
898,1623,0,
0,
1395,0,
681,326,0,
109,799,0,
1257,746,0,
697,0,
1480,0,
792,874,0,
0,
498,1597,1222,0,
0,
193,0,
919,0,
0,
569,595,0,
825,741,0,
1473,838,0,
0,
913,1031,0,
856,310,0,
332,735,0,
1143,0,
802,0,
1149,581,0,
0,
1141,277,0,
502,0,
0,
720,222,0,
1410,0,
195,892,0,
1364,79,0,
0,
0,
1541,0,
311,0,
341,461,0,
1283,0,
212,823,0,
625,0,
778,0,
1385,947,343,0,
150,0,
0,
184,0,
0,
0,
0,
124,269,0,
1293,775,0,
958,0,
0,
0,
1034,0,
1345,1356,1310,0,
363,15,0,
0,
0,
721,0,
94,803,678,0,
642,0,
1555,1030,0,
1220,0,
320,1145,0,
0,
0,
0,
671,0,
1104,1041,956,228,0,
1466,415,0,
0,
756,0,
1172,1542,0,
1312,0,
945,281,0,
594,1708,0,
0,
0,
554,0,
0,
0,
0,
407,0,
0,
0,
0,
0,
1535,1399,0,
1021,0,
1133,0,
0,
82,107,1452,0,
667,0,
0,
0,
0,
1050,0,
337,0,
532,564,0,
0,
0,
1606,0,
289,1546,1223,0,
584,1709,0,
1208,361,980,240,0,
1610,0,
0,
0,
1035,758,0,
571,0,
891,774,0,
0,
1079,0,
1569,1250,1339,0,
970,1676,0,
863,0,
1046,0,
1269,0,
0,
736,0,
561,0,
1467,990,0,
753,0,
1184,1160,0,
1650,0,
520,1507,1573,0,
993,1267,0,
0,
833,0,
1474,602,0,
1436,263,0,
0,
92,0,
0,
1668,0,
1202,690,0,
375,0,
696,434,48,0,
688,356,0,
1268,829,0,
0,
0,
0,
714,0,
0,
698,299,0,
51,1524,0,
0,
0,
227,0,
781,0,
1026,1582,0,
1298,1317,0,
0,
638,0,
1705,491,1349,1455,0,
449,162,1713,1654,0,
0,
1726,0,
0,
416,0,
632,0,
1363,0,
0,
0,
1664,0,
0,
87,0,
513,566,0,
0,
0,
1074,0,
0,
1369,0,
1110,0,
1492,0,
0,
0,
438,0,
0,
1297,1065,0,
1022,0,
582,0,
1029,0,
1599,0,
0,
80,834,0,
0,
579,0,
1108,53,0,
0,
0,
764,0,
88,362,0,
738,0,
0,
163,0,
0,
1355,451,0,
373,1037,0,
0,
0,
0,
0,
349,1703,0,
1456,630,0,
876,0,
46,0,
719,0,
0,
1350,0,
0,
1103,0,
0,
953,494,0,
1094,0,
1064,752,888,0,
1186,0,
0,
352,0,
0,
762,0,
761,169,0,
585,0,
971,0,
864,0,
0,
0,
342,0,
1300,0,
90,1028,0,
0,
0,
440,0,
0,
0,
821,0,
0,
1265,0,
444,0,
1428,1565,302,0,
98,0,
0,
797,0,
0,
1240,303,0,
601,0,
868,0,
0,
0,
964,0,
479,0,
537,0,
0,
274,815,0,
1504,1702,936,0,
1301,0,
1374,0,
1289,1245,14,0,
902,0,
396,0,
682,0,
1379,0,
1378,0,
1073,510,0,
0,
288,0,
0,
0,
0,
0,
1139,0,
0,
967,0,
18,126,0,
0,
830,0,
1533,1231,0,
397,0,
1228,437,0,
1296,1489,0,
0,
1360,1642,0,
0,
450,1335,0,
676,0,
994,1263,0,
1470,1574,0,
0,
0,
220,573,0,
568,158,1038,0,
0,
860,789,0,
0,
754,0,
0,
0,
0,
1093,0,
1393,0,
1056,773,0,
365,0,
1327,0,
0,
1719,0,
0,
256,0,
1696,528,0,
0,
0,
0,
0,
0,
1125,0,
804,0,
0,
0,
1177,0,
1178,0,
556,0,
1548,350,0,
0,
0,
0,
1690,0,
0,
424,217,1531,0,
731,405,0,
1264,0,
0,
570,836,1725,0,
231,0,
153,1244,0,
0,
0,
940,0,
0,
1575,0,
1024,457,271,0,
0,
0,
0,
1280,0,
1617,0,
1090,677,0,
1672,122,56,0,
784,1271,0,
597,0,
0,
1497,767,0,
1665,1135,0,
34,879,0,
1311,0,
531,366,0,
52,0,
0,
38,223,0,
127,0,
1588,0,
0,
1361,188,0,
0,
0,
0,
0,
840,0,
593,219,0,
235,878,0,
0,
214,0,
230,0,
587,611,0,
1616,1159,0,
1554,134,246,0,
314,0,
0,
965,487,0,
1025,0,
1352,846,0,
0,
866,0,
1099,252,0,
1348,1205,70,0,
542,0,
0,
0,
234,0,
937,59,814,687,0,
909,0,
665,0,
1613,0,
1684,894,0,
0,
0,
1001,974,0,
0,
0,
472,0,
0,
1697,0,
67,0,
847,0,
0,
1425,1358,0,
0,
0,
1568,835,0,
0,
1461,0,
1435,0,
1545,0,
275,0,
0,
0,
0,
1080,794,0,
1721,1316,0,
1102,588,1158,0,
0,
0,
0,
0,
912,0,
550,0,
4,0,
0,
979,0,
1547,0,
432,0,
0,
0,
0,
1200,1088,0,
1663,0,
249,1503,0,
47,0,
0,
710,0,
685,0,
323,943,0,
1439,0,
1272,0,
0,
1106,1420,0,
192,0,
0,
0,
966,0,
0,
0,
0,
293,0,
1405,0,
1576,1365,0,
1495,0,
881,1530,1412,0,
0,
426,0,
0,
0,
1704,0,
1129,474,0,
1624,1150,0,
115,831,0,
1444,1550,0,
0,
1468,0,
0,
0,
334,0,
1667,0,
1199,0,
1128,0,
0,
239,0,
0,
0,
0,
1398,0,
136,0,
921,0,
1276,0,
74,0,
716,0,
1338,629,0,
0,
0,
353,0,
0,
897,28,0,
1137,0,
1404,0,
1628,0,
0,
536,507,1596,1527,0,
0,
620,1189,1511,0,
0,
179,0,
0,
577,0,
818,798,0,
16,439,0,
1506,0,
335,0,
0,
1585,1243,0,
1394,0,
1483,0,
729,0,
248,1619,204,0,
1666,0,
0,
0,
0,
1407,0,
57,766,0,
0,
0,
1288,1219,0,
290,0,
1344,0,
1440,138,0,
0,
1724,1213,0,
592,0,
1681,0,
730,1111,0,
0,
0,
0,
0,
680,0,
603,0,
1002,0,
1153,0,
709,0,
180,174,0,
0,
0,
1632,0,
1225,610,475,0,
1501,0,
1226,1717,0,
0,
0,
443,0,
1171,436,1647,0,
578,1068,0,
1078,0,
0,
635,0,
1482,948,166,0,
0,
1176,0,
1033,0,
0,
0,
0,
0,
1411,0,
1315,0,
1431,0,
1406,0,
0,
0,
1534,0,
0,
1481,1514,0,
0,
749,0,
0,
0,
524,0,
435,987,0,
0,
0,
546,1669,0,
0,
1441,501,0,
1633,0,
0,
75,0,
1116,453,1446,0,
0,
656,651,411,0,
1156,0,
104,61,0,
0,
182,0,
957,0,
280,0,
385,674,1636,0,
148,0,
1609,1556,0,
1490,604,0,
1040,1155,0,
828,0,
0,
1561,0,
0,
1322,308,390,0,
354,0,
1013,0,
1384,0,
1679,0,
0,
264,0,
0,
0,
580,0,
1234,0,
1142,0,
0,
988,0,
0,
562,0,
0,
0,
196,711,0,
0,
1600,10,394,1618,598,0,
1227,0,
236,0,
0,
167,0,
1512,574,0,
545,649,0,
0,
0,
0,
713,0,
0,
1262,0,
0,
1304,211,0,
1477,278,0,
372,0,
0,
0,
387,1430,567,0,
1586,780,0,
0,
932,686,0,
347,0,
282,0,
0,
251,0,
1498,1308,0,
0,
0,
395,0,
0,
493,1415,0,
329,0,
1032,0,
1505,0,
618,0,
0,
1284,0,
0,
0,
516,0,
535,0,
114,0,
401,0,
0,
0,
113,0,
245,0,
654,0,
973,0,
512,1163,0,
1526,93,1429,0,
0,
1307,996,0,
933,0,
0,
991,0,
0,
843,0,
412,0,
1005,527,0,
0,
1259,0,
1723,0,
0,
108,117,1063,0,
168,0,
0,
0,
392,1246,0,
1008,0,
0,
669,0,
886,0,
1699,0,
1248,0,
0,
1048,1154,0,
0,
1720,100,0,
0,
0,
0,
1232,0,
297,0,
456,1686,0,
0,
0,
152,1224,1639,0,
1658,0,
1290,0,
0,
272,0,
0,
0,
0,
555,0,
95,0,
0,
321,0,
1594,1187,0,
0,
0,
1196,0,
0,
1278,0,
243,0,
0,
1015,0,
266,0,
376,724,0,
1656,37,85,477,0,
1540,927,0,
0,
1239,0,
795,139,548,0,
1362,0,
0,
1336,285,0,
253,0,
1711,0,
576,637,0,
197,0,
0,
0,
0,
0,
539,1494,0,
312,0,
1418,404,0,
1579,1366,0,
673,0,
1584,0,
0,
1519,0,
0,
0,
0,
0,
0,
0,
328,147,0,
0,
1018,1188,0,
1645,0,
1146,1019,0,
0,
0,
279,0,
0,
0,
1496,0,
985,0,
111,0,
0,
1464,0,
497,0,
1081,0,
433,0,
728,0,
294,0,
0,
1536,810,0,
200,398,0,
1396,0,
1469,0,
1454,0,
0,
490,0,
950,0,
123,141,0,
0,
1270,0,
1433,0,
135,0,
0,
661,0,
1082,636,0,
0,
1162,1388,1607,0,
0,
1372,0,
0,
0,
0,
1522,1020,486,6,0,
0,
202,0,
0,
0,
1203,0,
745,867,0,
995,0,
0,
419,1700,0,
0,
1100,31,0,
360,918,0,
165,1326,0,
178,226,0,
1210,1693,925,949,0,
622,0,
0,
1,171,926,911,0,
1354,0,
1305,1218,844,0,
544,0,
0,
586,1294,151,0,
0,
1692,845,0,
232,917,254,0,
0,
0,
1375,0,
1437,0,
744,1698,1211,645,0,
534,0,
634,0,
1173,0,
806,0,
822,380,118,0,
854,0,
229,164,1237,0,
0,
941,0,
509,0,
541,0,
0,
83,325,1655,0,
706,181,0,
0,
0,
0,
1426,428,0,
1539,1478,1462,0,
521,1660,205,934,0,
189,1591,0,
0,
1120,0,
0,
0,
1185,0,
1000,142,0,
857,0,
0,
1066,0,
0,
143,0,
0,
968,469,0,
1551,0,
904,0,
0,
24,35,1235,0,
0,
900,639,0,
160,1097,0,
1590,0,
782,0,
0,
1012,0,
0,
0,
316,0,
0,
1383,0,
1422,0,
1627,0,
0,
787,0,
0,
0,
345,0,
250,0,
466,0,
0,
0,
8,1114,0,
518,0,
0,
0,
0,
691,853,110,0,
715,750,0,
1577,0,
0,
0,
1333,0,
0,
1644,885,0,
0,
0,
0,
747,460,485,0,
391,0,
0,
216,905,955,1421,0,
619,492,0,
1091,0,
270,0,
0,
1450,0,
0,
938,1286,0,
116,0,
262,0,
0,
0,
295,0,
1553,0,
1325,0,
1004,389,0,
608,983,0,
0,
1459,1710,1543,0,
339,0,
1054,0,
1416,0,
0,
901,0,
1521,0,
1140,0,
708,0,
0,
0,
1608,0,
480,1320,1678,0,
0,
1673,0,
1371,0,
336,0,
155,0,
1195,1572,0,
1529,355,652,0,
1291,0,
0,
1251,612,0,
1417,261,0,
406,0,
0,
1457,0,
1389,1206,0,
0,
1517,0,
1640,733,0,
0,
161,1052,0,
0,
1621,0,
0,
1419,0,
0,
851,0,
0,
500,0,
0,
0,
0,
641,699,0,
0,
0,
717,55,0,
0,
0,
0,
1207,0,
643,0,
1472,0,
1337,805,0,
1689,1558,0,
210,0,
679,0,
930,0,
1707,0,
707,478,0,
76,718,0,
0,
1449,1581,213,0,
0,
370,0,
0,
0,
344,393,21,0,
0,
1593,364,0,
0,
0,
1706,0,
861,0,
1516,1253,0,
852,0,
0,
727,287,0,
692,0,
112,777,1442,791,0,
1611,0,
1062,0,
0,
1072,0,
1201,1058,1299,0,
488,0,
0,
1528,0,
0,
0,
0,
0,
712,0,
414,0,
120,0,
1069,0,
1646,0,
880,0,
511,0,
906,0,
0,
0,
0,
499,1631,0,
0,
1303,0,
1357,1214,0,
0,
675,0,
0,
0,
1045,0,
627,0,
1508,0,
0,
0,
1447,1359,0,
413,0,
379,422,0,
986,0,
928,1694,0,
989,0,
664,0,
0,
0,
0,
1397,1630,0,
0,
0,
1132,0,
463,0,
0,
1488,0,
322,0,
0,
371,0,
0,
0,
0,
0,
800,1329,0,
333,605,0,
265,0,
0,
0,
563,1061,0,
0,
1544,1716,0,
0,
425,0,
0,
657,0,
908,0,
1314,1306,0,
0,
842,0,
1017,0,
939,0,
1075,916,0,
0,
130,0,
0,
0,
199,615,0,
1076,0,
0,
505,855,1039,0,
0,
296,283,1580,0,
1604,757,1487,0,
1277,0,
1523,0,
0,
1559,0,
616,0,
0,
408,870,0,
267,0,
0,
1712,0,
481,446,0,
1249,583,0,
809,1127,0,
208,1330,0,
1165,0,
890,0,
33,0,
0,
1662,0,
300,0,
0,
0,
1086,0,
65,523,0,
298,0,
1346,1010,0,
0,
0,
0,
0,
496,0,
530,0,
209,0,
11,19,0,
1563,0,
0,
0,
1275,0,
465,71,0,
0,
977,42,0,
862,0,
1409,962,1295,144,1023,0,
0,
1266,172,1126,0,
173,0,
292,12,348,0,
0,
0,
1121,837,942,207,689,0,
1157,0,
1475,0,
0,
0,
1242,0,
84,0,
873,0,
0,
0,
0,
0,
1380,0,
0,
0,
0,
0,
0,
0,
0,
305,503,0,
924,565,0,
0,
0,
769,0,
1657,0,
0,
1566,0,
617,755,0,
0,
0,
1729,0,
1560,0,
659,221,0,
1685,1661,1502,1343,0,
1520,0,
306,0,
1309,0,
1113,0,
1006,0,
839,0,
1638,0,
702,0,
776,1382,0,
1049,737,0,
1247,0,
704,0,
237,0,
0,
73,1117,0,
1112,0,
0,
183,0,
624,0,
0,
644,663,0,
771,0,
1181,0,
467,0,
1043,1055,0,
0,
1635,701,0,
1007,0,
145,1221,0,
0,
935,0,
0,
1321,0,
1152,0,
388,0,
96,0,
452,0,
0,
1651,1323,0,
1217,1047,0,
1445,0,
506,693,0,
1340,0,
1351,0,
0,
920,241,1424,0,
552,0,
307,1532,238,0,
0,
1194,1620,0,
646,0,
0,
81,30,0,
779,931,1060,1053,0,
0,
1274,0,
1347,0,
572,0,
0,
429,0,
763,796,0,
1118,0,
368,313,0,
1373,0,
0,
1279,0,
0,
0,
445,0,
1027,0,
1557,0,
27,871,903,0,
244,0,
0,
0,
0,
0,
1680,0,
0,
0,
276,0,
403,670,0,
0,
0,
198,0,
410,1036,0,
1138,0,
1191,0,
0,
982,102,0,
525,0,
660,0,
1161,732,0,
981,0,
0,
0,
0,
330,0,
378,0,
0,
0,
159,0,
0,
1180,0,
0,
1683,0,
0,
0,
0,
0,
0,
0,
808,0,
1256,1500,157,559,0,
0,
0,
1193,1510,0,
1392,0,
72,0,
447,0,
1538,0,
0,
813,599,0,
0,
125,0,
257,1148,0,
0,
0,
1092,0,
944,607,0,
129,0,
865,0,
0,
1215,895,0,
1136,318,0,
609,0,
0,
0,
1513,2,1499,0,
483,0,
827,0,
621,0,
0,
0,
132,0,
1179,0,
482,1381,1119,0,
0,
128,0,
875,0,
1438,1615,0,
1637,0,
849,0,
1451,1319,0,
1107,0,
824,0,
751,0,
0,
807,0,
705,442,1009,1605,0,
1484,1260,0,
0,
0,
1648,54,0,
1402,284,0,
0,
1216,907,0,
1592,1331,0,
959,0,
1342,0,
97,0,
1287,0,
1124,0,
812,0,
655,0,
0,
0,
910,0,
1612,0,
590,0,
185,0,
1238,0,
899,0,
0,
0,
1674,694,0,
1123,1292,0,
0,
0,
0,
327,0,
999,591,0,
338,0,
1151,0,
1677,0,
0,
0,
0,
848,0,
0,
1390,0,
186,0,
1587,0,
1728,377,0,
786,647,0,
1166,0,
1168,740,1463,0,
703,0,
1688,504,0,
0,
0,
224,476,0,
0,
137,695,0,
722,0,
1387,1518,0,
743,0,
606,383,0,
340,86,0,
0,
260,0,
0,
69,0,
0,
954,0,
0,
50,1324,471,0,
0,
668,0,
653,0,
816,1042,0,
441,963,1401,0,
1169,0,
331,374,0,
884,484,0,
1281,858,0,
1209,1727,0,
149,0,
0,
1083,0,
517,0,
1115,0,
0,
1448,683,0,
0,
1131,0,
0,
1197,575,0,
549,0,
0,
418,0,
553,0,
783,0,
99,1174,0,
1011,44,0,
45,0,
0,
0,
324,103,0,
225,1652,0,
0,
0,
0,
0,
409,0,
0,
0,
0,
992,1465,190,0,
291,1695,0,
0,
0,
790,0,
1368,1318,0,
0,
1641,0,
64,39,0,
923,255,0,
1051,1413,0,
529,0,
1084,0,
975,0,
0,
0,
1164,596,0,
1016,0,
770,0,
1057,700,0,
1241,0,
1570,0,
820,0,
1130,0,
1691,0,
997,0,
0,
0,
1493,0,
29,0,
304,1622,0,
0,
1476,951,0,
176,658,0,
522,0,
0,
1649,26,1282,470,0,
841,194,495,1671,0,
1675,0,
1537,1067,0,
1427,63,0,
233,1273,889,0,
589,0,
1598,0,
0,
872,0,
560,0,
0,
0,
0,
218,0,
887,0,
760,0,
0,
896,961,20,62,0,
448,417,0,
1595,0,
0,
468,0,
1204,0,
0,
140,0,
1643,0,
742,0,
1403,0,
1122,748,0,
1386,0,
0,
0,
0,
1098,0,
946,0,
1571,526,0,
0,
1552,0,
1302,359,0,
1479,0,
0,
1491,0,
0,
998,0,
384,0,
0,
869,558,0,
154,0,
105,631,0,
0,
0,
915,0,
515,156,0,
89,66,1701,0,
1212,1471,0,
976,1625,547,0,
0,
459,0,
386,0,
960,826,922,0,
121,1682,1687,0,
77,1070,0,
0,
0,
170,0,
0,
0,
0,
1567,0,
817,0,
464,1460,455,0,
1144,315,0,
1562,0,
0,
0,
1134,0,
0,
640,1147,0,
0,
0,
1718,0,
1634,1285,0,
351,0,
203,0,
201,1549,431,0,
893,0,
1353,793,0,
420,0,
540,0,
734,0,
0,
978,0,
1377,1509,382,0,
1485,0,
832,0,
1408,381,0,
0,
242,421,175,0,
0,
1167,0,
489,877,0,
759,543,0,
765,0,
1578,0,
614,68,430,0,
0,
0,
788,0,
1715,0,
1376,1071,0,
0,
0,
177,1629,206,0,
0,
1087,0,
1515,0,
508,0,
0,
1714,0,
914,0,
1236,1670,0,
0,
0,
1229,0,
952,473,0,
0,
1014,0,
883,423,0,
0,
1601,259,101,41,1434,0,
