195,581,1001,942,468,1434,0,
946,1507,94,311,0,
0,
0,
0,
2,0,
1596,4,0,
0,
1197,0,
1501,0,
0,
1161,1426,0,
522,259,0,
0,
957,206,0,
0,
81,905,228,0,
1367,0,
900,0,
1082,0,
1184,1081,482,1638,0,
541,1701,0,
720,0,
114,1086,0,
1016,0,
0,
0,
224,1196,237,0,
1046,0,
1498,0,
560,0,
0,
778,903,0,
0,
10,0,
798,0,
234,1316,0,
968,0,
0,
471,0,
659,0,
1263,0,
21,5,557,0,
84,77,1311,0,
0,
1600,0,
1646,0,
285,1223,0,
312,361,1582,0,
975,0,
1177,763,1508,110,0,
115,1277,814,0,
1117,0,
1587,140,0,
0,
291,1487,0,
225,1066,0,
0,
136,1394,0,
0,
69,0,
0,
576,0,
123,190,0,
0,
1089,0,
1356,0,
0,
350,0,
0,
83,556,0,
1488,0,
0,
57,0,
0,
1261,0,
1099,0,
954,0,
745,507,661,0,
997,0,
1657,330,53,0,
66,519,0,
377,0,
389,0,
240,0,
0,
1210,1338,342,583,0,
0,
760,1491,1053,1725,0,
293,0,
1299,0,
150,0,
1108,333,0,
806,0,
1276,446,127,0,
1371,0,
824,0,
146,0,
73,34,0,
1021,0,
408,1558,0,
1385,0,
781,0,
752,1490,904,0,
915,964,262,0,
625,994,1157,0,
1185,68,0,
465,0,
1088,0,
1412,1562,1724,218,0,
817,1403,526,0,
1096,0,
120,0,
0,
1679,0,
984,0,
80,1225,104,799,0,
0,
0,
0,
1318,0,
1234,275,0,
698,1315,0,
1641,540,0,
0,
0,
1714,1307,731,0,
341,0,
0,
1106,1349,0,
1067,1623,0,
0,
602,0,
0,
1536,0,
1552,1145,1101,0,
1521,0,
504,0,
1477,0,
0,
633,0,
0,
0,
303,0,
1619,0,
1573,0,
572,0,
215,0,
0,
1265,0,
0,
1516,1206,0,
0,
1608,0,
61,886,0,
1729,0,
579,0,
1683,597,733,790,0,
1479,0,
1651,549,0,
56,1505,967,0,
0,
299,0,
371,1124,0,
0,
0,
0,
1622,0,
0,
986,0,
1376,1260,0,
1678,0,
696,0,
298,0,
1424,0,
359,0,
0,
1152,1127,0,
1343,0,
0,
0,
922,0,
0,
0,
0,
1452,719,0,
284,0,
0,
24,396,0,
1051,590,0,
805,462,0,
181,1438,0,
0,
0,
0,
459,109,338,116,1431,0,
0,
721,0,
1688,0,
1383,0,
0,
0,
0,
0,
0,
253,0,
554,0,
1419,0,
0,
0,
1566,0,
542,0,
0,
174,0,
0,
0,
770,231,0,
192,0,
689,451,486,0,
649,1331,0,
138,211,0,
0,
867,0,
1444,0,
827,428,0,
678,0,
0,
609,0,
539,0,
0,
779,895,0,
0,
525,0,
0,
516,0,
152,0,
0,
740,855,0,
0,
0,
1653,0,
268,222,0,
0,
1040,851,0,
0,
0,
1478,1703,0,
0,
381,0,
1365,0,
787,1164,0,
97,949,0,
260,749,0,
180,0,
125,0,
753,0,
1618,693,0,
0,
0,
1660,0,
544,1586,0,
0,
820,198,0,
18,870,0,
1425,0,
732,1484,1295,0,
131,1140,0,
728,1133,0,
1421,0,
0,
345,578,0,
0,
0,
0,
3,0,
173,0,
379,0,
0,
1243,1175,0,
1348,0,
1560,0,
496,881,0,
1533,0,
0,
0,
852,0,
1354,0,
0,
17,19,382,0,
212,0,
153,1722,0,
1272,0,
1713,1005,111,0,
0,
1676,0,
1355,0,
1105,0,
1126,0,
0,
0,
133,0,
518,0,
0,
0,
1686,0,
0,
1592,0,
0,
1095,0,
277,0,
1007,0,
170,1284,398,0,
184,0,
0,
327,1199,0,
0,
1208,1077,0,
432,505,1030,0,
1402,655,0,
0,
839,0,
0,
0,
1440,9,0,
1727,0,
0,
765,0,
244,0,
1246,0,
145,0,
1584,1262,0,
925,0,
1634,0,
72,0,
893,0,
1413,0,
0,
1672,842,1523,374,0,
48,385,288,1612,0,
977,0,
85,0,
0,
185,266,0,
1578,0,
160,1689,42,924,0,
1029,0,
996,0,
336,0,
0,
0,
0,
0,
0,
850,0,
1057,0,
149,0,
0,
1305,0,
0,
0,
1144,1273,0,
1017,0,
843,0,
1675,221,0,
186,0,
0,
869,0,
548,0,
1677,0,
1039,0,
0,
425,0,
809,0,
889,0,
627,764,1615,0,
512,0,
688,1239,0,
865,0,
0,
0,
0,
812,0,
1345,0,
0,
1129,575,0,
776,1520,6,0,
0,
1320,1163,1416,0,
1494,1639,0,
1680,0,
0,
0,
434,475,0,
118,0,
768,845,263,0,
1107,0,
1090,0,
264,62,0,
757,1325,0,
37,238,0,
232,674,0,
0,
0,
1681,0,
161,0,
673,1429,0,
626,0,
290,1287,0,
1542,0,
289,1380,1044,0,
0,
0,
0,
0,
0,
0,
0,
0,
671,0,
0,
1572,663,0,
326,0,
384,1353,409,1358,0,
1648,294,0,
0,
0,
0,
1274,0,
675,0,
460,0,
204,0,
1427,0,
1602,979,0,
0,
887,0,
744,815,0,
0,
1233,676,0,
1256,0,
1633,1235,0,
0,
0,
1248,203,0,
1258,0,
0,
0,
1245,0,
96,1433,0,
357,1174,0,
166,0,
0,
1723,1605,0,
477,0,
286,0,
1191,0,
1386,476,0,
1285,0,
369,1230,0,
0,
16,898,1493,1054,0,
0,
681,0,
0,
0,
1369,0,
0,
568,716,0,
1422,0,
1281,642,422,86,1432,0,
352,452,0,
0,
0,
0,
780,0,
853,0,
641,0,
546,0,
0,
711,323,439,0,
899,0,
1110,0,
0,
936,1685,46,0,
454,0,
0,
0,
624,199,0,
1645,0,
0,
0,
442,1628,0,
1392,0,
1423,151,55,0,
1404,1253,0,
1458,1085,14,0,
1459,0,
1528,0,
339,332,0,
0,
0,
1109,0,
0,
0,
0,
0,
325,1366,0,
273,0,
320,652,0,
213,613,0,
1475,295,0,
0,
169,0,
0,
365,0,
0,
0,
1139,0,
313,0,
0,
358,0,
0,
1603,0,
1597,0,
0,
1411,0,
0,
1155,1613,0,
0,
1720,1227,0,
836,0,
821,0,
0,
209,0,
0,
1463,0,
0,
0,
0,
1561,1179,797,0,
690,0,
1504,0,
1098,0,
0,
0,
0,
0,
0,
0,
543,0,
1395,0,
1268,0,
373,0,
880,0,
0,
0,
0,
89,0,
1549,22,0,
1138,0,
580,0,
0,
0,
1137,1084,943,0,
0,
989,981,0,
1372,0,
857,13,0,
67,0,
356,0,
0,
0,
1357,0,
0,
0,
0,
1069,1270,0,
0,
1661,0,
1719,0,
0,
0,
344,1509,1548,88,1662,0,
976,804,0,
600,908,941,0,
319,0,
614,0,
0,
563,0,
706,1332,0,
973,647,0,
449,0,
0,
0,
0,
1151,0,
1180,0,
0,
1544,718,712,0,
517,621,0,
0,
1043,0,
0,
444,0,
1002,515,0,
300,0,
1060,0,
0,
697,27,710,0,
766,0,
0,
296,423,0,
178,167,0,
0,
1551,0,
0,
595,791,0,
891,0,
0,
1481,0,
0,
0,
370,0,
0,
1255,0,
164,0,
280,205,0,
0,
1346,0,
0,
1711,0,
1604,0,
0,
0,
0,
129,420,823,0,
702,1078,0,
247,0,
393,1430,0,
929,0,
0,
7,0,
962,0,
1706,51,951,0,
0,
0,
1462,0,
1381,0,
1673,0,
1059,0,
1222,0,
1443,972,0,
0,
217,0,
801,163,0,
1351,105,478,135,0,
0,
775,1103,0,
472,0,
1707,0,
179,0,
0,
955,487,0,
1321,0,
1373,0,
0,
0,
1219,0,
1364,0,
819,0,
287,0,
0,
0,
0,
958,0,
928,0,
1083,0,
433,0,
331,276,0,
619,0,
0,
785,0,
0,
1684,0,
1663,0,
0,
0,
1708,1342,0,
0,
651,1335,0,
1400,340,0,
0,
0,
1194,0,
200,0,
1363,550,0,
0,
424,0,
1496,100,12,0,
1690,0,
0,
65,1324,0,
945,0,
0,
863,0,
0,
1616,0,
628,0,
569,0,
859,668,0,
1329,0,
1147,1141,1517,0,
594,0,
1014,615,0,
1534,0,
0,
0,
1011,0,
1601,810,0,
1050,1134,0,
1644,0,
0,
1035,0,
1162,91,0,
1009,1238,0,
0,
536,0,
0,
0,
657,0,
1048,0,
35,1038,0,
76,1710,0,
448,1249,1135,0,
921,1275,0,
0,
1296,1341,0,
347,860,0,
0,
0,
378,0,
1485,0,
243,948,1391,0,
840,0,
715,0,
1696,0,
335,95,0,
0,
0,
0,
1531,0,
1448,1467,0,
0,
82,1319,0,
1154,0,
1408,0,
978,876,0,
64,0,
1621,0,
1204,0,
971,0,
1136,1378,828,0,
1312,0,
1131,0,
604,677,1150,0,
963,773,0,
0,
0,
1242,0,
1156,0,
0,
1522,0,
0,
1340,0,
892,1447,0,
1529,910,0,
672,0,
226,491,0,
1728,497,246,0,
932,709,0,
1178,591,0,
1160,0,
0,
0,
961,754,0,
1455,0,
1414,0,
0,
1580,0,
0,
808,982,917,494,0,
397,254,159,0,
527,0,
0,
0,
635,1300,0,
935,0,
321,0,
1252,0,
0,
457,866,610,0,
538,490,830,0,
713,1158,0,
0,
392,219,1333,0,
570,0,
463,0,
0,
0,
680,767,0,
0,
1032,0,
1539,0,
0,
1642,0,
873,1570,0,
141,0,
1671,1390,447,0,
1224,1410,0,
1298,1087,0,
0,
725,0,
0,
0,
130,318,0,
1453,0,
0,
1500,1492,0,
1073,811,0,
585,453,0,
687,0,
960,630,0,
1691,911,0,
272,0,
1361,0,
1401,0,
0,
0,
1435,0,
1454,0,
769,0,
0,
0,
364,1071,0,
1122,0,
1168,0,
531,1709,0,
0,
1257,0,
484,0,
0,
0,
524,0,
1076,0,
0,
0,
1344,430,0,
1215,0,
514,0,
1213,0,
1226,0,
0,
1282,998,0,
802,0,
0,
0,
0,
858,343,0,
0,
1294,0,
0,
0,
0,
0,
1201,0,
440,0,
0,
868,119,0,
1527,0,
872,0,
0,
0,
605,0,
144,395,0,
0,
916,0,
8,0,
1024,0,
1148,0,
1291,742,0,
0,
1200,0,
0,
691,0,
0,
481,0,
565,990,0,
894,1591,0,
1217,530,0,
1034,1461,0,
0,
0,
431,847,0,
1254,0,
1130,947,0,
248,255,0,
682,1599,0,
355,933,0,
1547,813,0,
1476,1068,0,
183,0,
0,
714,0,
351,0,
510,0,
1626,0,
884,79,0,
1264,0,
466,1530,598,0,
0,
1022,991,0,
1588,0,
1207,0,
0,
0,
952,58,1079,0,
1526,0,
0,
0,
0,
0,
1186,0,
0,
0,
1241,0,
0,
1266,0,
1379,1198,0,
0,
324,1100,0,
913,235,0,
841,0,
456,1004,0,
1393,1075,20,1382,0,
210,1503,0,
242,0,
1119,0,
666,956,278,0,
0,
473,132,0,
1515,0,
882,435,1070,0,
1323,1195,0,
1097,1406,0,
0,
142,0,
1259,0,
93,461,0,
1058,0,
0,
0,
474,0,
271,0,
0,
920,834,0,
349,0,
137,970,0,
1465,0,
890,1655,0,
0,
0,
0,
0,
155,1637,0,
1012,0,
545,0,
1510,0,
1541,0,
0,
44,334,0,
1293,0,
0,
829,645,0,
938,11,252,0,
0,
450,0,
562,103,1278,1047,0,
0,
0,
0,
1442,1654,0,
0,
1203,0,
368,1111,0,
883,0,
861,1543,0,
1474,558,0,
1659,0,
1205,0,
746,0,
685,0,
269,631,0,
1,1121,654,50,789,0,
0,
106,493,0,
1183,0,
1360,878,0,
329,316,508,0,
1415,0,
1218,0,
1149,0,
612,0,
0,
632,0,
993,1362,0,
1189,0,
0,
0,
0,
1112,1399,919,0,
1545,0,
1704,511,0,
0,
724,0,
0,
0,
0,
0,
640,0,
1212,261,0,
0,
90,1244,0,
0,
113,0,
0,
1055,0,
0,
1497,707,0,
498,0,
1064,0,
1170,0,
1236,0,
0,
1328,1187,0,
0,
506,0,
0,
0,
154,1627,0,
0,
0,
1581,0,
552,0,
747,0,
251,589,637,0,
1451,1286,399,0,
196,0,
629,1559,0,
0,
0,
0,
0,
1489,0,
0,
1441,0,
0,
362,667,0,
584,0,
0,
756,0,
1074,0,
282,692,0,
1556,0,
1125,0,
0,
0,
1643,1317,126,0,
0,
529,1667,0,
390,0,
521,421,0,
636,974,0,
1336,63,407,0,
1499,0,
0,
577,101,0,
1450,1502,0,
999,0,
923,0,
0,
0,
0,
0,
1176,0,
927,0,
0,
1169,0,
176,0,
1428,0,
0,
1546,0,
1297,470,0,
402,99,0,
0,
1652,0,
0,
1436,0,
1537,0,
0,
0,
0,
87,0,
0,
438,559,0,
1700,1540,230,0,
426,0,
480,495,0,
193,0,
0,
0,
0,
0,
741,394,1692,317,0,
0,
0,
419,0,
0,
0,
796,502,0,
0,
909,0,
499,0,
0,
0,
1538,0,
758,0,
1564,1486,0,
992,92,0,
1482,1571,0,
1123,0,
0,
0,
406,1631,0,
574,0,
0,
1104,0,
1718,0,
1352,0,
308,0,
0,
0,
1232,309,0,
0,
25,207,0,
737,0,
0,
1593,0,
0,
532,1437,0,
485,0,
315,0,
0,
762,0,
622,0,
175,0,
684,0,
784,0,
467,0,
1045,0,
0,
0,
0,
0,
1280,0,
959,0,
1292,0,
445,0,
0,
1666,723,907,0,
501,0,
0,
0,
0,
0,
0,
1304,314,189,0,
1118,0,
0,
1687,0,
0,
1513,0,
0,
0,
0,
0,
0,
513,0,
1061,1063,0,
0,
761,0,
1611,0,
0,
0,
1417,353,0,
879,0,
0,
0,
593,0,
0,
147,0,
792,703,0,
1624,250,30,0,
0,
348,0,
0,
0,
926,0,
0,
1326,0,
0,
1128,0,
415,0,
1102,0,
0,
1635,0,
871,0,
566,121,270,0,
413,0,
1146,0,
0,
0,
533,0,
0,
1480,0,
1389,0,
418,0,
0,
1483,0,
208,0,
380,0,
102,0,
297,0,
1656,0,
561,0,
1565,0,
283,0,
26,0,
980,0,
660,0,
537,0,
1240,363,0,
528,177,1449,0,
729,793,0,
1015,0,
305,0,
0,
0,
0,
0,
0,
0,
523,0,
0,
586,0,
0,
0,
0,
0,
0,
0,
1056,367,0,
0,
1334,0,
386,0,
0,
0,
888,172,0,
912,1031,0,
534,551,0,
1377,188,588,0,
256,509,1301,0,
1630,0,
1632,818,387,735,0,
0,
360,40,1726,0,
1313,443,0,
0,
354,29,0,
429,0,
0,
458,0,
0,
988,0,
918,0,
0,
0,
274,722,611,0,
197,455,0,
0,
643,0,
0,
599,0,
1387,1165,0,
1370,0,
1698,1594,0,
1228,0,
410,0,
0,
75,404,0,
0,
1568,0,
1649,0,
1397,782,0,
0,
0,
376,1003,47,0,
0,
1171,0,
1579,405,1495,0,
596,0,
1267,567,0,
1665,1695,0,
0,
182,0,
249,1026,0,
239,0,
699,0,
0,
0,
1640,0,
0,
0,
1023,0,
1041,0,
646,1471,0,
875,0,
573,0,
328,1094,0,
0,
1080,98,372,0,
1563,831,0,
0,
1439,1511,0,
233,0,
0,
383,0,
38,0,
194,0,
302,1375,0,
0,
301,0,
0,
220,582,0,
0,
1000,483,156,0,
0,
0,
0,
665,0,
1008,437,0,
0,
0,
0,
0,
391,0,
0,
0,
1193,0,
0,
0,
1231,0,
555,0,
937,0,
0,
0,
736,1532,743,0,
1466,0,
0,
1019,28,0,
1220,1247,0,
1289,0,
726,0,
417,0,
1664,78,1006,0,
0,
1575,0,
0,
488,0,
1192,0,
1211,0,
416,0,
1576,914,0,
1473,0,
0,
1553,1314,1250,0,
375,0,
0,
1308,0,
639,0,
0,
623,479,0,
969,0,
0,
0,
683,838,0,
0,
1049,0,
616,0,
1092,0,
535,0,
1288,0,
229,0,
0,
1027,1028,1036,0,
124,0,
0,
0,
304,1209,0,
59,0,
1699,0,
0,
658,134,0,
854,0,
0,
1730,1013,0,
148,0,
1190,0,
33,0,
0,
322,0,
874,0,
601,0,
1283,292,950,755,0,
906,43,1115,70,0,
617,0,
265,337,985,157,607,0,
0,
0,
117,0,
1705,0,
705,366,0,
187,0,
1143,0,
520,0,
1468,1116,0,
0,
0,
848,0,
751,0,
772,0,
1457,1302,0,
1327,0,
1229,1469,0,
0,
0,
0,
0,
1271,1303,0,
1167,0,
1010,412,0,
825,0,
39,0,
1072,0,
0,
0,
1042,1595,1374,0,
0,
0,
662,0,
202,0,
1535,0,
0,
638,0,
306,1052,0,
846,0,
669,0,
1142,0,
139,0,
0,
403,0,
1216,0,
0,
0,
1132,0,
0,
686,694,0,
1583,0,
1221,0,
786,0,
0,
1330,0,
162,1309,0,
896,826,656,0,
1650,0,
1418,1420,143,0,
748,279,0,
469,310,0,
49,45,0,
0,
0,
0,
1350,0,
0,
258,0,
201,0,
0,
1396,165,0,
503,759,0,
795,965,1518,0,
1065,783,191,0,
800,1113,803,1279,0,
0,
837,1694,0,
1182,0,
0,
1617,0,
0,
1173,0,
862,0,
41,1554,0,
401,0,
832,0,
738,0,
0,
1609,1506,0,
0,
0,
0,
0,
0,
1306,0,
1091,1214,0,
0,
436,0,
0,
0,
0,
0,
771,0,
1557,0,
0,
427,1446,0,
0,
1682,0,
52,0,
1251,1172,0,
0,
0,
606,0,
777,634,492,1606,0,
1188,0,
0,
835,0,
1114,0,
216,1577,32,0,
441,0,
856,1598,0,
1512,0,
0,
1669,0,
1702,0,
0,
1514,0,
885,901,1607,0,
1409,1310,0,
245,0,
0,
592,0,
0,
0,
1674,0,
0,
644,0,
679,0,
0,
128,0,
0,
849,0,
1062,0,
953,0,
1721,307,0,
0,
1025,0,
877,0,
0,
1567,0,
0,
0,
822,0,
0,
1037,0,
603,1159,0,
695,0,
0,
0,
0,
618,1166,0,
931,0,
1337,0,
1388,0,
54,0,
807,0,
648,0,
1585,0,
414,0,
0,
489,0,
281,388,750,0,
1712,1697,0,
1525,0,
74,60,0,
1153,1574,0,
0,
1202,36,717,0,
168,0,
1120,0,
1322,0,
0,
0,
107,0,
0,
1472,241,1555,0,
0,
0,
214,0,
1384,608,0,
0,
1398,0,
930,0,
940,0,
0,
0,
844,0,
1339,564,1589,0,
15,0,
0,
547,0,
0,
864,0,
650,794,653,0,
620,223,0,
0,
0,
0,
1569,267,1020,0,
0,
0,
0,
727,0,
0,
0,
0,
587,0,
0,
0,
1290,0,
966,0,
0,
171,1629,0,
553,0,
0,
1470,0,
0,
1464,1018,816,1620,0,
0,
400,1670,23,0,
987,0,
902,1407,0,
1093,0,
0,
670,0,
112,346,0,
1658,1460,0,
1456,708,1614,0,
0,
0,
1636,0,
0,
0,
0,
0,
0,
0,
0,
730,500,0,
0,
122,571,0,
0,
0,
664,0,
1237,1647,0,
0,
983,0,
897,1716,0,
1445,0,
934,0,
0,
0,
236,0,
704,0,
0,
464,1347,0,
734,0,
0,
1033,0,
1717,0,
0,
995,1269,158,0,
0,
1359,0,
1668,0,
0,
0,
1181,0,
1550,1519,0,
701,0,
944,108,0,
739,227,0,
257,0,
1524,0,
0,
1405,31,0,
411,0,
1368,0,
1625,0,
700,1590,774,0,
1610,1715,939,0,
71,0,
0,
833,1693,0,
0,
788,0,
