420,101,1638,1227,112,0,
0,
702,0,
907,0,
560,581,0,
0,
0,
225,1515,0,
1113,1107,0,
592,65,0,
5,0,
274,131,1351,0,
0,
0,
1273,0,
0,
482,1181,71,0,
1112,0,
529,1147,0,
883,0,
0,
120,0,
703,0,
417,246,0,
1705,0,
1288,0,
495,0,
0,
0,
328,0,
1300,1596,0,
1611,0,
0,
0,
0,
0,
1427,0,
80,0,
808,0,
438,0,
82,791,0,
17,837,1149,0,
0,
0,
11,713,1691,588,0,
768,9,1366,0,
756,0,
1277,0,
549,1630,599,0,
220,1599,0,
0,
1551,0,
1254,414,367,0,
1098,0,
651,0,
0,
668,0,
448,1099,0,
1123,900,78,0,
0,
0,
1283,0,
641,858,863,0,
1301,0,
1089,0,
192,942,0,
621,0,
0,
1377,594,215,0,
0,
1658,1587,0,
468,0,
407,0,
909,1247,0,
1124,854,0,
1051,796,1693,1327,0,
1176,0,
148,0,
10,1259,0,
0,
0,
0,
1039,0,
1388,0,
1703,0,
357,1412,77,0,
759,0,
1190,0,
127,0,
1061,478,0,
0,
214,623,0,
0,
1172,1454,0,
931,0,
758,0,
472,0,
1337,30,0,
0,
0,
0,
135,467,598,1019,1340,0,
1480,894,0,
79,0,
1127,0,
382,0,
722,0,
530,0,
684,548,0,
514,0,
1162,2,0,
122,51,0,
902,1130,75,693,378,0,
0,
21,0,
906,181,0,
0,
0,
0,
489,37,0,
0,
332,0,
1669,0,
0,
0,
787,635,0,
1521,0,
0,
0,
256,1653,607,0,
490,829,0,
164,142,0,
864,0,
869,0,
452,0,
1423,1091,1683,1119,0,
179,1198,0,
506,939,757,0,
665,66,0,
865,0,
584,0,
0,
1192,959,0,
1289,0,
1070,0,
0,
1033,0,
155,0,
597,0,
1111,0,
313,0,
1356,0,
1577,493,0,
1512,0,
0,
0,
1165,38,0,
1321,0,
714,0,
0,
1182,0,
0,
176,18,287,0,
1360,458,0,
552,1713,0,
444,0,
1215,0,
1097,258,0,
0,
1386,0,
1315,0,
0,
0,
0,
503,0,
0,
25,0,
0,
0,
1330,0,
1523,0,
1612,1622,0,
0,
0,
1135,0,
0,
0,
0,
677,1662,0,
193,0,
0,
1282,0,
174,0,
0,
1054,0,
0,
0,
1621,0,
217,0,
0,
1545,205,0,
934,0,
0,
0,
0,
67,0,
1467,0,
500,0,
1699,0,
867,531,0,
183,0,
778,763,0,
0,
283,0,
319,0,
609,534,0,
0,
0,
1715,172,0,
1565,0,
1281,0,
1161,1191,0,
204,0,
0,
969,0,
106,158,0,
659,1444,0,
1072,0,
1571,150,0,
103,0,
916,0,
1475,0,
873,1527,0,
820,0,
0,
831,0,
1504,1122,634,1727,0,
0,
61,0,
0,
913,886,0,
1196,0,
425,789,0,
0,
0,
1458,1219,0,
81,0,
0,
1667,0,
0,
483,268,0,
0,
1125,0,
0,
371,0,
370,0,
435,1726,0,
0,
377,318,0,
1544,1465,0,
0,
1429,1278,0,
1588,1494,0,
1324,0,
748,0,
790,0,
253,0,
730,0,
632,0,
1624,453,0,
298,0,
1096,1026,0,
0,
0,
240,286,0,
427,798,0,
1488,0,
1632,63,0,
0,
338,292,0,
185,0,
1233,0,
987,1694,0,
0,
1065,0,
572,1110,542,0,
1590,151,0,
281,19,0,
1174,0,
0,
538,0,
885,0,
304,0,
0,
1474,0,
968,0,
484,0,
409,0,
0,
0,
0,
0,
0,
0,
1520,0,
447,0,
510,1591,0,
303,0,
0,
0,
0,
0,
0,
0,
15,0,
284,958,0,
0,
0,
676,0,
0,
424,50,0,
0,
1404,0,
363,0,
0,
289,0,
0,
577,924,0,
0,
785,0,
0,
1730,0,
42,0,
545,0,
260,0,
0,
695,0,
0,
1044,0,
359,1271,0,
851,1708,0,
0,
0,
1234,0,
0,
595,1244,0,
0,
0,
0,
978,1573,0,
1290,0,
0,
1424,343,0,
1463,0,
0,
0,
0,
1334,0,
1009,0,
930,0,
76,0,
737,0,
297,602,0,
0,
1507,0,
1183,0,
0,
1473,1537,0,
1224,0,
679,0,
0,
0,
381,694,0,
0,
0,
1626,0,
354,0,
301,0,
1105,430,327,0,
994,0,
1581,0,
842,445,0,
0,
0,
0,
1435,0,
121,125,0,
505,449,0,
156,604,0,
528,0,
938,0,
1379,0,
824,0,
1102,0,
282,163,349,0,
0,
1484,1023,0,
600,0,
0,
0,
0,
99,0,
841,0,
501,0,
1170,0,
0,
0,
0,
0,
1625,0,
1030,0,
29,0,
1040,1292,0,
1522,0,
496,1539,0,
992,1529,961,0,
0,
317,0,
0,
0,
800,236,44,48,1719,0,
0,
698,1485,0,
418,0,
145,0,
692,0,
1311,0,
1261,0,
22,0,
744,0,
340,1725,1214,0,
0,
0,
1048,1184,0,
1240,0,
431,0,
0,
1309,0,
0,
511,0,
0,
1293,0,
984,0,
264,207,0,
0,
463,0,
0,
1280,0,
392,0,
557,0,
678,0,
784,0,
0,
911,0,
0,
0,
1668,742,1335,0,
0,
1702,0,
521,1333,0,
1570,738,0,
0,
1088,0,
0,
1235,0,
0,
523,0,
1160,977,137,1648,0,
1575,0,
64,733,0,
364,734,0,
0,
0,
696,252,0,
1041,0,
1457,0,
810,1476,0,
429,0,
544,0,
1698,0,
180,0,
1677,0,
1034,1013,0,
471,0,
0,
0,
1231,0,
0,
1087,0,
1552,0,
567,0,
0,
0,
361,0,
799,0,
0,
492,0,
89,700,1620,0,
0,
206,0,
0,
1297,0,
769,914,0,
0,
1645,0,
1471,0,
1131,276,1341,0,
0,
1594,660,52,0,
1541,0,
1451,0,
1045,0,
833,437,0,
114,1348,0,
0,
1410,413,0,
234,0,
497,1043,7,0,
243,0,
395,0,
896,307,0,
1307,0,
1640,0,
302,0,
0,
1602,1372,0,
0,
1580,469,0,
0,
199,0,
118,0,
724,0,
0,
614,591,0,
1268,0,
1531,0,
1236,0,
0,
0,
344,0,
1509,0,
1729,1675,1318,0,
1413,1535,0,
1211,1084,0,
0,
0,
617,0,
1530,0,
308,0,
97,211,0,
0,
396,1405,0,
1421,0,
466,1223,0,
1487,0,
1576,0,
563,486,0,
0,
0,
764,0,
770,1029,0,
988,0,
154,0,
626,1572,0,
244,0,
384,0,
0,
0,
0,
0,
709,1462,0,
0,
140,0,
743,0,
372,685,110,0,
194,1171,0,
1189,0,
1408,1670,0,
0,
426,0,
1369,0,
1133,149,0,
0,
0,
1201,0,
644,0,
956,1461,1038,0,
979,0,
912,556,1557,0,
0,
0,
270,0,
1659,325,0,
794,0,
1651,1062,0,
1032,0,
625,0,
0,
129,899,285,774,0,
570,275,14,0,
0,
1516,479,0,
669,0,
0,
656,0,
124,0,
1382,0,
1712,0,
473,339,718,0,
248,0,
0,
0,
615,0,
92,0,
569,1350,0,
1631,0,
0,
195,0,
0,
0,
1109,0,
0,
329,159,0,
173,0,
0,
0,
642,0,
504,451,0,
0,
712,1299,0,
1024,191,0,
0,
0,
507,0,
1305,1629,879,0,
1497,0,
299,0,
872,0,
940,0,
1470,0,
1442,1367,0,
40,1272,0,
0,
568,0,
0,
1422,0,
0,
1180,0,
330,0,
0,
1343,0,
1104,0,
772,1199,0,
209,102,1145,0,
406,0,
1628,0,
803,0,
0,
0,
1368,0,
1496,687,0,
1561,1639,711,0,
369,922,0,
654,0,
162,955,68,822,0,
161,0,
881,85,415,0,
146,0,
0,
0,
1616,655,0,
732,0,
380,428,0,
640,1021,1079,0,
105,0,
819,0,
646,0,
825,0,
0,
0,
611,0,
980,476,0,
0,
0,
1453,0,
1499,23,0,
1664,513,1722,0,
1052,0,
735,0,
1312,1020,0,
0,
481,12,0,
0,
673,517,1438,1399,0,
1349,0,
0,
311,0,
0,
1296,0,
859,0,
936,818,0,
1378,411,0,
0,
0,
813,0,
0,
746,0,
806,751,0,
1394,0,
0,
348,0,
464,1148,0,
391,0,
1200,1316,1047,0,
0,
0,
1466,0,
893,0,
368,6,0,
0,
197,0,
1010,1055,0,
0,
0,
0,
487,0,
0,
0,
672,130,107,0,
0,
0,
1229,0,
0,
628,0,
404,0,
0,
1660,0,
0,
216,0,
383,0,
0,
0,
1682,231,0,
0,
0,
923,0,
0,
0,
0,
450,0,
0,
1604,0,
1230,0,
136,777,94,0,
0,
1209,0,
547,0,
152,905,0,
0,
0,
310,0,
385,165,0,
520,874,0,
1518,0,
0,
926,0,
0,
0,
1267,1213,0,
1168,0,
1108,0,
0,
1511,0,
0,
439,218,1239,0,
87,0,
0,
680,729,0,
1328,0,
1674,1613,0,
1144,1,0,
227,0,
0,
0,
1665,0,
0,
0,
316,0,
0,
972,324,0,
1222,0,
767,0,
870,995,1517,1398,0,
0,
0,
0,
1649,277,1063,0,
802,1319,0,
0,
0,
586,45,1308,508,0,
699,0,
405,0,
0,
1547,1046,0,
0,
1688,0,
918,1654,0,
0,
98,0,
35,0,
0,
0,
0,
0,
342,0,
0,
0,
1443,0,
0,
0,
1532,0,
797,515,1357,0,
1338,0,
0,
895,0,
0,
1432,0,
721,169,412,0,
0,
932,0,
1275,0,
1567,0,
171,0,
0,
358,627,670,0,
0,
1347,0,
190,0,
254,0,
1241,167,807,0,
0,
1310,0,
0,
210,587,0,
1225,0,
1498,1317,62,0,
0,
0,
0,
1355,499,0,
1407,0,
312,0,
1106,0,
488,170,0,
1402,0,
223,0,
58,1042,541,1255,0,
1217,111,0,
0,
1633,0,
60,0,
0,
1396,108,1381,0,
0,
578,0,
0,
1483,0,
132,1037,0,
0,
1376,1179,845,0,
945,1533,0,
1269,0,
398,0,
1569,1666,0,
0,
1446,0,
631,0,
683,0,
760,1686,0,
373,0,
1193,1197,0,
0,
1695,0,
0,
0,
494,0,
1120,731,213,0,
1486,0,
0,
1391,0,
0,
0,
219,0,
991,0,
0,
34,0,
1618,0,
0,
232,996,1607,0,
1226,0,
498,0,
574,41,1635,686,0,
1456,0,
0,
1206,0,
620,157,0,
616,0,
0,
326,0,
908,0,
1395,0,
144,1001,0,
1103,0,
293,0,
861,999,0,
0,
321,0,
1519,0,
0,
657,0,
0,
53,0,
0,
1027,1205,0,
754,0,
0,
0,
203,0,
113,0,
0,
540,0,
0,
0,
0,
0,
251,0,
593,393,0,
0,
752,1081,1459,0,
0,
0,
852,0,
0,
0,
1385,1605,0,
0,
690,0,
993,0,
117,0,
920,1000,0,
0,
1331,580,0,
0,
0,
973,1506,1701,0,
1685,1014,0,
1409,0,
1673,0,
1431,0,
362,835,1116,871,0,
1406,0,
0,
333,0,
0,
1285,0,
0,
1721,0,
0,
875,0,
0,
0,
1614,0,
650,1203,0,
1503,0,
0,
860,230,0,
57,780,622,0,
1720,0,
1245,0,
564,910,0,
1345,0,
561,386,1374,0,
47,0,
0,
1068,1710,0,
389,519,0,
1491,0,
1050,0,
1540,0,
0,
1187,0,
1528,323,0,
0,
0,
952,1652,1672,0,
1003,1326,0,
1619,36,0,
0,
1332,0,
0,
90,0,
175,0,
1279,0,
1295,0,
904,0,
0,
897,877,0,
212,0,
1248,0,
776,0,
891,0,
558,0,
1586,0,
1302,0,
74,707,0,
84,903,0,
1641,0,
539,0,
753,394,828,1134,0,
1564,901,0,
1067,612,1101,0,
853,0,
1687,0,
1073,0,
0,
0,
1086,0,
1022,263,0,
334,0,
0,
0,
0,
0,
1373,1717,0,
249,0,
0,
1550,0,
314,949,0,
202,0,
0,
0,
546,691,1452,0,
1232,46,0,
337,0,
0,
291,0,
571,917,0,
1525,0,
402,294,0,
0,
3,1598,0,
309,0,
1252,0,
0,
272,0,
184,1538,0,
0,
1263,543,0,
1303,983,0,
0,
0,
222,0,
1585,667,0,
1656,0,
1218,0,
1320,1358,0,
1650,781,0,
356,0,
0,
1002,0,
1514,947,0,
0,
0,
0,
1393,827,0,
400,0,
0,
1493,1166,1709,0,
1513,1274,1380,0,
0,
1559,0,
1249,0,
1076,229,0,
964,0,
200,662,0,
0,
0,
0,
0,
0,
601,1173,262,0,
786,0,
1490,1724,1159,0,
0,
43,0,
0,
1136,821,0,
0,
1578,0,
1265,0,
1448,126,0,
0,
1411,0,
0,
345,985,630,0,
0,
1210,0,
0,
347,0,
565,974,0,
0,
0,
705,0,
0,
1270,1175,0,
1155,1071,0,
1678,0,
233,663,0,
1258,1403,868,0,
637,0,
1064,139,0,
226,269,119,0,
32,379,0,
1329,0,
0,
1152,1647,0,
128,0,
0,
0,
608,1352,653,1582,0,
1363,0,
0,
788,0,
1066,443,245,0,
416,0,
706,0,
1505,91,0,
0,
1600,0,
1354,0,
0,
826,0,
1609,0,
28,0,
1433,265,0,
585,0,
1450,0,
1364,0,
719,0,
725,0,
915,1284,0,
610,0,
0,
296,0,
554,765,0,
1642,235,0,
1137,115,0,
0,
976,387,1221,0,
242,1059,1251,0,
1728,1636,0,
346,0,
966,0,
0,
723,0,
1700,189,0,
0,
0,
0,
0,
750,0,
990,0,
13,423,0,
0,
745,0,
0,
1568,271,1007,0,
838,0,
1163,0,
1057,0,
73,238,0,
0,
0,
0,
177,0,
288,880,0,
0,
374,0,
1502,0,
0,
1608,1707,0,
432,0,
1266,341,0,
0,
0,
1593,0,
1684,1012,0,
0,
1390,0,
1243,1004,0,
0,
485,0,
1549,0,
0,
1158,0,
589,0,
1322,1323,0,
1554,0,
0,
0,
736,0,
0,
1400,1583,0,
890,1558,0,
0,
1706,0,
1644,1469,0,
0,
0,
762,221,0,
536,925,0,
1287,0,
1623,0,
0,
0,
1553,0,
1697,1093,1447,1294,792,0,
1194,0,
1589,0,
944,0,
1204,0,
315,639,0,
1370,0,
0,
0,
0,
1344,0,
0,
832,704,0,
0,
104,1389,0,
1510,575,0,
675,0,
457,0,
0,
801,0,
455,0,
0,
0,
755,0,
1304,804,0,
1704,0,
0,
710,0,
1627,279,0,
0,
1253,0,
648,876,0,
0,
0,
0,
350,0,
1146,0,
440,0,
300,0,
421,0,
809,1428,0,
555,0,
0,
1492,0,
793,0,
1339,716,0,
0,
636,1143,0,
0,
953,0,
0,
0,
0,
0,
0,
0,
436,0,
459,1246,0,
0,
0,
0,
946,0,
0,
0,
0,
1141,0,
353,0,
16,1220,1157,982,0,
0,
782,0,
0,
1500,0,
613,0,
375,0,
0,
927,0,
72,965,0,
1008,941,0,
1584,814,0,
0,
0,
1242,1387,306,0,
0,
0,
0,
1342,0,
1291,0,
688,726,0,
0,
848,86,0,
1058,551,0,
1140,1637,0,
1060,0,
1548,0,
954,0,
1361,0,
1574,0,
1566,0,
970,0,
847,0,
1601,1262,0,
649,0,
518,0,
0,
0,
0,
740,0,
239,0,
1716,70,0,
0,
1546,0,
0,
566,0,
728,93,1118,887,0,
1018,143,0,
0,
0,
0,
0,
305,1150,0,
0,
273,59,0,
862,0,
1238,0,
1617,850,0,
701,1151,0,
0,
0,
1464,0,
1606,0,
153,331,0,
1597,0,
1534,0,
783,0,
1711,0,
69,0,
603,0,
0,
1164,0,
138,403,0,
1185,1418,0,
1260,0,
0,
0,
0,
166,0,
898,0,
441,674,0,
247,0,
1415,0,
856,365,0,
24,255,0,
0,
390,31,0,
1011,1095,0,
697,0,
27,0,
624,0,
351,0,
0,
267,647,0,
0,
1579,0,
0,
1482,0,
0,
1114,0,
0,
0,
516,981,0,
1153,0,
937,652,1126,0,
525,1015,0,
645,0,
401,1437,0,
0,
1657,882,0,
0,
434,198,0,
1680,0,
921,0,
366,0,
951,0,
532,0,
0,
336,0,
0,
0,
0,
0,
1425,54,0,
866,0,
590,0,
1481,0,
1208,0,
1556,0,
480,1154,0,
948,0,
643,0,
355,0,
843,0,
1526,0,
582,0,
1634,1563,0,
335,0,
0,
1595,0,
1592,1250,0,
1714,0,
462,606,0,
0,
1121,1346,4,0,
1228,0,
0,
929,0,
26,1615,0,
0,
1384,0,
805,0,
1353,0,
1177,188,470,1078,0,
1489,0,
817,0,
0,
116,0,
88,0,
0,
410,0,
0,
1074,0,
0,
408,0,
749,0,
465,0,
320,1401,0,
182,0,
741,0,
0,
1555,0,
237,0,
0,
0,
892,0,
0,
1195,0,
1100,295,0,
658,0,
0,
168,0,
123,0,
761,259,0,
1440,0,
0,
196,0,
0,
0,
0,
1646,0,
1080,0,
0,
0,
0,
1524,0,
1434,1115,1207,0,
0,
766,0,
96,322,0,
257,0,
1082,1298,0,
830,1006,0,
0,
1477,681,1085,0,
1501,0,
0,
0,
0,
0,
1472,388,228,0,
1257,1188,0,
888,1420,0,
0,
0,
0,
605,0,
0,
95,0,
562,1439,0,
884,0,
454,0,
1306,0,
352,1083,1495,0,
0,
0,
0,
1094,0,
0,
0,
0,
0,
1090,0,
1336,0,
889,0,
633,509,0,
0,
0,
773,0,
573,933,0,
1167,0,
100,0,
0,
0,
109,0,
1723,0,
0,
0,
1479,0,
775,839,0,
878,0,
1212,0,
727,0,
747,0,
0,
0,
0,
0,
0,
0,
0,
771,0,
0,
1056,957,0,
461,0,
715,0,
360,1017,0,
1092,583,0,
1718,0,
816,0,
935,0,
0,
0,
0,
1663,0,
618,0,
962,0,
1202,0,
975,0,
682,0,
0,
1468,0,
0,
823,0,
834,0,
491,0,
1178,20,0,
0,
1049,1436,1692,0,
989,0,
83,0,
186,0,
266,0,
1128,0,
1455,0,
0,
1696,0,
1036,0,
1325,0,
971,0,
1426,422,0,
1142,0,
1025,0,
0,
1655,0,
133,0,
0,
1362,0,
512,241,0,
576,1075,638,0,
0,
0,
0,
1610,1365,0,
1117,0,
0,
1129,0,
0,
1419,0,
1681,0,
0,
141,0,
836,0,
1264,1441,0,
0,
671,0,
844,0,
0,
1460,0,
0,
811,0,
0,
0,
224,0,
1689,0,
928,475,0,
1417,1661,0,
1077,0,
524,0,
0,
998,55,0,
1016,49,579,0,
1371,0,
39,0,
960,846,664,857,666,0,
1256,201,0,
0,
187,0,
376,0,
1560,250,950,0,
399,0,
0,
0,
419,0,
689,779,0,
8,0,
1139,0,
1679,0,
1416,1035,0,
1542,559,0,
919,0,
1383,0,
0,
550,0,
1536,0,
1508,0,
0,
433,717,0,
1392,1449,0,
33,0,
720,522,0,
0,
160,0,
1138,0,
1053,477,0,
0,
1690,0,
1216,474,0,
56,0,
0,
147,535,0,
208,739,0,
0,
0,
0,
1237,0,
0,
278,0,
280,815,0,
1314,1562,0,
1132,0,
812,0,
943,0,
0,
1676,0,
0,
0,
553,1028,629,0,
442,1359,0,
1156,1430,1543,0,
1286,0,
0,
1031,0,
533,1603,661,527,0,
0,
537,0,
619,0,
1397,967,0,
0,
0,
0,
0,
1069,0,
446,0,
1445,0,
1478,134,0,
1276,0,
0,
526,0,
963,0,
0,
1414,0,
290,708,0,
795,0,
1169,0,
840,1643,456,0,
0,
1005,0,
997,261,0,
0,
460,502,1671,0,
1313,855,0,
849,0,
1186,986,0,
1375,0,
596,397,0,
178,0,
