224,185,52,200,0,
0,
191,0,
26,4,303,0,
121,22,0,
32,161,220,0,
0,
0,
35,206,0,
11,38,0,
239,127,0,
145,229,0,
0,
44,0,
19,251,0,
289,0,
0,
122,235,0,
100,0,
216,72,0,
42,77,0,
0,
6,0,
97,0,
271,0,
41,114,0,
135,34,215,0,
198,0,
76,0,
74,0,
104,250,0,
65,30,0,
20,15,0,
25,268,117,0,
202,0,
119,0,
259,0,
73,0,
162,91,0,
69,102,295,0,
48,177,0,
243,0,
51,63,0,
0,
0,
138,0,
112,126,0,
0,
92,0,
242,0,
203,0,
55,0,
217,10,129,39,0,
0,
0,
230,0,
123,0,
99,0,
0,
249,0,
174,0,
0,
0,
61,0,
95,0,
282,219,0,
88,0,
56,0,
171,0,
277,47,0,
2,173,0,
59,286,0,
245,0,
58,0,
0,
228,0,
0,
66,0,
16,0,
0,
194,0,
0,
0,
0,
0,
270,0,
0,
240,0,
0,
237,14,31,0,
132,0,
264,0,
101,0,
1,28,0,
0,
0,
290,0,
84,0,
12,0,
0,
297,0,
0,
7,0,
196,85,223,0,
156,0,
273,0,
118,0,
80,175,0,
0,
0,
189,0,
82,0,
172,0,
0,
232,0,
164,0,
0,
298,0,
233,0,
0,
0,
169,0,
0,
0,
62,0,
244,0,
109,0,
236,190,0,
248,0,
24,188,0,
0,
241,0,
257,0,
49,0,
144,60,0,
124,0,
209,131,0,
64,0,
94,0,
0,
116,0,
247,0,
214,0,
293,0,
108,0,
147,261,0,
0,
130,0,
0,
27,255,0,
0,
176,210,0,
0,
0,
0,
265,133,0,
0,
0,
68,246,0,
128,29,0,
154,0,
301,158,0,
105,0,
110,0,
0,
193,238,0,
0,
288,43,0,
280,254,0,
226,0,
192,98,3,0,
0,
0,
113,0,
0,
45,0,
221,0,
120,0,
54,0,
0,
0,
125,0,
0,
0,
199,0,
89,170,5,0,
0,
148,0,
86,0,
0,
160,287,0,
0,
134,0,
197,0,
186,0,
0,
106,141,0,
166,0,
0,
0,
107,33,218,267,0,
0,
157,0,
0,
139,0,
266,269,0,
0,
0,
292,0,
227,0,
285,0,
0,
0,
187,222,0,
0,
299,0,
78,0,
159,284,263,0,
225,283,70,0,
0,
137,0,
0,
260,0,
140,79,0,
256,9,168,279,0,
83,0,
302,0,
296,0,
0,
67,0,
0,
0,
253,0,
0,
0,
152,0,
96,204,0,
281,149,0,
207,0,
163,0,
153,0,
0,
0,
258,0,
0,
0,
146,0,
0,
0,
0,
142,0,
8,262,0,
0,
195,0,
50,13,0,
300,0,
155,165,103,0,
0,
234,0,
0,
0,
0,
183,0,
136,90,213,0,
178,0,
231,0,
275,0,
93,205,111,0,
181,0,
150,0,
0,
57,0,
0,
0,
0,
53,0,
201,0,
75,115,0,
0,
40,37,71,0,
18,143,0,
208,36,0,
212,0,
87,0,
252,0,
182,0,
21,0,
278,0,
211,0,
184,276,0,
272,0,
81,0,
179,0,
0,
0,
46,151,0,
0,
0,
304,294,0,
180,0,
0,
291,167,0,
274,0,
17,23,0,
0,
