18,2,108,175,0,
304,0,
33,292,78,151,0,
0,
0,
27,163,0,
0,
147,0,
0,
0,
213,0,
105,295,0,
250,119,0,
0,
0,
8,0,
0,
88,0,
280,186,63,0,
41,262,0,
43,0,
59,0,
0,
0,
0,
0,
297,227,15,0,
139,135,0,
252,0,
237,199,0,
0,
0,
134,215,0,
285,132,61,0,
136,113,223,0,
17,76,1,0,
104,203,0,
83,0,
0,
209,0,
0,
0,
0,
0,
216,0,
0,
0,
22,0,
96,0,
275,140,0,
94,0,
169,194,0,
98,0,
0,
0,
90,12,0,
0,
51,219,0,
282,0,
154,0,
0,
180,294,0,
192,0,
184,172,0,
138,0,
236,6,0,
187,0,
0,
303,0,
14,0,
211,0,
0,
120,39,0,
0,
121,290,0,
92,0,
242,0,
130,23,0,
177,55,0,
229,31,0,
48,0,
11,114,35,131,0,
0,
0,
288,0,
210,0,
0,
13,0,
0,
165,0,
85,0,
38,0,
0,
19,77,0,
0,
0,
0,
0,
190,0,
82,0,
218,0,
0,
0,
196,0,
91,222,0,
28,0,
271,0,
0,
234,283,260,0,
7,87,0,
0,
0,
157,0,
75,45,0,
251,100,0,
289,0,
80,270,0,
0,
0,
221,0,
268,0,
193,0,
37,0,
0,
226,20,0,
128,0,
149,0,
217,299,93,0,
273,0,
0,
68,0,
160,198,0,
233,0,
64,300,0,
0,
171,0,
89,261,0,
57,36,62,0,
0,
0,
208,146,0,
170,0,
286,0,
30,0,
0,
47,0,
293,0,
245,0,
232,0,
0,
0,
109,3,277,0,
167,0,
101,0,
195,0,
235,197,0,
0,
0,
296,263,0,
0,
200,267,0,
178,0,
0,
123,54,0,
166,0,
0,
161,0,
0,
107,0,
0,
225,0,
0,
112,0,
44,0,
152,144,0,
81,137,124,127,0,
71,0,
66,287,0,
0,
10,279,0,
278,0,
202,0,
0,
174,0,
176,25,0,
206,0,
291,79,0,
191,0,
67,0,
0,
0,
0,
0,
0,
56,0,
244,0,
0,
129,230,0,
24,155,0,
253,0,
205,0,
281,0,
183,0,
58,231,0,
156,0,
0,
0,
73,65,0,
0,
255,0,
106,0,
0,
188,0,
42,0,
0,
162,0,
118,0,
240,99,29,0,
265,0,
224,0,
0,
0,
182,0,
185,258,0,
97,0,
0,
32,122,0,
9,0,
276,0,
0,
269,0,
249,0,
228,0,
0,
34,84,21,0,
159,0,
60,0,
53,0,
189,0,
284,0,
248,50,0,
16,4,0,
0,
168,204,158,0,
201,0,
111,0,
40,0,
0,
46,0,
301,0,
0,
239,0,
0,
0,
272,0,
0,
164,116,0,
0,
150,0,
264,0,
5,246,143,0,
257,0,
117,0,
0,
0,
0,
102,0,
0,
148,0,
0,
220,0,
254,0,
0,
0,
0,
153,0,
0,
179,69,0,
95,0,
70,0,
241,26,0,
0,
103,0,
72,259,0,
0,
141,0,
86,0,
145,173,0,
181,0,
243,0,
212,142,0,
74,52,0,
298,207,0,
247,0,
266,115,0,
238,0,
0,
214,0,
256,302,0,
49,133,0,
110,0,
0,
125,126,0,
274,0,
0,
