69,73,146,88,29,0,
0,
171,252,63,0,
112,0,
181,231,0,
8,43,0,
0,
20,0,
38,0,
294,0,
292,0,
165,0,
0,
256,110,0,
18,46,0,
297,0,
191,0,
34,19,13,0,
6,0,
189,62,0,
0,
250,4,125,0,
0,
194,90,0,
0,
248,134,0,
58,158,0,
301,0,
0,
232,86,21,150,0,
60,78,0,
0,
172,0,
7,0,
27,103,0,
200,32,0,
300,102,0,
128,3,0,
281,75,0,
0,
0,
136,0,
257,0,
42,0,
116,0,
11,0,
0,
0,
182,0,
108,36,0,
161,185,33,0,
89,180,0,
0,
16,0,
0,
0,
213,0,
0,
64,173,0,
203,0,
65,217,0,
0,
193,0,
120,31,0,
187,285,0,
235,0,
215,167,0,
0,
0,
298,164,276,271,0,
0,
80,0,
96,126,0,
91,115,50,101,0,
0,
70,0,
162,246,0,
153,254,0,
245,0,
175,0,
82,0,
0,
99,0,
0,
280,0,
0,
152,84,0,
0,
2,148,93,0,
224,0,
168,0,
264,210,76,0,
242,68,0,
94,23,0,
208,109,0,
296,0,
228,0,
0,
0,
239,0,
140,0,
10,37,14,0,
119,0,
258,0,
24,0,
211,0,
226,0,
0,
174,0,
79,0,
72,170,0,
0,
0,
95,0,
169,0,
291,59,71,0,
0,
156,0,
0,
0,
0,
157,0,
241,0,
240,0,
0,
28,214,0,
268,0,
54,0,
0,
1,151,0,
0,
267,0,
286,183,0,
81,0,
61,0,
0,
0,
100,229,0,
149,0,
0,
0,
160,233,0,
259,0,
288,202,0,
0,
0,
17,282,159,0,
0,
304,129,277,0,
0,
48,92,0,
15,0,
107,0,
176,0,
0,
0,
261,0,
74,0,
122,197,0,
25,35,132,0,
195,287,0,
184,138,0,
186,266,260,0,
293,0,
51,236,45,0,
0,
0,
52,0,
263,0,
130,0,
0,
199,0,
0,
98,302,0,
262,0,
0,
0,
0,
207,0,
123,0,
143,295,0,
0,
0,
265,137,0,
22,0,
163,247,0,
206,0,
243,0,
147,0,
237,0,
278,0,
0,
0,
0,
83,0,
0,
0,
216,0,
0,
0,
275,0,
196,0,
0,
0,
220,0,
0,
0,
144,0,
269,0,
0,
53,142,0,
192,0,
244,0,
0,
0,
238,0,
0,
272,0,
0,
0,
0,
0,
0,
0,
205,0,
198,0,
177,0,
0,
227,0,
218,0,
0,
124,0,
179,30,0,
225,0,
0,
0,
121,251,0,
0,
190,0,
0,
249,0,
0,
273,0,
0,
145,0,
0,
105,212,303,0,
274,0,
67,0,
289,0,
56,0,
40,0,
178,255,0,
113,0,
154,0,
12,0,
39,0,
139,0,
0,
44,133,0,
188,0,
221,0,
299,0,
222,0,
230,0,
106,279,0,
219,0,
0,
0,
131,0,
204,0,
66,5,0,
97,0,
0,
111,0,
0,
41,117,0,
118,127,0,
87,0,
0,
283,0,
155,0,
49,26,57,0,
0,
0,
135,0,
114,77,0,
223,0,
234,0,
0,
0,
104,253,0,
55,0,
47,0,
0,
166,0,
0,
85,0,
9,141,0,
0,
201,270,0,
0,
290,0,
209,0,
284,0,
