232,98,22,31,0,
0,
0,
289,0,
272,0,
0,
304,0,
0,
126,0,
193,27,278,0,
0,
1,6,0,
0,
24,0,
12,0,
19,23,0,
10,0,
123,13,159,0,
0,
7,0,
253,0,
32,0,
275,59,108,28,0,
212,0,
156,0,
8,11,93,0,
149,0,
237,270,0,
45,157,303,0,
16,0,
2,286,0,
17,131,204,9,0,
0,
288,66,0,
178,39,0,
174,295,0,
82,266,0,
299,0,
301,0,
252,0,
0,
208,135,0,
0,
264,287,0,
210,292,118,0,
48,163,231,0,
0,
0,
112,75,0,
0,
92,0,
95,0,
173,0,
60,0,
249,0,
65,0,
216,0,
260,269,0,
0,
121,267,63,0,
138,0,
0,
0,
203,76,0,
0,
199,0,
177,226,0,
222,0,
200,0,
122,0,
116,0,
280,0,
81,0,
3,29,0,
141,0,
113,0,
132,0,
69,134,0,
5,79,0,
72,0,
164,0,
0,
158,0,
188,215,0,
274,114,0,
110,0,
0,
284,0,
239,0,
46,0,
80,0,
0,
195,0,
18,21,0,
271,119,0,
189,0,
207,0,
107,0,
73,25,196,209,0,
153,67,0,
236,0,
26,103,0,
297,74,0,
105,0,
124,20,0,
183,0,
0,
0,
57,137,44,0,
115,0,
128,0,
211,0,
152,244,0,
277,0,
0,
91,0,
0,
145,0,
290,0,
0,
263,0,
52,38,0,
0,
43,35,181,0,
194,0,
120,291,0,
40,0,
0,
0,
182,0,
0,
84,78,0,
0,
0,
0,
171,0,
185,0,
56,151,0,
0,
296,230,0,
0,
0,
0,
37,54,0,
294,0,
0,
162,0,
0,
147,0,
0,
0,
220,0,
155,0,
225,0,
298,285,0,
268,0,
257,0,
184,139,0,
227,0,
68,0,
90,34,0,
148,0,
168,0,
77,175,0,
302,0,
246,0,
0,
0,
0,
144,111,0,
0,
0,
0,
279,0,
64,0,
205,0,
0,
0,
142,0,
255,0,
0,
136,0,
0,
0,
62,0,
0,
165,0,
127,0,
0,
97,0,
217,300,0,
256,169,0,
160,99,85,0,
258,0,
262,0,
0,
71,190,191,0,
283,0,
104,15,0,
0,
0,
0,
176,0,
214,0,
50,251,30,0,
0,
0,
150,0,
172,0,
83,4,14,0,
201,0,
140,0,
224,0,
259,0,
0,
254,0,
0,
170,0,
245,0,
33,154,0,
0,
47,0,
282,0,
240,0,
0,
58,0,
106,0,
0,
101,213,0,
273,0,
0,
96,293,0,
192,219,228,198,0,
0,
0,
0,
167,0,
202,0,
0,
0,
234,0,
0,
206,0,
0,
0,
42,0,
0,
0,
0,
281,0,
0,
86,0,
0,
0,
0,
0,
250,0,
0,
100,0,
129,0,
229,0,
0,
247,0,
130,0,
243,0,
179,0,
166,0,
186,53,0,
0,
61,0,
125,0,
248,0,
88,0,
0,
49,0,
41,36,143,0,
265,223,0,
0,
109,87,0,
0,
133,0,
0,
0,
0,
146,0,
218,221,0,
197,0,
70,0,
117,0,
0,
233,180,0,
161,242,0,
51,276,0,
241,0,
261,0,
0,
55,0,
235,0,
89,187,0,
0,
238,0,
0,
0,
102,94,0,
0,
