6,205,110,207,758,0,
12,0,
649,412,102,0,
848,0,
8,0,
0,
584,273,741,47,0,
151,0,
557,0,
898,0,
0,
523,0,
0,
0,
841,145,0,
0,
320,263,0,
0,
0,
82,140,0,
888,697,603,14,0,
447,0,
51,0,
285,0,
457,0,
293,0,
0,
184,292,38,0,
0,
30,0,
277,0,
0,
274,0,
0,
440,54,0,
385,0,
120,0,
0,
196,220,0,
473,0,
106,422,0,
642,631,0,
0,
768,114,0,
505,238,49,0,
80,289,226,40,0,
309,0,
897,258,283,886,0,
503,0,
722,291,0,
299,0,
0,
128,0,
863,0,
734,0,
172,0,
115,278,0,
0,
620,0,
0,
101,0,
0,
0,
595,470,0,
881,826,0,
696,0,
471,0,
833,36,0,
0,
0,
386,715,0,
568,141,0,
0,
162,0,
438,55,0,
911,0,
0,
157,0,
65,743,607,0,
0,
152,654,0,
549,0,
592,0,
87,0,
908,0,
131,195,0,
69,0,
0,
416,0,
665,0,
619,0,
723,132,0,
0,
375,0,
0,
281,34,468,0,
182,0,
616,0,
249,0,
0,
746,0,
467,0,
802,429,0,
352,0,
192,0,
0,
414,0,
855,0,
104,662,0,
252,894,0,
206,786,20,27,191,0,
625,0,
0,
618,0,
801,0,
68,0,
0,
0,
0,
744,253,0,
163,0,
0,
905,213,0,
395,0,
641,75,0,
0,
121,698,0,
0,
0,
201,678,0,
738,0,
431,0,
61,0,
694,0,
0,
48,9,53,0,
0,
0,
857,210,0,
0,
295,0,
545,0,
643,0,
135,622,727,0,
239,0,
129,380,0,
347,0,
125,0,
107,0,
334,0,
0,
0,
296,637,0,
448,109,823,0,
137,0,
0,
1,810,0,
0,
632,435,0,
236,797,0,
0,
713,0,
0,
0,
245,0,
650,581,0,
0,
0,
798,0,
681,306,0,
604,0,
0,
0,
0,
860,343,0,
655,0,
168,0,
223,0,
674,331,661,0,
0,
0,
89,411,0,
0,
792,301,270,0,
74,750,0,
10,0,
0,
909,0,
0,
901,0,
866,0,
498,506,749,0,
0,
0,
814,0,
707,0,
476,500,0,
0,
705,244,0,
580,0,
363,846,0,
262,0,
161,0,
589,638,0,
0,
44,143,303,369,436,0,
633,338,294,610,0,
418,834,483,842,178,0,
0,
0,
499,0,
588,0,
333,0,
733,0,
134,0,
360,571,100,0,
475,815,0,
434,0,
404,0,
194,0,
148,653,0,
745,0,
0,
388,0,
218,199,0,
689,478,0,
526,735,0,
782,0,
873,0,
577,538,0,
454,0,
0,
659,0,
890,658,0,
569,0,
0,
0,
882,259,212,0,
400,255,119,0,
690,0,
308,0,
718,0,
288,315,0,
541,0,
313,0,
0,
615,0,
720,0,
843,0,
0,
326,0,
0,
824,397,0,
692,0,
0,
279,0,
445,0,
349,0,
64,329,70,0,
532,845,0,
787,0,
490,0,
0,
850,0,
11,583,0,
0,
0,
0,
0,
502,0,
784,578,0,
531,0,
821,830,0,
771,174,598,95,0,
0,
844,0,
0,
0,
0,
0,
257,133,0,
747,495,0,
635,0,
518,7,0,
319,0,
0,
851,0,
332,0,
0,
442,0,
591,0,
32,99,0,
608,368,0,
0,
177,158,0,
348,0,
0,
0,
217,799,0,
446,0,
507,0,
240,691,0,
776,0,
233,124,78,0,
314,0,
171,0,
276,0,
788,0,
684,0,
0,
246,0,
0,
216,767,0,
0,
660,0,
42,0,
825,0,
433,0,
816,461,0,
0,
537,0,
0,
166,0,
0,
335,0,
0,
593,449,0,
211,0,
0,
827,181,0,
354,0,
836,765,0,
573,0,
0,
579,0,
0,
859,0,
406,175,0,
896,63,0,
0,
849,0,
871,0,
318,487,0,
28,0,
387,0,
321,0,
0,
0,
0,
590,0,
0,
0,
0,
0,
0,
372,0,
79,0,
396,0,
693,0,
41,398,0,
539,287,0,
0,
302,0,
742,0,
0,
60,493,0,
0,
0,
492,357,0,
780,813,359,0,
351,0,
284,0,
364,0,
484,0,
891,0,
0,
18,0,
430,0,
0,
725,0,
103,0,
324,0,
344,646,0,
227,0,
0,
902,0,
764,903,0,
0,
0,
116,0,
624,732,0,
266,0,
721,142,0,
0,
832,0,
0,
0,
0,
553,517,0,
81,789,0,
272,695,0,
630,0,
0,
428,0,
0,
0,
379,647,0,
804,190,0,
0,
0,
0,
98,0,
675,597,0,
704,459,0,
688,0,
265,0,
562,0,
509,0,
680,822,71,0,
0,
754,0,
819,389,0,
378,0,
251,22,0,
4,29,0,
0,
501,0,
651,0,
0,
795,108,629,0,
361,0,
0,
760,710,0,
267,0,
0,
268,0,
312,264,586,0,
0,
0,
224,250,0,
883,0,
77,0,
915,0,
403,671,0,
899,0,
0,
0,
0,
96,21,0,
479,0,
419,0,
0,
117,0,
525,0,
0,
775,0,
900,462,0,
0,
0,
761,0,
0,
542,0,
790,0,
33,0,
0,
0,
0,
0,
37,0,
486,0,
491,0,
779,0,
0,
0,
0,
0,
322,0,
682,683,0,
444,0,
0,
463,0,
0,
809,0,
601,558,895,0,
783,0,
854,0,
611,0,
817,0,
420,0,
0,
0,
0,
59,0,
0,
0,
666,0,
759,0,
234,0,
839,751,0,
0,
706,0,
0,
0,
0,
600,409,0,
393,877,183,0,
242,835,726,0,
0,
373,0,
731,0,
0,
0,
670,0,
0,
711,0,
0,
62,0,
880,0,
596,0,
286,39,0,
0,
0,
0,
0,
427,0,
0,
874,0,
0,
187,0,
46,0,
0,
852,0,
623,0,
656,327,0,
186,0,
892,0,
367,159,0,
0,
358,0,
548,0,
0,
0,
466,0,
0,
753,0,
0,
512,455,0,
808,800,885,701,0,
716,0,
0,
904,0,
803,0,
644,0,
0,
0,
565,0,
84,0,
0,
86,23,0,
31,0,
664,0,
812,0,
0,
243,260,0,
818,85,126,0,
0,
208,0,
570,341,0,
566,0,
0,
0,
762,755,0,
865,0,
0,
0,
672,231,0,
311,0,
188,0,
150,0,
0,
0,
269,0,
0,
858,0,
153,626,831,0,
481,0,
426,355,0,
599,0,
0,
554,0,
0,
717,0,
346,0,
712,0,
522,0,
336,0,
0,
437,614,0,
200,519,0,
0,
0,
185,170,0,
872,480,0,
25,563,0,
0,
652,0,
73,241,0,
316,230,0,
441,66,0,
494,847,0,
889,575,0,
0,
913,0,
636,0,
657,0,
530,0,
676,0,
0,
0,
0,
0,
173,247,0,
382,111,0,
0,
197,0,
235,0,
67,556,421,0,
0,
0,
280,221,0,
0,
179,0,
0,
508,365,0,
297,0,
350,0,
0,
663,0,
52,0,
317,214,0,
482,0,
147,0,
907,0,
0,
0,
394,453,0,
914,0,
574,0,
384,0,
496,24,0,
402,0,
709,0,
0,
146,685,0,
828,687,0,
0,
415,0,
805,0,
219,485,0,
0,
0,
305,413,0,
204,0,
0,
0,
189,0,
869,0,
594,0,
0,
0,
861,0,
0,
155,0,
345,474,0,
785,774,0,
540,639,0,
0,
105,0,
627,0,
0,
488,56,0,
26,0,
410,0,
339,0,
254,0,
139,0,
180,0,
887,0,
0,
15,0,
0,
391,0,
0,
0,
0,
90,0,
511,0,
514,781,399,0,
57,0,
0,
668,0,
377,271,0,
130,362,0,
0,
0,
0,
520,0,
837,0,
452,551,0,
0,
752,340,0,
328,0,
0,
0,
856,793,567,0,
275,374,0,
0,
628,0,
794,0,
544,83,0,
0,
811,0,
13,686,0,
756,0,
215,203,165,439,0,
0,
160,0,
456,645,0,
504,3,472,0,
0,
97,458,0,
0,
510,0,
0,
451,0,
330,0,
0,
0,
0,
164,0,
796,0,
169,714,564,878,0,
0,
807,0,
560,0,
366,0,
0,
737,0,
0,
769,757,702,0,
118,550,0,
261,862,0,
0,
0,
0,
307,0,
0,
613,0,
2,547,724,45,0,
576,93,0,
401,555,0,
0,
282,0,
870,0,
256,0,
193,667,0,
232,0,
552,0,
853,0,
300,383,0,
0,
225,138,0,
0,
677,0,
477,766,0,
605,0,
0,
772,5,0,
770,0,
0,
122,906,0,
176,612,0,
0,
0,
353,0,
298,76,0,
156,602,876,0,
0,
0,
450,0,
0,
0,
497,371,0,
136,561,0,
0,
405,149,0,
513,0,
534,0,
0,
867,0,
229,879,0,
829,0,
16,0,
0,
325,0,
0,
0,
222,0,
528,740,0,
0,
679,0,
515,0,
0,
673,91,0,
0,
92,0,
748,0,
669,0,
144,773,0,
763,0,
739,0,
167,0,
777,202,310,0,
559,0,
0,
875,0,
248,910,0,
94,0,
838,0,
0,
112,0,
621,407,0,
527,0,
535,0,
432,237,728,0,
381,0,
708,582,0,
0,
0,
417,290,0,
617,0,
820,469,0,
424,19,572,893,0,
521,0,
408,0,
323,0,
0,
700,0,
0,
0,
465,0,
209,0,
0,
868,0,
791,0,
0,
35,356,0,
0,
127,0,
0,
425,0,
0,
884,0,
0,
489,0,
840,703,0,
0,
0,
806,0,
0,
0,
729,0,
736,123,0,
912,0,
543,0,
0,
536,337,0,
50,43,533,0,
376,609,606,0,
370,228,0,
0,
699,0,
640,0,
0,
0,
443,516,0,
730,390,423,0,
0,
546,524,342,0,
464,585,0,
113,58,0,
0,
0,
88,0,
17,0,
304,529,0,
154,0,
392,198,719,0,
0,
0,
778,0,
0,
0,
72,0,
0,
460,0,
648,864,0,
0,
0,
0,
634,0,
587,0,
0,
0,
0,
0,
