356,676,236,313,378,0,
186,2,0,
98,0,
24,551,791,0,
82,765,214,286,0,
481,189,0,
300,0,
225,862,279,0,
420,0,
617,0,
410,0,
0,
32,713,426,0,
566,693,638,135,0,
914,339,0,
0,
860,53,870,0,
0,
737,0,
769,0,
0,
79,0,
131,0,
0,
675,22,0,
0,
657,590,0,
106,0,
0,
61,0,
697,39,0,
54,0,
394,461,0,
0,
763,907,78,0,
518,0,
0,
46,0,
85,463,0,
190,0,
0,
11,20,0,
755,525,183,0,
641,3,12,297,0,
896,16,322,475,0,
129,338,465,710,0,
0,
708,0,
56,110,167,0,
897,571,0,
0,
242,900,0,
0,
400,281,0,
557,0,
0,
643,287,0,
0,
383,0,
0,
0,
0,
515,0,
0,
0,
0,
776,0,
832,0,
170,0,
282,0,
687,0,
407,0,
0,
642,0,
0,
107,0,
842,0,
0,
51,586,867,0,
505,0,
132,0,
227,0,
146,724,0,
89,0,
0,
97,434,0,
100,487,0,
743,0,
671,0,
0,
130,10,0,
0,
668,0,
0,
0,
768,193,546,156,0,
112,0,
471,0,
0,
891,0,
153,868,0,
0,
854,0,
833,177,0,
8,754,0,
0,
0,
0,
882,0,
240,197,0,
588,0,
272,474,253,527,0,
0,
578,695,0,
28,87,0,
0,
0,
0,
0,
665,450,0,
402,0,
508,0,
532,0,
0,
0,
731,0,
618,526,0,
235,0,
203,0,
584,41,423,0,
579,0,
0,
0,
145,0,
144,0,
739,316,199,0,
0,
0,
0,
0,
139,0,
27,163,0,
727,0,
898,109,550,0,
698,0,
0,
473,637,0,
0,
861,142,0,
0,
504,1,347,0,
653,0,
688,194,47,0,
538,0,
308,0,
288,911,0,
298,148,158,0,
128,753,0,
667,773,0,
535,0,
736,0,
792,0,
0,
0,
0,
728,192,0,
0,
495,335,0,
488,0,
238,0,
0,
0,
0,
889,0,
514,0,
0,
0,
101,0,
105,564,0,
73,209,251,0,
0,
721,0,
0,
120,66,0,
758,0,
692,0,
93,0,
0,
0,
94,0,
0,
284,0,
472,0,
819,430,399,0,
354,627,0,
781,543,0,
865,0,
887,0,
0,
498,573,0,
306,0,
136,59,0,
326,0,
0,
0,
223,0,
0,
745,0,
0,
825,299,0,
0,
0,
838,0,
248,14,783,0,
219,244,646,0,
0,
673,0,
96,689,0,
274,759,0,
431,0,
0,
382,0,
0,
0,
807,0,
801,0,
360,443,0,
0,
277,0,
0,
185,469,0,
690,0,
0,
0,
304,0,
147,0,
345,418,4,111,0,
0,
0,
806,0,
757,0,
291,213,622,583,0,
0,
544,0,
83,502,0,
858,0,
0,
0,
362,0,
0,
735,0,
428,0,
795,804,165,0,
441,262,0,
880,720,0,
537,0,
352,0,
0,
123,0,
0,
60,0,
0,
732,0,
539,0,
712,490,349,0,
122,0,
80,548,0,
392,580,663,0,
541,0,
0,
91,35,0,
893,0,
785,293,334,0,
404,0,
0,
486,30,0,
364,0,
320,0,
0,
816,0,
0,
348,0,
0,
705,0,
0,
0,
772,830,0,
630,0,
589,0,
817,363,0,
0,
275,651,342,0,
715,0,
818,0,
0,
198,0,
0,
114,470,0,
256,718,0,
204,0,
0,
58,524,0,
0,
572,0,
249,0,
0,
0,
0,
0,
182,0,
0,
81,69,0,
0,
751,636,350,95,0,
0,
530,826,0,
317,343,0,
484,0,
650,77,0,
0,
0,
371,0,
608,741,0,
0,
512,711,0,
211,0,
0,
220,0,
372,0,
520,639,0,
55,0,
422,0,
151,303,0,
701,0,
102,263,0,
686,0,
442,429,0,
200,0,
601,155,0,
640,0,
0,
634,885,318,0,
905,226,0,
173,0,
883,835,0,
576,329,803,780,0,
811,0,
545,523,446,0,
0,
380,0,
48,42,373,511,0,
0,
0,
809,0,
0,
172,0,
241,419,43,45,0,
234,491,0,
0,
379,0,
0,
324,821,103,0,
802,0,
0,
0,
597,0,
218,509,0,
814,0,
644,0,
0,
0,
0,
847,0,
614,0,
321,0,
625,260,0,
0,
401,678,0,
34,150,782,391,0,
358,0,
0,
222,0,
0,
0,
0,
549,0,
0,
0,
628,406,0,
0,
915,0,
797,437,143,0,
243,726,0,
827,0,
0,
864,0,
616,565,0,
169,0,
615,0,
613,661,0,
0,
0,
0,
23,0,
0,
0,
0,
0,
0,
0,
0,
0,
65,0,
872,117,0,
632,0,
9,259,0,
554,231,0,
0,
264,90,648,0,
656,267,38,7,0,
0,
812,0,
0,
878,0,
0,
0,
853,0,
233,0,
729,0,
331,0,
365,894,0,
271,0,
876,0,
0,
232,0,
0,
496,207,0,
344,26,836,0,
0,
796,0,
0,
629,0,
610,0,
84,0,
606,0,
330,501,0,
577,21,0,
852,0,
0,
0,
901,0,
0,
0,
0,
0,
702,0,
0,
568,0,
206,0,
808,254,230,0,
612,0,
0,
570,159,0,
432,455,0,
0,
888,49,706,0,
595,0,
449,0,
906,519,0,
674,0,
181,903,0,
0,
0,
0,
762,355,0,
178,559,0,
714,50,0,
370,0,
0,
0,
168,301,599,0,
15,0,
310,0,
856,276,0,
0,
0,
88,793,0,
296,685,0,
166,0,
0,
464,257,0,
466,0,
840,533,0,
0,
0,
351,0,
682,884,0,
57,0,
734,0,
493,0,
327,0,
64,0,
0,
68,725,0,
104,476,228,0,
0,
0,
152,336,179,0,
0,
280,215,0,
0,
794,436,631,0,
414,0,
890,0,
0,
0,
0,
0,
0,
424,0,
353,700,0,
295,0,
0,
17,75,0,
411,0,
121,0,
0,
696,239,0,
0,
0,
273,0,
605,0,
0,
788,0,
246,0,
346,0,
0,
0,
0,
0,
113,270,0,
0,
0,
722,0,
0,
19,845,0,
778,694,0,
309,397,0,
0,
0,
67,92,0,
37,0,
0,
452,0,
866,0,
585,0,
892,0,
0,
666,908,733,0,
744,717,0,
0,
0,
0,
0,
36,0,
600,0,
315,357,0,
522,0,
0,
0,
187,460,0,
810,0,
0,
164,0,
0,
681,0,
416,603,0,
33,0,
175,0,
0,
874,902,0,
0,
680,86,366,0,
770,468,375,0,
302,398,0,
425,0,
18,0,
0,
340,0,
0,
451,0,
0,
886,0,
0,
899,292,0,
0,
662,0,
529,0,
387,0,
760,652,0,
0,
477,390,0,
71,0,
258,879,0,
0,
0,
0,
831,0,
822,0,
312,786,0,
719,0,
684,0,
0,
574,0,
0,
0,
184,0,
0,
0,
0,
457,0,
283,0,
141,742,311,0,
619,0,
0,
542,0,
0,
0,
0,
626,0,
0,
221,205,0,
0,
0,
99,0,
149,0,
361,459,775,799,0,
0,
328,609,126,0,
881,562,0,
0,
602,445,31,0,
369,0,
421,0,
0,
536,0,
820,750,0,
913,0,
201,877,0,
654,0,
417,0,
553,367,0,
723,0,
0,
0,
740,6,0,
265,829,0,
479,0,
395,0,
0,
863,0,
592,0,
0,
560,749,0,
0,
855,0,
513,307,0,
202,0,
0,
160,635,0,
0,
0,
0,
63,0,
0,
0,
582,44,13,507,767,0,
0,
0,
0,
108,655,0,
0,
0,
774,0,
0,
0,
857,0,
376,0,
224,805,0,
294,0,
0,
138,0,
0,
594,396,374,0,
381,621,0,
0,
730,188,0,
510,0,
0,
337,823,0,
587,0,
435,0,
0,
824,0,
0,
0,
478,0,
500,703,0,
0,
0,
761,266,555,0,
748,567,0,
777,52,0,
658,154,0,
137,0,
679,0,
72,0,
0,
704,0,
0,
623,0,
0,
0,
0,
489,0,
0,
0,
0,
453,0,
0,
563,0,
389,0,
0,
433,659,0,
0,
849,0,
0,
0,
0,
140,0,
837,0,
403,62,0,
76,70,0,
0,
0,
0,
834,74,0,
386,0,
0,
176,0,
851,0,
480,252,341,0,
323,0,
771,0,
0,
569,611,0,
561,0,
405,0,
0,
290,0,
677,0,
29,245,0,
161,0,
332,5,0,
633,0,
746,191,0,
789,0,
859,699,540,0,
912,904,119,0,
0,
521,669,0,
846,0,
125,127,0,
873,0,
0,
483,134,503,0,
516,0,
494,0,
268,133,0,
0,
217,747,766,0,
528,0,
547,157,462,0,
598,0,
0,
196,596,0,
848,0,
620,660,0,
409,0,
506,0,
0,
162,0,
0,
517,0,
683,0,
412,0,
115,0,
250,844,0,
0,
195,492,558,0,
210,0,
790,0,
0,
216,841,0,
497,575,0,
427,0,
385,0,
670,0,
333,388,813,0,
0,
261,0,
0,
0,
444,0,
0,
0,
0,
0,
909,0,
368,0,
0,
910,447,0,
448,0,
482,0,
784,0,
556,0,
124,0,
0,
305,0,
647,439,0,
325,0,
0,
0,
247,0,
779,0,
591,0,
212,174,0,
0,
0,
454,0,
499,467,0,
285,0,
0,
764,0,
359,0,
709,0,
0,
208,0,
0,
0,
0,
456,0,
581,0,
171,0,
0,
0,
593,0,
0,
0,
787,707,0,
691,0,
458,0,
116,0,
869,0,
0,
0,
664,0,
118,895,0,
0,
0,
314,180,0,
604,0,
408,0,
672,0,
0,
0,
0,
25,255,0,
815,0,
552,0,
237,0,
875,0,
40,0,
738,0,
440,0,
828,229,0,
0,
0,
752,384,0,
0,
0,
0,
0,
0,
269,0,
798,0,
289,413,0,
278,0,
531,843,0,
645,0,
485,0,
0,
319,0,
0,
607,0,
649,716,0,
393,871,0,
377,415,0,
839,0,
0,
624,0,
800,0,
756,534,0,
438,0,
850,0,
0,
