101,17,341,347,668,0,
256,759,247,0,
818,829,0,
691,0,
41,796,0,
810,491,0,
885,30,0,
35,0,
672,593,11,0,
612,286,0,
680,892,574,615,0,
91,775,0,
464,0,
22,0,
907,39,0,
268,0,
0,
867,201,655,532,248,0,
244,0,
0,
718,0,
839,0,
0,
66,86,55,0,
486,0,
611,518,0,
51,0,
776,589,0,
460,631,0,
34,4,6,0,
100,0,
194,603,0,
870,0,
713,0,
25,722,0,
652,0,
681,0,
0,
606,334,95,0,
133,0,
0,
20,0,
487,0,
827,0,
7,0,
834,13,0,
472,586,659,0,
140,0,
781,0,
215,0,
200,0,
0,
811,735,0,
0,
0,
687,0,
560,0,
189,0,
203,0,
103,790,670,551,0,
33,37,0,
371,0,
280,627,694,0,
869,0,
377,202,0,
699,0,
595,447,0,
417,171,0,
337,897,52,38,0,
792,619,0,
313,756,0,
56,0,
184,361,362,0,
0,
88,0,
583,0,
857,74,0,
0,
193,0,
728,567,0,
543,0,
0,
0,
180,0,
0,
80,507,0,
715,797,0,
0,
210,327,0,
0,
778,0,
0,
251,0,
490,0,
348,0,
408,71,0,
0,
269,166,0,
0,
523,15,0,
104,0,
864,636,62,559,0,
821,366,0,
498,58,846,0,
0,
537,876,0,
648,0,
152,0,
0,
632,882,138,0,
0,
424,772,0,
0,
336,673,0,
0,
233,492,0,
0,
249,0,
0,
0,
409,50,0,
129,0,
0,
73,0,
800,483,0,
137,0,
533,444,85,0,
36,358,0,
489,742,0,
0,
0,
894,0,
576,0,
241,0,
304,0,
204,0,
579,0,
645,0,
816,186,0,
400,257,0,
307,0,
54,0,
97,187,117,0,
302,0,
0,
0,
496,165,0,
208,105,436,0,
836,0,
708,684,887,0,
262,279,0,
0,
512,0,
634,0,
848,64,0,
0,
114,0,
0,
688,474,0,
908,686,0,
0,
548,0,
402,0,
0,
0,
443,0,
888,0,
99,47,0,
0,
0,
542,0,
850,374,0,
767,0,
291,0,
177,0,
53,0,
0,
0,
0,
705,0,
591,0,
0,
299,0,
281,0,
65,305,0,
730,0,
453,0,
666,563,0,
0,
696,682,0,
0,
160,0,
794,0,
0,
766,0,
528,0,
0,
119,0,
324,0,
0,
426,0,
380,373,701,0,
0,
394,0,
0,
0,
663,0,
176,0,
339,0,
0,
585,0,
0,
0,
123,469,0,
237,0,
192,0,
785,499,31,0,
826,703,0,
0,
132,0,
0,
0,
218,0,
685,0,
0,
150,335,0,
466,0,
901,0,
0,
508,0,
364,0,
0,
144,0,
265,0,
308,0,
0,
566,0,
344,0,
780,0,
872,67,0,
601,297,0,
0,
823,0,
0,
553,0,
322,454,0,
0,
584,5,0,
124,500,46,564,0,
0,
266,0,
0,
0,
0,
479,0,
808,828,0,
9,229,0,
738,0,
873,267,0,
387,0,
263,0,
0,
439,0,
0,
0,
0,
0,
840,757,0,
0,
0,
504,729,429,0,
277,0,
238,0,
635,646,0,
110,0,
0,
786,0,
197,0,
760,0,
405,0,
191,60,695,0,
0,
0,
141,0,
578,906,0,
0,
657,0,
135,0,
0,
465,0,
747,0,
0,
0,
0,
624,283,0,
125,159,0,
903,0,
862,0,
250,0,
0,
677,0,
441,0,
0,
183,0,
0,
427,0,
178,0,
860,0,
416,12,0,
0,
556,845,0,
607,0,
445,0,
804,0,
838,0,
360,0,
42,739,0,
89,0,
57,822,0,
3,44,0,
0,
748,0,
179,359,0,
0,
0,
516,0,
0,
675,0,
851,0,
0,
0,
644,0,
0,
0,
693,303,0,
853,182,0,
494,0,
128,764,654,0,
385,886,0,
520,0,
844,0,
68,76,109,495,540,0,
458,0,
784,0,
0,
0,
471,0,
1,450,482,712,59,0,
434,0,
832,0,
891,0,
544,0,
536,879,0,
473,0,
594,284,102,0,
333,0,
734,0,
332,0,
622,0,
397,0,
0,
388,749,0,
524,470,0,
0,
0,
0,
157,0,
539,213,0,
689,0,
288,0,
24,0,
81,0,
0,
614,791,0,
457,0,
0,
0,
910,0,
433,0,
488,825,0,
158,167,0,
0,
0,
0,
240,391,0,
640,0,
609,0,
477,0,
763,0,
383,0,
577,724,0,
321,605,0,
807,0,
0,
0,
642,628,0,
599,0,
0,
813,0,
0,
156,575,0,
531,419,0,
0,
145,0,
0,
847,0,
378,175,0,
895,0,
121,346,0,
329,0,
750,0,
0,
296,0,
0,
709,0,
0,
815,0,
368,0,
306,0,
116,0,
0,
762,0,
0,
820,0,
608,0,
352,643,0,
0,
382,0,
32,793,0,
26,0,
717,0,
737,0,
0,
87,0,
0,
0,
904,798,0,
0,
259,837,0,
497,0,
751,0,
211,0,
0,
841,674,0,
639,69,111,0,
0,
692,311,0,
515,0,
0,
77,0,
45,909,438,0,
0,
0,
702,0,
866,893,0,
809,0,
0,
0,
569,0,
561,0,
0,
196,0,
221,0,
0,
0,
899,0,
0,
0,
0,
0,
554,0,
96,0,
557,342,0,
720,0,
755,0,
690,550,0,
525,222,0,
0,
0,
0,
716,0,
630,0,
401,787,805,70,0,
418,878,0,
0,
431,0,
0,
0,
710,0,
0,
0,
18,861,0,
545,0,
172,316,0,
0,
428,149,142,0,
289,0,
0,
896,900,0,
779,597,0,
769,534,255,0,
0,
0,
727,0,
82,0,
0,
448,0,
706,858,0,
43,455,0,
799,0,
0,
0,
0,
0,
0,
0,
0,
0,
753,0,
0,
0,
868,0,
0,
323,0,
736,0,
309,0,
0,
535,0,
168,0,
617,549,0,
0,
185,740,0,
72,354,147,384,0,
819,843,21,0,
616,462,0,
0,
874,547,0,
0,
596,0,
771,0,
258,2,319,0,
660,0,
0,
0,
0,
0,
392,651,0,
0,
665,0,
880,298,0,
641,0,
801,148,0,
621,0,
0,
363,0,
0,
833,338,0,
592,0,
501,0,
425,146,883,0,
0,
0,
0,
0,
856,113,476,0,
626,0,
510,0,
0,
0,
0,
84,0,
714,0,
774,0,
340,0,
75,139,0,
320,0,
463,0,
61,0,
752,0,
0,
290,198,0,
902,0,
136,355,0,
410,403,0,
407,0,
806,0,
745,571,0,
0,
0,
195,343,0,
795,0,
0,
0,
40,0,
661,0,
396,0,
0,
723,0,
63,0,
0,
552,620,0,
538,0,
0,
411,0,
662,855,0,
707,0,
475,406,0,
0,
143,0,
0,
345,0,
0,
389,94,0,
744,849,0,
272,236,0,
824,234,726,0,
588,0,
325,0,
915,295,0,
372,0,
733,0,
0,
0,
698,0,
386,0,
0,
0,
761,395,604,0,
369,0,
0,
0,
587,0,
711,0,
0,
884,0,
130,0,
600,8,318,0,
435,0,
326,0,
106,765,0,
0,
0,
768,0,
521,0,
0,
0,
155,0,
0,
789,0,
278,0,
415,0,
459,0,
0,
292,0,
721,503,0,
154,127,239,0,
0,
558,398,0,
913,0,
92,758,0,
0,
854,0,
679,0,
0,
220,0,
0,
517,0,
802,0,
618,10,29,126,0,
276,0,
115,572,623,0,
746,719,0,
282,484,0,
526,0,
0,
0,
0,
0,
0,
312,0,
546,270,367,0,
0,
770,0,
852,541,0,
353,0,
629,0,
0,
0,
678,0,
0,
610,0,
890,0,
260,0,
226,0,
582,0,
555,0,
16,0,
0,
505,0,
0,
842,0,
683,782,0,
0,
118,0,
0,
0,
437,0,
676,0,
188,871,0,
19,0,
169,0,
637,0,
529,27,390,0,
0,
0,
514,0,
0,
0,
0,
423,0,
0,
173,0,
232,456,0,
261,0,
590,0,
0,
181,0,
467,0,
889,0,
170,875,0,
478,0,
413,0,
0,
0,
98,0,
602,0,
151,0,
0,
112,0,
315,0,
0,
0,
293,0,
0,
451,0,
452,0,
664,162,0,
224,0,
442,0,
697,0,
519,0,
0,
0,
0,
328,0,
0,
667,468,0,
658,598,0,
93,0,
49,356,0,
404,0,
440,271,0,
190,0,
365,0,
161,79,0,
817,0,
570,0,
731,0,
0,
914,773,0,
0,
376,0,
214,254,0,
212,0,
0,
522,0,
314,421,0,
0,
246,0,
381,0,
0,
647,0,
905,812,0,
0,
0,
754,301,0,
0,
649,863,0,
493,446,0,
0,
370,28,0,
294,911,0,
235,0,
174,0,
0,
0,
227,0,
228,0,
562,511,0,
0,
357,0,
412,485,0,
0,
0,
351,0,
219,613,0,
0,
0,
656,0,
743,0,
242,0,
480,430,0,
865,0,
0,
0,
0,
0,
274,0,
420,0,
481,317,0,
0,
209,0,
48,877,0,
0,
153,83,509,0,
881,0,
393,0,
0,
252,0,
206,0,
0,
207,0,
164,0,
669,0,
513,422,0,
0,
199,0,
0,
399,0,
0,
331,0,
375,0,
0,
107,243,0,
0,
131,0,
638,0,
0,
349,573,0,
783,0,
330,0,
231,0,
163,0,
814,0,
0,
581,0,
725,0,
350,223,0,
0,
0,
0,
565,0,
633,0,
912,0,
120,225,310,0,
0,
253,0,
216,788,23,0,
0,
0,
0,
830,0,
502,831,0,
273,0,
859,0,
0,
275,0,
530,0,
449,0,
732,700,0,
506,0,
0,
379,580,0,
245,287,0,
0,
122,803,0,
205,0,
704,0,
0,
0,
898,0,
230,0,
217,14,0,
300,0,
0,
625,0,
741,0,
414,527,0,
0,
0,
568,0,
0,
0,
0,
835,0,
777,0,
134,0,
432,0,
285,0,
90,653,0,
0,
461,78,0,
108,0,
0,
264,0,
650,671,0,
