70,777,632,443,447,0,
525,206,0,
843,0,
38,0,
807,0,
25,0,
409,693,0,
18,822,0,
545,748,0,
0,
696,0,
591,39,0,
0,
0,
58,179,383,143,0,
0,
130,98,0,
8,730,637,639,0,
199,0,
168,207,79,0,
769,0,
22,0,
0,
907,0,
337,811,0,
0,
844,21,0,
298,0,
717,110,0,
435,389,0,
361,0,
681,812,0,
272,250,0,
0,
0,
0,
65,0,
821,0,
762,858,0,
171,0,
657,835,125,0,
480,708,46,0,
259,406,0,
0,
817,0,
0,
152,628,0,
338,0,
606,0,
0,
451,0,
704,0,
201,543,0,
0,
411,0,
620,0,
29,309,0,
625,0,
880,909,0,
249,60,487,0,
816,229,0,
77,901,0,
884,0,
128,840,915,366,0,
260,557,0,
0,
498,0,
0,
521,0,
0,
418,710,552,59,828,0,
741,0,
559,0,
0,
0,
453,0,
368,0,
416,0,
205,0,
770,797,0,
56,66,0,
75,0,
76,350,0,
413,0,
86,0,
0,
0,
378,0,
376,0,
0,
0,
833,0,
193,258,0,
161,42,332,882,0,
313,157,798,503,0,
575,0,
903,0,
308,0,
334,0,
0,
902,134,0,
0,
146,0,
448,452,0,
0,
881,0,
577,0,
211,0,
0,
0,
96,236,0,
0,
0,
472,898,0,
111,0,
749,0,
556,629,0,
264,0,
853,0,
808,0,
763,615,0,
0,
0,
869,0,
0,
348,0,
151,0,
900,0,
432,189,0,
771,0,
223,0,
0,
772,0,
0,
239,0,
0,
832,0,
0,
530,0,
0,
0,
499,0,
534,0,
192,84,0,
215,0,
176,7,703,0,
653,0,
109,0,
716,550,0,
660,0,
26,899,799,0,
0,
846,0,
0,
0,
662,0,
0,
186,276,0,
138,631,0,
120,162,670,0,
0,
273,399,0,
600,288,0,
483,0,
398,0,
560,0,
231,395,159,0,
0,
24,694,0,
0,
263,0,
546,0,
0,
488,281,0,
0,
0,
2,147,0,
0,
889,0,
912,100,0,
0,
661,0,
643,0,
0,
180,0,
0,
512,0,
0,
0,
484,0,
719,0,
582,0,
405,0,
9,0,
692,191,0,
0,
155,461,0,
160,0,
0,
0,
602,0,
330,0,
608,181,0,
463,0,
0,
0,
879,0,
538,494,0,
123,71,0,
0,
664,218,0,
204,0,
0,
113,346,0,
714,564,0,
842,0,
253,0,
0,
0,
0,
514,0,
610,0,
0,
183,0,
364,0,
0,
0,
616,826,0,
0,
684,68,277,0,
739,0,
136,0,
315,733,0,
529,0,
232,0,
0,
178,0,
82,491,860,0,
0,
293,0,
815,0,
312,0,
470,0,
0,
626,0,
0,
425,0,
0,
0,
456,323,268,0,
0,
0,
829,0,
99,0,
0,
0,
0,
691,0,
652,0,
188,0,
783,0,
0,
801,867,0,
0,
112,0,
198,0,
839,0,
554,117,0,
194,44,0,
324,0,
0,
0,
0,
712,0,
0,
0,
658,0,
459,0,
778,0,
747,0,
0,
97,0,
325,0,
169,0,
396,476,0,
0,
713,0,
673,0,
548,0,
0,
728,0,
0,
666,0,
0,
651,0,
57,0,
371,0,
0,
0,
296,0,
255,0,
513,852,0,
0,
190,0,
482,0,
576,775,0,
439,0,
322,478,0,
0,
51,419,0,
0,
501,0,
0,
565,573,607,0,
0,
746,0,
776,41,594,390,0,
0,
357,0,
497,318,0,
0,
759,0,
705,0,
133,0,
0,
687,0,
0,
460,0,
0,
0,
700,0,
0,
47,23,0,
321,914,788,0,
0,
0,
0,
0,
0,
0,
0,
0,
0,
489,404,0,
0,
0,
234,0,
0,
814,0,
48,0,
197,0,
740,0,
784,908,0,
0,
735,421,31,0,
49,0,
153,83,0,
0,
518,0,
574,0,
0,
818,0,
380,0,
682,479,0,
0,
36,638,0,
444,54,0,
0,
261,0,
765,0,
4,0,
0,
0,
0,
0,
0,
517,0,
634,532,431,0,
0,
872,605,0,
0,
429,0,
0,
764,558,0,
0,
474,0,
0,
0,
0,
311,0,
802,604,830,0,
0,
285,0,
0,
630,0,
129,579,0,
0,
62,0,
0,
235,0,
782,711,0,
0,
335,0,
619,430,0,
353,0,
641,0,
182,0,
0,
0,
33,43,0,
0,
0,
0,
0,
247,0,
0,
0,
90,0,
403,92,301,0,
0,
271,0,
32,883,718,0,
0,
0,
891,766,0,
645,0,
210,0,
0,
320,0,
663,0,
724,0,
640,650,0,
126,0,
0,
0,
540,0,
156,0,
894,0,
804,0,
0,
0,
373,0,
175,0,
17,547,316,94,0,
297,0,
359,0,
526,0,
509,63,377,93,863,0,
142,0,
440,0,
219,0,
0,
803,228,0,
0,
0,
659,0,
785,107,0,
351,0,
751,0,
104,0,
306,0,
454,0,
806,0,
0,
299,787,0,
913,0,
89,0,
275,0,
391,0,
597,0,
341,0,
0,
352,343,0,
0,
0,
875,0,
642,0,
0,
468,0,
167,0,
216,562,0,
791,0,
0,
654,0,
415,0,
226,0,
424,786,515,0,
848,601,0,
744,0,
636,0,
0,
738,566,0,
699,0,
0,
241,124,0,
158,127,0,
300,0,
408,0,
384,665,0,
0,
269,0,
0,
800,721,549,0,
648,267,805,0,
0,
328,676,0,
524,37,0,
0,
80,64,148,0,
609,28,758,0,
233,363,381,0,
342,0,
0,
458,0,
0,
569,0,
0,
0,
0,
407,0,
165,0,
874,0,
793,292,0,
0,
516,0,
72,0,
646,0,
0,
864,0,
0,
0,
382,0,
586,327,0,
0,
0,
0,
511,0,
0,
433,750,0,
827,0,
302,0,
656,0,
187,0,
270,0,
291,0,
627,572,0,
0,
888,870,595,150,0,
0,
689,675,0,
10,0,
893,0,
370,11,61,0,
471,0,
820,0,
493,0,
185,0,
20,0,
375,0,
0,
0,
553,13,0,
339,611,0,
230,0,
838,0,
794,589,0,
678,0,
0,
789,0,
0,
360,0,
0,
282,0,
385,303,0,
0,
0,
114,500,0,
715,0,
0,
85,886,0,
0,
0,
0,
905,0,
317,0,
649,340,0,
845,0,
896,0,
0,
220,0,
144,437,0,
614,0,
490,0,
674,0,
849,837,590,0,
356,3,668,0,
633,0,
761,0,
527,0,
528,240,0,
386,0,
283,0,
0,
0,
677,95,0,
369,823,0,
0,
876,671,0,
752,445,0,
760,305,379,0,
0,
280,0,
15,0,
584,0,
35,0,
222,0,
69,0,
0,
0,
442,0,
567,0,
365,333,510,655,0,
810,0,
0,
174,0,
0,
792,0,
568,477,0,
683,0,
345,0,
0,
0,
237,14,145,695,824,0,
0,
417,539,0,
571,0,
422,0,
40,737,446,0,
473,0,
506,522,262,0,
531,0,
0,
0,
0,
265,367,0,
0,
45,0,
467,0,
441,0,
0,
698,0,
0,
0,
0,
0,
612,87,0,
580,0,
349,0,
581,0,
436,0,
588,0,
200,0,
0,
0,
667,0,
388,0,
137,0,
0,
224,173,0,
221,542,0,
274,855,0,
507,0,
0,
195,0,
336,0,
496,246,0,
0,
866,0,
726,0,
0,
329,0,
768,450,0,
248,0,
578,0,
164,0,
393,0,
0,
0,
295,0,
593,102,0,
754,0,
0,
245,0,
0,
225,355,0,
354,213,166,0,
0,
139,0,
0,
0,
0,
0,
727,0,
753,278,0,
892,0,
238,0,
0,
427,0,
536,362,0,
279,0,
16,669,878,0,
877,0,
0,
0,
890,0,
0,
796,0,
81,841,0,
598,583,0,
0,
212,0,
91,779,644,0,
0,
495,774,486,887,0,
0,
856,0,
0,
0,
685,0,
911,0,
729,599,319,0,
535,0,
859,831,0,
394,0,
819,0,
287,0,
0,
106,163,0,
873,0,
387,0,
410,0,
0,
697,0,
420,116,0,
412,0,
131,0,
0,
834,0,
861,30,0,
0,
720,0,
0,
551,0,
434,0,
0,
809,0,
862,0,
722,0,
624,426,0,
294,0,
563,307,455,0,
0,
736,0,
74,0,
851,0,
256,0,
101,0,
847,0,
0,
706,0,
140,871,0,
67,0,
756,0,
73,0,
795,141,0,
118,742,0,
402,773,0,
621,19,723,502,508,0,
0,
401,0,
0,
504,0,
347,0,
304,0,
731,0,
428,0,
505,897,0,
251,0,
135,0,
523,0,
449,55,0,
0,
0,
492,0,
592,0,
177,0,
0,
78,414,0,
400,290,103,0,
790,119,0,
132,519,0,
266,0,
690,0,
314,0,
53,0,
466,854,0,
0,
0,
0,
209,0,
0,
0,
392,836,0,
475,0,
635,462,0,
372,0,
196,647,0,
374,0,
0,
0,
344,0,
0,
0,
725,623,0,
202,52,743,0,
688,438,0,
154,0,
0,
208,906,227,732,0,
537,0,
115,622,0,
544,701,0,
122,0,
895,0,
0,
289,0,
254,0,
184,149,0,
533,0,
0,
672,252,0,
910,0,
0,
0,
0,
857,0,
121,0,
0,
709,0,
286,0,
0,
203,0,
172,0,
618,0,
767,0,
603,0,
0,
0,
0,
257,331,0,
88,541,0,
613,0,
0,
1,214,825,0,
686,0,
680,617,0,
0,
570,0,
904,0,
243,0,
5,781,0,
423,0,
465,0,
868,0,
0,
0,
481,0,
0,
865,27,6,0,
34,0,
885,0,
0,
561,50,0,
170,757,0,
780,0,
0,
850,0,
520,707,284,0,
105,397,0,
555,0,
702,0,
734,0,
0,
0,
310,0,
217,0,
0,
596,0,
485,0,
464,457,0,
679,0,
326,0,
0,
242,0,
0,
0,
585,358,0,
0,
587,0,
12,0,
469,0,
745,0,
813,0,
0,
108,0,
755,244,0,
