576,549,748,887,637,0,
0,
651,837,0,
705,844,847,0,
0,
653,0,
883,46,0,
473,0,
123,220,302,0,
254,526,0,
501,150,0,
184,645,0,
26,0,
461,0,
0,
0,
18,0,
0,
248,0,
0,
562,627,782,287,0,
358,0,
0,
60,0,
488,458,0,
0,
0,
593,30,0,
0,
448,0,
41,0,
262,0,
289,796,305,0,
344,0,
781,334,0,
626,0,
292,0,
317,716,757,0,
518,0,
284,0,
0,
375,0,
93,0,
505,0,
881,0,
234,0,
609,0,
70,0,
432,0,
47,0,
604,0,
475,171,0,
0,
0,
0,
794,494,0,
382,0,
0,
825,0,
438,0,
652,0,
754,0,
756,0,
0,
212,0,
814,510,0,
233,0,
0,
551,0,
658,807,215,0,
0,
0,
0,
103,0,
183,0,
0,
0,
345,0,
369,175,0,
288,0,
257,0,
575,0,
0,
0,
544,0,
704,697,539,0,
0,
789,325,0,
0,
0,
0,
0,
664,905,0,
82,0,
746,0,
0,
430,0,
0,
129,842,891,0,
0,
641,470,0,
232,0,
329,158,775,0,
0,
0,
845,534,0,
364,0,
513,0,
570,238,0,
156,236,447,0,
0,
326,0,
63,0,
0,
376,24,199,0,
0,
828,0,
225,0,
170,393,154,0,
0,
648,0,
341,742,0,
0,
739,646,791,0,
202,506,36,0,
0,
137,557,297,0,
768,862,0,
0,
424,665,0,
872,0,
482,0,
206,0,
744,0,
583,0,
616,0,
560,296,0,
835,0,
912,0,
688,0,
873,0,
307,198,79,0,
0,
0,
264,436,0,
0,
765,0,
498,502,0,
35,0,
0,
104,0,
483,0,
86,0,
536,0,
874,0,
0,
213,0,
374,0,
363,702,0,
880,196,767,0,
0,
0,
0,
0,
0,
372,13,0,
417,0,
249,0,
911,7,0,
700,910,0,
200,650,0,
0,
0,
306,0,
914,0,
812,0,
195,0,
0,
0,
0,
710,0,
56,595,340,0,
282,0,
0,
147,0,
522,0,
454,0,
0,
636,0,
520,671,0,
121,100,159,0,
211,342,0,
893,0,
353,0,
867,0,
0,
792,0,
0,
173,0,
667,573,0,
689,0,
0,
19,0,
545,772,0,
73,0,
0,
703,0,
0,
116,0,
84,21,0,
0,
351,0,
0,
418,0,
247,0,
425,42,0,
888,0,
591,0,
0,
80,882,0,
280,348,686,0,
784,0,
639,0,
0,
708,0,
0,
745,660,0,
0,
760,0,
661,0,
113,0,
304,0,
0,
865,0,
0,
0,
368,857,0,
787,907,499,0,
153,391,0,
0,
0,
830,0,
785,269,165,0,
492,0,
0,
0,
12,327,0,
0,
0,
0,
426,860,0,
553,521,0,
608,552,0,
0,
777,0,
0,
0,
0,
464,0,
405,0,
0,
820,455,0,
25,0,
0,
620,0,
0,
913,0,
619,0,
58,151,0,
582,670,0,
836,0,
834,0,
441,259,0,
0,
0,
578,0,
0,
472,0,
647,0,
0,
722,362,0,
550,0,
0,
0,
115,0,
330,718,0,
263,0,
136,127,0,
0,
642,533,0,
0,
540,0,
0,
11,489,203,416,0,
140,421,0,
267,0,
161,0,
239,0,
624,0,
0,
0,
180,332,0,
272,251,191,0,
734,0,
537,0,
208,538,78,0,
0,
71,0,
0,
97,0,
634,0,
547,0,
858,0,
903,0,
163,0,
0,
74,214,0,
741,565,0,
0,
571,0,
481,0,
759,0,
0,
840,243,0,
0,
89,0,
0,
902,0,
831,0,
27,252,0,
400,468,0,
0,
826,0,
315,0,
469,0,
694,0,
0,
396,678,0,
0,
666,476,246,0,
625,811,0,
487,0,
309,0,
0,
0,
0,
357,0,
635,542,0,
66,135,0,
4,0,
281,859,0,
373,0,
855,423,0,
0,
323,6,0,
0,
790,0,
0,
179,0,
0,
0,
48,178,0,
841,0,
758,0,
0,
852,0,
829,0,
142,422,0,
507,0,
0,
54,0,
843,0,
111,727,0,
0,
0,
0,
176,819,0,
698,0,
714,0,
192,224,0,
0,
895,0,
0,
43,92,0,
108,851,124,168,0,
365,366,0,
450,0,
0,
149,0,
699,0,
261,726,181,0,
805,0,
0,
406,0,
130,0,
783,0,
868,134,0,
0,
0,
352,32,452,0,
407,0,
566,0,
719,0,
217,877,0,
559,0,
0,
548,0,
0,
0,
554,319,0,
0,
0,
0,
0,
321,723,0,
749,462,0,
611,574,0,
479,0,
0,
0,
277,0,
95,0,
601,0,
685,0,
125,0,
336,0,
143,0,
0,
0,
0,
0,
750,0,
0,
0,
449,141,9,0,
579,0,
28,693,0,
0,
0,
0,
0,
207,0,
0,
584,555,295,0,
890,311,0,
346,879,0,
713,0,
298,333,0,
0,
445,909,0,
0,
205,0,
51,638,0,
649,379,495,0,
0,
410,0,
617,34,33,0,
120,0,
0,
392,597,0,
419,0,
0,
283,0,
69,85,527,0,
0,
795,0,
762,189,0,
91,0,
876,0,
0,
730,0,
435,0,
0,
0,
260,0,
273,0,
602,684,0,
680,0,
44,0,
0,
0,
0,
0,
187,0,
440,0,
480,614,0,
22,0,
0,
681,0,
106,838,0,
188,278,0,
516,0,
588,0,
0,
68,0,
389,655,0,
408,0,
896,0,
160,0,
465,94,0,
10,2,535,0,
780,0,
0,
412,0,
736,659,0,
76,0,
439,0,
0,
0,
0,
216,0,
146,822,0,
0,
0,
210,0,
240,0,
0,
778,0,
0,
0,
255,0,
229,0,
0,
45,0,
0,
0,
904,0,
743,871,0,
258,0,
846,0,
586,861,511,0,
0,
0,
112,0,
0,
349,31,0,
0,
0,
57,460,0,
850,250,0,
707,0,
0,
514,77,0,
266,773,0,
110,0,
675,572,0,
786,0,
0,
0,
242,102,190,774,0,
0,
0,
411,0,
356,0,
752,0,
17,29,0,
131,451,0,
235,0,
377,863,0,
0,
525,0,
466,285,0,
644,367,383,0,
529,0,
561,606,55,0,
804,901,0,
0,
403,485,350,0,
490,294,415,0,
747,0,
67,0,
338,0,
640,0,
0,
429,0,
0,
384,3,8,463,721,0,
386,0,
145,0,
801,0,
172,0,
299,0,
717,0,
541,0,
596,157,0,
803,0,
117,62,0,
832,577,0,
0,
906,0,
291,607,0,
0,
892,0,
0,
0,
581,0,
735,0,
119,0,
517,0,
528,0,
107,0,
0,
715,478,0,
0,
0,
290,0,
148,118,663,0,
122,371,0,
360,0,
0,
433,0,
359,0,
692,0,
0,
496,0,
228,0,
673,0,
404,0,
568,114,237,567,0,
0,
623,0,
442,0,
152,0,
0,
0,
0,
0,
600,409,268,0,
589,0,
585,621,0,
866,0,
815,0,
531,0,
52,486,0,
0,
631,0,
0,
98,564,390,399,0,
270,286,0,
0,
397,0,
628,0,
824,0,
0,
503,39,0,
324,0,
241,446,0,
0,
0,
833,875,0,
0,
709,0,
355,0,
177,0,
312,899,0,
515,0,
347,908,654,0,
0,
395,853,0,
509,0,
279,0,
0,
0,
316,821,0,
0,
682,370,0,
598,599,0,
322,0,
0,
816,0,
59,0,
0,
755,580,0,
0,
0,
155,677,0,
0,
413,0,
728,194,0,
221,0,
0,
0,
524,0,
385,5,886,0,
50,139,0,
197,0,
497,839,0,
884,0,
512,0,
0,
0,
0,
0,
724,0,
668,0,
729,491,0,
0,
793,900,0,
0,
0,
788,0,
0,
457,14,0,
0,
817,751,0,
633,687,0,
320,0,
0,
0,
0,
164,0,
493,0,
0,
848,0,
0,
427,0,
731,679,0,
753,0,
690,915,0,
0,
0,
898,109,453,354,0,
691,0,
897,0,
0,
101,0,
16,193,0,
632,138,0,
265,0,
90,0,
764,0,
809,0,
381,0,
0,
61,0,
0,
388,0,
0,
394,167,0,
431,471,0,
799,0,
38,0,
96,0,
771,0,
274,0,
813,0,
0,
0,
864,37,293,656,500,0,
761,0,
328,0,
870,310,0,
0,
0,
0,
613,0,
0,
169,556,0,
532,0,
0,
798,0,
0,
630,271,0,
0,
676,0,
0,
695,738,87,0,
1,0,
402,0,
244,0,
0,
0,
218,0,
823,0,
456,683,558,672,0,
65,105,0,
223,0,
256,0,
720,0,
0,
308,0,
40,0,
605,629,414,0,
0,
0,
49,182,0,
0,
779,0,
0,
594,0,
0,
401,810,0,
592,0,
849,662,0,
523,0,
0,
226,806,0,
0,
0,
0,
0,
0,
337,530,443,766,0,
0,
643,0,
0,
222,174,0,
732,204,0,
569,622,0,
201,0,
563,253,0,
387,0,
0,
0,
0,
0,
0,
740,231,0,
669,0,
162,0,
770,0,
776,484,0,
245,0,
314,0,
0,
696,0,
800,0,
0,
674,0,
0,
0,
0,
185,0,
657,0,
0,
733,0,
0,
428,0,
477,0,
420,0,
706,0,
0,
725,166,0,
854,0,
504,301,0,
88,0,
0,
219,590,303,0,
0,
343,0,
610,612,0,
459,132,0,
0,
878,0,
0,
99,0,
0,
318,0,
72,0,
53,0,
737,0,
474,335,0,
398,0,
712,0,
144,889,209,126,0,
0,
0,
0,
856,0,
64,0,
437,0,
275,0,
0,
603,0,
83,0,
276,0,
0,
827,0,
0,
508,0,
378,300,0,
0,
313,0,
227,0,
0,
15,0,
230,0,
802,618,434,339,20,0,
0,
186,869,0,
467,0,
444,885,0,
0,
0,
331,0,
0,
0,
380,0,
808,23,543,0,
133,0,
894,0,
75,0,
797,0,
0,
763,0,
128,0,
0,
769,818,0,
361,587,615,0,
546,711,0,
701,0,
81,0,
0,
0,
0,
519,0,
