387,771,74,114,788,0,
878,0,
31,0,
748,0,
428,78,0,
809,607,0,
628,0,
0,
20,509,814,0,
109,0,
618,0,
0,
132,882,92,63,0,
324,0,
448,0,
625,506,0,
760,99,0,
0,
768,9,28,0,
322,230,0,
88,268,0,
704,0,
876,0,
144,0,
890,719,0,
0,
0,
117,0,
462,0,
541,0,
681,140,654,0,
0,
398,0,
312,0,
529,234,0,
225,146,235,0,
0,
0,
275,0,
0,
0,
0,
0,
466,199,0,
0,
172,524,0,
0,
758,0,
0,
0,
55,0,
818,868,103,0,
504,0,
276,0,
348,503,0,
412,0,
96,0,
826,831,0,
0,
0,
570,0,
0,
777,0,
705,613,302,0,
410,0,
0,
0,
688,169,0,
0,
0,
394,0,
832,0,
372,0,
0,
297,684,173,175,51,0,
0,
651,861,0,
0,
167,0,
416,0,
803,0,
470,0,
0,
559,0,
66,0,
311,0,
0,
249,141,0,
253,0,
0,
828,68,0,
33,106,0,
121,19,707,0,
545,361,815,0,
696,0,
902,383,0,
0,
731,804,0,
480,100,0,
128,417,0,
640,0,
792,806,0,
0,
488,113,369,0,
192,616,0,
91,76,0,
427,0,
232,0,
582,0,
69,0,
445,0,
496,0,
0,
424,239,0,
8,494,527,639,543,0,
0,
0,
0,
147,335,0,
413,0,
323,692,0,
849,21,0,
0,
0,
0,
0,
0,
149,750,0,
42,0,
482,0,
373,0,
186,286,0,
67,403,0,
0,
0,
474,469,0,
0,
800,29,855,0,
187,0,
0,
294,0,
288,596,0,
26,0,
661,319,0,
0,
793,0,
108,0,
363,0,
217,0,
0,
810,0,
86,0,
672,145,0,
0,
598,0,
0,
40,0,
0,
822,0,
0,
241,0,
350,0,
887,151,0,
549,279,0,
641,0,
389,0,
0,
846,0,
0,
500,0,
871,0,
0,
517,262,0,
358,0,
789,0,
402,101,30,439,0,
433,0,
344,2,0,
0,
802,836,0,
0,
409,307,0,
489,131,317,534,0,
813,0,
552,0,
220,0,
250,0,
0,
136,0,
0,
825,693,0,
816,0,
65,0,
0,
553,0,
844,830,0,
757,0,
0,
0,
189,0,
0,
206,0,
528,0,
399,0,
885,0,
0,
790,0,
0,
555,0,
0,
0,
336,105,18,5,0,
853,0,
619,315,614,0,
0,
271,0,
615,0,
767,0,
259,419,0,
635,821,0,
546,0,
612,0,
0,
0,
0,
44,710,0,
48,0,
557,0,
587,0,
0,
465,0,
805,0,
0,
0,
755,0,
61,0,
633,538,0,
14,0,
190,718,318,679,0,
511,0,
160,123,179,0,
0,
521,0,
0,
269,251,333,213,0,
356,0,
0,
0,
226,0,
32,714,0,
0,
606,519,0,
64,0,
0,
0,
82,0,
778,791,0,
362,0,
0,
604,631,0,
0,
284,695,0,
222,0,
248,60,756,0,
0,
0,
840,0,
0,
295,0,
3,478,0,
438,663,0,
505,0,
176,0,
0,
0,
0,
0,
326,847,0,
764,798,455,0,
0,
243,0,
711,0,
850,0,
380,0,
411,471,0,
649,594,0,
564,0,
200,0,
499,0,
202,556,0,
0,
601,0,
456,834,0,
880,281,841,0,
862,0,
0,
708,0,
572,261,391,0,
0,
676,0,
785,6,535,0,
726,0,
794,580,0,
267,0,
512,0,
0,
0,
497,0,
0,
0,
102,0,
0,
0,
0,
451,0,
81,426,0,
201,709,0,
256,501,95,0,
458,252,397,0,
667,0,
0,
330,694,0,
720,0,
421,0,
477,0,
827,270,0,
723,0,
0,
657,0,
291,0,
0,
345,0,
104,374,0,
697,627,774,0,
392,353,0,
909,0,
561,562,50,0,
820,0,
0,
776,0,
0,
0,
761,135,0,
0,
231,0,
859,0,
365,575,0,
665,454,0,
783,0,
0,
739,574,0,
0,
560,0,
703,0,
0,
583,0,
0,
742,0,
168,0,
0,
70,0,
728,204,0,
0,
0,
368,0,
875,0,
0,
584,473,400,590,0,
0,
194,255,0,
376,446,0,
544,148,0,
0,
753,0,
385,418,0,
786,591,0,
308,0,
301,0,
0,
170,0,
0,
150,0,
0,
727,0,
851,0,
338,0,
283,779,0,
763,182,12,211,0,
58,0,
340,0,
0,
360,595,0,
359,0,
0,
0,
531,0,
0,
254,0,
0,
0,
715,422,0,
0,
738,430,334,0,
245,671,0,
111,895,0,
781,0,
0,
523,0,
0,
490,0,
0,
873,0,
0,
207,0,
540,0,
0,
0,
258,0,
642,0,
85,502,0,
682,52,622,0,
408,0,
685,0,
73,0,
518,0,
0,
282,0,
536,0,
483,0,
0,
801,303,0,
0,
120,118,0,
449,0,
0,
59,0,
569,347,263,0,
0,
0,
626,195,0,
0,
0,
0,
0,
907,845,0,
0,
349,0,
178,0,
0,
0,
674,911,0,
343,0,
0,
702,0,
586,0,
646,183,0,
242,0,
903,0,
83,0,
856,877,0,
0,
346,181,0,
115,0,
0,
0,
0,
835,0,
487,0,
337,0,
568,0,
0,
354,0,
0,
872,884,852,0,
77,0,
0,
0,
787,0,
752,0,
265,0,
0,
164,38,0,
0,
229,0,
0,
0,
0,
0,
184,277,0,
339,27,0,
0,
351,0,
744,0,
370,0,
240,420,45,0,
475,0,
7,0,
0,
653,127,0,
0,
0,
460,71,0,
0,
366,0,
443,0,
0,
193,0,
0,
0,
296,94,0,
463,0,
0,
0,
355,0,
425,0,
605,0,
260,0,
0,
0,
780,797,0,
273,0,
0,
0,
0,
706,910,0,
396,0,
287,0,
769,57,733,655,0,
0,
431,0,
264,0,
0,
84,0,
722,0,
98,461,375,0,
492,0,
0,
386,588,0,
37,0,
563,0,
0,
257,0,
97,218,404,278,0,
912,906,332,0,
407,0,
139,22,0,
0,
0,
576,0,
888,0,
468,212,0,
0,
406,0,
0,
648,0,
0,
680,0,
638,0,
0,
0,
0,
530,165,0,
423,479,0,
0,
0,
620,0,
0,
898,0,
441,0,
289,43,357,0,
233,0,
743,15,0,
765,143,0,
833,0,
313,0,
309,0,
597,0,
508,0,
904,0,
0,
484,0,
0,
0,
0,
450,647,0,
0,
701,0,
0,
866,435,0,
736,53,0,
56,1,891,0,
784,0,
0,
153,0,
447,0,
223,863,0,
0,
0,
390,0,
130,867,0,
914,292,237,0,
0,
0,
0,
155,0,
290,0,
819,134,0,
652,0,
600,54,643,432,0,
533,0,
481,589,735,0,
666,0,
434,0,
691,567,0,
154,811,0,
0,
829,0,
0,
0,
388,0,
547,0,
658,0,
889,0,
35,219,812,93,0,
0,
116,0,
377,310,0,
678,119,0,
0,
36,0,
0,
171,0,
379,215,0,
467,0,
0,
741,47,0,
0,
453,894,0,
0,
571,795,293,342,0,
892,0,
0,
0,
321,162,0,
197,0,
683,341,0,
0,
565,799,0,
0,
89,0,
159,0,
124,0,
730,0,
668,782,0,
745,0,
808,236,893,0,
0,
0,
0,
314,869,0,
0,
0,
152,713,13,0,
634,0,
0,
842,0,
539,0,
0,
874,0,
0,
677,0,
905,0,
507,0,
49,0,
185,870,0,
429,0,
126,0,
592,0,
180,0,
848,751,0,
0,
754,414,0,
107,0,
686,0,
858,300,87,0,
513,0,
0,
881,0,
759,0,
0,
0,
364,0,
650,0,
747,158,0,
415,0,
770,0,
0,
41,0,
329,0,
0,
0,
0,
378,0,
452,0,
112,0,
328,879,0,
854,0,
331,381,0,
0,
773,0,
320,0,
0,
442,0,
579,510,0,
166,0,
698,611,0,
0,
0,
883,659,0,
669,0,
729,0,
609,670,0,
0,
0,
585,0,
177,4,325,0,
630,0,
624,0,
0,
0,
0,
395,476,0,
0,
498,285,142,0,
687,0,
156,644,0,
39,0,
0,
188,0,
0,
0,
0,
732,0,
699,0,
0,
0,
125,0,
526,0,
0,
578,485,0,
900,0,
216,214,0,
0,
0,
0,
0,
766,0,
0,
0,
0,
689,196,0,
712,734,0,
0,
16,137,662,537,0,
573,0,
224,306,0,
0,
205,0,
857,0,
316,775,0,
246,0,
610,238,367,436,725,0,
690,0,
298,0,
457,0,
515,886,0,
0,
0,
514,0,
304,0,
566,0,
0,
0,
896,0,
716,0,
520,558,0,
913,0,
0,
608,244,542,623,0,
0,
0,
843,0,
72,0,
0,
122,0,
632,532,0,
227,0,
0,
860,0,
163,0,
129,908,0,
305,0,
700,0,
0,
401,495,0,
0,
629,0,
0,
208,191,0,
837,0,
0,
174,0,
746,62,0,
0,
299,221,0,
897,0,
0,
621,110,0,
721,550,0,
762,0,
0,
675,437,0,
617,0,
864,0,
209,0,
161,0,
440,0,
10,0,
46,0,
0,
274,0,
25,0,
0,
0,
486,0,
0,
247,0,
0,
724,749,0,
138,636,0,
664,0,
772,0,
157,0,
133,0,
807,0,
228,0,
0,
0,
554,796,0,
516,0,
0,
0,
838,823,0,
472,0,
0,
11,0,
915,0,
17,0,
34,90,0,
0,
382,0,
79,0,
0,
660,0,
203,198,0,
577,0,
405,0,
525,0,
272,459,599,0,
464,0,
491,0,
0,
493,0,
0,
0,
0,
0,
737,0,
0,
603,0,
280,0,
0,
371,444,637,0,
384,522,0,
673,266,0,
0,
393,0,
0,
0,
548,0,
740,0,
581,0,
0,
23,0,
327,0,
210,0,
0,
656,0,
551,0,
901,0,
0,
0,
717,0,
0,
0,
0,
24,817,352,0,
824,593,0,
75,0,
0,
0,
865,0,
645,839,0,
0,
80,899,0,
602,0,
