66,26,92,28,0,
0,
86,0,
18,0,
16,0,
0,
9,0,
105,45,0,
0,
0,
0,
52,79,0,
97,0,
0,
74,0,
0,
20,0,
13,0,
0,
72,58,107,0,
0,
22,0,
116,0,
17,78,0,
109,15,0,
82,77,0,
106,59,93,0,
94,6,30,0,
81,19,102,23,0,
0,
40,0,
0,
0,
36,0,
55,0,
0,
75,0,
10,0,
31,0,
99,0,
32,0,
33,34,0,
63,0,
0,
21,103,0,
67,0,
0,
0,
8,0,
91,0,
104,0,
0,
39,0,
46,0,
41,68,0,
0,
87,0,
0,
43,0,
2,83,12,0,
0,
108,0,
88,80,0,
0,
61,0,
64,50,0,
27,76,54,95,0,
0,
51,0,
0,
71,0,
0,
101,0,
0,
118,0,
0,
24,96,0,
0,
47,0,
115,0,
73,0,
3,37,0,
35,0,
4,5,0,
0,
89,0,
0,
48,0,
49,0,
84,0,
0,
0,
65,11,117,0,
25,62,7,0,
0,
44,38,0,
42,114,0,
1,0,
0,
0,
98,0,
0,
70,85,110,0,
0,
111,0,
113,0,
56,14,0,
53,0,
69,0,
29,0,
100,0,
0,
90,0,
0,
57,0,
60,0,
0,
112,0,
0,
