1,82,2,98,0,
32,6,23,0,
86,113,62,79,0,
58,10,0,
0,
114,0,
96,13,30,0,
0,
43,0,
0,
28,0,
0,
110,0,
80,55,0,
97,0,
33,59,0,
34,0,
115,0,
0,
0,
5,0,
69,118,0,
108,31,0,
65,51,0,
19,0,
106,0,
0,
76,0,
0,
0,
105,0,
17,90,0,
100,63,71,0,
45,0,
0,
81,0,
0,
25,0,
0,
41,0,
0,
99,0,
56,0,
0,
0,
46,0,
0,
0,
38,0,
64,103,0,
70,14,0,
39,111,0,
4,0,
77,0,
50,12,0,
0,
0,
0,
24,89,0,
0,
44,0,
11,95,0,
20,101,0,
0,
75,0,
48,0,
40,0,
42,0,
0,
66,35,0,
93,0,
94,0,
0,
0,
78,0,
26,0,
0,
0,
0,
83,61,0,
68,0,
0,
3,91,92,22,0,
73,0,
72,0,
84,87,0,
74,67,0,
0,
107,0,
0,
0,
112,37,0,
8,16,52,0,
0,
47,0,
0,
9,53,0,
0,
49,21,54,0,
0,
60,0,
104,27,0,
0,
88,29,0,
102,0,
0,
0,
0,
57,0,
36,0,
18,0,
116,0,
117,0,
109,15,0,
0,
0,
0,
7,0,
85,0,
