16,11,100,109,0,
82,13,55,0,
25,66,0,
89,0,
38,23,0,
18,0,
0,
0,
74,14,0,
0,
50,68,0,
2,67,22,0,
0,
104,98,0,
0,
0,
1,10,28,31,0,
0,
102,0,
0,
27,43,0,
112,0,
88,105,35,0,
0,
0,
52,0,
0,
95,0,
3,5,0,
80,0,
53,70,0,
51,107,0,
92,7,0,
44,0,
0,
61,0,
8,84,29,0,
75,110,0,
12,0,
17,0,
0,
0,
96,62,0,
34,0,
0,
0,
0,
0,
0,
0,
9,0,
90,0,
0,
113,69,0,
73,0,
26,6,0,
19,0,
114,0,
0,
0,
86,54,0,
0,
0,
59,0,
0,
58,0,
56,0,
115,20,87,0,
103,0,
41,0,
72,117,0,
49,0,
0,
45,0,
46,0,
0,
0,
0,
76,0,
0,
0,
65,106,108,0,
77,0,
85,0,
64,0,
0,
78,0,
40,0,
39,0,
24,0,
91,0,
0,
0,
37,71,0,
42,116,0,
0,
47,0,
101,0,
0,
0,
81,4,30,94,0,
0,
48,0,
0,
0,
21,0,
83,0,
33,63,0,
111,0,
36,93,118,60,0,
0,
0,
0,
15,0,
0,
57,0,
99,0,
79,0,
32,97,0,
