40,18,37,63,0,
2,0,
0,
0,
0,
54,0,
0,
0,
0,
0,
0,
0,
0,
93,0,
92,0,
0,
3,0,
9,106,0,
20,29,111,0,
88,0,
59,85,61,0,
26,55,0,
107,4,0,
0,
73,0,
17,97,0,
87,0,
101,0,
0,
49,108,5,0,
0,
91,110,0,
34,51,0,
43,67,95,0,
71,0,
96,42,0,
21,31,0,
33,102,90,25,0,
98,0,
113,0,
104,117,36,77,0,
109,0,
0,
82,0,
10,76,0,
86,0,
114,19,22,0,
0,
0,
24,13,0,
23,0,
16,116,0,
0,
0,
0,
80,0,
11,0,
0,
56,0,
94,0,
0,
112,0,
0,
32,99,46,0,
0,
72,0,
0,
12,47,0,
0,
75,0,
83,0,
0,
0,
0,
65,79,0,
15,0,
62,0,
105,27,0,
41,0,
48,0,
0,
7,0,
0,
0,
0,
53,0,
0,
103,0,
8,0,
0,
81,1,0,
64,0,
0,
0,
57,0,
115,0,
0,
50,0,
52,0,
74,35,118,0,
60,0,
100,0,
58,44,0,
0,
69,38,0,
68,0,
0,
66,0,
84,14,0,
0,
0,
78,45,70,0,
30,0,
0,
89,0,
0,
6,0,
0,
28,39,0,
