3,38,71,79,87,0,
12,111,0,
66,53,70,0,
73,101,5,0,
13,118,30,0,
33,42,0,
0,
0,
52,29,0,
0,
0,
97,0,
6,0,
50,75,0,
112,0,
22,0,
0,
10,0,
0,
100,0,
88,0,
40,28,0,
0,
58,83,0,
59,20,0,
117,0,
81,0,
0,
37,0,
80,108,0,
98,0,
109,0,
41,0,
60,0,
0,
0,
85,0,
96,0,
89,21,31,0,
0,
104,0,
0,
103,0,
105,0,
0,
69,0,
48,43,0,
106,0,
113,74,0,
17,82,0,
0,
16,0,
72,19,0,
45,86,0,
0,
34,0,
0,
51,107,0,
56,0,
77,0,
0,
54,0,
26,11,93,0,
0,
32,92,0,
0,
90,0,
44,0,
0,
0,
9,61,0,
8,57,99,46,0,
63,0,
7,15,0,
65,0,
0,
0,
78,0,
0,
64,24,116,4,0,
76,0,
0,
68,0,
39,0,
0,
0,
0,
1,2,62,23,0,
115,0,
67,0,
27,0,
0,
35,0,
102,0,
0,
0,
0,
0,
91,0,
49,55,0,
0,
94,0,
0,
0,
18,0,
95,0,
0,
110,0,
114,0,
84,0,
0,
36,0,
0,
0,
0,
0,
14,47,0,
0,
25,0,
