11,92,5,79,0,
73,41,0,
17,0,
82,2,0,
114,6,39,0,
83,12,21,0,
10,62,0,
64,0,
93,118,0,
0,
99,0,
19,89,3,4,0,
58,60,0,
47,29,95,0,
0,
0,
48,0,
18,0,
0,
30,0,
80,0,
65,50,52,0,
0,
117,0,
67,46,0,
0,
56,0,
100,0,
0,
86,0,
0,
0,
43,0,
0,
32,96,0,
0,
0,
0,
37,0,
110,0,
78,87,0,
14,0,
0,
0,
76,0,
113,0,
88,44,0,
36,0,
0,
0,
97,15,0,
0,
16,0,
34,61,7,0,
75,38,0,
0,
90,0,
0,
42,0,
66,0,
71,0,
20,0,
72,0,
31,0,
9,0,
108,0,
0,
68,0,
0,
0,
51,0,
0,
104,0,
49,0,
85,0,
102,0,
0,
105,35,0,
101,103,0,
24,53,13,0,
0,
0,
111,0,
26,84,77,0,
109,22,0,
0,
0,
70,63,0,
0,
8,98,74,0,
0,
25,0,
112,1,40,54,0,
0,
0,
28,0,
0,
57,0,
91,23,0,
0,
0,
0,
0,
69,0,
0,
115,0,
0,
55,0,
0,
33,0,
81,0,
106,0,
27,107,0,
0,
59,45,0,
94,0,
0,
0,
116,0,
