1,107,70,78,0,
88,106,19,14,0,
0,
6,0,
24,0,
0,
72,30,0,
16,0,
0,
11,0,
43,0,
99,0,
101,0,
27,0,
114,18,0,
22,7,0,
36,0,
37,0,
113,98,0,
104,110,0,
5,0,
50,0,
65,0,
0,
58,0,
0,
32,0,
56,0,
117,0,
0,
45,0,
0,
49,0,
20,0,
47,0,
81,26,0,
0,
0,
0,
94,0,
75,0,
0,
86,0,
0,
0,
0,
51,0,
0,
17,83,0,
0,
0,
0,
118,0,
0,
68,23,0,
84,0,
0,
60,54,0,
0,
0,
53,0,
76,0,
2,102,0,
40,10,100,0,
0,
112,0,
9,12,0,
96,0,
0,
33,115,111,0,
48,57,66,15,0,
0,
29,0,
34,21,0,
0,
82,0,
0,
92,0,
97,3,116,69,0,
0,
67,4,62,0,
109,0,
0,
103,0,
93,0,
0,
0,
0,
52,55,95,0,
77,61,0,
0,
44,0,
0,
0,
0,
91,46,0,
87,0,
105,39,0,
79,0,
0,
74,0,
41,0,
0,
0,
64,59,0,
8,0,
73,89,0,
80,35,63,0,
0,
90,0,
42,0,
31,0,
0,
71,0,
108,0,
25,0,
28,13,0,
38,0,
85,0,
