160,134,92,150,0,
193,156,0,
29,0,
189,0,
0,
42,157,0,
0,
0,
16,41,113,0,
0,
0,
63,0,
138,0,
140,0,
0,
136,21,0,
72,68,0,
168,190,0,
101,0,
0,
116,0,
0,
0,
0,
0,
0,
84,117,0,
33,0,
32,65,0,
0,
70,0,
122,142,39,0,
0,
0,
0,
163,0,
0,
162,118,30,0,
74,5,54,0,
83,94,0,
103,0,
172,174,0,
90,0,
49,181,0,
75,86,79,0,
0,
0,
120,13,0,
0,
100,0,
0,
131,175,0,
9,0,
2,52,0,
161,59,0,
0,
180,0,
0,
0,
195,0,
48,0,
183,71,0,
0,
0,
104,0,
0,
0,
35,164,47,0,
34,0,
178,0,
144,0,
109,0,
0,
28,159,0,
3,0,
27,0,
40,179,0,
45,0,
192,15,0,
66,0,
194,0,
82,0,
0,
0,
91,60,0,
148,0,
124,7,0,
6,0,
151,0,
80,1,98,0,
0,
149,0,
8,26,51,127,0,
152,61,110,0,
121,0,
0,
62,0,
0,
185,155,0,
0,
0,
0,
0,
0,
0,
24,0,
0,
0,
0,
0,
56,125,0,
11,87,0,
182,119,0,
4,0,
55,0,
36,77,0,
0,
12,20,0,
166,158,0,
143,0,
57,0,
0,
133,0,
81,126,0,
0,
99,0,
128,0,
187,147,0,
0,
0,
0,
176,102,0,
0,
129,0,
112,89,141,38,0,
0,
169,0,
108,0,
130,0,
43,123,17,0,
0,
73,177,111,0,
171,46,0,
0,
0,
0,
184,0,
69,0,
132,0,
0,
139,44,37,31,0,
0,
88,85,0,
107,0,
0,
0,
25,0,
22,0,
0,
23,0,
67,196,93,167,0,
64,0,
154,0,
197,0,
188,0,
97,0,
145,0,
115,76,78,0,
18,0,
0,
58,0,
0,
0,
0,
186,0,
153,114,0,
135,0,
137,146,0,
0,
10,0,
0,
14,0,
170,0,
19,0,
0,
50,0,
0,
106,165,0,
0,
0,
95,0,
105,0,
96,0,
0,
0,
173,0,
53,191,0,
0,
