8,3,173,22,0,
102,0,
120,161,157,0,
116,131,140,167,0,
0,
20,0,
0,
127,0,
160,81,11,117,0,
57,0,
67,0,
28,183,0,
0,
0,
132,0,
10,124,0,
112,0,
0,
107,4,0,
188,84,71,0,
142,0,
171,0,
146,61,197,70,0,
26,0,
54,0,
128,0,
0,
73,0,
25,109,0,
33,44,0,
152,89,0,
0,
0,
58,0,
85,37,0,
12,0,
32,42,0,
150,0,
0,
143,0,
0,
123,75,0,
0,
153,0,
98,0,
113,0,
56,0,
0,
0,
16,7,0,
0,
104,155,52,0,
43,119,0,
136,9,0,
0,
193,35,0,
0,
0,
0,
99,0,
0,
192,90,79,0,
0,
0,
0,
0,
77,94,0,
0,
45,0,
147,0,
18,23,0,
170,196,0,
176,50,0,
0,
0,
181,0,
0,
38,0,
65,0,
145,169,0,
126,175,0,
34,163,0,
0,
0,
92,149,0,
0,
130,100,0,
0,
59,187,0,
138,0,
93,0,
0,
151,0,
17,0,
111,0,
0,
180,0,
0,
0,
0,
82,0,
0,
0,
0,
172,21,0,
83,0,
108,0,
97,0,
122,0,
121,0,
0,
0,
0,
0,
0,
0,
49,36,5,0,
137,189,0,
63,0,
95,0,
184,27,0,
0,
0,
13,0,
190,0,
0,
166,0,
0,
114,0,
0,
115,0,
80,30,0,
0,
0,
156,0,
47,0,
40,0,
162,174,0,
0,
110,0,
24,72,86,0,
6,0,
0,
0,
0,
179,0,
168,29,135,0,
0,
133,0,
91,0,
0,
0,
87,0,
0,
164,0,
106,154,0,
0,
195,46,0,
182,0,
78,118,0,
88,1,194,0,
14,0,
191,0,
165,0,
0,
64,0,
74,0,
41,15,55,0,
158,0,
0,
103,0,
0,
101,0,
2,51,178,19,0,
31,0,
144,0,
60,0,
186,0,
66,68,159,0,
0,
0,
0,
0,
96,148,0,
0,
48,0,
0,
76,0,
39,0,
69,141,0,
0,
0,
105,125,0,
62,0,
177,185,0,
0,
129,0,
139,53,134,0,
