1,111,52,245,214,0,
242,259,5,55,0,
42,243,207,0,
0,
0,
90,22,146,0,
0,
141,0,
272,0,
119,0,
257,177,0,
0,
154,140,0,
57,34,0,
0,
233,126,0,
33,0,
249,98,47,0,
0,
56,170,0,
0,
209,41,0,
192,180,0,
133,270,0,
184,0,
210,21,23,0,
35,0,
28,166,0,
163,0,
67,0,
92,228,7,0,
0,
171,0,
0,
195,0,
0,
0,
0,
178,0,
273,0,
0,
0,
37,94,0,
70,0,
263,0,
0,
16,221,0,
89,73,0,
208,0,
0,
19,12,235,0,
0,
216,2,115,15,0,
24,122,0,
0,
225,91,0,
113,0,
190,0,
0,
0,
0,
0,
144,135,0,
137,215,0,
0,
0,
0,
0,
31,0,
44,53,95,0,
0,
0,
0,
14,0,
0,
220,36,0,
193,252,0,
0,
0,
76,237,157,0,
142,244,110,0,
200,254,0,
65,0,
86,0,
0,
0,
0,
0,
172,0,
173,0,
240,238,0,
174,223,0,
38,255,0,
0,
253,0,
118,102,0,
0,
176,27,0,
201,143,0,
241,0,
59,0,
236,125,0,
85,0,
0,
275,231,0,
0,
0,
0,
18,0,
0,
145,116,0,
25,124,69,17,0,
0,
0,
43,165,0,
130,75,101,0,
246,0,
120,77,0,
3,0,
0,
162,0,
87,0,
160,0,
0,
104,262,199,0,
230,0,
9,108,0,
0,
58,0,
0,
100,0,
0,
0,
0,
106,0,
51,0,
0,
219,0,
0,
0,
0,
11,0,
74,0,
131,0,
159,0,
64,0,
128,274,0,
0,
0,
6,0,
0,
84,0,
168,229,0,
93,0,
49,0,
258,227,0,
32,0,
29,39,0,
186,197,0,
0,
0,
4,0,
0,
0,
0,
0,
153,0,
96,0,
0,
0,
277,0,
0,
0,
0,
179,0,
150,0,
48,117,0,
71,0,
0,
0,
0,
222,0,
54,0,
0,
0,
112,0,
107,0,
61,0,
0,
129,0,
0,
196,0,
147,0,
203,0,
191,211,63,0,
0,
0,
217,0,
0,
265,99,0,
234,0,
205,0,
0,
206,0,
123,0,
0,
0,
60,151,0,
0,
40,0,
161,213,0,
226,268,0,
105,0,
0,
224,50,30,271,0,
251,0,
266,62,175,0,
0,
0,
0,
109,0,
269,0,
0,
66,0,
8,10,158,0,
134,0,
45,0,
0,
82,0,
202,0,
0,
188,0,
132,0,
232,185,0,
0,
182,247,0,
0,
204,212,0,
256,0,
78,0,
138,0,
0,
13,46,0,
26,198,0,
260,189,0,
80,97,194,79,0,
0,
136,0,
83,276,0,
88,149,0,
187,239,0,
0,
68,0,
0,
20,0,
0,
0,
148,0,
0,
248,81,250,0,
164,0,
0,
155,156,0,
169,0,
0,
264,0,
181,167,0,
121,127,0,
261,0,
0,
139,0,
152,114,267,0,
72,0,
0,
218,0,
183,0,
103,0,
0,
