32,258,137,213,121,0,
0,
0,
72,217,0,
10,271,167,0,
17,0,
180,38,0,
0,
0,
215,0,
218,30,0,
0,
0,
208,27,117,0,
206,0,
127,0,
0,
0,
0,
56,0,
0,
0,
161,219,0,
147,0,
8,0,
0,
0,
176,174,0,
35,45,6,0,
0,
62,0,
0,
203,156,4,247,0,
0,
0,
48,190,0,
57,0,
85,0,
152,0,
41,0,
0,
0,
95,0,
76,0,
0,
64,276,0,
69,262,0,
229,0,
112,0,
0,
267,0,
37,102,0,
24,0,
264,226,51,0,
25,0,
243,0,
0,
0,
49,0,
244,0,
1,0,
171,222,22,0,
0,
0,
272,0,
148,0,
268,0,
249,0,
36,231,0,
29,0,
255,0,
177,149,207,0,
224,0,
12,0,
0,
138,0,
130,0,
234,214,0,
266,181,0,
186,42,0,
3,150,0,
0,
259,0,
9,163,0,
100,0,
0,
67,188,165,0,
0,
238,0,
0,
105,0,
66,0,
20,0,
88,0,
0,
0,
0,
257,0,
175,0,
0,
0,
182,0,
265,0,
0,
204,0,
0,
0,
0,
0,
0,
0,
273,129,263,0,
0,
82,166,0,
230,0,
122,0,
250,0,
59,179,0,
0,
94,0,
0,
242,172,28,71,0,
0,
40,0,
0,
116,93,0,
128,65,0,
0,
216,0,
124,245,0,
0,
0,
0,
0,
248,0,
34,0,
0,
240,227,61,78,0,
0,
123,252,0,
0,
269,0,
160,0,
0,
241,90,0,
233,23,0,
189,0,
0,
0,
75,173,0,
55,199,0,
0,
0,
211,0,
145,220,79,0,
0,
126,253,46,0,
194,0,
236,0,
143,0,
0,
81,0,
0,
195,0,
202,0,
58,0,
21,0,
235,39,0,
140,0,
106,0,
0,
104,170,0,
200,232,191,0,
193,0,
96,0,
0,
70,0,
178,164,0,
74,0,
221,0,
11,0,
118,0,
0,
0,
98,131,0,
0,
26,0,
99,0,
73,63,0,
0,
183,0,
225,187,0,
109,0,
103,0,
0,
0,
19,246,0,
0,
0,
108,0,
114,251,0,
87,0,
155,0,
77,277,68,0,
0,
0,
0,
43,47,0,
260,134,0,
97,50,0,
0,
0,
16,0,
80,53,261,86,0,
89,0,
0,
0,
18,0,
0,
107,0,
192,142,0,
0,
256,157,0,
275,0,
0,
162,0,
212,0,
144,52,254,0,
184,159,0,
0,
0,
110,0,
153,270,0,
33,0,
7,0,
119,0,
0,
92,60,0,
0,
136,0,
201,83,239,0,
197,0,
209,196,113,0,
0,
0,
205,0,
120,0,
91,139,125,0,
0,
0,
44,0,
133,0,
198,0,
146,135,0,
115,141,0,
0,
210,0,
0,
154,228,13,111,0,
0,
132,0,
237,158,223,0,
274,0,
84,14,0,
101,15,0,
0,
185,0,
0,
0,
0,
151,0,
2,5,0,
0,
168,0,
0,
0,
31,0,
169,54,0,
