230,136,168,154,155,0,
201,39,0,
257,116,165,0,
0,
0,
0,
0,
0,
72,0,
0,
6,0,
0,
0,
140,0,
0,
93,45,0,
11,0,
123,0,
0,
0,
266,0,
96,58,27,0,
0,
0,
18,0,
239,0,
80,1,59,0,
147,213,0,
0,
41,66,92,0,
0,
0,
12,0,
183,0,
272,274,133,0,
9,0,
52,0,
0,
53,0,
0,
22,0,
114,238,0,
49,0,
30,0,
0,
205,0,
0,
106,0,
0,
0,
256,149,0,
0,
0,
0,
36,55,0,
90,0,
265,261,0,
0,
166,223,0,
170,13,0,
128,86,87,0,
31,0,
0,
220,0,
0,
113,0,
43,38,0,
212,0,
0,
209,0,
179,0,
0,
228,0,
240,185,0,
125,85,191,0,
19,0,
215,0,
164,0,
0,
0,
24,134,0,
0,
71,0,
3,0,
262,0,
195,158,0,
225,132,0,
169,194,0,
117,0,
216,277,271,0,
0,
196,0,
180,110,0,
235,0,
0,
0,
153,276,0,
189,0,
0,
77,0,
0,
100,0,
73,50,190,0,
121,234,172,0,
163,127,0,
0,
0,
129,0,
156,174,0,
0,
246,0,
0,
0,
0,
250,0,
200,0,
254,119,0,
0,
0,
98,0,
0,
17,28,0,
0,
0,
184,108,237,0,
146,229,0,
137,0,
81,0,
203,268,0,
0,
0,
242,0,
112,0,
249,126,0,
0,
227,181,175,0,
259,2,275,29,0,
0,
182,15,0,
0,
0,
104,54,0,
0,
0,
0,
0,
264,0,
94,0,
35,247,0,
199,0,
161,0,
83,0,
0,
105,0,
34,26,103,0,
74,243,124,138,0,
260,0,
0,
188,0,
0,
101,111,0,
0,
142,0,
118,0,
0,
232,273,0,
68,0,
222,0,
89,21,102,135,0,
62,0,
143,0,
0,
233,37,0,
4,0,
204,0,
202,131,0,
0,
0,
109,0,
0,
139,0,
162,167,0,
16,65,0,
0,
248,0,
263,0,
5,0,
171,0,
0,
0,
33,82,0,
97,236,0,
48,0,
88,253,0,
23,0,
7,0,
0,
0,
0,
0,
0,
0,
78,0,
252,0,
0,
0,
218,20,0,
221,0,
75,63,0,
0,
64,0,
226,269,151,0,
0,
130,0,
144,107,0,
0,
207,231,0,
208,148,214,0,
219,0,
0,
0,
0,
0,
176,0,
0,
152,0,
210,244,0,
42,70,0,
0,
197,0,
217,211,60,141,0,
145,0,
224,0,
255,0,
186,0,
0,
198,0,
245,173,0,
51,0,
0,
122,0,
178,84,0,
0,
99,267,270,0,
157,0,
57,0,
0,
46,0,
0,
0,
0,
0,
0,
251,0,
159,0,
0,
120,0,
40,10,0,
0,
56,8,160,0,
0,
44,0,
0,
0,
0,
95,0,
0,
67,115,0,
258,0,
192,25,0,
91,150,0,
187,61,0,
32,47,0,
79,0,
14,0,
241,193,206,0,
177,0,
76,69,0,
