273,21,196,53,0,
43,92,165,0,
51,0,
201,0,
152,0,
44,205,0,
266,0,
202,0,
4,14,0,
0,
18,0,
136,149,0,
0,
0,
199,0,
2,172,0,
210,27,0,
208,109,0,
56,0,
0,
0,
72,98,160,239,0,
145,257,0,
188,0,
0,
0,
161,0,
108,0,
0,
99,0,
244,0,
81,193,5,0,
0,
64,38,0,
174,0,
0,
91,0,
25,0,
96,126,0,
66,222,0,
179,0,
0,
0,
171,86,0,
120,0,
32,194,0,
270,0,
90,0,
85,0,
0,
234,62,0,
250,0,
80,260,0,
33,241,93,118,0,
0,
0,
0,
0,
0,
0,
59,0,
0,
220,143,0,
113,0,
107,45,0,
0,
215,0,
212,69,0,
132,0,
0,
0,
0,
104,114,183,0,
0,
192,0,
0,
0,
173,135,0,
3,7,0,
231,0,
40,42,0,
29,94,0,
0,
227,0,
200,275,0,
0,
177,117,0,
164,0,
0,
148,55,0,
150,0,
0,
6,230,0,
16,268,23,0,
73,0,
232,214,0,
58,0,
175,0,
89,122,251,0,
0,
35,0,
248,269,0,
50,22,15,0,
213,0,
131,127,0,
0,
224,181,0,
134,0,
0,
19,0,
28,0,
140,0,
0,
0,
110,70,0,
0,
261,0,
155,0,
153,178,253,0,
41,0,
0,
242,0,
162,125,0,
0,
0,
13,0,
88,0,
124,0,
249,87,0,
144,36,0,
0,
12,0,
0,
115,0,
0,
0,
65,0,
0,
142,0,
0,
139,0,
235,0,
49,0,
82,0,
61,0,
255,0,
46,0,
0,
57,0,
176,0,
0,
168,254,0,
0,
121,223,0,
259,246,0,
0,
190,79,0,
156,237,198,0,
0,
219,116,0,
8,84,39,0,
0,
189,0,
184,11,238,0,
0,
74,111,0,
204,77,0,
170,258,0,
207,0,
274,0,
0,
63,0,
221,0,
0,
0,
0,
0,
0,
26,133,0,
0,
0,
123,182,0,
147,0,
272,229,0,
228,167,0,
216,138,0,
0,
264,0,
262,0,
0,
75,0,
48,0,
0,
30,47,0,
277,0,
158,0,
225,102,157,245,0,
0,
206,0,
0,
37,0,
0,
0,
0,
195,187,0,
236,0,
0,
0,
105,0,
146,141,0,
265,0,
128,218,0,
0,
0,
197,0,
0,
20,0,
130,0,
276,0,
226,0,
240,0,
0,
0,
9,0,
217,0,
209,67,95,0,
0,
0,
243,0,
24,34,0,
203,0,
0,
256,0,
0,
100,68,0,
0,
112,0,
191,0,
10,247,0,
151,159,0,
0,
17,185,78,0,
0,
252,0,
0,
154,211,166,0,
180,0,
169,0,
0,
71,0,
0,
233,83,0,
0,
101,119,0,
186,0,
0,
0,
271,0,
76,0,
97,0,
267,0,
0,
0,
129,106,52,0,
0,
0,
0,
137,0,
60,0,
0,
0,
0,
54,0,
1,163,31,263,0,
0,
103,0,
0,
0,
