64,12,20,252,127,0,
0,
0,
0,
10,0,
139,0,
167,0,
102,0,
0,
0,
0,
0,
81,51,67,164,0,
14,0,
0,
216,43,107,0,
63,0,
0,
160,0,
211,47,0,
88,203,197,22,0,
166,0,
240,78,46,0,
25,5,0,
0,
0,
176,126,0,
242,98,0,
189,0,
16,239,0,
11,0,
0,
0,
192,0,
0,
24,0,
86,0,
93,0,
0,
254,0,
0,
0,
247,0,
265,0,
82,0,
0,
200,168,0,
1,0,
149,39,0,
0,
134,0,
186,29,54,0,
274,0,
112,146,0,
35,259,0,
136,0,
0,
273,97,0,
0,
129,95,0,
34,0,
232,218,119,0,
0,
0,
154,155,61,231,0,
104,0,
0,
91,212,53,0,
261,0,
124,37,0,
72,0,
0,
0,
0,
99,0,
201,0,
106,0,
0,
156,21,0,
0,
209,0,
48,116,150,0,
0,
0,
217,236,199,0,
8,0,
0,
214,31,0,
145,185,277,0,
120,170,131,0,
161,0,
258,85,0,
0,
0,
0,
2,0,
0,
188,0,
225,0,
0,
73,0,
230,0,
271,0,
229,0,
204,0,
0,
0,
235,0,
68,158,0,
0,
30,6,87,0,
249,79,0,
49,0,
65,227,0,
108,180,276,0,
0,
153,207,0,
38,0,
0,
264,121,0,
74,103,0,
92,0,
0,
0,
118,0,
75,0,
40,0,
194,181,110,15,0,
151,0,
3,0,
101,117,0,
163,36,0,
0,
241,0,
233,0,
128,246,0,
0,
42,221,0,
172,0,
0,
224,0,
205,157,0,
17,0,
196,0,
238,55,0,
80,44,0,
253,0,
234,0,
0,
132,0,
76,0,
0,
219,0,
165,0,
59,19,0,
144,26,27,0,
263,0,
191,0,
115,0,
58,0,
0,
0,
0,
162,0,
268,135,0,
0,
0,
0,
122,0,
0,
173,183,0,
71,0,
0,
213,0,
0,
0,
226,0,
210,28,0,
0,
267,0,
257,206,0,
125,7,0,
0,
243,0,
244,0,
90,111,0,
208,60,0,
0,
0,
0,
0,
109,0,
0,
56,0,
251,100,0,
0,
187,0,
177,69,143,0,
171,70,0,
33,13,0,
175,0,
0,
228,141,198,0,
57,130,113,0,
0,
262,0,
266,0,
62,0,
0,
0,
41,0,
195,0,
133,0,
96,0,
0,
105,0,
248,152,0,
138,222,0,
50,140,0,
0,
0,
9,0,
45,0,
0,
174,0,
0,
0,
260,0,
18,52,0,
0,
0,
137,269,23,0,
4,245,0,
0,
0,
148,0,
250,142,0,
0,
66,0,
270,0,
184,0,
0,
190,0,
0,
0,
123,0,
0,
0,
272,0,
83,0,
220,0,
223,0,
89,114,84,202,0,
0,
0,
0,
0,
256,0,
32,0,
94,0,
237,0,
0,
0,
0,
77,0,
0,
0,
0,
182,0,
193,159,0,
0,
169,0,
0,
178,0,
0,
255,0,
179,215,0,
275,147,0,
