197,216,121,250,61,0,
3,0,
0,
0,
0,
0,
0,
141,0,
26,0,
0,
238,0,
136,265,60,0,
58,20,0,
203,0,
106,70,0,
105,35,0,
38,0,
24,27,0,
8,10,0,
9,0,
270,0,
92,174,0,
99,0,
119,0,
108,0,
235,0,
0,
101,0,
51,95,0,
0,
2,0,
0,
129,98,122,0,
0,
154,0,
0,
0,
276,0,
36,0,
0,
164,133,0,
49,0,
209,0,
0,
137,211,55,0,
86,0,
0,
0,
251,0,
0,
17,18,0,
0,
0,
0,
181,0,
193,13,0,
0,
42,31,0,
5,0,
144,0,
81,85,0,
65,183,40,255,0,
113,0,
115,205,0,
0,
90,275,199,0,
170,218,0,
153,146,161,0,
0,
127,0,
162,0,
273,0,
158,0,
116,135,0,
0,
71,0,
0,
0,
0,
206,0,
0,
232,0,
0,
0,
0,
274,0,
0,
145,171,0,
229,0,
0,
168,254,0,
131,172,231,0,
0,
0,
62,134,0,
219,0,
112,0,
74,0,
107,0,
0,
41,97,0,
0,
124,0,
0,
272,0,
88,236,0,
237,0,
0,
0,
53,0,
224,194,66,0,
0,
184,0,
0,
47,0,
80,0,
267,0,
227,0,
25,84,0,
0,
207,0,
32,173,150,159,0,
202,156,0,
0,
33,0,
0,
261,0,
0,
160,249,0,
234,138,0,
0,
210,269,0,
39,0,
268,189,0,
200,0,
226,0,
277,213,0,
139,69,0,
130,0,
123,0,
151,0,
0,
0,
148,0,
182,0,
214,0,
68,0,
176,143,0,
264,0,
0,
178,100,271,0,
0,
7,79,0,
230,0,
0,
185,0,
149,0,
233,4,0,
0,
63,191,0,
0,
16,75,0,
0,
0,
201,247,0,
0,
244,0,
0,
56,217,0,
0,
240,0,
0,
258,30,0,
192,87,0,
76,0,
6,0,
120,186,0,
0,
196,262,0,
114,103,0,
221,0,
0,
263,0,
155,253,246,0,
0,
46,0,
204,0,
0,
0,
117,0,
29,0,
180,0,
243,166,0,
252,0,
132,23,0,
12,215,0,
93,0,
241,91,44,110,0,
52,0,
57,175,0,
0,
239,0,
188,0,
0,
0,
45,37,0,
0,
0,
0,
0,
167,0,
48,260,0,
59,179,94,0,
198,0,
89,0,
34,0,
50,195,15,0,
64,0,
222,0,
0,
259,0,
0,
0,
242,0,
21,102,0,
0,
0,
0,
96,28,0,
0,
190,0,
128,157,0,
0,
0,
82,0,
0,
187,0,
163,0,
0,
111,0,
0,
73,228,14,0,
0,
0,
142,0,
0,
126,223,0,
125,0,
177,0,
77,0,
11,67,147,212,0,
0,
0,
248,208,0,
104,0,
152,257,118,0,
0,
220,140,0,
165,0,
0,
109,0,
0,
245,0,
0,
83,0,
266,19,0,
43,0,
78,0,
169,0,
225,0,
0,
72,1,0,
0,
0,
0,
54,22,0,
0,
256,0,
