1,17,179,122,188,0,
210,58,3,142,0,
217,98,251,0,
272,166,174,0,
40,186,123,0,
129,252,261,0,
243,0,
265,54,0,
268,0,
68,0,
24,51,0,
0,
0,
150,0,
72,0,
240,0,
19,212,270,0,
264,97,4,157,0,
0,
50,74,0,
0,
256,0,
0,
89,42,28,0,
275,0,
108,253,0,
255,0,
0,
35,158,0,
184,0,
10,83,147,0,
0,
244,0,
0,
31,0,
124,0,
32,84,0,
0,
111,0,
0,
152,130,0,
43,0,
259,151,0,
0,
37,0,
0,
0,
205,0,
200,153,0,
13,175,0,
202,0,
141,0,
117,0,
191,0,
140,0,
0,
201,34,0,
165,0,
25,274,66,0,
0,
0,
77,0,
0,
0,
0,
227,0,
113,102,0,
62,0,
0,
49,131,6,0,
0,
128,53,0,
0,
119,0,
277,0,
0,
0,
0,
263,0,
196,0,
139,0,
218,93,173,0,
203,133,0,
86,95,0,
18,0,
47,0,
59,0,
41,177,0,
0,
170,197,0,
234,220,0,
215,0,
0,
120,12,0,
216,0,
0,
0,
82,107,0,
276,149,0,
0,
0,
0,
0,
0,
176,0,
209,0,
0,
136,198,0,
27,0,
0,
125,0,
0,
0,
109,0,
0,
267,0,
0,
0,
229,221,0,
0,
232,0,
225,38,0,
81,2,5,30,0,
96,65,0,
0,
88,0,
0,
11,0,
194,0,
162,44,0,
0,
171,94,0,
46,0,
63,0,
132,127,0,
0,
238,0,
56,118,87,0,
0,
0,
0,
0,
121,266,206,0,
161,0,
0,
0,
0,
8,52,0,
0,
112,0,
0,
207,0,
204,0,
126,0,
222,0,
0,
92,0,
226,134,262,0,
146,0,
0,
0,
0,
0,
0,
260,0,
0,
85,110,0,
0,
249,0,
100,180,0,
64,0,
103,0,
167,0,
241,214,0,
80,250,0,
45,0,
0,
235,0,
156,29,0,
16,187,69,271,0,
199,0,
138,0,
0,
39,0,
0,
70,0,
237,0,
193,190,230,0,
137,189,23,0,
90,242,71,0,
168,73,0,
0,
0,
33,0,
0,
106,0,
0,
257,0,
145,0,
0,
116,0,
182,0,
0,
55,0,
0,
0,
185,79,0,
0,
0,
192,0,
239,7,0,
0,
246,22,0,
0,
0,
0,
0,
233,57,0,
211,0,
0,
75,0,
219,0,
0,
21,183,0,
0,
163,0,
9,20,0,
0,
181,0,
148,0,
154,0,
115,195,0,
0,
135,0,
224,0,
0,
247,0,
160,0,
0,
67,91,0,
0,
101,0,
248,0,
99,0,
0,
0,
155,0,
0,
0,
0,
114,0,
236,228,0,
104,61,0,
269,0,
245,0,
0,
0,
0,
60,0,
159,0,
0,
164,15,0,
144,258,0,
0,
231,14,223,0,
273,78,0,
169,143,0,
0,
0,
0,
172,213,0,
48,178,36,0,
105,254,0,
76,0,
26,0,
0,
208,0,
0,
