203,14,336,52,219,0,
2,291,0,
69,0,
77,0,
208,0,
0,
0,
328,3,108,0,
193,0,
0,
0,
0,
33,18,71,0,
0,
98,43,165,175,0,
146,302,0,
225,275,0,
0,
260,0,
97,0,
157,0,
248,0,
0,
156,39,0,
6,0,
0,
354,350,0,
0,
259,325,0,
229,0,
120,75,292,0,
0,
299,253,0,
180,0,
0,
48,332,0,
0,
0,
274,51,0,
13,0,
74,0,
226,150,70,0,
83,0,
56,330,258,0,
301,0,
76,0,
0,
57,0,
344,89,0,
0,
0,
161,0,
151,243,55,119,0,
0,
0,
209,246,95,0,
81,4,0,
0,
0,
181,0,
320,0,
0,
0,
179,0,
0,
342,0,
0,
0,
211,0,
0,
96,173,0,
261,0,
177,0,
191,0,
169,0,
128,138,0,
0,
0,
0,
26,295,0,
197,351,0,
256,0,
0,
0,
352,343,7,0,
115,0,
85,0,
0,
8,114,0,
0,
333,0,
142,0,
305,0,
36,0,
0,
201,21,0,
87,0,
0,
88,107,196,0,
58,0,
80,289,346,267,0,
212,0,
0,
228,0,
34,0,
16,182,294,0,
0,
90,347,0,
143,0,
0,
0,
172,0,
340,0,
0,
338,0,
0,
216,322,0,
111,0,
334,0,
116,117,135,0,
315,133,0,
59,134,223,0,
0,
53,0,
199,0,
0,
0,
0,
186,0,
0,
73,265,0,
0,
0,
113,0,
239,0,
139,103,0,
0,
35,349,207,0,
122,0,
262,0,
109,0,
110,0,
0,
0,
244,189,0,
0,
91,0,
0,
288,0,
106,0,
341,190,0,
353,178,163,0,
0,
0,
0,
25,0,
9,0,
0,
307,0,
276,0,
0,
0,
152,293,0,
148,300,0,
339,149,0,
121,23,167,0,
1,164,79,0,
65,205,0,
112,0,
0,
82,0,
0,
0,
286,0,
94,0,
12,308,215,0,
124,0,
132,0,
72,317,0,
0,
0,
0,
357,158,0,
241,20,0,
266,0,
11,0,
0,
0,
254,0,
0,
278,0,
0,
0,
0,
198,0,
0,
257,101,0,
331,0,
0,
0,
245,230,0,
285,0,
0,
329,137,30,41,0,
217,0,
22,0,
153,0,
238,47,0,
0,
210,271,0,
268,0,
0,
0,
104,237,0,
313,0,
144,337,0,
250,0,
249,0,
54,0,
297,100,309,166,0,
247,0,
236,86,0,
64,187,0,
131,31,0,
174,311,0,
202,93,0,
240,60,0,
0,
0,
0,
147,0,
27,0,
0,
0,
0,
348,270,0,
160,0,
356,0,
99,0,
0,
188,0,
0,
282,92,0,
281,130,283,0,
0,
49,0,
232,0,
0,
0,
0,
0,
284,0,
46,0,
218,0,
0,
78,0,
0,
195,0,
45,318,0,
24,303,0,
0,
0,
0,
224,32,235,0,
304,0,
67,0,
0,
155,231,0,
0,
200,324,15,0,
44,0,
227,0,
0,
355,0,
10,0,
62,0,
0,
272,0,
0,
0,
0,
326,287,0,
233,0,
194,222,0,
0,
0,
0,
102,0,
0,
273,204,0,
0,
279,0,
42,255,0,
0,
170,19,0,
154,0,
126,0,
168,242,28,0,
185,0,
312,0,
327,0,
0,
280,0,
0,
66,0,
0,
0,
0,
296,140,0,
298,213,38,0,
316,0,
61,0,
0,
0,
0,
345,0,
0,
68,0,
290,0,
5,310,0,
0,
277,63,0,
50,0,
214,206,0,
252,118,0,
145,17,0,
136,0,
0,
171,0,
321,323,221,0,
184,141,0,
0,
192,0,
0,
0,
0,
263,105,269,84,319,0,
127,0,
0,
314,0,
37,0,
234,0,
0,
40,220,0,
0,
0,
264,251,0,
306,0,
335,0,
162,183,0,
0,
125,0,
176,29,0,
123,159,0,
0,
0,
0,
129,0,
