38,204,303,178,221,0,
0,
65,262,0,
55,0,
52,0,
187,0,
0,
0,
0,
2,141,254,0,
156,36,0,
0,
0,
148,212,0,
67,4,270,0,
287,0,
0,
0,
0,
0,
282,292,0,
352,80,117,0,
263,0,
177,0,
170,230,0,
211,53,0,
301,278,0,
0,
89,206,0,
164,0,
0,
85,0,
27,191,0,
0,
0,
0,
315,0,
322,124,0,
342,181,334,207,0,
0,
76,5,0,
193,286,0,
216,0,
24,238,0,
168,0,
100,205,0,
114,237,0,
0,
264,253,0,
0,
0,
161,300,302,0,
0,
304,183,0,
336,0,
0,
25,51,13,0,
0,
268,0,
182,0,
0,
259,0,
357,0,
0,
0,
93,126,0,
0,
308,341,0,
0,
0,
136,0,
0,
104,252,0,
0,
0,
147,39,0,
318,0,
0,
153,123,0,
0,
245,327,0,
119,0,
66,0,
34,0,
192,279,0,
0,
313,97,0,
68,0,
0,
0,
0,
0,
131,0,
0,
0,
0,
0,
109,0,
49,0,
0,
8,0,
0,
240,0,
82,349,0,
47,0,
339,0,
323,0,
0,
50,0,
95,0,
173,0,
7,0,
120,0,
57,298,0,
255,0,
199,0,
163,0,
72,290,152,0,
266,108,0,
0,
0,
226,122,0,
88,0,
98,275,0,
155,0,
0,
0,
0,
284,277,0,
0,
353,86,14,0,
0,
331,0,
162,15,0,
0,
0,
333,0,
330,171,0,
0,
232,0,
0,
241,158,0,
0,
271,0,
297,0,
17,92,0,
69,0,
0,
314,0,
1,0,
272,0,
32,325,0,
144,0,
293,198,0,
265,146,0,
196,0,
249,0,
235,101,0,
267,355,0,
75,87,0,
48,289,40,133,0,
345,0,
96,0,
0,
0,
200,0,
213,0,
0,
0,
0,
0,
0,
64,134,0,
0,
0,
41,46,159,0,
58,3,0,
0,
175,202,210,223,0,
0,
113,188,0,
233,261,0,
0,
203,0,
185,0,
0,
0,
0,
251,0,
115,166,0,
250,172,343,0,
0,
107,0,
248,0,
0,
42,23,31,0,
0,
217,0,
324,0,
0,
0,
0,
176,139,180,0,
0,
9,218,348,247,0,
346,0,
90,0,
344,209,296,0,
129,118,0,
169,236,0,
10,309,151,0,
94,0,
310,0,
0,
306,43,78,0,
320,149,0,
0,
0,
354,195,215,0,
0,
0,
160,130,189,190,0,
59,116,0,
105,45,269,0,
0,
0,
0,
280,0,
77,0,
0,
0,
0,
0,
225,0,
110,54,0,
35,0,
111,0,
79,0,
71,0,
0,
0,
224,140,0,
0,
0,
0,
18,0,
239,0,
337,121,234,0,
0,
0,
332,0,
242,0,
174,0,
30,0,
83,227,0,
0,
0,
0,
194,0,
0,
197,0,
219,0,
220,0,
0,
112,0,
0,
0,
0,
0,
347,22,0,
91,0,
0,
319,0,
81,260,0,
356,0,
0,
256,0,
351,0,
19,0,
73,338,0,
138,0,
0,
16,0,
0,
350,0,
0,
186,0,
0,
0,
184,132,0,
283,299,0,
340,102,0,
276,0,
33,0,
12,0,
29,62,0,
312,317,294,0,
0,
0,
285,0,
6,0,
11,0,
229,61,0,
56,214,21,326,0,
0,
0,
274,258,0,
0,
257,0,
145,157,0,
0,
142,0,
167,0,
231,0,
0,
179,0,
125,0,
74,0,
0,
0,
63,0,
28,44,0,
246,0,
0,
0,
307,0,
321,26,295,0,
99,0,
0,
328,316,0,
0,
0,
135,0,
0,
208,137,103,0,
281,0,
0,
154,70,0,
0,
0,
243,0,
0,
128,20,37,0,
165,150,311,0,
288,0,
0,
0,
244,0,
273,291,84,0,
60,335,0,
201,0,
305,0,
228,222,0,
329,127,0,
106,143,0,
0,
0,
0,
