160,33,163,138,304,0,
280,0,
328,70,0,
40,0,
0,
0,
0,
0,
203,327,0,
96,145,0,
0,
0,
0,
0,
5,0,
355,68,0,
27,284,0,
147,0,
0,
83,219,101,302,0,
150,14,0,
58,206,22,0,
266,127,0,
16,65,278,0,
0,
0,
0,
123,0,
0,
143,0,
0,
309,0,
166,0,
35,43,196,41,0,
8,314,238,0,
256,345,194,0,
0,
0,
113,332,0,
264,0,
0,
38,222,174,0,
157,0,
330,67,149,0,
235,0,
36,292,0,
303,0,
141,335,0,
125,0,
288,0,
4,173,0,
259,63,135,0,
12,0,
0,
0,
336,81,0,
0,
2,213,287,0,
274,94,0,
0,
0,
291,0,
156,0,
241,252,0,
0,
329,1,0,
114,0,
272,250,0,
77,0,
0,
178,0,
54,0,
48,265,0,
0,
170,7,0,
180,0,
0,
0,
200,86,0,
18,0,
37,0,
85,0,
322,6,0,
313,230,0,
109,0,
0,
0,
201,3,0,
0,
234,198,47,0,
0,
317,0,
298,333,0,
122,0,
357,0,
0,
76,0,
346,0,
53,0,
0,
152,80,0,
49,74,0,
146,0,
0,
260,0,
0,
218,0,
120,242,87,0,
350,0,
0,
0,
0,
0,
308,0,
0,
0,
0,
191,0,
0,
352,0,
97,50,0,
0,
0,
0,
0,
0,
354,0,
318,0,
248,224,211,0,
273,0,
0,
341,0,
0,
220,0,
0,
186,155,0,
17,0,
0,
21,202,293,205,0,
261,0,
0,
246,0,
0,
0,
343,0,
99,0,
0,
0,
240,0,
39,319,0,
169,0,
331,0,
88,0,
258,92,268,0,
208,0,
142,0,
0,
0,
0,
0,
128,153,325,286,0,
337,285,0,
344,0,
57,107,51,23,0,
111,0,
0,
0,
0,
0,
0,
0,
193,306,0,
0,
0,
339,223,0,
247,0,
0,
0,
0,
244,294,0,
0,
28,0,
11,0,
0,
0,
98,52,0,
312,0,
103,0,
0,
66,269,0,
255,231,0,
0,
276,46,0,
115,0,
32,84,0,
112,0,
185,20,209,0,
0,
136,162,0,
137,0,
0,
267,132,0,
299,100,55,15,0,
105,0,
95,0,
297,338,253,0,
139,326,0,
275,0,
0,
133,214,0,
0,
154,102,0,
0,
82,323,31,0,
307,0,
161,171,233,0,
0,
0,
0,
207,45,79,0,
0,
0,
187,236,0,
188,0,
129,349,0,
59,0,
144,29,0,
283,0,
0,
0,
340,0,
320,0,
183,0,
290,277,0,
164,78,0,
0,
60,0,
61,263,0,
131,348,0,
158,0,
0,
10,0,
106,117,0,
42,91,0,
177,0,
281,13,0,
0,
0,
195,0,
0,
168,0,
172,324,0,
217,0,
75,175,0,
0,
356,0,
104,353,0,
0,
93,151,0,
296,182,0,
0,
0,
0,
216,0,
0,
140,0,
310,30,0,
311,0,
44,71,0,
228,0,
26,0,
159,0,
25,0,
0,
167,0,
0,
165,0,
176,124,0,
204,351,0,
0,
0,
0,
0,
64,0,
90,0,
118,0,
226,243,190,0,
251,239,0,
0,
254,0,
199,0,
0,
0,
72,9,301,237,0,
121,0,
0,
229,0,
232,305,0,
342,0,
289,227,0,
0,
108,334,0,
148,181,0,
0,
89,34,19,215,0,
184,0,
73,0,
0,
0,
0,
0,
0,
0,
347,0,
315,245,0,
110,0,
0,
0,
0,
262,0,
0,
0,
221,0,
295,0,
0,
192,179,189,0,
279,0,
300,0,
257,0,
56,0,
197,270,0,
0,
134,0,
130,0,
282,0,
316,0,
24,0,
62,0,
225,126,0,
69,0,
0,
0,
0,
0,
0,
119,271,0,
0,
0,
249,0,
116,0,
0,
212,0,
0,
210,0,
0,
321,0,
0,
0,
