352,266,277,311,121,0,
32,0,
208,149,0,
0,
37,38,0,
209,0,
326,0,
5,270,0,
0,
50,284,0,
160,161,250,0,
144,265,2,0,
0,
282,230,246,0,
301,102,0,
93,0,
31,0,
0,
0,
0,
0,
0,
96,0,
147,302,0,
8,351,0,
0,
292,0,
0,
0,
108,214,0,
0,
0,
0,
125,0,
0,
231,0,
0,
286,0,
357,0,
61,0,
303,0,
0,
239,0,
0,
99,0,
59,0,
280,197,0,
0,
333,254,0,
0,
318,0,
0,
0,
344,267,155,0,
1,21,0,
116,111,0,
72,33,0,
159,0,
331,0,
0,
0,
235,0,
164,204,0,
0,
0,
141,0,
26,132,101,0,
0,
0,
178,115,0,
290,71,0,
120,0,
251,0,
63,0,
57,188,0,
89,9,262,0,
28,0,
0,
41,0,
0,
0,
316,0,
177,62,0,
0,
241,0,
291,348,0,
0,
221,0,
220,148,213,0,
81,299,70,0,
238,0,
139,0,
256,135,0,
0,
189,0,
334,0,
0,
0,
162,283,0,
0,
0,
244,173,39,0,
90,0,
0,
191,0,
255,0,
261,0,
156,0,
152,342,0,
0,
0,
317,0,
0,
0,
0,
113,0,
60,0,
0,
30,0,
0,
0,
88,257,10,248,0,
42,166,0,
94,0,
40,58,0,
0,
0,
79,0,
168,123,190,0,
0,
0,
306,0,
195,341,279,0,
0,
0,
219,0,
0,
346,84,0,
0,
0,
95,0,
0,
218,0,
0,
22,0,
0,
145,0,
47,0,
146,356,0,
0,
234,206,54,0,
0,
117,0,
0,
0,
18,165,0,
0,
0,
0,
0,
275,243,0,
3,237,0,
225,0,
211,140,0,
0,
158,0,
320,0,
138,0,
186,339,0,
0,
0,
0,
0,
314,0,
52,0,
249,7,0,
87,0,
196,110,0,
153,34,0,
329,98,92,0,
293,0,
0,
107,131,0,
0,
227,0,
201,0,
312,0,
157,0,
181,0,
0,
154,0,
0,
17,0,
0,
4,308,29,0,
127,0,
0,
20,0,
43,0,
0,
236,309,0,
0,
297,0,
287,0,
0,
199,0,
106,300,0,
0,
232,0,
0,
325,343,295,0,
354,183,0,
0,
76,0,
184,27,0,
100,0,
296,35,0,
104,273,0,
0,
0,
16,263,0,
0,
80,0,
216,23,0,
0,
0,
133,0,
0,
0,
332,0,
73,180,0,
0,
0,
12,0,
323,350,0,
0,
86,0,
114,0,
0,
0,
0,
0,
0,
77,0,
118,0,
0,
340,143,0,
0,
182,271,0,
222,6,0,
65,233,0,
0,
24,226,0,
200,322,276,0,
78,0,
0,
307,0,
56,217,278,0,
305,0,
169,0,
0,
0,
137,124,353,0,
224,130,0,
68,0,
192,167,0,
210,330,253,175,0,
324,269,0,
252,46,55,0,
349,0,
67,0,
337,198,0,
328,109,0,
172,0,
122,74,294,0,
129,0,
272,205,0,
11,338,179,268,0,
245,0,
44,0,
212,0,
0,
91,259,0,
171,0,
36,142,0,
51,0,
0,
0,
103,0,
242,0,
64,0,
240,0,
119,0,
0,
310,15,0,
264,187,0,
83,0,
0,
355,85,0,
288,289,0,
228,0,
193,0,
151,0,
0,
49,0,
0,
0,
0,
203,174,0,
315,0,
134,0,
48,66,13,223,0,
0,
0,
0,
0,
0,
0,
207,0,
25,0,
0,
281,0,
215,335,0,
319,0,
0,
176,304,0,
0,
0,
0,
336,45,0,
128,298,163,0,
0,
0,
112,105,0,
0,
185,0,
170,0,
313,0,
82,69,14,0,
97,0,
0,
321,19,0,
0,
345,285,0,
202,260,0,
247,0,
0,
0,
0,
0,
229,0,
0,
194,75,274,53,150,0,
347,0,
126,0,
136,258,0,
327,0,
0,
