1,388,299,205,337,0,
34,9,174,309,154,0,
53,0,
0,
0,
96,0,
0,
84,0,
0,
268,261,382,0,
110,0,
301,221,0,
151,401,85,407,0,
0,
0,
178,46,0,
8,369,0,
0,
0,
330,190,0,
38,0,
282,0,
419,253,0,
273,165,47,0,
0,
0,
404,0,
281,325,0,
250,0,
0,
17,0,
0,
0,
217,67,0,
344,393,328,0,
0,
374,0,
0,
0,
332,0,
101,22,319,0,
0,
232,0,
0,
0,
152,0,
370,0,
312,0,
55,0,
240,421,0,
0,
44,0,
93,0,
0,
0,
0,
335,0,
0,
0,
100,0,
0,
0,
0,
33,394,317,0,
0,
138,0,
120,0,
385,0,
0,
0,
377,0,
372,0,
127,39,167,0,
0,
368,0,
177,244,15,0,
14,0,
303,0,
0,
130,0,
267,0,
168,203,0,
196,173,0,
0,
0,
204,348,0,
0,
0,
0,
42,70,0,
411,0,
0,
432,0,
0,
414,0,
343,0,
13,0,
166,0,
161,0,
150,0,
0,
56,108,0,
316,0,
320,0,
322,0,
184,0,
98,0,
0,
148,0,
32,0,
0,
321,0,
291,206,0,
172,0,
115,0,
0,
0,
10,7,0,
264,0,
0,
0,
57,0,
54,0,
0,
0,
0,
415,0,
224,97,0,
0,
0,
345,0,
91,0,
381,0,
121,283,0,
405,0,
197,0,
0,
380,310,0,
0,
0,
362,0,
0,
363,294,287,0,
0,
262,0,
0,
60,0,
87,0,
0,
366,0,
0,
252,383,0,
0,
275,0,
427,340,350,0,
0,
0,
376,124,0,
0,
169,227,423,0,
123,0,
0,
391,0,
371,0,
16,354,114,0,
113,324,0,
0,
360,52,0,
413,0,
436,103,0,
285,0,
0,
0,
409,3,0,
315,307,300,0,
304,157,0,
289,219,351,367,0,
361,236,0,
276,0,
293,0,
0,
0,
0,
0,
0,
0,
0,
339,99,0,
417,428,189,223,0,
106,365,79,0,
199,0,
251,0,
119,0,
0,
105,129,0,
156,0,
306,0,
0,
356,0,
0,
0,
0,
0,
238,0,
329,212,0,
216,40,397,263,0,
0,
116,0,
228,342,0,
146,149,0,
41,0,
0,
0,
0,
0,
72,23,117,63,0,
27,386,243,133,0,
183,0,
0,
402,318,0,
0,
378,0,
305,109,0,
424,357,0,
139,0,
0,
0,
433,279,0,
308,0,
364,271,0,
0,
193,258,0,
0,
266,398,0,
274,269,270,0,
36,158,0,
69,0,
257,0,
0,
43,0,
58,0,
225,0,
0,
153,249,0,
222,326,0,
384,395,0,
290,37,0,
143,0,
19,187,191,0,
83,0,
0,
0,
280,76,0,
90,0,
192,260,0,
0,
0,
0,
0,
147,389,0,
30,0,
122,2,0,
0,
272,82,111,0,
0,
186,0,
408,0,
0,
65,347,0,
134,278,0,
208,102,359,0,
311,0,
396,118,0,
420,198,0,
331,334,0,
0,
0,
141,0,
202,0,
64,0,
0,
185,0,
0,
333,0,
155,0,
0,
0,
59,247,0,
0,
28,71,0,
0,
50,0,
128,255,0,
0,
435,341,0,
200,0,
430,0,
73,0,
226,0,
248,75,390,159,0,
20,45,0,
21,0,
0,
0,
242,68,0,
0,
0,
104,298,0,
0,
81,11,175,0,
230,0,
0,
0,
0,
164,245,254,0,
132,284,0,
0,
313,0,
171,0,
292,246,0,
0,
416,0,
211,0,
0,
201,0,
24,0,
323,358,0,
0,
80,170,0,
62,0,
349,0,
288,0,
0,
0,
180,0,
0,
425,0,
176,314,234,215,0,
86,0,
29,0,
355,95,0,
400,0,
0,
0,
144,126,0,
0,
66,140,0,
0,
163,94,0,
0,
265,210,0,
429,231,0,
327,0,
213,0,
296,434,0,
387,0,
0,
214,0,
78,0,
18,92,0,
145,0,
0,
0,
195,373,0,
379,0,
35,0,
0,
89,137,277,0,
0,
302,0,
375,0,
0,
0,
182,0,
0,
0,
0,
0,
0,
0,
6,0,
0,
160,48,0,
220,0,
136,0,
0,
297,5,0,
0,
188,12,142,399,0,
61,0,
209,418,259,0,
0,
0,
338,412,0,
74,239,0,
107,431,0,
88,0,
233,346,229,0,
410,0,
194,235,403,0,
0,
241,26,0,
218,162,0,
286,0,
0,
0,
125,0,
112,179,0,
0,
0,
0,
0,
392,0,
0,
0,
0,
0,
49,77,0,
352,131,0,
25,4,0,
256,0,
0,
0,
353,207,0,
336,135,0,
0,
0,
51,406,0,
237,295,0,
181,0,
0,
0,
0,
31,0,
0,
426,0,
422,0,
