13,334,14,18,180,0,
0,
240,139,254,0,
0,
0,
0,
137,0,
0,
379,38,0,
4,0,
0,
0,
0,
192,304,269,231,0,
25,55,197,87,0,
0,
325,0,
0,
126,2,228,358,0,
0,
257,0,
345,425,0,
234,0,
0,
413,286,0,
353,253,78,31,0,
384,77,0,
9,283,246,0,
0,
181,0,
342,0,
160,247,0,
0,
0,
255,0,
337,263,0,
11,0,
141,366,0,
125,0,
44,333,0,
394,0,
0,
30,303,0,
88,401,0,
0,
29,0,
138,52,0,
84,0,
340,0,
242,0,
297,0,
0,
396,372,0,
100,0,
168,419,0,
233,395,171,0,
0,
0,
154,0,
376,0,
0,
146,0,
81,221,0,
290,327,0,
0,
270,0,
23,0,
185,0,
272,200,0,
0,
0,
0,
49,0,
94,0,
352,0,
0,
310,0,
0,
16,58,0,
338,0,
0,
271,0,
0,
163,285,0,
0,
0,
305,179,20,0,
339,21,86,95,0,
73,0,
239,0,
57,0,
75,0,
196,0,
0,
0,
423,0,
341,0,
0,
355,0,
119,0,
385,0,
0,
19,0,
198,143,0,
85,0,
195,0,
64,0,
0,
0,
0,
0,
105,36,0,
123,268,0,
0,
142,0,
0,
298,132,0,
0,
360,281,0,
0,
416,190,0,
0,
225,6,0,
399,0,
188,0,
0,
434,206,398,0,
328,0,
276,0,
350,311,0,
32,0,
66,0,
230,0,
169,42,316,0,
0,
0,
0,
0,
422,0,
45,389,0,
0,
373,0,
135,0,
60,0,
0,
336,321,307,287,0,
0,
0,
387,182,0,
0,
0,
0,
359,0,
433,331,63,159,0,
0,
0,
402,315,0,
122,407,0,
201,0,
24,351,0,
306,0,
80,0,
0,
380,0,
113,0,
0,
150,0,
313,166,0,
12,0,
53,430,0,
284,0,
205,102,0,
218,43,62,0,
0,
378,0,
0,
99,187,0,
243,0,
400,0,
15,0,
330,172,429,133,0,
0,
165,0,
0,
17,0,
0,
0,
354,0,
121,0,
59,0,
109,0,
108,0,
212,118,68,0,
0,
0,
0,
0,
129,83,383,0,
277,0,
0,
266,0,
0,
0,
0,
0,
34,0,
90,308,0,
0,
97,0,
48,210,388,0,
208,292,0,
140,0,
164,124,0,
0,
0,
0,
0,
371,0,
365,0,
392,0,
317,0,
40,0,
213,238,0,
0,
33,258,0,
1,0,
390,0,
130,0,
8,249,35,0,
144,0,
296,0,
176,209,312,111,0,
322,0,
421,22,0,
0,
0,
0,
5,0,
0,
0,
189,79,0,
426,319,0,
0,
0,
404,0,
215,0,
274,70,0,
386,0,
348,7,0,
207,0,
332,0,
314,0,
0,
435,61,0,
420,167,0,
0,
300,326,0,
0,
147,0,
0,
194,0,
67,356,0,
186,158,0,
98,0,
0,
26,251,156,0,
117,0,
0,
214,0,
275,116,261,405,0,
0,
0,
92,0,
136,0,
134,0,
370,237,0,
0,
0,
173,127,0,
299,428,0,
0,
128,0,
0,
417,82,0,
291,0,
107,0,
51,0,
382,47,0,
0,
369,114,0,
10,0,
0,
0,
0,
0,
335,0,
0,
0,
177,252,0,
0,
161,115,0,
0,
112,320,412,0,
409,0,
256,329,368,0,
3,0,
0,
37,39,0,
69,0,
363,0,
0,
184,0,
0,
0,
0,
408,0,
244,295,0,
0,
0,
0,
424,229,0,
65,278,0,
56,0,
149,0,
323,71,0,
0,
346,362,0,
175,0,
0,
241,279,0,
344,289,27,0,
178,131,324,0,
436,0,
403,0,
302,431,145,153,157,0,
0,
393,91,260,0,
427,0,
151,0,
74,411,0,
432,0,
0,
318,0,
0,
162,0,
282,0,
101,0,
259,0,
0,
294,0,
301,0,
41,375,0,
0,
248,273,0,
0,
0,
236,0,
202,0,
265,54,103,0,
0,
219,0,
170,222,0,
0,
0,
0,
367,0,
0,
0,
232,418,0,
309,0,
199,0,
0,
397,0,
0,
72,220,357,0,
0,
0,
267,0,
0,
28,0,
0,
0,
293,0,
104,227,0,
93,0,
0,
0,
280,0,
216,0,
288,0,
0,
211,0,
0,
174,0,
0,
152,191,0,
0,
0,
96,50,0,
0,
0,
343,0,
381,0,
0,
0,
89,377,0,
0,
347,349,0,
0,
203,0,
235,0,
193,0,
106,415,0,
0,
0,
364,0,
76,0,
414,0,
245,0,
223,0,
410,0,
204,0,
0,
155,0,
183,0,
110,0,
0,
0,
264,0,
46,361,262,0,
226,0,
120,148,374,0,
0,
224,250,0,
217,391,0,
406,0,
0,
