128,163,177,308,377,0,
114,62,0,
156,301,0,
105,0,
0,
108,7,0,
421,0,
0,
368,312,0,
288,254,0,
328,0,
0,
0,
277,0,
40,0,
0,
60,0,
97,0,
133,0,
408,329,227,0,
0,
123,423,0,
0,
0,
104,25,0,
67,0,
0,
64,169,0,
0,
0,
284,0,
197,327,0,
0,
127,0,
315,0,
38,0,
107,77,0,
160,385,132,0,
0,
149,406,0,
0,
220,0,
144,32,0,
332,0,
0,
410,243,286,0,
415,0,
131,0,
292,0,
0,
309,0,
403,0,
413,0,
365,0,
98,0,
142,0,
337,0,
354,307,405,0,
0,
0,
0,
268,70,311,0,
375,0,
313,357,0,
216,0,
78,0,
412,0,
0,
0,
0,
318,124,86,0,
0,
0,
205,0,
201,330,355,0,
84,0,
0,
151,0,
0,
0,
41,388,0,
394,0,
117,0,
0,
0,
0,
228,255,0,
0,
102,0,
0,
0,
248,147,0,
417,246,0,
194,50,0,
0,
0,
263,0,
0,
0,
434,0,
187,350,0,
302,0,
0,
416,99,0,
402,0,
0,
294,400,342,0,
293,0,
0,
0,
109,0,
87,0,
432,345,300,0,
52,0,
0,
0,
384,0,
29,0,
306,6,0,
291,235,0,
336,0,
0,
0,
419,383,0,
303,0,
0,
0,
0,
225,290,19,45,0,
0,
0,
0,
232,206,0,
0,
0,
28,0,
139,349,431,0,
0,
0,
418,395,0,
0,
240,30,0,
0,
0,
0,
73,0,
90,0,
426,0,
0,
170,0,
208,282,80,0,
0,
0,
422,0,
0,
138,0,
12,0,
203,0,
121,0,
153,129,0,
162,335,0,
0,
83,0,
196,360,237,112,281,0,
0,
0,
0,
140,0,
387,116,0,
26,0,
0,
305,0,
0,
214,110,0,
276,278,239,0,
58,404,0,
374,0,
57,106,37,174,0,
259,0,
0,
0,
148,0,
0,
234,222,0,
0,
213,159,0,
71,0,
361,0,
0,
82,183,0,
0,
0,
88,279,0,
0,
89,0,
215,0,
9,27,367,0,
79,0,
409,0,
68,0,
0,
280,155,0,
0,
0,
0,
0,
371,262,0,
96,370,0,
42,135,0,
0,
285,0,
54,295,0,
24,310,103,0,
188,0,
200,0,
184,0,
0,
0,
424,0,
274,358,0,
4,0,
317,0,
0,
0,
251,372,0,
31,189,63,0,
0,
66,34,0,
154,0,
0,
0,
115,0,
166,0,
0,
0,
172,0,
0,
100,8,331,36,0,
264,326,0,
48,51,0,
180,0,
339,381,0,
223,0,
275,101,46,0,
122,0,
363,0,
272,0,
353,14,0,
0,
56,18,0,
289,0,
0,
0,
152,0,
252,0,
0,
0,
0,
392,186,0,
0,
267,47,0,
340,0,
0,
0,
0,
226,0,
321,0,
0,
192,245,414,0,
297,265,0,
0,
0,
0,
266,53,0,
0,
236,0,
17,10,0,
0,
33,244,0,
95,0,
229,0,
386,333,141,0,
168,176,0,
161,0,
0,
0,
298,411,0,
0,
179,382,0,
0,
356,39,247,0,
182,0,
0,
0,
91,396,238,0,
323,0,
190,0,
270,0,
359,0,
427,0,
338,75,0,
0,
0,
352,0,
126,0,
0,
23,0,
113,319,0,
136,436,389,150,0,
0,
3,231,0,
241,173,0,
11,0,
391,0,
373,0,
44,0,
0,
0,
347,0,
398,0,
369,0,
0,
257,0,
0,
0,
76,0,
0,
137,0,
0,
304,430,0,
171,158,0,
314,199,0,
0,
380,111,0,
0,
271,0,
0,
0,
334,0,
130,0,
0,
165,0,
224,219,119,0,
0,
0,
195,157,0,
72,0,
0,
0,
393,322,0,
69,0,
0,
0,
348,0,
376,261,0,
146,253,0,
92,399,0,
202,0,
191,0,
0,
1,2,425,0,
0,
49,181,0,
0,
217,0,
20,0,
204,0,
378,43,0,
85,0,
0,
299,366,0,
0,
134,0,
0,
0,
0,
233,0,
74,397,212,407,61,0,
94,0,
59,0,
125,0,
209,0,
0,
0,
0,
178,198,0,
81,260,0,
0,
316,0,
249,258,118,207,0,
0,
0,
256,0,
344,0,
0,
143,0,
242,351,0,
273,269,21,0,
0,
221,0,
296,401,362,0,
164,341,0,
0,
0,
390,0,
167,429,175,0,
230,0,
433,211,93,0,
346,364,0,
0,
320,65,0,
193,0,
0,
0,
120,218,0,
0,
420,0,
0,
15,0,
0,
343,0,
0,
0,
287,0,
0,
16,0,
0,
0,
210,35,0,
22,0,
324,0,
13,325,0,
250,283,0,
145,379,0,
0,
5,55,0,
185,435,428,0,
