41,331,398,311,222,0,
0,
116,0,
178,158,0,
58,227,351,0,
252,125,0,
70,277,310,0,
27,0,
0,
0,
128,0,
26,0,
0,
0,
0,
0,
194,10,0,
0,
0,
0,
89,349,71,0,
0,
317,78,0,
355,0,
354,0,
0,
0,
0,
56,0,
212,100,348,0,
426,0,
16,427,429,0,
82,0,
181,0,
0,
386,198,0,
42,0,
360,0,
0,
0,
0,
4,173,110,248,31,0,
0,
0,
0,
180,0,
221,0,
0,
130,306,365,0,
0,
337,0,
359,335,0,
83,36,0,
25,0,
0,
299,0,
0,
0,
50,62,0,
0,
2,106,0,
0,
322,0,
0,
7,0,
12,0,
0,
0,
138,0,
0,
305,99,0,
269,254,79,0,
44,0,
280,243,0,
187,0,
232,411,0,
226,0,
0,
169,0,
356,0,
416,291,255,0,
38,0,
0,
373,0,
0,
0,
0,
268,0,
289,334,0,
396,92,340,0,
0,
0,
372,0,
0,
412,0,
318,0,
121,0,
0,
336,0,
137,0,
155,119,0,
224,376,0,
328,0,
347,0,
0,
0,
57,0,
151,0,
0,
0,
249,188,257,0,
77,0,
131,0,
236,0,
93,0,
129,393,3,0,
0,
0,
0,
197,0,
18,0,
0,
163,0,
0,
321,0,
231,0,
17,0,
0,
0,
400,122,0,
157,0,
0,
244,0,
0,
333,182,0,
332,0,
201,0,
0,
0,
43,142,0,
0,
284,0,
241,0,
233,30,0,
0,
304,8,0,
0,
395,0,
0,
19,0,
247,0,
0,
0,
296,0,
272,60,143,0,
69,0,
256,147,0,
0,
433,0,
166,0,
302,0,
0,
176,5,271,0,
0,
14,0,
102,263,0,
0,
0,
0,
0,
220,101,406,0,
47,0,
204,0,
51,156,391,0,
329,385,165,0,
314,303,0,
298,114,0,
423,0,
1,0,
0,
0,
382,0,
0,
0,
0,
434,95,175,0,
381,0,
0,
419,397,0,
408,234,0,
250,90,0,
203,0,
307,0,
0,
353,0,
420,0,
0,
0,
293,0,
0,
46,111,0,
0,
0,
0,
49,0,
217,225,190,0,
436,0,
239,0,
0,
139,164,45,0,
109,0,
273,75,237,0,
357,141,0,
39,0,
195,126,0,
0,
54,0,
295,0,
367,0,
258,246,0,
432,172,0,
0,
292,115,211,344,154,0,
0,
161,0,
167,0,
0,
24,374,0,
0,
0,
183,0,
61,0,
94,0,
146,0,
97,0,
0,
0,
74,278,0,
0,
399,0,
72,274,0,
0,
0,
266,0,
0,
85,0,
0,
0,
370,282,380,0,
124,407,0,
215,0,
0,
150,0,
361,0,
216,0,
379,87,0,
67,0,
132,213,0,
0,
59,0,
0,
48,205,286,0,
0,
235,0,
240,341,0,
276,103,0,
0,
0,
0,
202,283,0,
0,
112,160,0,
410,230,0,
68,413,0,
0,
0,
148,253,0,
404,37,0,
312,0,
185,363,388,0,
428,389,0,
0,
320,107,0,
0,
0,
362,0,
327,207,0,
368,0,
339,270,0,
0,
402,0,
384,206,0,
209,214,422,0,
0,
35,52,431,0,
0,
0,
326,0,
281,0,
0,
259,0,
117,0,
0,
0,
179,0,
196,0,
40,153,0,
0,
405,0,
136,0,
177,210,0,
64,6,330,80,29,0,
0,
0,
346,0,
193,0,
15,0,
66,0,
0,
275,0,
13,0,
0,
324,0,
0,
0,
133,0,
0,
144,0,
0,
98,23,0,
200,73,394,0,
392,20,261,279,0,
0,
0,
0,
168,0,
0,
415,0,
0,
184,0,
152,287,0,
352,223,0,
0,
251,0,
265,186,22,0,
32,0,
0,
105,0,
218,383,0,
88,219,55,0,
424,325,0,
309,343,0,
34,0,
0,
140,0,
0,
0,
208,0,
0,
323,0,
0,
0,
199,0,
33,134,0,
120,267,0,
123,0,
0,
0,
0,
229,135,0,
192,96,0,
288,81,403,0,
0,
0,
342,0,
387,0,
414,0,
301,0,
228,0,
53,0,
345,364,0,
366,0,
0,
118,0,
238,0,
113,390,0,
421,0,
0,
369,300,189,0,
0,
86,0,
297,378,0,
264,371,350,0,
401,308,0,
290,149,0,
0,
417,313,0,
338,0,
294,170,162,174,0,
0,
11,0,
435,0,
9,0,
76,262,0,
409,0,
0,
245,319,0,
91,0,
0,
358,0,
21,0,
28,0,
0,
84,0,
0,
0,
377,285,0,
0,
127,0,
430,0,
0,
0,
145,316,63,0,
242,0,
159,0,
260,0,
0,
65,425,0,
0,
171,191,0,
0,
418,375,0,
315,0,
0,
104,0,
0,
108,0,
