68,205,237,430,367,0,
162,357,0,
0,
405,0,
0,
422,0,
217,212,0,
0,
51,0,
0,
0,
2,198,0,
0,
355,55,0,
11,13,0,
0,
195,271,0,
306,0,
0,
170,21,111,0,
218,0,
318,335,0,
240,386,0,
90,389,0,
33,154,338,0,
167,423,0,
0,
30,0,
71,0,
176,153,14,0,
0,
136,0,
0,
334,231,0,
0,
97,0,
380,101,0,
0,
0,
321,359,0,
312,116,0,
260,0,
259,375,0,
0,
416,378,0,
408,150,0,
80,0,
0,
302,0,
0,
81,182,0,
294,0,
250,0,
340,189,0,
362,0,
0,
41,0,
88,0,
0,
0,
0,
0,
352,191,0,
50,62,122,0,
0,
35,0,
0,
126,0,
24,328,267,109,0,
7,0,
0,
0,
94,0,
0,
0,
343,0,
360,426,0,
0,
0,
336,0,
0,
110,311,0,
120,0,
301,0,
0,
106,134,0,
376,118,0,
0,
0,
272,419,149,0,
226,415,0,
409,358,190,0,
165,295,0,
0,
0,
130,0,
427,0,
0,
75,28,397,0,
0,
398,0,
388,0,
290,0,
275,0,
0,
0,
247,0,
287,0,
161,252,0,
16,434,411,342,0,
402,0,
304,391,0,
0,
8,67,0,
368,0,
432,366,0,
379,139,0,
12,0,
339,133,0,
129,27,0,
0,
354,157,0,
315,333,0,
0,
351,0,
183,0,
0,
196,0,
0,
64,0,
0,
0,
43,0,
433,0,
261,0,
384,0,
322,0,
297,377,0,
0,
61,0,
273,0,
0,
293,31,0,
121,98,300,0,
0,
369,0,
345,0,
0,
128,0,
258,243,0,
238,0,
283,0,
239,0,
140,387,244,0,
337,292,0,
0,
0,
228,0,
84,0,
0,
124,95,0,
266,0,
18,0,
52,0,
184,0,
0,
410,46,0,
436,0,
0,
0,
164,309,0,
96,69,246,0,
26,0,
208,404,0,
42,395,76,0,
0,
216,429,0,
203,92,45,0,
0,
0,
0,
0,
256,0,
0,
0,
37,0,
233,0,
179,0,
0,
185,317,0,
348,125,0,
289,0,
0,
0,
0,
353,0,
0,
180,0,
199,0,
0,
25,22,6,0,
0,
113,142,1,0,
70,0,
0,
331,29,174,407,0,
0,
346,364,53,0,
112,0,
424,91,285,0,
5,0,
59,0,
135,0,
105,0,
194,0,
0,
201,0,
158,0,
0,
40,171,86,0,
0,
0,
414,0,
159,0,
381,0,
78,0,
0,
382,103,0,
0,
0,
227,163,119,0,
215,0,
0,
0,
0,
0,
0,
202,299,207,219,319,0,
0,
0,
344,0,
277,0,
151,0,
147,0,
15,0,
160,36,374,0,
49,0,
0,
0,
330,0,
0,
0,
38,0,
0,
251,326,0,
146,403,399,0,
0,
0,
0,
279,0,
0,
0,
17,148,0,
0,
60,0,
0,
0,
137,418,350,0,
363,0,
310,0,
72,77,0,
236,0,
65,213,0,
0,
115,79,327,0,
0,
83,187,0,
0,
265,0,
0,
93,0,
0,
0,
0,
314,0,
114,127,0,
0,
0,
0,
0,
0,
211,197,0,
371,0,
181,0,
0,
234,0,
0,
0,
0,
372,44,39,0,
225,383,0,
0,
0,
0,
138,0,
155,0,
413,0,
0,
104,0,
221,0,
0,
123,0,
48,373,0,
152,166,270,0,
0,
4,0,
0,
0,
87,0,
428,108,276,254,0,
168,0,
175,0,
0,
257,0,
0,
431,0,
10,0,
132,0,
291,85,173,0,
308,316,0,
156,0,
23,230,255,0,
421,0,
282,0,
47,0,
73,0,
0,
400,0,
323,406,0,
298,0,
117,0,
329,347,214,0,
264,186,0,
0,
0,
229,0,
394,420,0,
145,278,0,
220,0,
0,
268,0,
0,
20,0,
0,
131,0,
32,0,
0,
425,0,
361,0,
54,0,
356,0,
34,0,
0,
0,
100,222,0,
0,
141,0,
89,19,245,63,0,
206,0,
0,
0,
0,
305,210,0,
401,0,
392,56,0,
253,0,
393,235,0,
188,0,
286,0,
74,0,
296,0,
0,
66,0,
349,0,
0,
0,
390,0,
99,0,
0,
332,284,0,
0,
288,0,
307,0,
263,0,
412,0,
249,223,0,
303,0,
204,0,
0,
224,9,0,
0,
0,
0,
57,172,0,
193,0,
0,
281,0,
177,262,313,0,
169,0,
325,269,0,
0,
365,0,
0,
0,
0,
324,0,
0,
144,0,
417,107,0,
280,435,0,
178,102,0,
0,
0,
192,0,
242,396,0,
0,
385,0,
370,0,
241,82,0,
248,0,
200,143,209,274,341,0,
0,
232,0,
0,
320,3,0,
58,0,
0,
