226,291,102,105,14,0,
0,
0,
238,0,
383,0,
203,340,37,0,
0,
198,0,
379,331,348,53,0,
185,0,
19,0,
55,0,
278,0,
0,
434,266,92,343,0,
123,0,
0,
304,98,179,36,0,
0,
0,
392,314,195,0,
411,0,
0,
0,
326,0,
401,0,
145,385,260,0,
23,0,
0,
0,
1,0,
0,
34,0,
274,0,
106,0,
324,0,
63,287,0,
242,0,
387,0,
0,
0,
96,0,
0,
0,
0,
0,
0,
180,0,
0,
354,115,404,0,
264,0,
0,
104,0,
208,219,0,
0,
0,
0,
72,0,
240,376,0,
0,
0,
0,
0,
149,0,
362,0,
0,
329,0,
22,0,
0,
107,0,
259,0,
67,301,0,
311,0,
91,12,0,
0,
356,52,0,
292,93,270,0,
295,0,
0,
288,0,
129,283,0,
0,
0,
0,
263,0,
41,0,
0,
323,0,
265,217,141,0,
0,
2,0,
18,0,
121,370,380,0,
357,0,
0,
0,
0,
327,0,
281,158,0,
0,
80,268,245,135,0,
187,382,0,
336,361,156,113,0,
335,0,
0,
17,418,211,286,0,
0,
0,
0,
280,0,
0,
294,0,
0,
58,101,207,0,
297,0,
430,0,
257,0,
0,
128,61,0,
318,0,
65,0,
57,431,0,
408,321,76,5,0,
0,
234,0,
64,119,0,
369,277,0,
0,
0,
182,407,0,
0,
353,15,0,
421,0,
155,0,
44,0,
235,231,0,
169,204,0,
0,
0,
97,333,0,
352,282,0,
371,414,0,
429,0,
54,0,
319,0,
313,209,0,
0,
0,
216,317,0,
0,
0,
0,
322,0,
377,6,0,
425,228,0,
16,0,
233,139,215,0,
400,124,399,0,
220,0,
134,0,
0,
11,45,0,
320,153,43,0,
367,0,
32,3,174,0,
0,
261,0,
0,
290,0,
78,0,
59,0,
0,
21,334,0,
0,
117,0,
417,366,0,
0,
0,
0,
423,143,0,
0,
0,
0,
349,0,
0,
0,
328,0,
27,173,0,
300,0,
167,0,
284,0,
137,0,
229,222,0,
110,0,
299,0,
432,248,0,
402,251,0,
0,
0,
206,0,
151,0,
0,
94,0,
50,0,
393,0,
325,0,
0,
416,395,0,
306,0,
147,0,
389,0,
368,148,172,0,
62,0,
60,0,
424,212,0,
253,262,0,
232,0,
29,0,
384,359,0,
99,0,
0,
28,0,
0,
0,
436,0,
433,239,0,
26,347,100,122,0,
381,181,0,
68,0,
0,
0,
89,0,
0,
308,118,0,
0,
276,0,
0,
0,
0,
406,0,
69,0,
428,0,
0,
0,
426,342,71,0,
271,0,
0,
0,
0,
0,
196,164,157,0,
273,0,
397,0,
427,0,
0,
0,
267,0,
0,
0,
0,
132,84,0,
0,
127,0,
0,
0,
305,0,
218,75,316,214,0,
0,
116,420,175,0,
0,
163,0,
0,
312,144,0,
46,0,
0,
112,0,
146,0,
419,0,
0,
330,0,
0,
246,0,
108,0,
0,
0,
0,
372,125,374,0,
378,0,
0,
136,126,191,0,
0,
8,49,298,250,0,
35,0,
202,109,0,
86,0,
0,
0,
0,
396,355,140,0,
0,
0,
230,0,
296,0,
7,79,0,
66,159,0,
0,
0,
403,0,
345,0,
170,0,
275,189,142,0,
0,
0,
254,0,
103,0,
190,199,0,
200,394,166,0,
31,0,
0,
0,
344,0,
4,85,0,
0,
0,
0,
42,0,
0,
0,
243,0,
0,
0,
339,213,0,
120,13,0,
82,171,0,
0,
0,
435,244,310,0,
364,0,
47,0,
249,0,
351,0,
412,0,
210,0,
154,346,398,0,
0,
0,
272,131,38,0,
241,227,303,0,
256,337,0,
0,
138,0,
0,
255,0,
74,0,
415,0,
70,350,0,
184,0,
95,0,
0,
224,0,
0,
289,20,375,0,
0,
269,0,
0,
0,
0,
0,
307,0,
0,
341,111,0,
0,
252,205,0,
83,0,
33,309,0,
410,90,302,0,
81,130,0,
0,
39,0,
30,87,0,
338,373,0,
178,0,
9,386,0,
258,0,
247,0,
413,390,0,
51,0,
0,
0,
0,
48,0,
0,
183,0,
0,
165,0,
176,0,
10,332,0,
0,
186,133,0,
365,0,
388,0,
0,
152,0,
0,
25,194,0,
0,
56,0,
0,
192,161,0,
201,0,
409,0,
0,
285,0,
40,0,
358,0,
405,0,
223,0,
236,0,
88,193,293,0,
0,
221,391,0,
0,
0,
360,0,
422,0,
77,150,0,
24,168,0,
0,
160,0,
0,
237,0,
177,0,
197,0,
279,0,
73,225,162,315,0,
114,363,188,0,
0,
