291,295,167,332,52,0,
98,0,
0,
0,
0,
0,
297,0,
0,
0,
0,
193,172,0,
0,
248,0,
104,0,
397,0,
0,
380,116,158,0,
264,146,0,
11,212,0,
176,0,
0,
0,
249,0,
0,
0,
0,
0,
222,0,
394,0,
136,30,0,
0,
0,
179,0,
0,
0,
21,0,
0,
0,
434,0,
33,0,
24,0,
9,0,
0,
0,
359,0,
362,0,
0,
103,0,
170,108,215,0,
325,0,
285,0,
0,
400,185,427,16,0,
0,
168,405,0,
180,0,
0,
355,109,0,
72,371,412,0,
0,
0,
198,0,
0,
0,
0,
73,0,
403,0,
320,0,
0,
20,0,
374,0,
411,263,0,
126,47,0,
0,
392,257,118,0,
0,
0,
336,404,228,0,
4,0,
0,
217,12,0,
0,
0,
296,160,0,
369,0,
152,418,0,
0,
166,0,
201,189,0,
0,
0,
0,
0,
121,0,
406,0,
265,393,221,415,0,
0,
366,0,
0,
89,0,
40,266,71,0,
0,
0,
0,
0,
0,
0,
278,0,
242,66,0,
125,399,0,
333,0,
267,135,0,
10,251,391,0,
181,254,0,
272,375,0,
149,174,0,
148,262,0,
414,0,
389,0,
225,139,132,0,
188,44,22,0,
0,
435,252,14,0,
0,
354,0,
192,0,
271,0,
226,0,
280,0,
0,
59,0,
0,
194,45,0,
311,255,0,
302,0,
196,0,
0,
0,
410,372,343,0,
232,227,0,
433,38,0,
0,
276,0,
67,55,0,
0,
86,0,
63,0,
417,0,
162,0,
360,358,0,
0,
376,240,54,0,
129,340,0,
0,
275,423,0,
0,
214,0,
0,
142,39,0,
143,282,319,0,
0,
123,0,
378,0,
0,
424,199,0,
305,147,0,
0,
387,398,151,346,95,0,
137,51,0,
27,0,
1,124,0,
338,90,0,
292,0,
161,0,
436,381,0,
43,0,
0,
32,361,175,0,
200,0,
0,
0,
0,
0,
345,234,0,
60,0,
74,274,111,0,
0,
0,
304,0,
289,0,
0,
209,298,100,0,
0,
368,0,
117,0,
223,0,
0,
0,
0,
0,
0,
239,0,
0,
385,0,
349,110,0,
0,
64,0,
321,0,
432,330,365,0,
184,169,213,0,
344,317,0,
218,0,
25,0,
287,0,
128,0,
19,422,0,
256,0,
31,0,
0,
150,0,
331,270,0,
29,326,0,
0,
0,
431,0,
210,327,0,
0,
61,0,
42,0,
373,0,
407,178,183,0,
0,
195,0,
335,0,
0,
0,
401,23,0,
0,
0,
0,
229,310,0,
0,
202,0,
0,
190,0,
182,0,
0,
341,430,0,
0,
197,0,
102,0,
290,173,0,
8,163,0,
408,114,120,0,
0,
131,0,
0,
260,0,
0,
0,
0,
0,
69,0,
0,
15,0,
379,367,0,
352,0,
155,0,
0,
18,28,0,
413,0,
26,0,
76,0,
186,0,
273,164,0,
351,0,
306,0,
36,0,
0,
0,
0,
259,0,
337,203,94,0,
356,357,0,
0,
0,
113,300,0,
0,
301,0,
0,
130,0,
208,58,324,253,0,
0,
177,386,156,0,
79,0,
112,322,419,191,0,
0,
0,
315,308,0,
0,
261,0,
0,
0,
41,0,
0,
237,0,
0,
409,83,0,
211,0,
250,78,0,
334,206,0,
5,0,
420,0,
34,0,
258,0,
294,0,
0,
279,0,
105,382,0,
97,50,0,
0,
241,0,
154,77,230,0,
0,
80,57,115,0,
0,
62,0,
347,0,
0,
0,
288,402,0,
0,
293,13,48,119,159,0,
0,
0,
428,0,
284,0,
244,205,0,
329,0,
0,
0,
370,0,
127,0,
268,0,
0,
0,
309,140,133,0,
91,0,
219,7,0,
92,0,
363,0,
0,
153,0,
0,
0,
65,68,0,
299,243,0,
323,0,
0,
53,0,
364,0,
82,0,
0,
0,
0,
281,314,0,
0,
56,141,0,
0,
0,
0,
49,236,0,
425,0,
0,
0,
37,0,
416,145,0,
233,318,0,
0,
328,0,
171,247,0,
238,0,
0,
384,107,0,
157,0,
75,0,
396,277,0,
88,122,286,0,
220,348,0,
0,
224,207,0,
216,303,0,
144,231,0,
6,87,0,
106,0,
0,
99,0,
0,
377,269,390,0,
101,0,
138,283,165,0,
0,
426,0,
0,
350,0,
235,0,
0,
246,0,
312,93,0,
339,0,
316,0,
2,0,
313,134,0,
0,
0,
35,429,342,0,
421,0,
0,
187,0,
17,388,85,0,
0,
0,
81,0,
395,0,
0,
0,
0,
307,204,383,0,
0,
84,0,
0,
353,0,
245,70,0,
3,0,
0,
46,0,
96,0,
