288,674,483,550,604,0,
276,0,
139,0,
555,0,
162,451,438,0,
0,
409,291,0,
0,
32,666,84,158,0,
0,
0,
233,115,119,0,
0,
0,
0,
0,
0,
210,522,612,68,0,
576,0,
0,
0,
626,0,
58,307,0,
0,
0,
0,
195,127,0,
175,0,
0,
551,0,
0,
0,
505,53,0,
0,
0,
283,260,502,63,0,
0,
141,0,
0,
0,
539,0,
588,0,
0,
538,0,
85,166,0,
0,
0,
86,0,
0,
640,48,0,
0,
0,
76,0,
530,0,
25,0,
0,
559,0,
193,582,143,0,
476,0,
0,
30,0,
2,372,0,
306,0,
450,339,44,0,
0,
625,0,
0,
644,0,
186,388,462,0,
354,247,0,
155,0,
0,
664,414,0,
20,0,
0,
269,0,
0,
378,595,669,423,0,
546,0,
118,0,
396,0,
0,
0,
437,398,0,
465,341,0,
542,0,
0,
0,
0,
91,581,0,
0,
0,
243,428,0,
225,94,0,
46,0,
234,0,
0,
0,
0,
585,427,0,
318,0,
220,0,
592,0,
352,0,
80,292,0,
0,
0,
148,532,510,407,0,
0,
648,0,
513,0,
355,159,0,
75,0,
0,
0,
574,134,0,
113,0,
0,
0,
568,375,0,
628,0,
87,0,
301,0,
89,338,415,0,
400,59,0,
270,0,
300,0,
501,0,
316,222,0,
81,0,
0,
601,266,0,
531,387,615,0,
90,0,
541,271,0,
367,0,
250,124,149,0,
0,
0,
0,
151,0,
0,
132,474,420,22,0,
23,0,
366,0,
31,0,
480,0,
0,
544,497,111,0,
356,245,0,
0,
0,
7,0,
38,0,
614,0,
0,
178,0,
0,
100,172,0,
317,0,
331,279,0,
381,454,0,
106,0,
656,93,432,351,0,
0,
0,
240,0,
0,
190,0,
609,102,0,
326,0,
453,0,
529,0,
18,43,110,0,
0,
0,
0,
42,0,
0,
0,
236,0,
369,514,340,69,0,
0,
0,
154,298,0,
0,
187,0,
0,
0,
329,0,
0,
608,0,
183,0,
370,0,
0,
0,
70,439,0,
0,
487,0,
0,
0,
343,0,
554,533,650,0,
0,
0,
165,0,
216,272,0,
591,0,
349,302,0,
535,0,
346,603,0,
0,
512,126,0,
0,
182,0,
204,191,0,
441,0,
305,3,62,0,
194,0,
0,
167,0,
0,
0,
0,
536,652,0,
458,0,
28,445,0,
345,0,
0,
0,
120,0,
27,435,0,
103,0,
232,116,0,
0,
0,
0,
537,426,0,
425,490,123,661,0,
0,
0,
0,
651,620,0,
50,0,
0,
0,
213,0,
475,0,
39,0,
0,
610,0,
0,
337,0,
488,0,
0,
0,
146,0,
552,395,0,
0,
122,662,0,
528,293,455,0,
218,575,0,
422,399,0,
0,
176,0,
0,
199,0,
0,
60,0,
0,
0,
334,0,
14,0,
0,
0,
577,164,0,
0,
0,
496,67,446,0,
578,0,
631,0,
130,0,
0,
152,517,0,
0,
0,
0,
0,
618,11,17,181,472,0,
619,0,
0,
327,0,
0,
235,0,
410,0,
324,0,
0,
26,196,0,
360,0,
0,
0,
0,
47,0,
508,0,
0,
520,523,0,
571,0,
45,0,
0,
0,
402,0,
252,205,0,
460,0,
590,0,
0,
0,
0,
0,
0,
521,0,
647,0,
0,
160,553,589,0,
540,0,
0,
0,
0,
0,
412,0,
0,
325,0,
285,0,
41,0,
0,
0,
249,0,
0,
0,
633,0,
489,503,0,
256,498,373,0,
244,0,
188,0,
0,
382,0,
0,
282,0,
197,0,
613,0,
185,0,
246,0,
617,226,237,0,
0,
0,
284,0,
655,0,
265,0,
221,0,
92,268,0,
136,322,675,184,0,
0,
0,
0,
665,0,
0,
594,0,
403,0,
0,
464,667,214,0,
443,471,0,
0,
0,
447,0,
312,495,0,
140,470,0,
556,0,
217,202,444,4,0,
632,173,278,0,
49,215,0,
241,0,
273,0,
0,
0,
296,0,
0,
0,
96,0,
649,36,0,
380,13,0,
636,0,
429,0,
198,0,
33,0,
161,332,543,0,
315,0,
0,
0,
74,0,
0,
459,0,
527,0,
299,0,
0,
0,
504,297,560,259,0,
0,
621,0,
485,509,479,0,
251,566,0,
336,0,
0,
637,645,0,
0,
624,0,
0,
201,357,0,
564,493,0,
0,
600,99,6,0,
0,
673,83,206,0,
484,0,
203,348,0,
524,0,
0,
40,169,257,0,
309,0,
290,0,
0,
557,0,
653,0,
0,
112,131,534,0,
71,0,
137,0,
16,0,
362,0,
469,0,
56,95,0,
0,
0,
0,
101,598,0,
379,0,
73,21,0,
15,0,
579,0,
0,
117,0,
0,
304,0,
392,389,0,
434,156,0,
0,
659,0,
133,397,0,
157,0,
254,0,
0,
0,
0,
0,
66,413,0,
263,0,
228,0,
34,0,
224,264,72,0,
421,335,0,
37,599,0,
0,
0,
646,0,
584,393,466,212,0,
19,0,
643,468,605,0,
0,
0,
281,323,0,
314,0,
507,478,0,
0,
280,0,
562,0,
376,35,107,77,0,
0,
129,313,0,
561,310,0,
0,
0,
138,0,
128,171,0,
361,0,
0,
0,
0,
606,0,
586,0,
330,663,0,
461,0,
436,0,
622,0,
0,
416,125,486,0,
267,0,
668,565,0,
519,0,
623,207,0,
384,0,
0,
616,654,0,
672,593,452,0,
433,607,0,
12,0,
277,0,
671,303,0,
0,
168,463,0,
10,0,
0,
570,0,
0,
0,
642,227,189,0,
547,0,
0,
573,0,
144,569,0,
0,
500,405,0,
0,
0,
108,0,
456,342,0,
371,54,0,
363,79,0,
0,
0,
0,
274,0,
0,
424,0,
0,
0,
258,0,
65,401,0,
209,394,0,
0,
0,
630,61,477,358,0,
239,0,
418,548,587,404,638,0,
0,
147,0,
558,135,0,
9,78,0,
0,
0,
0,
0,
0,
347,383,0,
597,0,
64,0,
344,386,0,
200,0,
580,0,
82,0,
0,
629,567,0,
153,0,
0,
0,
121,549,0,
0,
192,24,0,
51,0,
0,
321,0,
0,
0,
0,
417,0,
5,670,0,
368,516,311,0,
641,482,350,0,
364,0,
0,
442,635,261,231,0,
0,
105,0,
0,
0,
0,
109,430,0,
0,
545,572,0,
0,
0,
596,0,
385,0,
248,177,0,
0,
353,0,
492,0,
142,163,238,359,0,
289,0,
0,
440,0,
0,
0,
0,
179,406,0,
408,29,319,0,
0,
0,
114,525,0,
333,0,
491,295,0,
0,
0,
55,0,
0,
0,
431,0,
0,
0,
0,
223,0,
0,
150,0,
320,627,0,
0,
473,481,0,
0,
229,0,
448,639,0,
0,
657,0,
57,506,563,262,0,
287,0,
97,0,
219,0,
88,253,0,
170,0,
0,
494,0,
0,
0,
0,
255,0,
658,308,0,
449,0,
286,0,
0,
98,0,
0,
242,390,391,0,
0,
515,0,
0,
208,411,526,0,
104,1,230,0,
52,0,
518,0,
0,
0,
499,365,374,0,
211,0,
328,0,
634,467,511,0,
419,0,
174,0,
457,602,0,
180,294,0,
8,377,660,583,0,
611,145,275,0,
