1,611,72,664,190,0,
3,392,246,312,575,0,
381,0,
568,589,318,0,
0,
84,621,0,
0,
317,0,
67,446,0,
0,
393,420,0,
0,
0,
592,290,0,
277,6,0,
539,284,0,
436,0,
0,
233,217,79,15,0,
90,55,0,
249,2,0,
0,
0,
0,
562,371,45,550,0,
0,
0,
153,563,0,
210,0,
81,0,
4,0,
107,0,
216,0,
360,413,126,0,
0,
0,
154,0,
296,0,
0,
0,
0,
0,
208,0,
57,0,
0,
98,149,0,
587,0,
366,566,0,
0,
52,0,
0,
272,623,0,
0,
0,
0,
646,0,
584,251,14,0,
0,
608,191,0,
417,0,
0,
374,0,
68,0,
0,
0,
0,
0,
0,
0,
0,
0,
195,0,
579,344,421,440,345,0,
401,674,0,
571,0,
0,
0,
82,523,0,
617,651,0,
346,419,0,
603,574,0,
0,
169,0,
418,0,
292,0,
273,350,0,
457,0,
642,0,
0,
0,
559,0,
0,
56,185,281,159,0,
0,
0,
489,499,206,0,
0,
0,
353,0,
0,
596,70,0,
409,0,
640,474,0,
128,547,0,
352,327,0,
225,0,
384,218,610,0,
0,
288,618,0,
591,0,
398,0,
637,0,
48,0,
653,0,
0,
553,445,0,
0,
500,0,
11,0,
118,199,0,
483,0,
0,
294,0,
0,
0,
641,0,
256,111,0,
330,0,
426,0,
286,0,
493,0,
0,
140,0,
475,0,
0,
116,0,
155,46,0,
0,
573,0,
0,
0,
347,0,
581,351,0,
349,0,
209,0,
204,0,
0,
525,0,
0,
131,0,
25,0,
0,
75,654,0,
673,0,
96,0,
64,0,
410,338,502,354,0,
0,
29,655,0,
458,595,0,
0,
0,
0,
0,
348,0,
61,183,0,
605,0,
0,
0,
0,
282,36,0,
0,
289,127,0,
0,
0,
0,
22,0,
522,0,
0,
0,
0,
536,105,0,
17,0,
369,0,
49,422,0,
464,549,30,0,
323,0,
336,51,47,647,0,
161,461,0,
0,
298,106,279,187,156,0,
0,
148,0,
509,0,
636,0,
0,
304,0,
235,567,0,
624,0,
0,
507,0,
0,
328,0,
0,
0,
184,301,389,0,
147,638,0,
124,0,
492,0,
0,
0,
0,
200,486,0,
428,0,
274,0,
320,229,0,
0,
113,42,0,
616,629,0,
176,516,0,
334,62,0,
449,0,
175,0,
300,0,
425,467,0,
331,0,
297,627,0,
442,239,0,
0,
533,0,
665,0,
88,0,
570,244,0,
588,614,0,
261,0,
377,0,
0,
63,0,
537,10,263,0,
490,0,
0,
408,0,
0,
358,510,0,
505,357,0,
0,
368,363,670,0,
532,0,
0,
431,0,
0,
447,0,
0,
221,583,0,
310,0,
424,0,
512,0,
546,427,0,
321,0,
0,
560,361,138,0,
0,
548,0,
513,511,0,
648,519,0,
146,0,
404,364,481,0,
435,0,
671,0,
104,172,476,0,
228,213,0,
356,0,
99,0,
622,0,
0,
58,443,164,0,
307,0,
0,
0,
305,266,227,316,0,
21,0,
122,439,0,
577,0,
373,0,
12,437,0,
0,
0,
0,
174,182,0,
540,0,
60,0,
466,71,0,
0,
412,0,
0,
322,0,
0,
597,0,
232,33,115,372,0,
517,0,
0,
241,125,0,
0,
0,
0,
193,132,0,
0,
0,
120,76,0,
0,
0,
0,
314,0,
0,
0,
40,0,
188,198,0,
551,0,
569,243,406,0,
576,192,0,
635,0,
0,
0,
0,
0,
0,
0,
585,0,
0,
0,
0,
0,
0,
0,
180,0,
0,
379,267,0,
236,0,
593,463,0,
144,73,0,
0,
633,531,558,0,
255,0,
0,
27,388,253,0,
264,77,582,319,0,
556,0,
0,
557,0,
0,
0,
167,0,
134,0,
0,
494,7,0,
407,0,
0,
386,0,
324,0,
0,
620,237,0,
672,602,0,
0,
224,257,504,0,
561,28,0,
488,0,
325,0,
202,86,0,
416,630,119,0,
0,
339,165,102,479,0,
456,613,0,
194,644,308,0,
526,0,
0,
607,0,
0,
0,
619,395,663,0,
438,0,
0,
0,
0,
203,0,
628,207,0,
0,
0,
315,453,0,
37,247,0,
662,166,0,
0,
309,0,
448,387,205,238,0,
527,0,
434,0,
41,0,
0,
245,0,
0,
240,0,
0,
0,
0,
660,0,
542,0,
0,
365,470,0,
242,0,
0,
0,
521,74,0,
0,
0,
160,465,0,
283,459,0,
168,0,
265,299,0,
0,
0,
271,0,
0,
80,170,108,215,0,
530,0,
0,
0,
359,0,
0,
248,0,
0,
35,222,0,
145,403,0,
0,
287,0,
173,0,
0,
0,
0,
0,
0,
659,0,
136,219,260,0,
477,0,
171,0,
252,0,
0,
293,254,0,
302,0,
0,
552,545,158,0,
0,
645,0,
0,
538,19,20,341,0,
94,0,
0,
38,0,
97,0,
0,
258,0,
162,535,0,
0,
0,
554,0,
444,143,0,
473,506,0,
469,0,
450,0,
333,0,
329,0,
0,
44,0,
201,0,
32,650,429,0,
0,
468,0,
0,
578,590,0,
0,
555,220,269,95,0,
649,130,484,0,
83,0,
501,0,
0,
0,
652,0,
0,
177,0,
0,
0,
276,487,0,
0,
0,
0,
0,
186,0,
0,
0,
285,0,
666,383,0,
337,518,0,
0,
0,
43,397,342,0,
0,
402,135,0,
50,0,
0,
0,
152,197,0,
26,0,
91,0,
599,0,
0,
9,0,
0,
0,
69,0,
0,
515,0,
151,0,
280,643,0,
600,117,0,
0,
604,0,
89,259,0,
0,
0,
0,
332,0,
16,497,0,
0,
311,0,
0,
0,
0,
534,0,
625,0,
572,141,0,
601,87,0,
541,0,
0,
0,
0,
0,
231,103,0,
657,471,0,
658,0,
0,
0,
528,0,
196,109,0,
0,
129,391,0,
399,295,0,
0,
667,524,270,0,
39,0,
0,
326,0,
0,
121,0,
0,
150,462,0,
423,0,
0,
0,
514,0,
495,0,
520,626,430,0,
656,110,0,
163,268,0,
0,
661,0,
157,0,
189,0,
634,675,508,0,
59,0,
179,0,
482,0,
472,212,78,0,
0,
0,
480,375,0,
598,0,
23,0,
0,
0,
594,0,
112,313,0,
8,529,498,0,
503,0,
250,0,
376,0,
432,123,0,
0,
53,0,
565,0,
0,
362,0,
0,
0,
405,0,
0,
262,0,
0,
0,
544,291,275,0,
0,
543,0,
0,
433,133,0,
24,18,452,615,0,
54,0,
114,0,
586,101,0,
378,5,181,414,0,
564,0,
491,580,0,
211,669,0,
441,0,
303,0,
139,0,
0,
460,0,
0,
396,0,
31,639,0,
0,
343,0,
400,0,
455,415,0,
390,0,
496,0,
137,0,
226,100,0,
385,0,
382,0,
0,
340,0,
66,0,
612,0,
0,
0,
0,
214,631,0,
0,
335,0,
394,355,0,
609,0,
451,0,
278,223,0,
632,380,0,
0,
0,
178,0,
485,0,
306,0,
0,
0,
0,
0,
0,
0,
234,34,0,
606,370,92,478,0,
0,
93,0,
668,0,
411,0,
0,
13,142,367,0,
0,
454,0,
65,0,
0,
85,230,0,
