128,33,240,23,251,0,
12,486,0,
614,182,0,
0,
0,
0,
233,613,645,0,
601,0,
538,0,
126,0,
0,
161,3,0,
404,0,
220,0,
151,237,167,0,
0,
0,
0,
667,0,
0,
0,
268,0,
0,
672,576,300,432,281,0,
634,0,
0,
589,414,0,
304,391,0,
410,107,0,
0,
67,605,0,
0,
0,
356,357,271,468,415,0,
0,
0,
371,0,
441,245,1,231,0,
0,
0,
0,
426,0,
0,
62,0,
0,
0,
0,
0,
512,58,120,0,
0,
293,0,
565,254,0,
0,
39,0,
528,0,
225,0,
540,0,
0,
543,0,
229,0,
8,570,0,
264,562,0,
0,
0,
146,20,0,
0,
297,474,0,
131,69,0,
0,
112,0,
582,647,0,
457,0,
0,
17,108,0,
0,
504,0,
587,323,598,0,
314,0,
397,0,
0,
306,0,
0,
31,0,
635,0,
417,402,659,0,
210,0,
416,0,
530,0,
0,
0,
66,507,412,0,
313,0,
544,0,
435,0,
373,0,
425,546,596,0,
325,0,
649,591,0,
428,92,0,
0,
59,301,0,
137,438,0,
0,
648,130,0,
488,0,
392,0,
163,0,
129,0,
0,
603,91,0,
0,
0,
0,
572,0,
136,0,
80,368,0,
307,156,0,
273,0,
0,
154,663,0,
77,0,
611,0,
0,
491,0,
265,274,644,0,
427,396,0,
0,
328,0,
139,669,14,439,0,
0,
0,
0,
379,535,0,
174,655,0,
0,
516,0,
0,
449,0,
0,
403,76,319,0,
0,
0,
390,309,526,0,
0,
185,0,
216,0,
68,0,
219,0,
623,0,
618,0,
0,
224,496,0,
0,
355,475,0,
532,567,0,
0,
81,0,
406,0,
517,0,
74,0,
0,
285,0,
0,
0,
0,
602,0,
643,100,101,0,
456,469,0,
261,125,30,98,0,
280,0,
632,561,327,0,
0,
0,
0,
186,19,0,
592,324,0,
560,262,0,
346,430,0,
337,165,0,
0,
104,330,0,
102,0,
641,0,
0,
489,515,0,
0,
621,0,
442,0,
0,
207,0,
381,0,
282,627,0,
0,
0,
0,
340,0,
0,
0,
326,263,0,
509,566,0,
545,252,0,
0,
465,467,0,
384,50,0,
342,0,
183,0,
0,
0,
0,
0,
0,
344,354,83,0,
206,0,
0,
0,
75,0,
0,
531,0,
674,279,0,
89,0,
0,
272,53,0,
536,73,198,0,
0,
36,141,0,
0,
0,
322,0,
533,0,
0,
407,0,
200,105,0,
657,0,
259,0,
0,
134,0,
569,0,
41,654,462,0,
0,
46,0,
358,168,650,275,90,0,
443,0,
0,
563,332,0,
658,0,
64,232,388,0,
607,0,
0,
0,
539,347,11,0,
162,0,
450,37,615,520,266,0,
0,
0,
666,0,
0,
0,
115,51,70,0,
0,
0,
400,0,
537,114,675,0,
63,0,
4,0,
0,
394,482,0,
176,555,28,0,
345,341,0,
0,
0,
234,0,
249,84,581,60,0,
295,0,
501,0,
494,455,0,
480,362,211,573,0,
0,
0,
0,
44,0,
0,
180,478,119,0,
217,0,
433,378,0,
65,0,
0,
287,0,
419,0,
595,0,
472,0,
0,
554,0,
45,0,
0,
604,175,0,
0,
0,
148,0,
409,660,0,
0,
550,95,294,191,0,
451,0,
597,0,
0,
463,0,
298,366,0,
0,
0,
541,606,0,
195,471,0,
0,
470,0,
578,18,317,0,
316,0,
0,
383,0,
0,
665,0,
34,0,
221,61,389,0,
0,
0,
514,0,
452,87,0,
0,
0,
164,0,
96,196,0,
0,
399,0,
503,0,
117,94,0,
258,0,
121,610,0,
0,
0,
296,0,
626,0,
43,662,0,
580,197,0,
0,
458,0,
277,0,
278,0,
172,0,
519,583,0,
269,0,
13,150,0,
424,0,
594,311,0,
0,
190,527,0,
0,
0,
552,0,
454,0,
178,267,109,487,0,
26,387,365,0,
616,522,421,0,
16,0,
0,
0,
93,630,0,
0,
303,0,
147,574,0,
559,0,
194,0,
0,
0,
0,
0,
670,0,
0,
290,0,
255,0,
593,473,377,0,
521,334,0,
299,0,
370,0,
205,78,0,
0,
0,
0,
542,0,
629,0,
0,
177,422,0,
169,393,0,
364,398,0,
179,244,0,
223,0,
0,
0,
155,0,
653,0,
466,0,
508,0,
242,0,
0,
0,
0,
38,0,
624,518,351,0,
0,
55,0,
0,
0,
0,
253,0,
668,0,
0,
187,477,0,
0,
246,0,
48,625,558,6,0,
0,
188,0,
0,
0,
0,
338,103,0,
372,620,0,
0,
0,
395,590,0,
0,
481,0,
445,0,
0,
122,0,
586,0,
376,484,485,622,0,
651,0,
0,
0,
446,0,
0,
0,
257,170,222,0,
418,0,
82,132,637,0,
0,
0,
47,0,
0,
0,
448,227,0,
553,0,
0,
27,617,243,0,
0,
360,0,
0,
0,
160,0,
609,361,0,
0,
499,0,
79,0,
248,0,
0,
436,359,0,
0,
256,551,0,
363,0,
0,
556,0,
331,548,199,0,
460,335,0,
0,
208,0,
0,
173,0,
413,0,
276,0,
652,292,0,
444,0,
228,189,0,
0,
599,239,0,
0,
584,0,
0,
9,661,0,
640,284,333,0,
22,0,
339,431,0,
0,
568,0,
0,
0,
329,286,0,
236,0,
0,
459,564,0,
250,127,0,
0,
315,493,0,
0,
0,
0,
0,
0,
0,
230,0,
0,
97,513,0,
0,
0,
201,0,
628,0,
99,0,
212,118,0,
0,
111,0,
0,
0,
483,0,
0,
184,619,308,492,0,
479,0,
204,54,0,
534,0,
0,
0,
656,510,0,
0,
10,0,
0,
0,
0,
0,
0,
0,
238,0,
523,318,0,
15,575,0,
0,
579,0,
0,
386,0,
0,
0,
0,
350,0,
42,0,
437,0,
577,505,135,0,
0,
260,343,0,
0,
420,0,
0,
0,
25,375,0,
0,
143,0,
56,86,0,
32,0,
138,0,
289,110,0,
500,0,
502,0,
193,0,
213,0,
352,0,
529,0,
0,
0,
192,0,
490,0,
0,
664,511,0,
85,0,
0,
153,2,349,0,
434,639,0,
461,0,
0,
0,
464,673,0,
506,0,
40,0,
0,
0,
423,0,
600,113,0,
401,0,
159,0,
408,0,
0,
549,0,
608,145,0,
52,0,
0,
497,157,0,
0,
235,382,0,
453,0,
585,0,
0,
0,
385,310,0,
302,0,
353,0,
209,0,
0,
0,
35,0,
88,0,
0,
0,
288,0,
152,0,
218,498,203,0,
405,215,0,
21,71,0,
0,
638,374,0,
524,0,
0,
476,149,495,0,
0,
320,646,0,
116,671,0,
0,
214,0,
140,0,
0,
612,0,
0,
440,588,0,
0,
0,
0,
0,
547,7,0,
247,0,
57,0,
411,158,0,
0,
49,0,
144,571,0,
557,367,0,
348,0,
636,0,
369,0,
226,0,
525,0,
312,202,283,380,0,
0,
0,
0,
241,181,0,
72,291,0,
429,0,
0,
0,
171,0,
0,
633,0,
0,
642,5,0,
24,0,
0,
0,
321,0,
0,
124,166,142,0,
0,
270,0,
305,133,447,0,
336,0,
106,29,0,
123,631,0,
