34,432,215,376,473,0,
0,
470,0,
267,203,31,0,
320,136,663,0,
0,
465,205,102,535,0,
0,
131,0,
433,525,0,
449,457,0,
8,669,0,
0,
208,0,
0,
0,
195,0,
29,0,
546,436,452,279,0,
381,0,
620,0,
14,0,
0,
58,0,
670,0,
237,398,0,
233,182,0,
220,423,0,
377,0,
317,0,
0,
536,658,0,
611,0,
648,306,613,0,
397,303,628,406,90,0,
0,
0,
392,370,0,
538,0,
0,
0,
68,0,
358,463,0,
0,
510,0,
41,0,
0,
0,
571,0,
242,363,565,0,
57,399,0,
225,435,0,
40,0,
2,485,0,
634,0,
0,
176,0,
552,0,
523,0,
0,
407,0,
0,
16,181,351,0,
574,0,
340,0,
122,0,
516,0,
66,412,0,
0,
0,
355,0,
445,0,
0,
0,
479,0,
0,
0,
294,0,
42,27,637,590,0,
298,564,277,0,
0,
0,
0,
184,91,0,
0,
491,606,0,
134,0,
0,
570,348,0,
403,300,0,
248,577,419,0,
587,0,
7,0,
278,0,
0,
0,
0,
329,642,0,
0,
673,0,
141,0,
629,0,
128,250,0,
318,0,
313,396,526,0,
296,0,
0,
76,0,
0,
410,115,251,0,
241,0,
0,
69,0,
0,
408,152,0,
625,124,0,
0,
180,0,
0,
0,
0,
146,651,0,
0,
0,
553,0,
0,
165,199,0,
0,
247,0,
626,0,
0,
0,
32,0,
480,0,
0,
19,212,0,
170,514,332,0,
107,653,0,
290,0,
331,0,
0,
499,0,
28,639,0,
297,394,0,
0,
0,
0,
0,
0,
263,0,
0,
0,
341,599,0,
275,0,
668,350,0,
256,409,83,104,0,
0,
339,0,
0,
113,0,
469,0,
395,518,0,
0,
0,
434,334,0,
560,0,
372,260,0,
662,383,0,
0,
0,
488,255,0,
164,213,316,0,
61,0,
261,0,
540,158,0,
0,
0,
0,
0,
133,335,0,
0,
646,0,
0,
0,
200,0,
671,0,
246,0,
88,655,0,
326,0,
315,643,0,
585,411,0,
0,
0,
0,
0,
0,
0,
280,234,0,
244,0,
276,0,
615,0,
127,0,
459,389,0,
17,495,0,
218,0,
357,598,0,
572,0,
554,0,
0,
515,0,
172,0,
0,
429,0,
512,185,0,
0,
641,33,271,566,155,0,
210,476,0,
453,0,
0,
0,
120,196,0,
138,292,0,
99,563,51,0,
144,0,
0,
287,0,
0,
0,
64,379,0,
55,0,
573,0,
420,100,0,
43,0,
614,0,
0,
378,0,
94,519,0,
438,0,
0,
0,
0,
0,
125,0,
209,105,0,
0,
73,0,
647,0,
0,
202,299,0,
481,229,0,
374,0,
530,52,0,
0,
283,0,
421,0,
596,0,
160,45,583,0,
150,0,
576,20,0,
0,
0,
0,
323,0,
0,
161,23,0,
123,0,
0,
186,307,0,
312,0,
0,
0,
600,674,586,222,0,
0,
169,0,
558,0,
0,
0,
139,0,
496,0,
10,11,0,
534,0,
117,0,
121,308,0,
0,
0,
508,0,
0,
0,
502,0,
665,501,0,
0,
310,0,
0,
345,291,0,
0,
404,422,0,
0,
672,0,
602,0,
36,230,0,
0,
336,451,0,
85,487,0,
428,243,388,373,0,
0,
72,0,
418,142,0,
56,0,
442,35,0,
0,
0,
201,47,0,
0,
430,103,0,
521,0,
575,0,
153,549,0,
0,
0,
368,0,
544,450,382,0,
462,0,
46,0,
193,0,
482,644,0,
393,26,0,
0,
0,
0,
118,0,
219,0,
0,
661,319,0,
0,
610,543,0,
365,0,
177,0,
84,0,
0,
0,
0,
441,0,
0,
111,0,
337,0,
533,0,
426,0,
581,0,
96,0,
391,0,
0,
77,0,
63,0,
168,0,
0,
0,
0,
65,0,
253,0,
650,93,0,
562,659,0,
21,0,
270,0,
194,660,0,
437,367,0,
0,
0,
472,675,0,
0,
54,0,
140,0,
645,0,
0,
369,604,0,
0,
106,60,0,
548,171,78,627,500,0,
0,
0,
356,0,
282,414,359,0,
0,
38,0,
557,0,
0,
0,
0,
235,471,0,
605,166,0,
59,0,
532,0,
0,
0,
232,239,0,
0,
0,
353,0,
114,293,638,0,
0,
0,
0,
224,0,
529,0,
272,0,
15,0,
173,0,
387,53,190,0,
0,
371,286,0,
289,174,0,
48,198,0,
349,0,
550,95,0,
522,541,0,
464,556,254,0,
484,0,
542,0,
265,589,0,
204,591,0,
288,311,0,
257,0,
588,0,
87,0,
483,0,
0,
192,0,
654,0,
578,0,
361,492,0,
0,
622,0,
517,0,
4,6,458,18,24,0,
266,0,
211,245,0,
0,
344,262,0,
227,183,0,
0,
0,
0,
0,
0,
616,0,
0,
0,
322,346,0,
497,0,
0,
238,0,
489,75,0,
630,0,
197,285,0,
0,
0,
137,221,0,
431,0,
657,0,
666,595,109,0,
0,
108,0,
0,
0,
343,0,
664,0,
89,143,0,
584,112,0,
608,269,0,
0,
0,
0,
22,0,
0,
3,624,593,380,607,0,
0,
618,0,
116,0,
274,427,0,
0,
0,
0,
0,
82,0,
0,
0,
640,0,
579,0,
328,0,
30,0,
509,0,
0,
226,0,
601,284,0,
0,
632,520,223,0,
656,86,0,
0,
386,0,
0,
0,
126,531,301,302,0,
338,0,
0,
74,0,
0,
147,0,
524,0,
0,
98,0,
0,
0,
178,0,
416,327,0,
0,
667,0,
0,
252,0,
0,
0,
145,0,
149,390,0,
0,
130,0,
0,
0,
493,0,
362,206,0,
0,
597,415,0,
0,
175,0,
467,621,0,
0,
0,
0,
528,236,71,0,
490,0,
539,12,0,
0,
440,0,
439,0,
101,0,
0,
0,
506,44,0,
0,
561,555,0,
347,157,0,
466,187,582,0,
214,0,
0,
0,
0,
0,
0,
92,559,0,
652,0,
478,0,
0,
0,
162,0,
188,39,0,
551,0,
474,159,0,
402,0,
240,545,0,
49,364,633,295,0,
0,
592,0,
81,0,
0,
0,
0,
0,
0,
0,
400,0,
268,375,0,
0,
163,0,
333,0,
0,
456,503,0,
321,511,0,
444,0,
384,580,0,
405,447,0,
0,
0,
304,0,
609,129,0,
354,0,
0,
258,413,446,0,
342,0,
9,305,135,0,
0,
468,0,
110,0,
119,0,
273,13,0,
0,
0,
567,0,
1,0,
80,513,0,
0,
617,179,636,231,0,
0,
569,259,0,
385,0,
0,
568,401,0,
612,228,0,
0,
0,
0,
249,132,0,
0,
0,
0,
151,0,
0,
498,0,
264,97,67,325,0,
461,0,
309,0,
189,494,455,0,
547,324,167,0,
0,
0,
0,
649,425,0,
603,460,0,
0,
281,154,0,
537,505,0,
443,70,0,
417,477,486,0,
631,0,
156,0,
216,635,62,79,0,
448,0,
504,454,0,
527,0,
0,
0,
0,
360,37,0,
619,0,
207,0,
0,
0,
0,
0,
314,0,
0,
0,
507,0,
0,
191,0,
424,0,
148,0,
25,50,623,0,
0,
366,0,
352,330,475,0,
0,
0,
5,0,
0,
0,
0,
0,
217,594,0,
0,
