525,596,438,669,639,0,
0,
0,
90,0,
561,108,631,0,
24,592,0,
452,0,
390,0,
466,29,0,
156,19,500,0,
515,0,
0,
0,
0,
0,
184,0,
182,0,
394,0,
587,507,0,
481,0,
0,
0,
568,0,
153,0,
644,0,
398,0,
0,
0,
380,0,
49,0,
349,0,
0,
271,0,
0,
409,661,0,
617,399,0,
315,0,
356,0,
523,0,
0,
0,
0,
9,34,477,79,0,
138,0,
123,0,
50,479,247,0,
0,
305,415,0,
164,550,0,
0,
520,521,0,
675,278,0,
147,420,0,
403,0,
197,118,0,
0,
0,
0,
582,0,
52,301,318,0,
0,
0,
410,0,
657,330,0,
0,
473,1,0,
530,191,0,
0,
0,
0,
0,
0,
0,
293,0,
0,
472,15,615,0,
427,0,
0,
187,158,0,
230,303,0,
232,0,
0,
0,
254,0,
506,0,
313,0,
340,0,
0,
442,0,
114,0,
0,
0,
291,0,
637,0,
488,214,0,
470,0,
35,483,405,575,0,
80,93,0,
429,294,287,0,
392,0,
12,6,0,
385,4,237,310,0,
0,
649,131,612,0,
0,
0,
0,
0,
341,0,
25,447,0,
0,
567,0,
107,491,0,
0,
0,
672,650,0,
124,0,
614,0,
168,524,0,
128,0,
352,489,0,
116,0,
225,0,
0,
0,
0,
580,0,
200,0,
0,
0,
277,374,0,
326,0,
658,643,478,0,
0,
603,0,
448,121,0,
0,
0,
0,
0,
0,
0,
588,260,94,0,
534,0,
0,
0,
0,
198,0,
0,
43,0,
337,0,
258,115,402,0,
555,0,
0,
512,117,0,
0,
2,284,0,
69,503,0,
601,0,
0,
395,590,0,
148,0,
487,221,215,0,
336,611,376,608,0,
0,
240,391,0,
0,
208,98,460,0,
562,0,
0,
0,
161,433,0,
110,359,0,
583,0,
266,0,
248,157,0,
66,195,469,519,0,
0,
0,
371,276,0,
0,
457,242,75,564,0,
0,
538,0,
0,
0,
0,
353,0,
0,
655,0,
581,0,
674,0,
0,
407,0,
302,0,
465,332,0,
0,
354,311,0,
0,
33,0,
0,
31,0,
178,0,
280,0,
68,0,
0,
0,
177,449,0,
120,547,316,0,
0,
441,0,
422,0,
634,0,
560,578,0,
71,0,
633,572,0,
459,0,
0,
0,
565,119,0,
282,388,0,
196,0,
274,21,0,
351,0,
0,
0,
0,
656,222,0,
431,0,
0,
61,0,
556,0,
0,
0,
0,
0,
571,0,
241,621,0,
0,
576,425,335,0,
286,111,0,
136,0,
659,502,0,
16,559,0,
490,0,
0,
539,446,0,
432,454,0,
620,358,0,
0,
0,
0,
628,535,0,
323,0,
334,0,
0,
605,0,
546,430,0,
545,0,
0,
83,619,0,
0,
642,0,
0,
3,0,
573,0,
0,
668,413,0,
0,
56,0,
329,629,382,0,
0,
0,
8,419,207,0,
0,
673,595,0,
84,0,
0,
439,0,
0,
0,
0,
651,0,
218,0,
0,
259,0,
46,0,
85,0,
77,0,
288,450,236,0,
0,
0,
0,
0,
529,653,0,
362,531,0,
0,
0,
172,308,0,
0,
0,
667,190,0,
0,
125,0,
74,0,
532,76,0,
485,517,103,0,
154,51,0,
296,0,
0,
418,570,383,0,
424,0,
113,0,
0,
321,0,
0,
231,0,
414,0,
314,23,0,
40,0,
0,
0,
137,0,
0,
160,518,0,
0,
144,0,
175,54,151,0,
0,
496,199,0,
70,0,
632,0,
13,263,0,
0,
0,
594,662,78,0,
122,622,0,
0,
0,
646,0,
0,
0,
0,
584,0,
436,0,
17,458,0,
0,
91,0,
261,0,
0,
235,0,
0,
0,
0,
635,0,
0,
0,
179,165,630,0,
624,0,
0,
396,0,
64,0,
245,0,
224,0,
553,269,589,0,
0,
0,
0,
541,0,
312,127,0,
139,0,
0,
256,283,0,
0,
342,0,
0,
264,514,22,0,
331,0,
0,
378,0,
0,
133,0,
322,542,0,
272,10,0,
0,
360,183,0,
0,
569,0,
0,
369,243,227,0,
0,
456,444,0,
0,
0,
0,
548,0,
0,
0,
0,
281,0,
0,
0,
497,0,
0,
0,
201,58,0,
0,
0,
486,0,
105,0,
0,
0,
0,
426,0,
0,
625,499,0,
97,522,0,
640,484,0,
30,0,
210,28,0,
87,0,
505,0,
0,
544,244,0,
0,
171,475,0,
250,0,
0,
623,0,
146,262,0,
492,551,0,
0,
325,0,
627,0,
219,109,63,0,
203,663,0,
0,
0,
96,163,167,557,563,0,
0,
265,194,0,
0,
0,
440,604,0,
104,0,
0,
577,0,
285,0,
368,0,
166,0,
626,0,
0,
0,
0,
249,0,
268,0,
0,
73,461,0,
0,
0,
428,455,0,
134,0,
600,513,372,574,0,
375,0,
609,591,0,
57,0,
20,0,
338,598,0,
86,319,0,
100,421,0,
0,
0,
348,0,
453,0,
188,0,
370,126,0,
0,
252,494,0,
152,44,0,
159,0,
0,
0,
129,0,
482,363,0,
599,0,
585,149,0,
0,
652,0,
26,0,
671,0,
0,
217,0,
333,0,
307,162,267,135,0,
508,0,
0,
216,81,0,
145,0,
0,
526,0,
279,0,
0,
192,0,
186,0,
498,0,
0,
0,
665,0,
290,0,
0,
0,
0,
0,
648,212,0,
206,0,
0,
82,0,
467,558,0,
88,211,0,
339,99,0,
169,0,
404,0,
95,463,0,
226,0,
234,0,
101,462,142,239,660,0,
0,
638,423,0,
474,0,
471,0,
647,0,
55,0,
554,0,
416,443,527,0,
39,0,
0,
205,0,
373,0,
255,0,
641,0,
0,
0,
170,0,
209,0,
412,0,
511,0,
664,537,0,
292,14,0,
0,
0,
346,0,
445,0,
185,0,
579,510,0,
0,
366,0,
0,
298,275,5,295,0,
597,0,
393,0,
616,11,0,
549,0,
0,
464,257,213,0,
228,38,0,
437,0,
344,516,0,
0,
0,
0,
401,173,0,
0,
0,
0,
202,143,0,
65,361,0,
566,246,0,
0,
536,504,0,
666,0,
0,
0,
0,
0,
0,
141,62,0,
0,
451,0,
345,189,0,
408,381,0,
320,0,
602,347,0,
343,0,
0,
89,406,0,
299,7,0,
42,270,176,533,181,0,
0,
411,0,
0,
253,350,0,
0,
501,0,
0,
618,174,0,
0,
365,0,
0,
528,377,0,
645,223,0,
289,364,45,654,0,
48,130,0,
92,509,0,
400,0,
0,
586,150,0,
102,0,
238,0,
593,0,
72,0,
670,0,
386,0,
540,0,
607,0,
0,
476,0,
180,0,
0,
309,0,
37,543,0,
112,220,0,
41,300,0,
0,
355,0,
0,
0,
18,468,0,
0,
317,613,0,
132,327,493,434,306,0,
367,0,
0,
0,
32,36,0,
60,0,
67,0,
0,
106,0,
397,0,
552,229,0,
0,
0,
480,0,
0,
304,387,0,
0,
193,0,
251,0,
417,435,0,
155,0,
636,324,47,0,
27,0,
53,606,0,
233,0,
140,0,
0,
0,
495,0,
379,204,0,
610,357,389,273,59,0,
0,
0,
0,
384,328,0,
297,0,
0,
