4.0,4.0
3.34233367747499,3.3769504136970845
4.686200749248598,3.476348079633426
3.502463994083267,4.4375369594133
4.089185747369364,4.752112648773866
4.052275561628294,3.1346370228570093
3.3532095075640003,3.168786843100894
3.8182465465170994,5.628926089262329
4.031934615266087,5.9480517084125
3.944081892022049,2.530979969801889
3.936636912589253,5.0746182475035075
3.960777593648217,5.904859143030001
4.189741464190554,4.530230122541669
4.171205923186236,2.19550555027827
3.7014227925350953,6.276905609114262
4.131584766228366,3.3360185825360826
4.412340272076432,6.905600820568309
2.5513863396724856,2.5830080885143953
5.040348634393524,2.7864174910270316
4.657676057832667,1.6473279156357021
4.475003353546094,7.8031353851883765
4.659194815379205,4.526645994512791
4.6566983602923555,4.884347309486025
3.5529453676490244,4.013552153613938
4.505350266158366,3.0203214747577185
4.624233605337068,5.846295647567745
3.996546732556588,7.23013329666896
2.8425167302817735,5.037850619729177
4.522547151262247,3.4846985355642186
3.835874891765391,6.563013415447514
3.256277903861162,5.747970883838771
2.6244970987295613,3.806603741670279
3.6568573949217997,7.307681421975673
5.603836332297034,1.3301020768582372
2.1592729595254117,2.3314737422527028
4.320581923749861,3.286924472024052
4.6674027570043695,1.0449019777318078
2.1942753864609292,5.215944126281418
3.1296088251420207,6.221337886400226
3.2186246736165627,3.4567622392948527
5.644026055596355,2.228857690384894
1.746330145477506,4.258078508914776
0.9252064404462148,4.699735942965177
4.204151218976257,6.575039067692055
4.548737245117827,7.202399039016352
4.01732992993513,7.771338295767808
0.9572264274514106,3.6539064979310156
0.25569622113587975,4.195417303567694
3.4759362878480857,5.991151786213092
0.9804554043972837,3.1711379587339836
4.2954192731742715,6.343899120511215
4.097866158777618,7.189303693196081
5.9126331859147,1.0941535727927567
4.83076752190699,6.182995561435604
0.39743241834583465,2.6145530352355904
3.3868937926031286,5.958310960248102
3.3307723895685983,7.576090263061525
2.5576552449211167,6.346821974239899
5.123733290983726,1.772282192395073
2.9009583149928595,7.341700301501514
5.255229435081,0.5700189539340261
4.405457584566573,0.42722763788661844
3.6541460330357616,6.505580368334271
2.751964740149935,6.96517987513419
1.4047266012087531,3.5111348259685666
4.864717276499247,7.216876297098425
4.687274152180732,1.2877095631642401
5.287984297108297,0.6226458504508141
5.1083136435829735,5.2774195037604645
2.5359032039363028,6.008459411059421
1.236588875752875,5.016861567396591
3.3836205718675636,3.4284246546060526
3.8638471001344987,0.8018203203162768
4.71483985724086,5.886626472495859
3.484493975884079,2.167851827455337
3.2432942158479934,3.3855909627948853
3.8065495856191314,1.0813632366602581
4.5442732077145065,6.210504834634407
5.017480782071192,1.886088137465598
6.280625893276326,1.691066789409807
4.840751989413064,5.272027527590629
2.7496057388308284,7.959124954993194
0.46673910723327783,4.9574069741524385
5.891786672658649,5.310270783818292
1.1309205823189288,5.118555111757102
6.146788046182572,2.223983127316127
1.4644560376636733,4.214333203588736
2.621825522327648,4.194929872939533
4.008874431773873,7.197325539266085
4.817172325052606,5.390663531264488
1.0635237807847409,3.8266741125415065
5.3328415802796965,1.021018754261524
1.1126448181737905,4.27357200409477
4.893781433821694,1.2830852691502317
2.1268360684198786,7.8551850809178
3.0849129410880094,4.914110185142706
0.14516875076257918,5.049092774485095
1.358482522394576,5.5879535910614075
4.445140124978033,7.600156907119093
3.786495519191724,3.4099805080072043
5.369543318346471,4.743860598115628
4.146080606185644,5.937723152245966
3.820494276536044,0.4760433798403625
2.4477675164702912,6.061106615575176
6.154171762322873,0.7345904009119826
3.972211945655311,7.629247495201459
2.267398376703129,7.082434999261572
3.769688978195604,6.596172510178902
4.598002215396109,0.44148615933687285
0.7272687980910959,4.159938299437318
4.344143690987363,0.8822838117653786
1.8919718140901312,5.013400998368326
7.031026932992751,1.6191496972354242
0.8501619932918141,5.682103287456077
3.8854186579469836,5.232260415030285
4.754328282310075,3.823583751640891
3.1978086859358754,4.815683079231785
7.6171725393842005,2.03880340385843
1.8404965108657656,3.569581667345722
0.7739460886070875,2.6584568649012184
0.05312821249254007,5.411634142041713
2.72383049006525,6.131165139505528
0.2646512665854459,4.780241822122569
4.208125331365255,7.255013434185698
4.088304286328028,5.173017156160984
4.883588458564225,6.146453394491746
1.2220000058526006,4.181075808615178
0.08516329849574955,4.974485141407008
4.854556382672488,7.310494965594184
5.818873733146041,2.54931849522959
5.047567433460912,5.790442908931163
4.002150463212062,2.275332168587699
0.8985276816959589,3.7178938541860482
2.1563333097346327,3.8498989828356125
2.7052967944059443,3.083529476226925
5.731894306335675,7.364161326005524
2.8867183000533307,3.761398697079244
2.5802363580974497,1.8679167898842888
2.4994274558722527,7.3096179489154975
3.314871387333265,3.6351572537726575
7.797351158493107,2.795898610025093
3.293184818624149,6.257382645573622
3.841690172116027,2.0441691943341507
6.388830984027838,2.7769780909037864
4.266658909776906,1.3720877711639616
2.632902059042287,6.584199089337513
2.193323920238546,2.5499731793308875
2.2279367007062625,6.08619559140768
4.902822256762382,4.482311693665403
1.5653641945365795,2.8612301988819304
2.6072422373526116,7.650901443591763
6.917710210321011,0.2892757100392309
2.2449338701264194,4.467903799033595
5.0995515239200495,4.394631011795394
2.0558224530292577,2.198256879602882
1.368942651884387,3.9473194013843225
5.643053820141844,5.313135826794741
3.772117762656678,6.646146079485734
1.3745972546568357,1.7759988525375663
0.8499329942441731,6.35364287506074
7.746422483786202,2.2611853998336064
2.4481119897779937,4.992489021369643
6.774167840398122,5.035279524502343
1.3643596214458302,3.9053294695294536
5.820831504832362,1.6752028579483325
7.403427765390608,1.619865618344134
1.9077091274963838,6.939232703681537
1.5324677013146264,3.657770083410215
0.041783650064140865,5.884038920512453
3.9251170771170987,2.9921455455828063
4.541570111472713,4.769760308286199
3.0500178397595885,5.631594165199081
0.782842782961489,4.690771899833433
1.2704496149622662,1.030504744048816
0.8778439569245178,2.206446769346604
1.1549019289231834,0.20737570670304262
2.514418066935418,3.0103635880246573
4.770365199117701,6.369066451573406
3.6208230389727296,3.106129755886913
3.203755886758702,2.3828060833986653
5.5242370060482155,4.051722796096331
4.07031042279374,0.8551281927768795
4.477499930395198,7.765405610114586
2.4356444696186186,4.463505823035972
1.0569754200985164,3.7916097021688637
5.2896954032298416,6.575692722447485
0.7626168544152252,5.818541197995942
7.146432295590014,4.110150610679944
4.64621792516951,2.1715414606886974
0.12648137874253518,5.872423292781594
2.3223045314223665,1.314336600448489
5.642104122144372,7.355450346139094
2.3208766455907712,3.6730924905401086
7.193312928725379,0.806999718407126
0.3421309442287894,5.201592058703669
5.45912739242432,6.6882033725410555
3.74023419396035,5.964382490020645
1.4248908780184681,0.974929458340533
6.074045072139534,6.959843584664746
6.899848186654796,2.145084469206984
1.2159125323070628,6.773805800915272
6.511742977957973,3.4986675264843283
5.0865222378196036,0.15190179427812467
0.4325174616679561,5.407743414926291
7.570003157408228,3.758624146124853
3.828925018516224,5.1802220964437
7.5487747578716045,2.238956812968649
0.6409716956463676,0.7469957094985133
4.342401727603754,6.41728907115693
6.488916937020546,5.5974673306081195
0.3727358799104925,5.918966786406075
0.7726690789520143,5.723308899979061
2.847050554667754,4.2023287844907
2.322917610933727,4.671873421959482
6.038962966829205,2.2517142561936234
6.256778266944457,3.877358594263722
3.3494989497959216,6.427966014602466
6.610340717360692,1.423786565454157
1.2315981328533665,6.59958126093852
7.164960345789061,5.421133280051977
3.069597412054514,0.04422081645922482
6.676717655568993,3.444447271447695
6.616385442233189,0.0890359734480235
6.611068315288383,4.187405490997886
3.6986187237206565,4.360126812479846
3.812845250073808,0.7173260572028273
7.539289518666142,1.7284298303693042
6.364629703216024,7.1710249747394466
2.732648096727372,1.9901088478677833
5.497497568901708,2.5110829352600907
6.697113477971587,0.00950840749059001
7.051394448691063,3.0195270509210506
2.5836064977715276,4.351277844052724
1.6331419958123874,2.1439599625082284
3.310425596611574,0.6788336807865125
7.953209004787144,1.1875267869429846
0.8629627282159111,3.539065545123968
5.068505889550855,0.7175322421742578
5.5992358312679125,0.9597151596344498
5.061177036632615,0.6214496367153837
4.442485802090332,1.9549428522102152
4.5178926328671904,6.453026852882458
4.965674935307974,4.117133043715886
6.668238822318896,1.2207738039010785
4.194266466111135,4.1929911225981105
1.2603279533383356,4.464954001305942
0.6792521242889586,3.1916590728744954
6.238145343377611,3.46299427590135
1.6694304271061888,1.9803975301975054
1.3636377512898346,5.819476567181815
5.2638072367359,1.1527596515921736
6.04233327212386,0.7403312158453073
3.554881127281697,0.23351436997395503
6.029437355312528,5.448988878731498
5.974793462185295,1.4611603787017948
4.997619599165568,5.155645079546178
5.711195372522094,6.878629411108593
6.684373078727896,6.428237862798256
3.6913645471639294,6.519200469086361
2.9349824322504547,5.1776748074263095
0.8087368358347504,4.143646836927399
4.895417612783334,1.4022045564658834
1.2388390045734505,2.1587217662420297
5.477863721501291,2.0236017481955884
2.310717201379431,7.995126238653028
1.7514731698798665,4.378295521951792
1.953554210180796,1.921977321976807
1.110186154956244,7.16925940402106
2.820956247623217,3.8615118335483656
4.582082873684503,6.569926877611052
3.1332444589792514,3.8894638497728717
1.216828910229264,6.77143442985161
6.93644572524742,2.889357758290333
5.876225545430601,3.984329807901565
7.37255858716005,3.936570884233575
7.85463946550715,3.938091318980063
1.3365794782738245,2.270804896752643
7.567256344582251,3.732738212772742
3.477161729067049,1.931416162311435
4.100712283891808,6.755668561786143
2.5811380736287877,3.9105044308898282
5.680542063490385,5.280593068294224
2.585496708386697,6.57109781144041
0.8461831625666134,0.28524217153810394
4.1498889863756885,6.073320634110184
4.17897402211521,6.265935447956079
5.196402593862118,0.579540252534529
6.785619866266252,5.366685069204283
2.0604981311641364,4.34764511342747
5.762968055060377,1.4519839643568364
2.251619514437488,5.872548027024006
0.44558392627742105,0.6975304920530769
0.9230697770734917,7.777125103308677
0.6999462855020147,2.8640934882814717
4.874451530372388,1.8135885142505659
1.2012145268177115,6.548086811442027
2.177228404257918,1.744905924938287
6.9518205433330005,7.514617390270811
3.997534286220005,4.7974063071970665
7.408055558313506,5.905861556547693
3.4518685458882032,6.611203583057079
5.784134250177604,0.10950231397445265
2.892818093128242,6.902470538478095
6.0682415733344435,7.058261937603945
1.3217937735499792,7.192096245667774
4.526461221224723,6.762943898971456
7.186317463976955,6.1579469499640185
0.8067241758762851,1.052691667595826
2.661674522692719,2.893593204901147
7.2270446501387715,1.1864002366831734
5.1860958227749725,7.683733551650226
0.6816665968111355,2.7765987730794333
7.283057725902275,3.8801478540333134
1.1616104927932769,7.653525962975714
7.424903671943163,0.48820570024647303
3.116566423472138,2.01363860772358
2.0222699858283812,0.5717873241553599
2.5469285509024644,4.378786227837865
1.7753170218722696,6.6492258158264645
0.09729689976757783,2.073301575943135
5.704130029717622,5.832984777710432
2.5818493626400487,7.995030541481774
3.556130626692351,3.2741504488165294
7.981144497963725,1.0604555776908908
0.9087455067017682,2.8112304596003828
3.2733147346841225,1.0692080530684498
4.252698360471072,3.9243416647866285
4.813180253180832,4.888924421918426
5.598146738294007,4.652540882394597
0.8019136284010848,4.571928312045953
6.216407530973761,2.1210174575729237
7.670199554762689,1.4199547729615478
3.679280854664067,0.5727192072987624
7.364085313759796,2.5181010205102057
3.752268359709219,4.693858510762121
1.9583331483158295,7.229495163944356
0.3222904329750076,1.9069612298603067
5.825893779142476,2.6799111787389744
3.8710132323010127,5.328515651475605
7.119730499275924,1.6811649047059554
3.402357641180778,3.905390745652565
4.308272850580029,3.4903773374885896
6.876506352568242,6.375596907955812
6.9770577966369896,0.39438358817420127
2.228382179416875,7.878160133328684
2.139225481511147,7.515372174515501
7.1982710584087,1.7923077676464017
2.417069458127859,6.279652800227507
3.497714117825854,2.8396059712070034
7.238484069897294,3.8612371264502565
5.647774621949392,0.007551815736701606
3.398425524463657,1.0117291475485723
1.5064398822866067,0.1249103004201384
0.2599366681181232,6.312721536716579
6.903437483780554,5.702605503613316
4.843180275287532,1.5132612172263489
2.4925028125411615,6.945174377196764
0.9404368912591128,1.6083638412114292
1.0555966488616377,4.839072851266653
3.8174834987516038,2.926023220588874
7.00830708359848,7.676947291240168
0.5084372094716221,0.9524004939382369
2.094806711329902,0.6163950574225732
1.7012830584060135,2.248122207921397
4.993847194986213,4.587263747255399
6.250936618592522,0.5834102743229659
3.183924911016101,7.679864000506961
2.90304085546547,3.5683799053222636
6.615308557450217,6.319809053920644
0.9517018193650104,3.8528573607586196
6.8017163538382786,0.7665633291320484
7.2692676227492985,2.9426910333427365
2.6032032861648684,0.34154092450472895
5.810013719031546,1.2044632357570277
7.824844652712756,4.043996327711782
6.279619044942548,3.4399169541094787
0.4868072842511575,0.5664919725011863
5.44702911970958,2.3896869491719075
3.2858269351518157,6.684334986293435
1.2115218431734585,6.824121549526402
6.8386745093887535,0.18165049721358084
0.22323058451680122,1.2238690042251683
7.710250305437003,2.523225163572258
1.7488829269998254,4.675772775594828
2.9672087223238606,1.7672686574315595
4.897884336829092,5.062205050145731
4.640358185781826,3.5820887723846644
7.772965640958393,7.947752389405621
3.16210679839224,7.398364369090466
3.1038972966533462,4.163825489985029
1.4271882933570916,2.419436144677894
5.408548312048731,3.4997022995446194
5.895868065958313,4.614426729771043
2.500791521853383,0.6740533569057812
6.463976310248252,0.0413214907684889
6.139609973074412,0.548155557100487
4.8939360354623,2.748378528574409
5.072710241277254,0.8576269404647965
7.507215397293363,4.56189511977432
6.294721595824426,0.5398283921720823
4.232097962446755,2.7036969449250137
6.9190451944474445,1.8836769113635041
6.953451326193996,4.6231724287615705
0.7900481974904805,3.543531278720134
6.908950246162256,4.221722579943687
3.9956091266650784,3.23444200533653
3.9984323535644704,4.94987292210961
1.033071545478153,0.713687521575566
2.2213100909369423,6.835259938786768
0.5712735342709143,7.162819705289738
1.2498973446643085,4.302315721697654
2.2531139138354233,6.254692646093421
0.8454132120435309,0.7866123759759898
7.278548337076293,7.031399127384582
0.5208739368709976,7.97245264960533
3.42172226065171,5.390172935867278
4.298549833141361,0.584338162068863
0.4025662246118138,3.4822176568898886
6.13679113490356,3.0352897405630666
3.318329422857606,1.9060608929210368
6.38042148890981,3.1840358877289274
5.880293204374769,5.016942909939602
5.947221615217535,2.3889003829548274
3.643808132842153,2.5883378463060165
0.47749416383133614,3.362678279346735
4.04694196593193,6.742252714468416
7.813046101271762,1.5011025293840028
1.6293020296008267,5.6616708175740555
4.689958167667058,0.36275357905488015
2.2244740693932883,7.366759259596554
1.3190575272982397,1.8884663326959767
2.1230681331223327,7.309654725756301
1.059568327100055,2.5887718395391577
7.986633186826167,2.498219490057447
5.036601316359793,6.390720522999855
5.025964071357803,5.412447425939287
3.26507601868627,4.677641000830158
2.1782946285380547,0.1932674837651902
2.5179785642801837,7.183653842392804
5.137268210712118,1.8274997369314896
7.76640642609589,3.002401516663137
5.108128625424507,5.031923220570727
7.657039374425964,4.89773238497412
7.962602206272666,0.3521140674732264
7.96899963321547,6.796561653818001
6.642327530083233,3.8746519916516418
3.240540487956009,2.840238637205794
6.390771687942208,7.479918351182219
6.152473548675443,4.026810528756779
0.7635949541488198,6.476187386851952
5.533920458267431,6.24120061275421
5.847252719209593,1.2043948902018151
2.6323060491041126,2.846011951926748
6.4483247932670436,2.9333002728338107
4.183939965381353,4.090506741165891
0.39552995357887877,5.914689627559392
7.759684448986255,2.46486142183442
1.2467654891232245,1.0427048304928697
3.999327728952661,6.681628824630761
4.257063426797242,4.44649579877292
4.41319859549586,5.841586814695788
4.717060424372053,0.7024350559162071
3.6388566257818846,4.030061110959673
5.575101448640868,1.189355030666234
3.9181328824235147,4.345672050522108
2.7696493202963746,1.0461035840507646
4.852163211335556,6.461484689268476
3.5741359660252643,0.859824362999225
5.538533007811209,1.7990477697543028
3.4506770970018934,1.6811815109663826
2.721148776498395,5.628356506770557
7.598389879050626,7.597615471404612
7.355897755247049,7.32682779450484
4.340460848406259,6.053361321211226
0.9538124505828902,2.292852679983155
6.472714277059019,0.17844152203444974
3.0186635314219448,1.1781641466677621
7.030826396352177,4.464597092294416
0.8728490739216488,4.353014736769641
6.044770629720308,0.3754695276219282
5.081851665027128,7.709943694417178
3.379302743682384,3.429264669875484
0.2652526749290285,2.2881786976190472
6.902320371947952,2.620861600766225
4.026217718780961,2.2320572520824964
7.903806408330822,0.6123970473466249
5.72345697081977,6.107226161362478
7.056630946146553,1.385090574456953
0.595172155209232,7.592254938480952
6.877695009397877,4.279556819504622
3.4522252740287334,4.1630693048912
1.0637346117361357,4.718198394241384
2.8103236563590777,1.0904714960985507
1.9763823181094278,3.7636336842346187
4.9057007233112735,0.32081212618814536
5.810585427359082,1.05873507384291
3.5493164468079925,7.714653873048817
0.0009601349054575437,2.8685550883263016
6.605207990989749,3.7889645509268517
5.112134584021116,7.698283414527934
4.089677547541716,6.637314054173624
5.970212722084554,3.5144548973761784
3.6277626158254774,1.5059609376253809
3.7915130436628743,1.3319560870979368
4.682810907035567,0.1333374756984993
4.973744412646109,0.8579779807878003
5.1854384575369314,3.3060365230799276
2.439742580786862,4.029765718532233
3.797361107470845,3.1274084927275725
6.358434206785741,7.598042997275164
5.3061684993034115,4.455813702304177
3.494195512627127,7.974555944637897
2.5124476289118993,2.134034685498184
5.638139263344113,6.118225939740232
5.458966672466215,2.9721049148651124
1.0156749251753583,6.649693982449747
1.0945103004791301,2.1454418848393573
6.664440081689643,4.207753160074666
2.0295086943490963,3.0008823541046326
0.1072701841292858,6.559296357659759
4.032017134183632,1.653489760546642
2.5251560366459715,3.3680564369314085
7.875904294197892,3.742708164938258
7.390659627852865,5.9141630674106915
4.533682315212287,5.536829211615159
6.462398484643095,0.3218131564804967
4.474859757028074,7.964520520819986
0.06731816317700723,7.075741533773572
3.706582633293607,3.658775906917871
5.540883160195596,4.847161969190225
0.1460913616339603,0.1268091585792197
4.949541223793182,7.753740611137941
2.178878908281324,0.08842141089702249
2.4018413109440777,1.1598711115228886
0.7002281015699392,1.5203791159474438
4.6222871460656085,0.7656098884339375
2.703376614451132,1.4595229384254784
3.6422611873597344,6.879589266933844
3.7551911634106174,6.261410503535773
2.2892230610809907,2.8317204384268306
3.4160454990892237,1.4083577385104666
3.991294527823425,0.12222777719985078
5.044951053884819,5.787407992849096
2.1180941116473777,6.057846921276521
7.4266824111494705,6.1136206491612235
2.010447962057107,0.9039622089080712
3.079179064511485,6.246849818038552
0.05791596694432766,6.573161348369914
6.5335824892001355,4.091278855237271
4.924921148348768,7.7979983707668215
5.548072678204564,7.40012226246169
4.3525898222992625,1.458395134020794
2.998599835768519,5.78490080904418
3.566569016703669,6.360614481787796
7.090412866019487,1.758899627212804
4.479847773469466,1.3597298416336914
6.185220079507475,4.635269394327336
4.444140440187761,0.8797146277675161
5.82825606600841,0.8714794087317106
5.457158603900831,4.216197366401742
7.2687110131058335,7.448289003737683
3.5424565466596754,2.9804435256810553
4.628460322122064,0.03548481474109355
3.4710641734858934,0.0049387412029950895
2.6785208762944928,5.2308342580151255
1.801621351509576,5.525001723508895
4.5137155687795065,3.5009529136979625
7.324541574832715,3.939075949325674
6.89368272321393,3.683286721226068
6.351742784415937,1.7872334942190822
0.5919160684330596,3.243146470166427
1.2647894100660872,5.96448298374018
4.421645257834406,1.196799183493881
3.156331524139625,6.820928048840236
7.98132753296969,7.505162338933558
3.856087818714526,1.62387177995795
5.315649433967479,5.599755805199225
6.6134189372981025,1.5205555782923863
1.7832518632087124,5.393459876986003
2.2162864400308457,3.694650637467249
6.668127418946621,2.3175732401801143
1.169933847422091,6.928320100761559
4.519367123847732,4.555984034363051
5.437488194221078,0.9895576904650207
7.7090470433951,1.6052768345893087
7.94433958493644,0.28064821703431875
1.7743394091052789,4.055065693759568
7.691409689169716,6.865514936758589
2.9943043071197932,7.917851980751407
5.4554874854115605,1.2928501734905646
1.6142667116885194,6.194045007985565
1.027530359963599,6.729969477715656
4.327087805778204,0.9547325071980133
5.384889737381087,4.345340069722367
7.497074155398061,7.9304369908009384
3.9563578889519615,6.30067975647521
0.7794063499182124,5.803101743545963
1.372301490403383,3.7430449235783074
7.719304324926713,4.945966935335481
1.7198766384198114,6.622061072563415
2.29893581635017,5.009788588176026
1.5584435919206312,3.8698603484006853
1.0159324558882776,2.1837723951746435
0.5284252149309783,5.83873424806131
4.669080629985039,1.8462217429380665
0.9227826503824046,5.8683394295430125
2.085456966790572,1.356384442004031
3.8089919959629572,6.683651630606985
4.261187588110172,7.0983018122787955
6.470666168421651,7.680116136667831
7.179004753246137,4.2704566556869
1.1486634331364556,6.8670914186069965
2.699526041113354,0.6962353094076841
1.786732456152933,4.721572443524431
0.7361182449236585,1.3438150419836807
3.7077896619982775,2.1369529576906574
0.31483964090009575,4.889479408255984
3.8428257968911756,0.9321252216568467
1.1926261026656695,0.7711138332610945
7.298502778940528,7.1373965003012545
1.3567824060650855,0.7775795356641657
2.4680186893484137,5.498852406508292
1.8145738588590952,5.975927663426593
7.728007772032521,5.2651727372959645
2.217555085798425,0.9573170486804594
3.5173359678389318,7.985868094647272
3.6840582662619017,7.942968746238144
7.31971845350939,5.502759168952828
1.6221910038522838,1.971584692049266
1.0175770614808757,3.6939257308637474
7.417457047332693,3.1420553027417295
3.10679520229046,4.908820545311232
3.9496787411842593,1.5514455403688334
3.616391206552498,2.6279049315412397
4.745999702574434,4.058136643003484
3.3859991549601736,1.8952174254127998
2.7469063472966715,4.912864148696025
4.397822440220964,2.9297260757602723
1.1741034414075813,7.750495222838957
4.514762734716704,4.802012828896792
3.599555746113065,1.2270120233600608
0.6723729236795286,6.214307042287742
1.611753806832417,7.410303923565293
0.7792153524626633,1.15203290337299
3.243211771235658,0.6096469539801737
3.720311898732926,1.0864625926806202
2.3594108537446035,6.981440653163564
2.520132490314607,3.696202152814214
1.201642214263832,6.178397308441691
3.1651720843877458,4.332754127114327
5.70637336122878,7.837218533544769
4.803595525949749,2.8307860526941244
0.5654769529165566,6.1431228209271005
2.27007398967214,6.000622588179458
2.215325362731839,7.515779427026759
6.567968944754091,4.5426695285112215
3.507254879508837,2.370089826446704
3.8357089567888094,6.661362182237341
0.5104993529990356,3.8101148536469873
5.155061671632273,7.774357610019546
0.4005790217229803,4.665642606896592
6.044528172393869,6.5639866493322865
6.947775585562892,0.19819699969391102
6.816369429687262,6.152304695763787
6.911899532572698,4.466454096103843
0.38763698215616227,1.7163547277452462
1.8409679475145486,1.5871398605853866
0.29289676082536076,1.343256329631016
2.814428170863522,3.098912379410879
6.036394876742093,3.084222622741179
4.957437924479957,2.222007977997478
5.534364085754008,5.161841898633731
3.9293875800342706,0.7554534423473322
6.179789943796739,4.15804319151592
7.138165449689622,5.480316369023133
3.0402208923353866,0.48160593896294746
1.6655705435667851,7.412926678743022
1.2089512598935022,2.444370794849263
3.3790674694561638,1.683047256176339
1.2593031312090277,1.2697497023062514
0.10555335637547003,2.3324408584594556
2.601935212087276,1.149395429271089
1.4858213074632252,3.802761372436559
2.7731885417258297,7.511175265098397
1.3460678191986313,2.434945858171405
6.461324487411465,0.16253244499394626
1.0715019095272185,3.059489932898191
7.105976881953922,0.515504956573527
5.475310672200537,7.032589479497292
0.27420596784468376,6.806619633815909
0.5612512182281115,6.0032655379072954
4.859040247978157,2.9680667352612993
4.515764763350902,2.346557496507571
1.2432546669976112,4.4390688014020965
6.820637952844074,3.4591250803469427
3.460210657325341,1.9066918797157255
6.888594058437728,1.5238712767603717
0.6878731385332824,2.809458641667775
6.846659838755336,2.4185046503578063
4.8844146571369915,3.699374485775558
5.371560349534096,4.6124296667937505
1.9754868455840313,0.2860577383446934
2.929676092846745,2.8287178651148697
1.7664060974206146,6.503217923831632
6.010254615234816,0.7033106879207285
2.844506752165449,1.0711087818156226
1.5333072810090371,7.89333792805019
3.7541711995141194,2.3023957947139246
2.0885908119132894,4.038012133073177
7.878520737976893,4.179030073437134
1.7039377586277515,7.616091269298115
6.164939603564553,3.555436701501181
7.077659032046712,2.8970647862541172
5.6912840482533325,5.067583105336318
0.11234089659103663,5.562372317871138
1.771271811170342,5.413961810948877
1.9124302417214505,1.659769327783696
6.62345070321303,2.5645383502810404
0.6844068501839295,2.180664245873806
4.7544591848562865,0.48500648602421315
0.6156154578287145,6.096354847537994
5.2579390755748685,1.453962385517836
7.004516054952252,4.6662051186678974
2.5668300396897994,2.1548955354780235
0.22522674799888964,3.7286028918120806
4.344804614695846,3.5208313125486983
2.2285464522581657,7.46028140920542
1.8353827060309618,2.5438423439982465
2.8096262422769875,1.8508133915597362
7.410433851939334,7.532917798008441
1.7579568096592197,2.2895870280830346
5.254186247328932,6.228254966137911
6.303269873038185,1.941191488494133
5.671831046844346,5.231359714733588
6.450579783114108,6.3065339203364585
0.13766820629737886,1.8622858229328534
0.5382914076648966,5.607199120689753
4.0012455045538005,0.9944642860219144
7.264819821529982,6.384233874217021
7.877490046835506,1.1532357519549086
3.927707809829265,2.4019320514789255
0.6020756885120386,7.9120711063067395
4.134960186752958,1.4480785130702172
2.347351863364258,3.4766688878692857
1.9201533348662512,6.470171832482781
4.571273698388694,7.515784210122052
5.734675258439762,0.9082060744824556
3.513060060518666,5.165998669794703
3.166979285135203,6.780041021217511
0.5072633499706596,7.4100434159053625
2.5893251426250252,6.423193069953759
6.4365347255169265,4.803823506637111
0.28793789923907553,3.6339088689715746
5.098773859270975,6.446523544472058
6.583658912440836,7.643508040071744
0.7697241847388305,6.579847683098
3.763563720279543,1.8885761112204253
1.590142776120624,7.210567103974889
3.358049146934203,3.238403882039031
5.599636551083641,3.6044424331804166
0.3950769409677237,0.2729956902571553
6.160720024464894,4.099006508410602
6.5343073932350375,0.7419099721454891
1.8704972304914262,2.891821946715754
0.3600446576902838,1.937439163588527
7.8200704358322755,5.344810796280943
5.496727710622865,1.682271720405426
0.0733880946376475,3.2706772534047044
1.5939213449917258,7.088699945769608
1.5355566152807079,3.4250070261822003
2.6073221358573493,3.1732898013723094
2.3700103831844634,6.677765456546587
3.723989506783921,3.502377560711624
0.15832026822270873,6.549174468262118
5.924156015814148,5.19101951894182
4.084738128071661,3.8021610804472203
5.454728007152899,3.6339574373444954
0.6060110707156223,7.689665535194586
6.95387289019605,7.578999322652946
3.75602403295595,3.0980024131520674
0.5885167707656702,4.585317822037676
7.973093623816976,7.379158131156298
6.380178809638331,0.1974589310011421
1.1257665631302212,1.70816319203304
5.208196037020442,2.248709598609759
2.323568152748134,5.963994285502879
5.294752426985337,1.5823829066602073
7.970706568153609,7.026269304430595
1.8406423141386776,5.628563675296538
4.387029060383335,0.7352656393455881
0.7759328461397557,5.090655903679104
2.870417629821487,2.8309543459608157
6.323335437207169,0.14962514404977512
5.560402472998825,7.528594688524229
5.7819964740078555,1.5944443392422327
7.392881834585233,6.410381858859353
6.396550014201318,2.3414317611344666
2.7753310319911106,0.16315520661681315
6.852107558810567,5.19578437958784
5.4985820700961385,1.1498541410072933
7.694160268337509,3.842319421470494
6.1164737144154,6.777935780852654
5.307294152550679,7.755975193306852
7.553680843721342,7.927660472714257
5.066543254787462,7.8292522255479575
2.019266702010471,3.5900126263007968
0.559225280233667,2.021628433312899
0.0563233014311022,7.34200515226595
6.297407554149252,3.781027329209757
0.8651459024378747,5.635307327396247
6.0466889930858505,2.8136158241501263
7.412375292181054,4.738574992236981
1.3477786612937228,0.21137600815287083
2.002296162132759,3.252207545666617
3.133765631170289,7.181984235178662
6.243777516261935,4.908311658588806
2.450324155621235,6.588160134841883
1.0147832619066204,0.29936537750055603
0.8484901077689679,4.1237553841176
5.756362244184762,6.964295393075306
2.4816768547222265,5.789065716003612
3.3045297267016345,3.405691585569884
5.159118483897949,7.5309813944239465
6.524223934244059,1.692849287351505
7.666297206432025,6.44315833929816
1.8043544344609224,7.803900587524924
3.7006069090791245,4.921750656316261
1.335176190803887,4.753108918523024
3.22641745075442,7.6157788240826045
3.7278017721403964,7.238645696063165
2.2928594807463956,0.014437667488494732
0.9811852140993738,3.909630723810875
2.5383930726171693,4.485849891198753
4.180060809360347,2.8042423531855265
7.921734576565276,0.13793240974266485
7.9879887520072295,5.14557711223795
7.574694045489244,5.719602690943934
3.600633144574786,3.6406004802470155
4.64179760156359,2.801558210258924
2.5021658910579534,3.0120982184254608
1.9886070117153265,3.351690093470997
6.780760352194985,2.526004114171469
3.0435413611649196,2.553561425774264
4.533641377290624,4.454592524133106
3.647229526928581,6.135581138124447
1.2595282875004408,5.315521155355687
2.2977987910181064,5.759034618889406
4.032978069023008,1.4806215291852318
1.0861582341014167,3.7100613112278644
3.719753210493164,3.433301684372502
1.5878013314308985,7.299492049408445
6.425124937798409,6.010455163792776
3.4867299021256164,1.578086307943157
7.637775422979748,1.4871948794073342
7.9500234557523575,0.7958053092705963
1.0113805975126677,2.2161125533708272
3.455385805726956,0.7241684588593991
2.8364332030334234,7.021503158205111
1.0933678371201525,2.1329875698033023
0.811916513415893,2.1016646546880775
6.987855667687388,6.943659736846253
7.392213795335233,6.625936340750156
7.655758098326691,7.732624333085951
3.4662754030061445,7.353067345723797
1.5012626849924287,7.262610748883046
7.063741889510642,7.588331464132071
1.8367359349462529,5.130738172582929
7.609537054411065,0.11846627326052417
3.5185784500873094,6.872036747768413
7.8544186190726295,6.760493544823043
3.915665864034324,7.873029743169371
6.46282378022539,3.0494899683455428
0.5059237972292161,4.597908403035702
5.728521091796622,0.30885875362458126
5.747885426597456,1.8140671899765959
7.252425401075064,1.6122974030113078
6.310816294694591,0.30144676998934905
6.12228426654308,7.194557046445871
3.5035574583358784,0.9535899075580243
1.5942670952948301,0.5969025484069075
4.760141419364717,1.493670976887464
4.00944268984308,0.4169419079808234
7.999060840509882,6.431111824222949
0.5180659963631484,2.4595022845345564
0.8403079114168923,0.8137209035189406
6.644268604916806,6.347973697203749
1.427998619404124,2.820237391062892
2.9165432316453472,7.057263358758474
3.49453316107392,7.907009970525604
7.867062816367157,5.063473549566172
6.6976143214405734,1.3273078186731038
0.23952444660059058,6.054102132357312
3.300466176020236,3.9416041345456776
7.091740815158126,6.6197394330133
2.6871515206352745,5.028612412233833
5.443099720505997,5.83536005880609
0.45997404501034644,1.2057644548373698
3.4366876960511608,7.167267821611593
0.6278839715604327,6.8405279470116644
7.742872567582993,2.4159466605883617
7.755684127665678,6.050611177143262
3.503942972608857,5.924100685987344
3.422592761422301,7.8936100989802975
3.5681345452935203,7.1616081467832675
7.77187801652568,3.502976649780223
7.804633784254564,5.328888445021333
4.505866928425933,7.934296587610974
4.156879186021939,5.74553845212592
3.537463232719345,1.5181146498356366
1.3671769010095165,5.646530480718543
5.2183765313725905,2.1642197013056297
7.935131743816707,0.5819371894348251
2.836083395538693,7.077768344040108
0.2781287340839169,1.568056300589748
0.5051012166844462,4.748476908519556
1.1610207703871396,7.570686061256847
1.977306427554443,5.245310123066972
7.827323583996726,5.614084542257131
0.9482334957398209,2.6962428549141064
2.9413418817757044,1.719246721769088
6.433233185630516,3.008092380520221
0.7597584610509909,2.4253234012188054
4.295492027597782,7.425720381079679
6.3249679140806885,6.317056580836267
2.64716500768865,0.5308711845244192
2.909037590032411,7.1598152837676725
1.367787858854955,3.200379645473487
7.043430925906967,0.05128458527387725
6.34933239344969,0.5772957155442491
2.129567197426291,7.513524624717903
7.793945704181165,0.6927896015407722
1.693459132719962,4.376965372829881
4.421896726807425,7.396521477822952
5.290648837666869,2.3348407337968933
4.350329251837949,1.7707646658729193
0.49620240210248223,1.717382173891636
6.496192764025625,3.0806076257959374
4.678269591424654,3.3654530224623267
6.373707935252533,0.3996038087829339
1.8055256492991356,5.553408097216007
0.8727421993649003,3.8599741310844218
5.714333446399138,3.008605478899203
1.768021193960239,0.19821981981190984
1.1576881652471736,1.1319865536296767
7.570824796953008,3.1107586355356425
3.5469150183049027,2.848554379216302
6.966746647131709,7.572372387708059
5.60132208871744,5.888843316034696
6.8825524407090155,0.4989357549562259
6.385904370698692,6.399594435797656
5.046560475551635,4.681751953672078
3.340835536509469,2.7324527246961914
2.916800712690927,4.5152366863669675
3.114368521879241,6.972504884868412
4.780756846846336,3.699933376773389
4.397884643771034,7.879216103804621
3.411544390867637,2.2245605202780174
5.204116795375473,4.4381922459978576
3.5854379206527023,2.5379544112040078
3.0029406038294404,2.199889953212903
4.666543859443585,0.2906550417662839
4.085124481953202,0.6319831719830935
1.441192731677722,2.8354136808771413
2.0712205864191384,4.719907563103515
0.8697352675228265,0.4921527353767061
5.7226447724751,3.5009422463457858
1.7598152029839893,7.405125426257629
4.548800431940534,1.2758787509901826
6.146025180700313,1.7188101865785983
5.090417391392961,2.7113793775343744
2.5770256705193564,6.816099002344183
6.637456501809754,5.514442168930849
7.50005580336378,4.456901420785894
4.79118836569379,7.483193453243171
1.3073273362633886,0.39151104699987993
0.8473694137000045,0.33332534083061915
4.837186237161367,2.8876407956641117
5.495893293030009,4.584655031503287
4.881438274955207,0.05634740316959874
2.4005249955336847,5.74964182029408
3.658780950722967,1.8511837194125063
4.429958544826604,3.270719694043292
1.978515022285392,7.600658575622827
0.16728286296231065,3.0160222334110944
3.14417011819722,5.560955229051498
7.7247606648014715,6.783270589467279
4.053024830992109,5.716038084273922
3.3957458313036915,2.469332571260834
0.9085619532213665,4.6400674068743815
7.509827946870544,5.066271440470272
7.219475164403074,1.147852128340947
4.257524575689273,0.5270123918146217
3.1873785393336673,5.978527163008576
4.479047735607431,2.867622594179407
0.5082015878091051,2.5797244056606896
3.6441547236233314,6.085632173255863
6.469318686119023,6.8562403269760654
7.704633687058468,7.207309257446757
7.501482331349407,6.3305159901482035
1.9615114758690426,3.0101346177922643
1.9041171516155497,6.15038353064575
1.9108595319297175,0.4876493239209658
4.011022969425174,6.236139615057729
7.925689671558924,6.278721759619612
2.8304640996844137,4.0612431123580945
2.5618136133810436,4.788176302483203
5.986904332658736,1.503897000840988
1.6528794982048272,3.7290256394682313
2.1049400794339475,1.1829771444566504
6.307874279153564,2.0864493565645716
6.550109226259679,6.495268287814259
0.8162223426900921,5.719416564482224
3.992792904093899,0.11605286826029548
2.8988331321541727,3.0771820713103697
1.4938138214558547,3.44712097280029
5.4911179048055265,5.2068501460848475
3.4482606671323355,5.799996299291677
3.1592591376009533,0.189809550859386
4.905591900335154,4.958679230058121
6.337264253932651,0.23658513820694083
5.522715405110992,6.997347566232852
3.545402015594245,4.126820975657668
3.111315417842688,7.568115653077509
0.9838346556076925,1.5055316758785464
7.444337219935502,4.246177892461798
1.2441168399250229,0.7738888768431522
6.83819268614518,5.3895992033288165
4.879268841329252,0.46935390094675
1.5047314288416969,0.3502812768714252
3.5555744703202947,4.306526228834728
3.050471877870203,3.543242501652869
0.7534740714303929,7.373596222716514
6.994985332435772,5.294902743029644
1.17469924480094,6.3832364800375245
2.8187467827448147,1.6242940348636061
3.593760972514942,5.820269369963511
1.0726133356182723,3.697903163963942
6.731308896163004,7.034148277731467
0.6581248381829381,0.1675261239021415
5.103717799321124,3.4580293416491843
4.906741153717403,5.466688653393097
5.31324705763705,6.9957139352713416
6.710513678782264,3.182882967652435
2.374856631849293,5.588901942988222
4.131795086234874,2.6140018861537344
5.4697405516169635,3.450749304706921
4.106697834275636,7.33356230186215
0.5411295895271273,6.315037292928279
6.896561862352276,4.348788712957514
5.45335381980754,0.6725940526802976
3.445941916504693,5.095176162025197
0.23663448518444508,5.949866499748004
5.737409386772682,3.8916949538364918
2.4241378933884707,2.4847058107579727
7.8551613912507925,1.891480863006585
3.481912992056082,7.414301900872707
0.9387493337651476,7.599372762753786
5.508240983336601,6.6755218603792725
1.4283829764747642,6.883272002434197
3.8632755673853056,0.8264844740370769
2.7054927570639924,7.050439578807023
3.010448798381641,2.5007649104399166
6.739086016973765,0.39358133057169997
1.3805169012132446,2.407885364681592
3.6564235578055877,6.563405971378574
3.8024476975385184,1.9867415896350114
6.979207395597467,1.436050010452334
5.964604872988856,6.941820891202708
2.5220068967556797,6.00762386257141
6.327078430321889,1.8195895556645212
0.8047216512428372,6.570103790728352
1.1914901165454141,6.485727510797416
1.345111788964613,0.43849613320254033
6.421021453386913,2.8647724638660774
4.4817961203452645,6.640633987227315
2.6242425465539663,5.459984846076218
2.349156414585975,1.3838729966345822
0.30159155199872156,3.2947230257039877
5.517582258725653,7.721976674055691
1.5233321274579952,6.293805838452228
7.085867553208725,7.970654456180539
6.139424965507068,6.8002577725400775
6.545125745261275,1.8822080486062083
0.36660801906333074,4.806719051415113
1.8405834926310751,7.36174060956632
6.24160041663751,7.493605807095027
7.026772275255454,2.463779093008143
6.882907871359659,2.7146893743622975
0.8809938504351535,3.3655277133680093
1.6067781951741402,6.953152320927554
3.827765406516165,4.926274905247387
6.519691990699058,4.059051299537301
3.6425442247604067,0.6665232688760794
7.243023151349111,3.1472764542916476
0.7277359017728573,7.617539417563687
3.3740215170197354,5.224389776170864
3.886950292786043,2.9029673028536997
1.8371965317467103,0.8347937375598953
4.976103258720187,0.7756981999408712
0.6912833070676871,3.8890919096776555
2.5347249066265594,7.68245481771192
3.9393745793967057,5.471842631997113
4.288151371451335,4.457283716924764
5.597406959252804,1.826443139766055
5.328971606003672,1.7895111782867437
6.988210902108834,1.952332319220246
6.667374142809863,2.8528429038438805
6.1047069520489865,7.310729117339941
2.4473025763515963,7.946100859865
0.49703822243930684,2.589485182053993
4.490586210468891,4.159943125602307
6.973078410575553,7.8484278482341265
5.186381040583879,6.140389008107293
6.236643296975641,3.826278624835596
3.029870454489715,5.365490674050005
4.14749121372324,6.660620931901579
1.7595910418271714,3.9757609534060885
7.959388100107539,3.909972097544731
2.879102486556598,7.060984200251245
5.383793614367036,0.47483570206072834
3.0398207546289493,1.3202458335248917
3.142535665054897,5.937901427670001
2.9423992683016182,5.073372364928991
4.517395883528826,3.8270668915242103
1.91273996917234,5.582606694675351
5.408079646284787,3.067642118078952
4.38534068490837,2.8608079457067754
5.003513630428675,7.619623964397844
1.9297514799150424,1.8414700562077089
1.8373889494772442,2.8858489371480047
1.7723224571054113,0.005115517505008604
5.1046712698714956,0.5940578291983085
6.323861926794953,3.8787905939447933
2.944252212462528,1.6072044611306078
3.9953140071436968,5.395421958661807
3.026049624467743,7.603555211959712
2.8771295608858853,6.974598880234986
5.529787513305844,2.2711125024929393
7.043431073602757,7.573586866015166
0.05389182239462009,2.4665715664398338
5.400363681233847,7.808341870278563
3.3731392975057437,6.866907595823516
4.800288134510971,0.18020252683654014
5.728421492298422,6.070145132920641
7.374488314517876,0.9370413023431681
0.6642731823282633,7.691021752954151
6.5463781757351125,5.613705290720487
1.1527625000024928,2.1584219608603092
5.621212913526462,1.6861998009739558
5.970228790103605,1.195242050341391
5.825113958801697,7.468297801026582
0.5906432510410191,7.278058015802119
1.76159849150641,3.4705199843130696
2.418809121898363,0.44485820444289903
2.225294803954726,5.3089791775488955
1.6099698248694692,0.16170648334406668
6.154658637647746,0.3019118266573386
1.0587912647510427,4.887970497209288
0.8924428707739995,3.454793953878119
1.4687030076538434,4.240585859787672
7.719903862913335,3.6026203586016408
6.062030481295255,5.693419661915234
3.0835787018097616,6.600270520624535
5.126390767968868,3.6882855778588786
2.541184425472685,4.7156082601741565
0.23903109176427062,3.5487685612283917
0.9105635576389961,5.7792578196022015
6.435244899491626,3.674828032026224
3.3375976550441298,0.3438144184732179
7.712121966964309,0.08630517140912275
5.517191846890488,3.2927519339432925
3.476735754150348,4.3614825624020455
0.25518650083517525,2.2052465369576444
4.433239264878545,5.513022560113147
1.738400103536149,5.509526376635314
6.612902297266585,7.860176307935511
7.3915555185258945,5.806859223797872
2.0400828859397437,4.178086637230164
5.398949132020295,7.8579178069871745
4.720317570352314,1.5885381578717777
0.19933213965344976,7.841287668056288
2.9505216598303337,0.562684504684281
3.84266778199014,0.9826188398086098
4.5813218824581305,5.946695521416293
6.726534368533403,2.6230694771500254
6.289229679932965,5.772273762165257
1.4678166231490035,1.9777604108108067
7.556088534842919,3.253930022980975
4.862521469216566,2.438466571301208
2.837786620924563,5.764970397885183
7.829977094125434,1.7078513052356081
4.064580504618562,1.7969043840964414
0.6965108201340611,2.313594069800483
6.748160369177596,4.152679412768283
2.0177388451986618,5.427246748505886
3.9565743747882323,6.767187794606678
7.381948733911855,1.9202829413823794
3.448383644338315,5.428309701482631
5.575519796643236,6.321916516970387
2.3657433299058823,5.267736204940189
7.782155142104846,2.017307257935718
3.0486538526595597,4.0549675893581965
4.89642588937528,0.6769063912523192
3.113037748650097,2.926494031200927
0.905440352069002,4.616940605478661
1.3276536789903366,5.8234579184551265
2.606902274503658,7.561845732312143
5.01981265659584,3.4435146990227983
4.477424106305675,1.175437360954315
2.8131135554095117,0.030153586619024786
1.1914023702270438,1.1695764708557999
0.9990475301653889,4.558294401557412
4.990336392597592,3.956257109082861
1.2740344187633852,6.652818795696045
3.382358168078442,7.323479778895368
0.8174850141162295,7.249709987529794
5.6250117516445854,5.156807646962598
4.755590213244811,7.643056783833821
7.103443136631152,2.0207969633630167
5.053826255446315,7.024050485154494
7.625556267975787,1.8352693799809003
7.348105904244354,0.2252377921638029
3.5455421345329174,3.095349046794854
1.019105018392259,2.680557099465803
4.995188457095351,7.150987477629959
6.513605267567212,5.439080879093926
6.679554516964539,5.476476183672674
4.282944399801715,4.181470434370856
7.191338066160214,1.4020813759745803
5.896378050995588,5.9738616164117975
4.130218397424666,3.8825350521167774
6.658395756135615,0.7976513645669678
2.8784428348365543,6.014859898539171
7.773270091860457,6.152831091054076
0.7666021117805375,2.9092271249517943
0.7983676901467387,2.384718072922614
0.5137158476793697,3.975204093576264
4.093047579937931,3.2492698052821627
6.089122229157905,0.7950085020715187
2.4570063817962327,3.432247944431217
1.6640523006577386,4.95890393425527
1.094896671365178,3.904978990170414
7.293457002259781,7.574513186330172
7.3268067813241355,4.9090128171403675
1.9546420289822786,2.224482609012231
3.0877715960952754,5.640736394138964
5.458311917133209,4.505219031129107
2.895482787476639,6.862672966046777
0.5123877274566722,4.783186385331851
3.3512391079637016,0.18776310594907564
5.785500519400387,0.6299802745417393
1.536326993962403,0.6140809283172617
0.009282592060607442,0.9177307527034939
4.699223489884234,0.3515101077139908
0.6653363054888182,0.806473981214749
4.100113287347087,2.0380676477041026
3.898521379290398,0.21751394617062303
2.1822244090174125,3.975164501613383
5.4817140204801165,7.481726025151954
0.9719124529000771,7.5930527834607
1.719211923791626,7.567911695243706
5.84944402569623,2.4586296600870163
3.046044325638225,4.6056346043566645
3.5657326597811894,3.6195031491221714
5.397460746263606,6.771125196729915
5.108762679218008,2.2803239857644053
2.164590755516649,7.049116450931508
5.738010518677473,4.8781102738527045
4.7185407783811995,5.353293900288807
0.6021841360000151,6.712108575846533
4.674723759553152,7.7296986356311255
7.182894208238779,7.958386758928913
4.221528730840067,5.090876923942286
4.073471407857439,0.19833644511808401
1.0058294209896301,0.5608309498269
6.41487230339574,5.408313318878787
3.9936787487807743,4.837067815787844
3.0298264290706474,7.413402224471444
0.3528258945325078,3.9594236798567026
1.7288681763871256,6.140336524645757
3.605658366436277,2.532882000880047
7.755547167452706,3.056962423167528
3.6674645877443703,3.669200855698115
5.355700864720231,0.19023453759646802
0.5633660179255839,3.786976582025929
4.7557416048670085,7.291041316086343
2.8403779054852327,0.6267152739152966
1.1892346802785285,0.4329155851585691
7.607236917892763,2.2321311756276545
5.98130533977153,6.255212379192223
3.943639089591099,0.9484381583701733
2.2243683682238027,0.5122341391588501
0.3956110892380593,2.8106349881602837
0.2677817205717572,1.9392477122640228
4.925627745259907,5.206697897177106
3.5464601824508453,7.6937613553147814
3.399416930439263,4.861968331673773
5.439258244432186,4.3251134277336
7.81151677478846,4.296720144076928
5.1297700923165435,5.881323570595768
3.4350340594354254,3.163267149855267
2.468118124024514,6.750450284639351
3.1844709197537773,7.4898582347236085
0.6971263846886995,6.219017141148412
6.659770279638336,6.6796023191543075
0.5024719630975589,5.753007889187425
6.2219036203350715,3.8038913529503304
3.424500023097993,6.694557323919705
3.1285579345865164,0.6116160476442234
6.204633633136733,0.23820438396237797
2.8156182444343676,1.4080275242636073
0.20917945540272243,6.470307076588966
3.6207564340023497,3.7013559363619946
6.7565575542520575,6.988449216507437
0.6840644813362999,1.969308110257944
3.2650110806407744,1.1600221563945112
7.055527747906148,5.860614768734555
4.344185278064434,7.607431603182353
3.0094289175364475,7.702646616979933
0.745235163974697,4.982661642469069
6.544739861865345,4.920169877508361
5.98805354212011,2.825713788495732
6.805332541984703,7.7145631916172634
6.716084293995496,0.5356757753827583
7.928099179309653,4.215275792199498
1.2089141586485743,5.068695684556566
2.2896797125529877,3.1412276462895106
0.882958877253528,0.29010782447341743
4.1437122929068195,7.409334399702913
4.918057330976034,0.6416041064361959
3.8499203794479655,3.5544459319179627
1.2779945021956385,7.826004148499717
0.21594697134164154,7.468599995271347
7.26030707691701,1.506745329298738
0.7866322146569873,3.9305580576402006
6.910102861890002,6.063615393847176
6.719827213748682,3.7533560556698315
5.603276345966777,3.5471994859354163
3.2960152539150354,7.583718232213933
3.166094338984096,3.8357120591472214
2.779602809578935,2.5753546887622276
3.0437784268785224,4.8893377283451445
2.218692006928662,7.151449132952736
1.8932532770364343,0.5247726304115226
5.749109513036602,6.42856236345897
3.2105796143802614,3.172263722004285
1.4411425042261667,5.189682915285935
6.263381857013198,2.409782284817145
2.774829241148388,1.634920217977391
4.768953522448897,1.8757336373161495
5.90822025225545,1.033133565814473
2.0587284135276613,7.550206905917869
5.930587123661198,5.127287096452259
1.1066634485760227,3.4650922996643683
4.909040232266872,6.11385595084585
2.549630788390891,1.518177017331551
2.1495877926103795,5.251245826714275
1.0423578788277288,7.112249641390815
1.7742957168856357,6.567080387283906
1.4061815216896836,2.8096242380389116
1.3863994472340737,1.736200602415379
7.5916053588174375,3.923245813973641
2.8152786277093247,4.464819881327402
1.8801478808490124,2.566535224134398
6.205664112832172,6.4357702169461195
3.1565528566297605,2.5701610590070727
6.981230307443879,1.1323650997348746
0.8102907360911793,3.326965038447173
0.5201030144055574,6.125189210786528
2.249019399199005,2.5399373767765585
3.973960879805718,4.45224739131695
5.692203011135041,3.705118404729115
2.3744105989267172,6.5216946163730976
1.0883102591896447,1.1094354630265286
1.4680127091507185,4.1890185229877
1.518901858707232,1.4607787185404337
6.692244735853157,7.95989751096777
7.082595775867332,4.327548564942424
0.268187334941854,2.0315691118459283
0.8547565393601904,4.851277018101027
5.724884433279841,4.308943250164288
1.992474861716854,5.316835026509514
7.53416784415823,2.371728836080858
1.7048839056000338,0.6454105031741042
2.7902616719215523,5.453959977327851
3.0347513513922637,4.09218625861452
6.966813297413635,5.410384955753479
6.203515000223839,6.9997458213773145
2.413866438546548,1.179014541999429
5.714685360549521,0.7351579226888356
7.363131732835764,7.487181015592649
7.172116481003007,3.1112191277757963
7.363964605207617,3.737046557478532
2.6395754850598676,0.9982471611455797
3.572389059683106,7.689505983278706
2.309818486862664,6.854211977935993
3.0575581453936174,5.0691415432822655
1.7031309252953566,2.5960224477692666
1.2101130996899867,1.8012476650007567
3.322447968760099,7.666565052271317
5.17918678013013,4.849326046755
4.086949089583223,7.4001390987430655
6.660878252155268,3.662473781801739
0.08504237780406321,0.15578648073632806
6.272296445469914,7.659437604019868
4.813172025570025,7.139102448315233
5.050377029743695,6.689808246032445
0.00403906783530239,7.613251117183005
6.1478598937618125,6.536976361574842
1.6700769795573294,5.077440777414143
3.083677285311074,1.1753094552021652
3.2423611695983405,1.9605411385772618
5.985664471250142,2.3103582426786344
7.492928688493516,1.7097469164719374
3.86391305665148,7.399057829941199
6.803942817922589,5.37672576559535
7.347362477056937,1.4943975039273472
2.6124788586584176,6.3730273650113585
6.255630219278102,6.620128423135249
7.198024263021071,5.4186811696070984
5.115523002931929,5.4212687944556395
5.352264738897248,4.974150916445491
4.5231603770579225,1.0678883574369147
1.5058077608915585,4.119422225266358
0.30178844548922346,5.941623782932354
2.1645045569432675,4.617662239156589
3.595316567293059,3.53544252906514
2.8869529001966283,6.994117007589985
5.499378331877262,0.5532700990963519
5.638368492943083,5.544709430398829
7.121802797210072,4.971807108821022
2.4037293010459093,6.529603333062272
5.61386196011797,0.7346207022590523
4.44708168689358,3.735887858514605
1.2259110467699719,7.196852844948197
7.634469550111408,5.04413101946216
1.0019136212213935,1.2500579242200596
4.933957414937402,7.308230608793666
0.590031374360084,4.670865660554036
1.979737806065347,4.0313455655015344
6.400089073668977,0.5355366467311349
6.278172775937127,5.6654897741513786
4.238518563012647,7.362538558408169
4.491373357168288,3.7229949314179054
6.6188350398576,2.1481768585003156
4.3775007649689925,2.2368431834329225
3.0774121342820164,7.464985572850985
0.9874057095158095,0.08491408803916123
4.045104683195269,2.8803005500179655
2.4606537119709513,1.4507498470598552
6.183164864299665,6.49539539772677
4.432444022954627,3.554671552792306
1.0467681052505826,2.9552056335846997
4.559193682596527,2.161091284078732
3.971810807184162,4.313027207408134
3.8972652231561025,3.594473815038458
1.4299735157069806,5.567365695464164
1.9696183512592622,0.1978727309116035
4.569155385083389,3.7889118100843877
6.153410012679638,5.143290253865104
5.544544594684585,2.3316231771454365
6.0186775977851426,7.909061099097351
7.4843423949067125,7.679767569848529
1.7156952851415435,6.856989244542556
3.026971442187828,1.1492209845912997
3.2019285619334577,0.2635520636529476
1.388955716268251,2.2708058381398946
2.993156496034646,5.960904268304324
0.11337349744954572,2.444579893811902
2.1443124267495373,5.605614533254153
6.480053150066823,5.264023695632445
0.7495225713475735,3.001751670352535
1.8328944691079538,5.719639636631072
1.641988687634484,2.2506823826192335
5.176883086939215,7.880177400026137
6.397866652997816,1.9637809942030273
1.1653381394138655,7.903724955571435
4.957856395789631,6.351935648912062
4.450183701273841,1.0683324540773125
6.956133203238375,7.885264496439267
0.5503462757643245,5.669306018724091
7.492006880100458,7.143671813691052
6.163119531031468,4.11872003160174
5.636783917537133,7.6715456065776815
7.180519420949388,0.6021277534424039
4.087712193896154,4.474302297037865
5.645832235494017,0.29083858992691347
2.329712723654337,7.635704347716678
6.222516986970786,6.635610205801242
0.5011094582696751,5.249947333203668
2.9184340265400834,3.0135600664918094
5.2504724832555025,5.47158584768757
3.1833471525325256,5.4095096437564685
1.3385499488504697,3.001703542258423
0.24027606213409403,2.829746436362975
1.350971643016151,7.984407114666213
2.08055964019362,5.826266173817249
2.8947103342126166,6.79112516460415
6.031400295487215,7.169254169960444
4.9988950238074095,6.1578154756403185
4.918778915391297,3.1890681698880012
6.8367361453007955,6.667271992831196
6.29997734521399,0.37903515366508156
3.3716696178705563,7.056640272220407
1.8437187528022054,5.905650371495734
6.231913971800037,6.7539822468557595
3.277094846298337,0.9174975881867358
7.92449744549823,1.7990920322157207
5.204898569289024,1.3779927184809315
5.352942053431226,0.07216436448513708
0.3013938752695333,7.5002631870427825
3.280012298032225,7.80401900405334
7.556895213310969,4.0150690300851295
5.907902224109339,5.2364302552388375
6.064841645569143,1.6823586731484674
3.2458781568627098,6.228354779728253
6.837003540585122,6.71521629811356
7.207335185546628,4.300063532262181
6.941156343102403,7.920604372112929
4.103194145755655,5.85955742857535
2.52743714494782,3.4171593198050507
2.9923089285757056,5.043144182159418
7.751851984497054,5.0732581481018
3.592185210661058,6.923857642730426
7.302886631257141,3.7774708178965595
2.4238568311518387,4.103429380771578
5.137133970189444,4.506913306244718
7.148495079915329,7.361698018516991
4.641986276608214,3.28862204872775
0.815487475390464,3.4419535039467934
1.452885849422982,2.1576688541911855
4.6923932604083864,1.9083628195636173
0.8396135567023082,5.583596501266299
7.514376075526859,3.234402668588694
3.269590169769934,2.1853755232642778
1.1788663491383726,6.497839570000904
1.8991194298136467,3.2574215742013832
5.327270173033457,2.0458582594529453
3.230701058049968,2.1190717159536154
3.180877260277234,1.855927554430802
3.2171002820748607,3.1918202227140178
0.983835266885043,2.429672792972064
0.304083936242435,3.179754010200792
4.223633064194338,1.0665504950288112
0.1724921477651966,5.21112862097773
0.7827158566979291,3.3657695542920294
0.21094991669673036,7.8998971499589015
6.276234022762817,7.624099563011849
1.7787887842784702,6.335492671568754
6.37540720566087,6.448978331926918
2.596224241731453,6.59265616799306
5.517601620986804,2.6625825310329807
2.49003023535691,7.577717058993179
0.14426592033944896,5.4212494382707295
2.7662776324815264,2.140771412996947
5.532292712975949,3.3164214014931828
3.4366633842378036,5.92612212394475
3.7022012830673097,7.258696349395024
1.1394218284855802,5.5676417835002345
2.6523014177601674,1.9340438737603263
1.5347152410944789,7.737087262841476
5.108823935967471,3.779442067972285
7.781550972498057,6.119744642093159
5.418441340139783,3.8878265495754816
0.039455676661543926,6.157630904439545
4.3998750633536305,2.2632899635376242
0.07466136774246035,0.4213682443713065
1.0404119683071862,1.818113238465945
5.961973835668345,4.295621837633359
3.9296898999722254,3.6528678201956044
5.6518260274013405,4.43487823113906
0.5314190916915038,0.81974268137167
4.773942913273435,2.099962613110887
5.820714906280638,1.1479877005058148
4.388799558601641,0.1224269227708028
5.104515668054585,5.6323909915362815
3.9990933356560863,2.4492943733302095
1.5777641270734435,4.658767667136969
1.084253113317879,5.362264894419495
4.333177648402643,2.013380903974306
5.302768100837459,6.786663477945547
2.1133635876316363,4.943720947452523
7.238156910758741,1.9478110819320964
2.2552027687233362,5.32628877356066
4.088062637393277,0.38796797144201456
5.870925070630352,0.7305795317528885
6.649204078912792,1.5330821800666001
7.661629997636658,6.558444482234358
1.6855567931755449,5.797581799041465
6.408177225418203,0.02923336166140711
7.382808295775352,4.86190235345428
0.8636519122485149,4.863020606539232
5.830101972036499,7.686541687795721
5.072474910731855,2.629792598205012
4.26989389295389,0.24127231332274413
6.744930469405343,7.600555586104201
2.457193968769352,7.075053579492373
6.08728995347037,7.784641117933741
6.429394902636824,3.546687855898102
7.977233247214366,1.2779381236060576
7.8093302772788205,0.13799166533988938
2.1118659260047243,3.637172312428766
0.8885367920721396,7.535878277494117
1.7501182314438486,3.229849079963139
5.355023661426752,3.9936019189786256
5.701953090317615,4.562161629924152
3.927251311150929,1.4233421234343115
3.6161718275971158,1.5558807540365835
3.5188072092811256,4.584900808725987
6.886941928816458,1.704238809824239
2.3110131957015456,2.788864428923608
5.13897821388647,5.476691541803793
0.5268168454977387,7.704956178866561
5.071556381027516,5.6332384013636405
3.3327607338634664,6.213833542699793
4.116307007270032,3.3979720265225852
3.5581681893043298,7.297988870528128
5.225555792048249,5.807147336126354
7.49353989809747,0.18638210635508567
1.1048889825798662,3.9977707734078924
3.9904124221130557,5.106583089567097
7.814555944072558,5.963397528719917
2.855667671112898,5.163293056607399
5.586966197850782,7.3458164169587405
6.557996763522047,5.691469560505264
0.9095137810347893,0.8882759923954424
4.896956345370614,5.649468037875211
6.169673181921897,2.708616490506852
2.145409290713337,2.49747090492904
5.786729811416736,7.6134506988767585
7.517920260395282,0.04030999270086166
6.945092590796133,4.398379546621144
7.874246420677685,0.2379444043594452
4.9184252935354715,1.3778457307888212
7.953564641909912,6.4236849446506
2.2268464468553466,0.172453333976458
5.430880456562331,7.845804858942022
1.057397852220812,7.723743043641523
1.3968473463309508,0.00045367568606913267
3.8812616153555366,1.6562863160713706
4.200125921414674,1.6875195384077522
2.986504307734436,5.353498432421066
4.262304374612809,5.965459386366449
5.172632713842537,5.610835434880263
5.907808692141107,0.057885233627902544
0.31751038229754336,4.3117674403303985
6.1002903836745865,5.872273772881473
1.4946202532693817,7.0575525811887845
7.197692432907641,0.2719135797073342
3.7358465976911877,4.47971636940631
4.025915858109278,2.4033407816829584
2.3574457289820234,4.2422648516669526
2.7152708439891367,5.045681212343138
0.782540220604564,0.8222431362655742
1.0651587726065834,7.965186725285767
3.88230347645007,1.9458600771149266
1.1608883792296485,3.9619375472316003
6.643806536028034,4.2946480826624045
2.80609411563307,5.484774536626794
7.242693728274086,4.983603842773936
5.366231562959208,7.763903029207612
5.874542850341891,0.09140658736824925
7.115914891388336,3.049041328151752
2.880431465513931,5.890062061003659
1.2423735858636755,1.896726082155726
7.044009869355735,1.5729272031071577
1.1434559856366668,4.793866934985015
5.993624931800602,3.0303706696023403
1.201624314469436,0.538186329095721
7.495313762807177,6.762514520346091
6.701863374724503,0.7314994773123704
2.612828054775729,3.3356296778572743
3.682966754868647,3.7957434084934736
1.5118300194051857,0.7215058704106481
1.0464142050578884,1.8593468971666347
6.1534734082872795,4.976998743935279
5.635205361675285,5.350715813492072
4.38300620064633,1.6174262178727021
0.8880782283033728,0.37256092395810647
6.1685790643208085,7.406023092873978
1.5132720348168318,2.16908273613846
6.449440242595545,2.2725106057147784
0.35103949173159865,0.5553504123159385
5.2296391815359415,6.725343080477422
0.3753090062410509,1.3377306241421634
4.918781167626166,7.103251860160092
1.7375410477300353,0.48361492152234486
0.05120039038242208,1.6539634634943345
2.1601550308440123,3.4594651554534517
6.988812386058026,7.8112910555891615
5.976686322689875,1.7444890095431393
6.898519723330373,0.7764155319384392
6.413244090597091,2.275434075963159
6.213722140920006,0.40341916760915275
7.931372638606373,5.443335814092976
1.765321775549249,4.166722520172883
4.221119899408642,4.544809095629539
3.636935949419059,4.564657201659318
0.999494058572302,0.9397540877564916
0.8670387046164301,6.9049808837769655
3.6206420554776138,4.577600553114231
5.127789257892901,0.18481404687760072
1.646148694481088,3.8510449790672583
0.5388668365005822,4.493502170748607
4.340985659602568,0.813415930579926
2.552589565925219,2.564637245696958
3.0551151235836294,3.5883526085579867
2.439629413196921,2.8151187763985517
4.156941322351404,3.2922982463430586
6.848131513499546,3.2316010411325227
4.269650595438782,2.007748400344389
3.6441073806441144,5.337269429299644
4.419372182756492,2.173872961972581
0.23931821746357063,6.278192126725555
5.872269656477914,2.014137054809413
4.079714386929941,3.774749798645243
6.741478478557783,5.301936050210694
2.8938351919090053,1.019167243668611
7.375288063924593,5.99406561014755
5.6690789435832585,5.0923736897338685
7.116495352138387,0.3548843958260459
6.669979230546429,3.292917687742964
0.3502159899994002,2.0315776517204345
7.3672611286840075,7.139252259756131
2.2836195977872915,6.960550576645381
3.122913117766907,7.176399359892413
3.5652638427017536,7.715061866518071
1.0493236489258368,4.572016390576199
3.2039594755914322,0.7589969462695327
3.4876505900892836,6.5813578998136775
2.6240393232133084,7.036930241433527
