4.0,4.0
3.2097258704202396,4.528148480791216
2.5126518701006564,4.088949417273552
4.523163022199576,3.4272185140923304
1.9743415012458883,3.2971588077614316
2.9301819147156793,4.744578071043718
1.9726308406253885,3.016272771948545
2.3144517313952893,2.10853840575112
3.2164404286752726,2.2980476670299383
3.246627007474694,4.821558812077579
3.634892380615833,2.6318324907038395
2.5791346705206486,4.011239976375906
2.849820723583133,3.1746014752123397
5.510193392266561,3.5285668255155924
5.222912834452176,2.9576810105636255
3.740561853723121,1.8762827605669585
1.9571102156024525,2.0351400695735196
1.9816431506286643,1.9219149345314133
5.214897090465244,3.893726104960205
2.563974149181317,3.8586426300850523
1.0871356249897302,1.8146878668661799
2.8203151228227608,2.6772046187500216
2.9069000226917057,3.1571266465025385
1.8882042546052782,2.6146145559266083
4.094385827000003,1.7291708427881964
4.52455836031273,3.740979600993785
1.0850902368384707,1.2921710437045943
2.0240239221352034,2.8770017387495317
4.286357288704159,3.4514540352907472
3.9996102784671175,1.5723699895299905
4.62516097477514,4.433625849636297
3.726694016969038,5.443711706943724
0.14156371445433003,1.1320480168783975
3.1591810119705714,4.751931838426243
2.1336659877717334,1.8310314135123313
2.5734867334551073,3.9988552720655575
2.2838425981676247,0.8918058652098448
3.8372023497334364,2.41901400367892
5.162664772315482,3.9866408698527653
3.7807313734173364,1.5980603707630143
1.0342831625922138,1.3286919262367487
4.156160206001256,2.908513069228545
2.5634280412202894,3.1766083996006493
2.7105951713212635,2.479718901817984
2.2781055893485167,0.769303452605568
2.482574232129031,4.63689953401635
5.596538455223112,2.315122708972953
2.488770102005705,4.14692324370001
5.841848094035823,1.6327975808203803
2.519323626785061,2.8864452943359478
3.599658630756638,4.556770435128515
3.664353117053798,2.115150777987391
4.226412821569476,5.093118118627908
6.193447288612795,2.313862747725395
4.309527264250042,4.037163658181702
3.263180647953787,3.1454529557872464
3.745553000630342,3.089986100596132
5.587952410680163,4.7644398925402704
4.292379306979763,5.334671809603346
2.2142465262505056,0.3905651378909596
2.309781368287049,4.447978805270635
1.9935115209263703,4.294531451950666
6.630504583574314,2.5236316614878698
7.441821183297406,2.808722674442593
5.6821232770721135,0.9043901852949121
5.117458899215497,3.7068071269246747
6.050080409726858,0.5950020510230027
7.987473824623557,2.697598054889064
2.1874156666858564,3.3672959581410966
5.749287552291276,0.1252150870359472
2.521813325476031,0.6519240554469965
6.5644520007196325,2.0906354336166766
3.8407735956833093,5.38997563436029
3.7790527135184,4.432780165373328
3.713594078445041,3.8964050534472516
6.067000401884325,2.9448139004099767
1.400298905786653,1.4880228837095517
5.728334424394412,2.5115827491794303
2.7348802571140736,0.926883862855969
2.5087586064804777,0.6064538384450637
4.972284644173872,5.624720350719275
1.7464849671302067,0.6345142362235707
1.3580665405596868,2.54905733805216
5.014251835923913,3.0088925740608934
3.265803096120295,1.284557263664075
4.130658023673336,3.9475878933094863
5.197766693313578,0.4886322859059984
0.3769815981946758,2.172517676639017
6.6197767057134005,0.4441139643943117
1.1571792123543307,1.487271381011726
5.652866225995859,0.9455926361527043
4.9014667553596105,1.639554019795618
1.4957703833584928,1.0592488007384606
6.780216861248464,3.2188617859257533
1.9051410692933226,4.372962120671376
7.3934025560423695,0.8197681544614328
1.0992242217997275,2.6199943504702743
2.5894329782735594,4.742552306266743
0.8280975637261907,3.3105983839629376
5.864803523269013,0.23738391608160025
1.3876913370089987,4.466207218766855
4.253247599548737,4.258099013803354
0.9541416122489341,1.7370490035879778
4.173744859403032,4.551779542309721
5.8116502593936925,0.025223682937645542
3.816733001257136,0.7862202988899272
4.756739716265957,0.6202506534272745
1.3672065908328594,5.080625963033892
4.536705814840724,5.119531561954174
5.278027099430375,5.997163678668913
5.067223785395967,3.800346104206546
4.725216827104496,3.959113857615593
4.689546080209423,0.6267568043210812
7.286485256834206,1.0334534807281024
3.0160485852763896,1.3181857723129724
4.055965191282177,2.615169273519963
3.702034651848476,3.0373171327125386
5.3116150179867985,3.435959611275612
6.142249124780814,2.755848001240177
7.775321022433274,0.583640876486716
5.636229402397069,0.3683227893724217
3.8498482724660814,2.1969616064828923
7.845366489185518,0.5097054166609025
2.347365875383063,4.941925922672985
1.9122687244326908,5.729731403820359
3.4734513947633774,1.7174632275132184
4.443728161071601,1.3600909173809175
6.0991182863204525,3.5851751472908795
0.4269931936829696,4.648598590112417
1.6878508467263158,0.5733551112043704
0.21109562884198407,0.5153245389043137
7.211371031362852,1.4953047093823395
7.427292721866735,3.1594987458728774
5.253409662124379,6.890631274450187
0.4022459963984062,4.751953016174236
4.995282351874466,2.1989147488789884
3.1003088029663175,4.443201207120375
4.181941912747176,5.688984952618005
5.228049853667899,4.8733178366089245
4.929475437934513,4.070002027588569
6.4281247587394486,0.03609266665106148
0.19890127147529757,4.885098479435451
4.818815507467682,2.9540788558002564
1.860930215596282,6.230677748983935
1.317970441243851,5.529325075023184
2.2046297955079943,5.291524158269485
1.753908111515635,0.3666984999698979
4.2751882749522405,2.941869969570396
6.246938753862596,5.252166805156727
5.855313312224403,3.579555943608196
2.0268202729935796,6.670183014934169
1.6653280977612281,3.279058171208276
3.8688996518037113,5.109580964743236
0.348642395111864,4.652548349503292
5.337680160115524,1.6664254487442491
1.9382090219392438,6.939421726033264
5.327825181953984,6.137293605610155
3.5831431610006206,0.07617886050636358
7.357691690235152,1.5646174645694453
2.2717113017433483,1.7005338095316773
4.178127469633861,1.6754939175093613
3.185690180501309,1.2019614838994768
2.438972209564465,7.179644981406696
2.944726802504909,0.08895624633687405
6.241313782526347,5.2198765771771765
2.263657613933164,1.1657402621623874
4.1865745692132625,5.959060114284627
0.6772757372849583,4.868450404258039
5.715462612278552,3.157987113902088
1.9169367637614174,6.938638501444999
1.595583936910094,5.255344202593593
1.1893705166608095,4.443134266764248
4.787840922554007,4.8579902480054065
6.458414938967265,3.663084753178782
5.967356124196713,3.7509032424393514
2.5081707098848165,7.624506105072181
4.350540209886892,5.184239961702363
6.134881633518933,6.729459097515462
7.637429040600099,1.1726179754004207
7.615229193264921,2.7804694661618425
2.2242937772739078,5.100945992070015
5.92898655261735,1.8197488893750897
3.3363351342940346,0.7909142580989323
1.6003828845706947,6.618931667959486
1.6682202295005748,0.10979155729707113
5.4118894153466455,5.354317023324283
5.354012138817102,5.5823254279312335
5.228486520635977,3.55666160283075
7.468062393527121,0.9520833737300105
0.3209402350000108,5.547525193944407
2.4191757234355453,0.17785629603063402
3.802614631392058,3.573816846092197
0.5857225186831885,3.4007415449222984
3.2460864727873844,2.0742988087205863
5.831142762882738,7.210908343932556
7.036856856490125,4.0973958703768485
5.643314191026593,5.306605969295613
6.0463782715661,5.697466906205307
3.8667057859922824,2.6971399387862256
2.1663411219181476,6.9210495657682936
0.2948053448201664,3.5978682869531724
4.414232011776095,7.37952027904356
3.699454172375532,0.6461449213180277
3.0984534865477356,1.6211427187609173
2.5475092950527465,7.99418169476467
6.309235490374216,2.7671553142757928
4.92949990516299,5.831419107042177
1.1927546604263881,4.157415691772416
6.90166770051253,1.4333374304557145
2.4682091080632667,5.018625144697558
2.156787893223431,2.4636776615011815
1.6446045615075215,0.8322109077106914
4.725996855717786,7.536421140832202
4.167046662716401,0.752486202350501
3.886591824906617,5.016075090758622
1.0962334797251678,6.176466258994255
2.8587012894219157,6.674244754960913
3.425923767403198,0.39104440214770797
7.767515493814854,3.1022902310033764
5.529229241631301,1.3097801690569986
2.4367956010237597,5.407253553371713
3.975831155973472,2.5226145912699973
2.4714619499912738,1.5661065098218838
2.532845276395868,1.1153751717196672
1.2639597243927945,7.301173087867135
4.447238726300371,2.312958245348229
0.7241148966983078,3.0894096292202544
2.1654718342460573,6.851517598693541
0.12517684300808707,2.429314450312874
1.541654896676266,5.825819803810254
0.6025856043764133,2.4604374709462986
4.110566912016638,7.461018928208385
2.1916129688531125,2.5078893095824144
4.753874522650935,0.28662858159382143
6.566388176492561,0.8561830503025725
4.470394012100216,5.392197060046627
7.080405616022649,5.630063470394947
4.95269516145724,1.3251617556568362
1.026972421279016,3.229198746098616
0.5700364818353432,4.083433223315874
0.6207145678584629,3.8543092695673495
5.196558094034272,1.9842219305731739
1.2659652208471917,5.222527863679699
2.857485767644742,5.769916773329802
4.972043795962703,3.164080219934857
7.05443079298235,5.0105183205055965
2.7460971887821275,6.6338561592672
0.6699812606092488,7.569851627430173
5.609489926958509,0.8963985280380475
6.294687383542816,7.772525531733409
2.9788985218903337,0.726941659702117
4.890701394074411,5.282674385138301
2.626341446837909,0.9983600781918662
2.4532376201935504,2.2138962684226913
0.36718259258210484,3.472463819211379
0.7721563915669707,4.754278358871792
5.6441226357976655,7.395088819275325
2.268270324257273,4.374066148529555
2.4086666791958473,2.2550951311812035
1.6915149414659227,1.595379207204493
7.978161659008184,5.613135655524123
0.136177063874797,6.391409799678889
3.2473291406169995,3.320644953173228
6.047983157455929,5.408260058998361
5.847733787099464,1.2632860155233248
0.64668335114205,3.944641530616253
0.5660966535849683,1.6577996627128284
3.977982757933691,3.514124463635426
1.6569255944134165,3.18356569266711
4.829901640837519,0.9069738241146554
1.6338447770583828,0.11765208239217806
4.792259553591617,5.1977197812846905
1.1739536356727012,5.628159515988036
7.987508055913176,6.064435641130824
3.5164517921182563,1.2398473864871855
4.433954853369161,3.8223391635466415
4.609690644188546,0.0720248514036479
4.910923395459227,3.820767886092508
3.513965596962432,5.746642097839139
7.415681707867714,5.13715212164177
7.332448662696277,0.7053794816848313
7.581940066912657,5.887165725146611
1.992613091325282,6.397759310779737
1.0861355280474232,5.955017163428817
1.7673828340923379,6.630138085326598
0.2152343226986737,0.886015256489844
2.681544569686346,0.9680438413894032
4.809004156659342,2.776445404366222
2.217270701473427,1.0330365071504595
3.3392969439904965,6.540663924320407
7.358461667152564,4.733759690387572
0.6551811753218315,1.534944392949389
5.408817068026839,5.010377695456547
1.1262151312624082,0.535787984232873
2.288848927421573,6.926128862170794
5.650657108974375,7.105970566490894
4.1145479166729135,0.44243002793222264
5.39009638368045,2.975758177681765
3.633617393978791,0.526913610790154
4.6625111749702635,0.22220237531152254
1.2745021213712127,0.42724826953306394
1.9769703441758262,2.2650559086483746
4.37503814692497,0.74659850768849
5.788954255505713,2.7786009924390367
6.321480309769741,5.072806444418809
0.12577837273796888,5.482171715577075
2.029563834353226,6.7359939656134395
6.769544749161485,0.42538151331724183
0.38288855585808257,1.4625363008806485
3.2393406538703973,1.0074924323966403
6.732664789158217,4.26155833959668
2.9112326016959864,6.126817736280418
2.4549886991341463,1.8355703519167559
2.605224876498788,1.3318308735448543
0.1951739475490406,1.7190393905903063
5.1577367189146415,3.9363854546021733
5.889152389372302,6.957256685853535
4.761752858262977,2.6402155197212096
5.668155227904829,1.725166630527852
2.230371226635315,0.997853575245566
3.5008595165058187,2.424306005333583
2.0827896660139666,2.9191572626701126
3.4698610705969033,4.222532267117417
1.9880388183285458,7.502025998795835
2.2040438191308542,5.752257943819569
1.2882500758154132,3.9480079175055476
0.6174710200361995,5.468334333723765
6.032554439737259,5.1542445300832345
0.9677121677720733,7.005561800181129
0.21954047565012313,6.53190436160304
0.31475126358452954,6.330760946602234
1.5185393740365711,2.681177172450969
1.794592786260278,5.217679295011612
0.28911726361555967,4.878140061179053
2.409816294250456,4.016894908850564
4.389183472507398,3.962256059402592
6.069886837531236,4.993712407672311
6.278350932737893,5.798999471841913
7.903545520368575,5.035098995310797
4.985940263834842,3.1222886105694343
7.837491254514727,0.19094818899394728
5.758902497986089,0.10910494971632545
0.04780799718490503,5.209038662968928
6.601578417406628,6.4370531782301565
5.16095397461981,7.89437777420871
6.620277568439943,1.6376201221499205
7.81703858088329,4.568149890766664
1.4712741797947286,2.1291668303265308
5.438581846178462,2.6868399149881093
5.359647232259055,3.0054350009865587
5.408033167957658,1.6889134688669527
0.03106074090356792,7.139034284980609
0.9474327255595911,4.4110574284879975
4.597084365558047,6.36053121425444
7.1446381361412765,7.804590570054267
0.9195521228057535,2.581780932048276
1.2716546697620306,5.138815278684224
3.3563749153033147,6.57238576620126
2.947836556694349,3.056673697926385
6.453022086845085,4.670325358089228
2.318515524515461,4.157244601778234
6.632529384215974,5.41459279114068
5.964330087031878,4.961909691426532
4.93359542405998,6.619272044046652
0.16886911667407123,6.880558546163915
6.480494306342886,2.7044579668197306
6.836257759009949,3.1695771988110586
7.468744225546696,0.40638763509489895
3.6108137709636807,4.988325926037305
2.1016190518393083,6.432035030881244
3.4303519895055157,0.2223955429053852
6.1424608687866895,1.8700315000544832
1.1983003405711727,4.44003132709689
7.989445797903717,1.9920561351930157
3.493915885411263,0.5585675680230748
6.42857057146938,4.333677157628796
2.0555397415709997,5.996766828383305
1.6938675706587132,4.844286331254276
5.859519591387128,7.479475534124523
4.608835710678733,0.5618612496411552
5.469666804220437,5.965932840692804
3.3199454360046436,4.712444302522677
4.107540825225166,7.3532222384472075
6.061517985970004,2.1246614656749667
1.6401081842289225,3.032386045211747
1.3287341997935647,1.2076005152213138
0.0001169722592608835,3.1190552207187343
5.415599683076164,2.193366507971164
7.312127191962397,2.606235899124189
0.3684425174045902,7.374488850559685
2.477399924564148,6.106596576568966
5.439880652330944,7.621069231147261
5.680127183792791,3.453071338631834
6.747103666497233,0.16373404864414187
7.8357734668861525,0.6888525775644911
0.32146885384645874,4.604930693355116
5.784612089609953,0.6360531849190298
1.7740419882394258,6.8419128893374195
5.727510315671333,6.488818356810063
3.017872704793848,2.4652637272525206
6.7050189764491686,1.2674802524028044
6.85935568762276,5.238210717939304
4.864217135264792,0.8158328208164045
3.1546073297139197,3.666340716004508
0.3964644015102987,1.6593957536899628
7.944421913295626,6.042786849983648
2.810272851856877,4.864644356867831
4.980412650215418,2.5440283542253077
2.6318032329103342,0.3973168235315594
6.399405012979322,3.3612158277945507
3.1730619656165144,1.4936437467935706
7.678816643391252,7.293810307277033
0.6947674572581173,7.898063434246941
2.9307473533260495,0.6535484879543132
3.7024488553993518,4.024597821272599
5.617364491313446,3.8188896494515614
3.046607494664875,7.723094823327504
3.350219346278304,1.481607618414535
4.318443978614977,3.6008487591684872
7.037931088510674,5.55382465258833
3.542921260343081,6.429871748367243
1.2914193952921709,0.7602922376277741
2.306464944348841,7.782786634990964
4.928153565209844,1.175900413139126
4.133649500436937,5.615868308601765
7.212757003112919,1.6567531076385063
4.48145513560712,0.5354410980616136
6.665203463014211,0.051888930439884184
1.8833299592634605,3.4804964680466792
6.978849291278204,3.0839361856798444
5.473162456889737,4.24869662846973
6.1161366723311845,7.8260681888847605
0.12426368207452132,3.585436241712717
0.2682401622475137,1.2158248968037793
2.201262151166892,4.215612569682735
6.365212870241319,4.765126659998914
3.7143077143027865,3.370737244708258
6.5854212712273545,3.0362062794205906
1.319883691810924,2.865523996288058
1.6966830205324444,5.196687015346781
2.9958499000624785,7.9574391553023265
6.548213162871711,0.2703617486534089
0.0968823829235177,0.9291962491344306
6.473155237925401,1.891620236548806
6.228352410622103,0.784444453518077
0.16326667867821598,1.8285573073878183
3.1001478524679458,0.5356335974595892
7.7478932888827705,7.862235037078593
7.118545541130786,3.283343431368193
7.90998553820258,6.036736449401288
4.078804343177975,3.580397994749931
2.555854148797291,1.377561361180283
6.740176632742285,7.219102782769488
2.555826087374066,0.9172813044807082
1.0517583310881404,0.25525326019524286
0.31816575130675595,7.569550161962226
0.14243264385269772,7.917968938919565
5.567952861573201,0.4024701045161443
6.777017602604763,4.51240116884513
6.024727547279033,2.1573588145854714
2.8886370392251726,0.7968474292924768
4.526610621816512,4.2555013396062025
0.0018789220047192856,5.350998349206391
0.21314808536583119,4.375885795076943
5.450807527431771,7.476633887404595
2.646968478365051,0.7433357266539096
3.6720889949212223,1.1040101455168543
5.893354729351312,6.834125001117152
6.186624963985825,2.9187490868576296
5.596509655794494,5.080630416890137
1.0199430584775824,3.6026046108020475
0.1398412890226286,4.1590994016682075
5.240214563568881,2.2861682278193944
2.4071615764215553,3.968309724676365
2.7305776712050847,0.6236601976324199
2.551822850146583,4.345584016787898
0.9786186726092216,0.7424017264325959
3.6225518654957014,6.928215049025732
7.070791411555665,3.0001047626988075
0.9572584667011421,0.7185295628978903
4.4572581038148735,6.393714251581771
1.908564582020853,0.07088506900731151
7.002529294788552,4.651819685934096
5.9470469937041,2.5634477487592173
7.674201071723092,4.583045909422454
6.809999071624009,6.884805780526057
6.658149816972728,1.4248858765907348
7.848830828105658,7.0675408205476415
0.3494397021767641,7.48865061124967
2.612369746271539,2.1436742057766285
7.990212071967416,3.8220683833797926
5.878450254450435,1.6215348484065553
3.8288368784851228,0.5442771236218311
7.30855296694332,5.342239779686362
5.975517827200001,7.632727916590377
2.126366125520673,2.327180132264969
5.795178505349777,0.7740612776223461
2.227160389746227,6.146489469871922
2.535421162661086,5.7155845880726845
4.073089109531427,0.07704836886404642
5.592611616925637,4.097299266207077
1.9948276202631376,0.4504892042058124
5.509251897355548,7.808297368248436
0.8207124965143482,2.7963831073950614
3.82745135435664,2.8989468987692497
6.148863712081543,3.9522840843584905
6.1425918721900725,6.534857298130188
0.4884916928746579,3.5994757772657247
0.590002868722471,1.9157355301387122
3.8383017677710116,0.6184895384816942
1.8772614457968064,4.237694301590631
2.545393062223683,0.30218813601874484
6.54679877955997,5.757656130964749
2.160480125856491,4.720379388900173
7.668734723670809,2.381434254707014
7.061708330878349,7.375938179880293
1.058010380514907,6.715016163192781
5.9074643349427,4.638963381833942
0.028649400370046152,6.7801261514628335
7.747158529477311,1.1973674676064352
7.116142159016278,4.856405412488337
6.877058164809528,7.749857140866908
2.891847638048443,1.5657789740363839
7.275290394480303,6.392048827667236
4.16851223886796,2.2531324842957474
7.872774877190576,6.605210285001497
7.398427463099049,6.318820003592321
1.5237136496015662,6.456819603589277
0.6209490390341079,7.878964325169894
2.935240872447584,3.561921345416729
2.135742106800625,6.494088831578005
7.270349031581863,5.583887256206718
3.443705991571716,1.710064262453658
2.295573327249963,0.7000768589258621
5.020513789338015,4.579193515678191
7.936349039575787,1.5263006741465777
7.471866740179948,7.877907248244199
7.66817098844033,6.067456055364268
1.52247845401725,1.4042174754736996
2.9303119219347717,5.608349903547066
4.575606245166064,2.818430207651609
3.809112458748844,0.0790776120553005
5.778037617041162,6.16208003482718
0.043564758976746276,1.6822706478713547
7.919048172548634,4.577791223774351
5.313054021449804,7.127271277174693
4.160970094910421,0.41467624735977004
4.42604196188926,4.945754577647671
4.836019125013573,1.1997993224560988
6.529609145766853,6.1153061078509525
4.400626138841582,5.214502841794919
5.422862741025696,7.689460725585232
5.16721865301065,5.71736448346361
7.30119684564866,7.804394117408427
5.377484619519785,1.0436890290205119
3.0710861716834446,6.951812495119683
4.391396853085725,4.521488540457656
3.301649183414244,4.318779439256593
3.976888354286106,2.330574055095507
2.9453848781756875,5.2250087902485465
4.214803704373264,4.021175384743078
5.839280573820636,1.3435049383705628
7.894583494806642,6.091385237511052
0.8969895794941882,0.7394135512364217
4.403099464051874,5.850355866072592
4.423747962687341,1.0707212809879572
4.8468303203740115,2.1823405760952275
5.906289762691403,6.700086641375212
5.99715307666903,7.849106945409872
6.958155094088387,6.798402310328838
7.685034998242248,6.8598236480552455
1.0716532505688958,5.389757080096441
7.137337736651114,5.643744725643021
5.87252903261495,0.8362707194457064
3.6779523713305116,4.3232551162031765
0.5985121533415292,6.086303166341503
1.2897266444638111,2.159124531483932
0.2319039619184613,2.6379171556211096
5.234462998148597,0.6853667080437065
7.033493852084109,4.114570345346142
0.21742800633305137,0.8678163144458191
4.048712319828742,6.813396546118112
6.610958297939165,1.6034462583276428
3.464054829097657,2.8673025784058517
2.652644118376023,5.024728768233852
0.44733775967363076,3.39737357144954
3.008543009818231,3.7823295089049243
0.5449147897880993,5.579965441893307
3.417164437671163,2.8595677025093504
3.0587153254535524,6.041035806237069
2.81791856126578,4.814183004902751
4.531880332779926,1.2504887190728082
7.378944082786049,0.7998355563251156
3.984983192672697,6.386716232847346
1.8441474165554705,1.1084498021354374
7.711611946128593,1.6826179295872548
2.941604507453854,7.666642581772764
1.929107711983539,1.8059959133303325
1.6848474014197263,3.769837388611305
2.400342787086787,0.8997031915773208
7.490541493181321,3.0356154995919082
0.24012101822003018,4.4312974233581945
6.7956848664153675,6.420068611135474
3.1691544199930703,1.393565686517162
4.262695636266492,0.42079193879441146
6.240027256982017,2.5284754544530355
2.5841638118335135,5.3389455027637815
7.975552528120244,3.4782290860780805
3.282924380146672,1.7105104021221935
6.408557525558382,7.2230626833998635
0.20261188523089402,5.581784509892547
4.674203217725863,3.8651947697567204
3.924333579270156,6.607816699975613
5.465644331219806,3.691960226812977
7.16656757931744,1.5876905123184128
3.870320821953654,4.851141189675267
5.890683017759018,0.25425162041618066
6.315100526016394,0.7715690527191184
5.514615457024176,3.2526124177463505
6.1979836409729865,6.2396413301482845
3.4287325627890866,6.745503439862578
4.394216598398874,5.439772386582171
4.269675127885497,4.835344667229377
5.390743142523908,0.022384115658863557
7.428622369913219,3.3253578320475734
7.176014053807578,2.4857995454921094
7.852711348037234,4.871859935204768
4.011105008997916,7.379506072282751
2.559786102887138,5.402469172107412
5.755627252857236,7.491084952566881
2.116077044235512,3.314097903511228
5.1434000374186795,4.506383547469512
5.082201191902627,4.727985738782959
4.789192457972786,0.8628382936103671
3.396197812269733,1.002835580257786
7.498069361318501,0.7973825173445945
5.540637749665969,6.951920385845458
2.288762223052533,2.7641353473042907
1.5036433485719192,3.887884662783038
4.223064501885509,2.5283322064411085
0.9979389546422013,6.464747342491053
7.133495399237213,2.4743783176511434
5.758392606016437,5.351036018541452
6.4143066005597165,5.987283122883563
3.715963624596731,2.5528064628687863
3.0668321054657097,4.814865536922422
0.6952821365583901,1.0671718156130972
3.2506025974584025,1.1308350448181228
7.607220847017875,4.267916637814378
1.106104526733115,7.588742395676103
1.0036126442102624,3.1181846748043087
2.0882329109884425,5.560353905463023
3.930975924701265,6.261325178128495
2.7750593777688657,5.987444586843449
1.8558151437186678,6.242138718238321
6.276878569269514,5.071757586499915
0.6906868902565595,6.219948530243733
0.15346102827383667,7.370066673032771
3.7455432467497207,3.3819119113807057
1.0466798202177365,7.51483481032681
5.187268663019139,4.405994447760615
7.312307291657883,4.739659260284431
6.115859322848509,4.989656376008196
7.6329550404739495,6.246478076466404
6.414539163624057,4.497926666229288
1.6590493129914883,2.7043176805729647
3.5721803160269925,0.45000905444591766
7.303120565048721,4.038486597052359
7.151379591452551,6.789886108523488
3.8709352237224977,3.6982521273422186
1.1018570829690626,5.5731360947663955
0.3420244710318521,4.375956336909652
0.9050956040328719,0.5645391517417364
2.6338069608025982,7.590398500457908
4.12507394636546,3.6876022655789695
0.46834679105992727,0.8639338004486374
3.0432125146799374,1.2162396131562838
1.3700815088175347,3.205929189180898
3.4386777814178338,6.243209908877371
7.77322290259492,3.026824890944149
1.2515199786994025,7.052797379664447
1.9827748778951149,3.488043129014243
6.871957234933238,4.472926392796403
5.974796060964859,2.70512519767938
6.997318751244969,3.010389705429805
5.5311423042526116,2.255601259381332
4.54153163614934,3.7544273180127234
5.90629508670157,4.07017196234802
2.3049930934427625,3.778664159896736
0.8146115419550393,2.331476067709489
3.39433592492421,2.9958143345945034
7.0050056210708185,5.396366558032637
4.62351050897933,5.004403201572503
3.027911935308138,4.985098284869722
1.208231955137017,0.6928116043805224
5.792976698082918,6.442658330908272
1.4617799219170982,7.65845525007051
5.602260905245651,2.3551750660546507
2.0116571984332747,6.3526140607354185
1.3661223247871543,1.5460356388188314
1.0618663172378735,0.004449487145584463
4.348753254473157,2.0402981679392465
2.041750698153119,1.706396752574352
4.307746908688793,5.500504807200654
5.253836977500577,7.784998439794235
5.45751284383047,7.850339741119676
5.687833435674941,2.7294902195095014
3.792806795921952,0.5284070334086772
6.257958950375152,6.5847157012818425
3.3299791308911546,6.547586404415809
6.662560045530722,6.441911575174529
1.1978384039667747,4.180709011895895
4.653886538734602,0.2145557508388336
0.15695426537827029,5.300681325623883
3.2087737550494113,7.4625363037966785
2.7535082205158705,4.335568173167511
2.2707426468004916,4.53777487827338
1.3237586027263175,4.789447446487772
7.870670297627072,4.807861325892094
0.22362206460338818,2.316724440674479
1.8775613458089868,0.18022638418428016
5.25254367918408,1.3592836474418393
4.369793967329206,3.1823099220105027
4.573479186857477,2.002611074822865
2.2429704802058694,6.293413810782822
7.441638742495051,3.607665758739147
1.4847003749202141,3.792691493641108
5.236782073099002,0.7276978037079589
7.046519433731852,6.4853399205819535
5.143927369226578,3.5497383952988804
1.3233428833591674,0.5035105770411166
7.309869208916472,5.4256948828440485
2.2313237555370717,1.46729078148587
1.3433268786032686,2.5168508641541445
0.4792648800814572,3.9178788478373106
1.6752681433604169,4.3249534745188765
6.104204148494174,7.110030698674255
7.6219420124723944,3.571676423703696
2.0298188747226495,2.1371584400694887
6.2818122282171105,5.784541817132366
7.34723132032534,6.745068679816293
7.486697226522591,0.9701916158904744
3.880203370452337,5.60742853542224
7.767329695853416,0.8964041652269641
2.6381523035168986,6.514056152890785
1.8306539185598432,0.8237527644661897
3.405182167413699,2.5382795532091356
1.4864773058003937,1.0274367029596627
0.7234470435923308,7.000344537228115
3.6649565528648322,3.0764161710461266
4.7794752815839585,0.5306481417504045
0.4263020913754474,4.717099896930423
5.055441742736294,0.621348025936828
1.6642746634825727,4.316469632127963
0.7836507729808,6.451336332589248
6.34307705383628,6.441797996799736
0.855076089913763,2.5376052901856596
3.545575004263581,0.441484192182517
5.316470111435286,4.710294659288002
6.922902277971068,6.9880904855282715
1.1364590711963958,3.2607136451485506
1.9008767885163724,2.5667558445954173
6.617180192859997,4.429678547309249
4.909519651662821,6.006232999125068
4.647543344045835,3.3959979544029
5.40920698439899,1.5167985772188413
6.877905241620479,1.368906844538782
2.584220825949113,3.9342210004825153
2.1492875308821606,4.391216484698567
0.039873721584674726,7.007532032762688
7.343191508349171,3.2881579715368963
5.028786421647674,2.0188713826078875
6.6581131021625835,7.879082287934362
6.197615780664282,5.127045034662802
7.844292187171557,7.264633531989315
3.776967393904826,4.133974746379048
6.062798815579573,4.204413326479034
1.1956209484233025,4.707193128988203
5.370253928630316,4.625226030386176
0.5900921773625454,0.3461601228482296
2.1679340765632746,6.531191316349746
0.897405352779467,6.052553466331862
5.133193877761096,1.6538834450648912
4.891377076182876,7.255120102871216
3.0268259118773297,2.505069826182411
7.2423734627660705,1.3981788960217507
6.872196781951334,7.1849278549464115
6.780769432729011,7.185541468988262
1.6135482547959885,3.492715077648114
3.9550709156549946,2.604989891603908
4.714013822531764,1.211065324567051
5.801087930687961,5.257954250469127
0.15427960257606887,1.3130342598855256
0.8798928385111591,2.238534252385783
7.28975923942181,7.364838427701573
7.051127606585981,0.0433284730486756
2.497266901929466,7.539273002245108
6.856914633643776,4.523181830806246
0.2119419017560169,5.212026196493092
2.308520247952881,0.31755138832995833
6.110064187287752,6.899161475888191
2.7449771619099996,6.031257220744887
4.917751759996231,6.8362599285032415
7.61629990737772,7.419705916085247
0.019696919468542795,3.6309512515388125
5.428639024295416,1.4280066442194377
6.761874528922504,5.735698472392503
3.5033060508492166,4.065938365989991
4.6133363639975595,1.3714749274040532
3.3291819449665025,3.883141278380135
6.823620314070909,7.567963563638406
1.735535254454251,0.1065736044580099
4.667026044117915,7.0185902106957165
6.758534661406017,2.243711206383451
2.6365149200092484,0.8573628107282678
6.303501019604809,3.68910204462456
2.435304894246638,2.2887773453282385
4.225053311216234,1.397191261951293
4.335127518548013,4.0619914987783075
1.9310458451768842,0.9790466052807991
1.0941306440722354,0.6474899599875945
2.1017594322313276,5.277231075007828
0.2656659846646905,5.867764315144214
7.602903022806095,3.4845331219373357
4.586979787010986,5.09725855652493
2.746720623319857,6.348285108200722
4.470359283456087,3.3137713615716935
1.6831531016828176,6.926593168691939
3.191245951704392,2.135144936809909
2.1525999528244144,0.15445425888492004
2.226065265856233,3.596842118925106
5.559641787497063,7.048895096128642
2.448144569839145,0.27557622173120766
2.822927250991137,0.6680567658001699
0.12744533681588077,7.721908380668203
2.4995005877474528,2.455840985934138
1.4614953835752846,7.455733021941745
1.0569880341042994,3.2186689726285174
0.14785049383022475,2.3302639139357373
3.5528508661636344,2.16767696676847
2.6831318788458445,2.1086443889630377
0.5066229845828172,7.782408523822984
3.077442773391393,1.4714727766400015
4.994916946499858,2.270957291606236
1.3280502555834115,5.557368247945933
0.9989250334504431,5.5816604657487
3.47494191685231,7.5310989100108525
3.534154863670569,0.03900266776359462
5.380075943485507,4.039856291754326
3.1429449673567076,6.641261553327487
3.5385083192305924,2.5559402588626723
4.705683404095096,4.902396672398088
1.8657165434155445,5.287814605794038
3.261159187857027,1.7863541730844252
5.876850700267788,3.4753262014025887
2.591198687915676,2.4331182118091146
0.6624624893647102,3.296469652079521
6.575508069517507,7.924159966423182
4.131713081341755,7.346415978889495
0.7045042164248496,1.9834542941579043
1.173814268507062,0.7604376693148112
5.960184188644861,3.61035633639486
0.061874624433635006,1.6466793729322013
3.106640717400116,5.3087553302576795
6.512400352776592,4.952902334187519
1.881674323456048,0.4977780706754853
7.493996522929339,5.054330632427348
0.8679364244087271,6.386577375879789
2.331958631594347,3.187235342867152
1.6667826653221862,5.450899348359366
6.070187955040993,2.845082200688249
0.05611978196949252,2.0778590296536086
6.112626741036416,4.621600318054948
0.30593209312301983,4.881067140781173
6.676275929035442,6.378580317520186
4.704131490603485,3.640516619166629
1.4979581698862168,4.222812958033183
2.2428539041934483,1.0155976077356241
0.9617224669433124,5.213885304959951
3.543593779262321,0.018045730328894116
7.404396207776867,1.9615341836381912
7.857413568273052,4.388120354243122
3.170781689718827,2.1430755192315427
5.192172093664577,0.3532746954377268
5.132080577511714,3.3678296012785847
3.639884171180382,1.6546033991826157
0.7248283403514248,4.23728392394786
2.245546488070744,4.625114253870572
3.0050294751393807,4.874263298660227
1.3783290388239662,7.011173795105345
0.8732698807298407,7.997917899519134
6.5512075492189945,2.6254785862149994
4.638076135810687,2.610604206572275
1.6813295970832707,1.0919856390192448
5.65707741903137,1.603993265374796
0.8896619137862158,1.9516254180984296
0.42274838761030864,1.5924573495004042
6.095029812475384,4.913985904796075
4.77482471537596,2.540710661983371
5.937911335719052,5.464817405047107
2.8312646323314388,2.8250759324333954
4.033099945562667,4.345920926068929
2.2825471113162807,6.221480792089505
6.640832662894794,1.6070001087830796
4.048826128821032,6.501672752781234
5.104956389661567,7.262530956970542
5.200171875420164,1.5400321914820436
5.081205635683112,1.490007751508096
0.8432838789121151,4.407759460921112
6.9585765709677405,5.837914987708842
2.5192531035410477,6.310423665487094
4.1743437611572,0.7666956385286854
5.163339476397768,5.043804709084023
0.17476254588179696,4.015959970600616
7.709405289666605,0.646414213631334
3.797422846631834,6.164147379695895
4.478054347656875,1.709142751206664
6.644486451521875,2.524090228451091
3.761032674565344,0.042740604424671425
4.9227822516972015,2.791657497442918
7.856769681861143,1.682426523739469
6.764241063759623,6.621627598009724
2.012963302036404,7.970403986388678
5.932615204196262,0.12438619082875046
2.1644197689482327,1.9461662587140651
7.525952045921746,5.0517481294554765
1.1106720437020172,1.370599944453355
5.035967795400681,1.7563534977588517
4.689680789104036,7.424199069125615
4.681197095692251,2.3080694296899678
6.221069826413878,5.294833374393815
6.339127489547026,2.911183199105685
5.375281039163032,3.0775079723994825
0.24181076594157602,5.743829784622102
0.9969987223990975,6.009866121269146
0.261074766527825,7.508689162715417
1.6021754847581295,3.8283642326397977
3.3688602021099863,6.069582725339745
7.801171973531854,5.140741195280661
3.4006211718199246,0.12786024377624283
0.9162582963863519,5.319890392594113
7.150128739914557,7.411885291840837
7.06798232126657,4.896150730506744
1.596053611536016,0.4332128493816274
7.181703572595038,5.727459405794866
0.42228704569558495,7.6584104127639625
0.6361399035117721,7.729353539024662
1.1028130854457876,5.306768116728063
5.557722969370991,3.3237633324334883
4.970733635211735,3.77236242570228
6.286186792016117,4.762138983519118
6.774741573960093,7.993904344635332
5.090746310515938,1.8503846490939084
5.167595615085632,6.52101237246001
2.517415010972244,1.6914033727429922
3.044239018988894,5.384980166972042
0.7236849462565162,4.0415757609631715
2.3917232665019226,7.838490391385999
0.720673881106797,0.6903199270538982
5.610080446172334,0.4102387525766318
3.2508869364259025,0.27582972048672794
1.8730642064393548,3.416606460944723
5.21024047747587,0.6711606553826117
5.3168278500890285,1.2616627164822267
4.455978162039867,7.423419734721046
4.56832582463609,7.061486548403901
7.1605113129845765,5.152477320004054
6.59512350759923,1.3878498349767687
3.5599591577390743,4.339049310521589
0.5467221081462705,2.6071692317072523
5.048967392574263,3.221949876835243
2.263017315684925,7.6809551005761385
2.7153369428850676,7.437732283285014
3.362442484499094,0.8776786001110857
5.681598356334738,1.7171868095372016
6.960417093219915,4.085287251310643
7.4769286719836945,3.8127990033060177
2.3522424527522814,4.879067910195707
2.917402077226681,6.375986990935333
5.250486621895083,3.8933706123125402
5.019458693068214,3.025299245062211
7.557536698322441,0.13100822742613438
7.691795998915249,6.009777480291315
7.55022382743398,2.3525979766374565
6.848316820305378,5.341926988195944
6.441286098785122,1.3875401732181647
2.927021835599512,2.076355459207533
6.772171731875447,3.8677456637494076
5.545476098998937,0.3683073561964303
4.963137420073287,2.8496365163431463
1.268460622858182,6.293194970495128
2.3227185965644104,6.5992834555474245
0.11522953188926355,4.80987832035911
5.76061884878815,3.086716732353545
5.3956916475665375,6.788453450744225
1.1707581270033804,1.0800883114934745
4.050989736620264,4.457133209181243
5.185585036827758,2.5339604685608395
0.8109519295019023,0.06661430727544015
2.860979280126678,5.84833193497177
4.964717722944997,3.488936422787593
1.1496897555241903,2.089620000938158
1.1542950631868605,3.608682456434419
3.7879581105127578,6.223637982305172
5.566581377969013,5.785893883968743
2.7966381456813165,6.147296253449708
6.4707091740805645,0.029357391229613228
3.4852030763066884,1.7555025739300758
0.6343015638668392,0.6990273718076203
3.831239969529924,7.8361636119239035
5.970088950511322,0.7144010933103377
2.0688087654020393,2.4755878032649763
5.838795107319073,6.709533083716791
2.0634350520049454,4.753824863522954
6.7687488092198915,1.8905485551004473
5.473615504758634,2.3001603063971032
7.853536069038606,5.97828663200401
5.321811055059105,7.671306941516084
0.8162116233202541,1.7871447288078421
6.210398593098304,2.408592048026554
0.696388685496105,1.959090091910129
2.0767044037103233,4.090381096462729
7.961123227518002,5.044476135951135
7.7111500889884566,1.2341087781402722
3.8599221356680085,3.7416053010678842
1.992127422761775,2.365834061301138
7.693891911189946,4.3563211407102775
4.109756026974317,1.042710415362814
4.6726182829702205,3.1723858275401335
1.0285365703394511,6.66885993078552
1.8062667378188797,2.7255461766273656
7.343393867310739,4.698937414008356
0.593164073917718,5.169284564776346
4.558316902760847,3.510937704847466
1.032803977960187,3.0043828559784016
3.7845388524856194,6.470887944519956
1.8246267161283605,7.607741008352067
1.2155601129982045,2.4336894990903604
2.2528110969534803,5.160815302251977
2.7610923582477627,3.561614548234229
2.102392675638079,5.740437671064717
7.817004643157997,1.955883431195483
1.1758765868716132,6.155890353973875
3.423461425171717,7.5690658042018715
5.914044154749619,2.674335532315215
0.34011340108039256,2.2859672326133467
2.5868119409365073,0.9876489260948311
0.19190897545729158,0.030949583050384533
3.4724647181428416,7.898703602830844
5.301508966404902,1.540287686158619
7.93542250363325,1.0969272317806276
0.3267937414412705,0.35423940783914887
3.7639737433781963,7.884073247182559
2.9626546263937614,2.7748179281592016
1.9228998473947412,6.659291387692356
2.596104754115191,6.999548873243155
2.1626744810041574,1.6686689470651581
3.9708117266494733,6.21509473139599
0.314678541584124,2.8665075821073067
5.226879682707067,4.603538831752743
2.708536738535944,0.6740377250006313
1.2620709711817177,2.7418203250120925
3.26902480023109,5.215444945875183
0.5369496764480504,7.129635354585106
4.089537620550714,3.6799516183518746
0.5974533958515291,2.1251998071225575
4.605793988603215,5.729543194957133
7.247309991129824,1.2598592499422754
2.1518427562907414,5.65577160272213
3.695417605461322,2.1941663797128115
3.790283950312557,4.817905044107879
2.9594220584563784,6.140138562601747
1.6226368719889894,6.045978752894867
1.6391963632344408,1.8718539312787543
7.397404547758753,1.7002582830524862
7.878865679922276,1.2487012740675194
6.393677192482488,3.800083539788604
0.3176206978053431,6.299059332841839
2.668214790876881,1.5358835572000853
1.7763092430885754,1.9551291665010897
0.5904891077832968,0.8266722374996212
3.8546338045256308,7.473057375845318
2.588249833445963,7.7241158821756635
0.9957630556282302,0.643896613158053
5.925083849397497,0.16220438581060925
2.6052452385972877,5.437829906356961
0.23235031602340683,4.74073926242117
4.815577657259765,5.998318573438042
4.294552133151712,5.154761988268041
5.978046135731402,4.826563497001362
4.147093654888318,6.386858184078529
2.1717608580050136,6.563510975566859
3.938120570952184,4.258433181185123
4.005484938949903,7.271878422045808
6.068726562051318,2.0696685302616586
3.416549254889775,6.142709592514913
2.0029021420633626,7.851111038514829
7.482934916834686,1.2558291319084836
0.3845648776846238,5.227392281051937
6.004749865787147,5.524567121940767
2.7724113022142785,4.623817700054176
1.503613645389379,1.3488056138266717
1.0756109127670772,6.05287309956653
0.29356982963708766,7.428362226826594
2.447385684826582,2.5794525239046973
0.22756741069055497,7.348507610888863
5.7072695736398495,1.9728019020497287
7.009450641477318,3.659485061847306
6.270342180122981,7.229776237492694
3.2329271546501275,7.830494702814737
7.7561298651723805,4.686962220356516
6.241249541898387,6.539889345035324
7.610128023608697,6.78197719175753
0.9924234214498169,6.661525654707887
7.070292309730182,3.0422960810431823
6.649847707504748,3.972402332417863
3.0518773710309333,7.8718664782878935
5.198977981347583,0.8614264824513196
5.486469139110228,6.2831290526479675
1.213045249274014,5.653415683633404
1.3319626189664309,0.5548263893515024
2.126789418383898,6.378032472407096
4.669146697070048,4.958162489716241
4.453554867229667,6.6323453695585535
1.2087533176882639,6.5724988608318275
6.677025001640704,5.920559054034638
2.9388620598235846,1.028488900398007
7.15195520142605,2.342398502201874
7.024031993808223,2.3370771431828743
7.449297538099273,5.723987205464842
0.25028450515377987,1.1839521306321767
3.084471951627142,6.961461376540809
2.37815310266332,7.332689785348927
1.8377011227010174,2.806834115750738
7.744386940435826,1.9831431939348017
4.613247949593453,1.1249712273695511
5.652274758654988,1.448256415801061
4.542415719999333,6.42380834516142
2.1798034928328356,1.135848258046451
6.994525653743496,0.10327174198171019
5.660089766061364,4.33500640722057
4.4855048805138455,6.819577237591096
5.15048392667524,2.120207101006689
6.497680459166584,1.732567885276464
1.6716119903990254,5.784065729382649
3.585161490532313,6.997504962062172
2.4469014276866607,5.092268099106402
2.446083183580943,0.7816605107088774
0.859427181397507,7.736724121271247
7.341284490684178,4.667411846549764
3.4266141601949895,3.7819750635619593
7.309397120150832,4.0628541555324835
4.46477231772349,4.524193596965911
3.574392386175189,1.6206058554363851
4.8899519143734524,0.00705812752577728
1.0524806503923347,0.21847637198927838
6.184961472885272,5.511659715977845
0.3653631879974579,6.7662895885384895
4.716642782442119,1.7654480964342936
7.705829975596,7.4348343159736805
5.626039693484055,2.7138990516300545
3.089389784925631,1.3914374561458542
6.1522169102407505,7.065529241593939
1.4373257649803302,0.28828465678538073
6.307103266389109,4.616543146624849
1.6752382053503094,0.7250645263333748
6.205034193042848,1.229656162378804
7.403317647667206,1.419165799995441
3.707851421979554,5.488813269930473
4.6636600276970315,0.802131318115789
2.205939241094235,7.389251790667853
6.662536855104291,3.1787934150158783
5.288897527704428,1.2673081022431791
7.3866140280118415,7.238562979334867
4.752501091936113,7.928553444256178
0.6113278850614643,1.3746256067193086
6.803453817156434,7.737082824564344
6.268779584721222,4.661286057878443
3.2661971148770403,2.4032031767298747
3.9677248443206743,7.760068348195895
0.07472260186624347,5.774955765725042
1.0847658799968736,3.100985446340677
3.115511064233199,2.7843279737772715
0.0027753587294334636,6.281965265630118
0.4765786267673606,6.870261593290321
4.244584761621216,1.727710825460533
6.002094357982489,0.6752456327264484
6.508587119392503,2.166441843428564
2.8082924053943206,4.637658623935127
3.2079391486456386,5.480164693846682
2.6366029518548073,6.607253967490609
6.196297176734187,6.526367436510073
3.8249837290122395,1.1742227303641242
4.507909985133578,3.0615886809761177
6.917896322175681,3.365229240052332
0.026416864145066832,5.107183232769635
1.6436806729976787,2.2632120649003085
6.65698808561285,0.08988385667264254
0.8250298811204795,4.627612709595162
2.2902741360865218,0.8061409631428758
7.769899337705535,0.9965236287673811
5.690106048146488,2.4666688698502117
4.386703788842259,7.143396558396144
5.280735376933443,4.368895228475545
2.7819951367484173,4.24297383920981
5.128805881747589,1.89381799899137
7.4451206184275485,4.807670304776619
6.3329555731183405,6.7830296157224215
4.603120382080146,4.700243197270996
4.87302304050477,5.643208193156775
6.2882581259371,2.3594098510993575
3.2112720550192835,2.3725503988339876
3.300718063367013,1.933447533521198
1.8702497964979363,6.867108172412195
7.68207642249342,6.581338942188241
7.7793812406695775,0.031959497008633875
6.174592944706095,0.6612585340928581
5.864143213704554,5.348649830975088
5.136134972528021,6.2407244929081935
5.974846274182869,2.2165970954637046
7.549655781276073,3.9062062295362114
0.7765342136438349,3.383259889175788
3.014752601357145,6.67814058676607
0.25319139619662145,2.8328639694708286
1.6494207609752811,6.375810322066632
2.539745528177879,1.285314798352382
0.4853917816723783,5.204601100384987
0.6069226981355165,7.225936266483424
7.7681002210328005,3.311288664620042
6.835546417051562,6.182501034462645
4.301922625596907,7.4104040342646735
2.2071905797650206,4.852033375570476
0.35150944681484475,5.4273791872173955
6.696872686043082,0.7229218837147355
2.5619283053921853,1.7301430752327924
2.9082962490130777,4.082402172497898
1.5239031817820097,6.594656070776598
2.849754723405443,4.777444033732988
5.181227247150057,2.3441628601007327
1.545942232415058,7.029874772545249
2.1555128330759326,1.4966934743676035
3.2953623240776038,6.157755987950784
0.5633352473649405,4.304714064974514
5.416979721451343,0.22266727957966026
2.5975687404931005,1.1753027433581789
6.272925478844877,2.5635126126453534
4.584941837866197,6.623460775723202
2.7027615338550364,2.196369491623506
3.371373637470171,0.5474129637522047
7.958858111768221,6.524929354131468
4.4934214534490575,2.986466801549434
2.9456064751206945,1.1648057126162472
0.12248998828134638,5.611404086382119
2.5773033115410557,5.040510664801264
4.611277364607542,6.300657285228551
3.385067663632025,7.189330733514257
7.432692135730598,5.587972769701012
6.142512263568486,2.348794984860155
7.702775075873782,6.385381258728126
4.157960925416457,5.669630664140258
3.743517007231908,3.6350478275018974
7.822677786534492,3.770862332464352
3.402812271022918,2.217047659234251
6.5323169391253915,2.2234036173183567
5.011940026936429,4.00927171395523
1.9085709692947415,6.908938836923312
2.451077011484254,1.8324246745869956
7.323038557259904,4.524901693717796
2.391588175570763,4.575121391166171
5.103365616798638,6.952678274452008
4.286449460328933,1.9544651637757982
4.439428663996527,4.269587132894955
6.9051302536201105,6.361690381276935
0.5641679088362173,3.2631707998757093
0.6357237390732999,4.963701156788406
3.888955501523191,4.477560230437373
2.444676745406867,1.4131420894530002
7.414973582235813,0.9070823279525397
7.417478664459431,5.281882699983928
6.9943647279207495,4.58931156885939
1.36334375951603,3.8952012806742244
1.278981380322202,4.737493973797155
4.986852212958539,0.5191848987162011
2.306926375091227,7.748900756890629
5.3531073592507985,0.7880233647609023
1.6835057432520548,6.380141144859284
2.9875309007198227,6.739057622854134
2.3940449707702784,7.8635927427596455
5.818071793994718,1.2959637108212112
0.27572394193757344,7.61021948568187
2.250157247752827,2.0492019224727125
6.31428262232112,5.373786422365296
7.566668864886971,7.59200206212378
4.456166308342452,4.718672501962577
6.674495227258447,1.7531688335210465
7.296965200963611,1.2619950028763451
7.406870068472705,1.4262253001029457
3.2086918656086914,7.167426654150382
2.5761601206076525,7.0817891060857745
4.81334636903466,4.614723052436275
0.6597305835986447,2.2951009651201444
4.333073637568129,6.281662566452519
1.8194252633178163,0.9914572849499805
7.42185955368212,4.132448883983286
7.184751313385863,7.907640809269556
2.0792799410233984,7.195773340405192
4.113198524001045,5.534105451822786
7.0872753290835675,4.6101772582284894
3.421940910993965,0.909990454022565
7.338638039064264,2.19736380638931
2.4464733184452836,4.008639093325879
5.9776750793439115,6.258080944068434
4.14851609705711,7.739699867138404
2.572715520892044,0.5993084730748626
3.0750459374124617,4.753587823353425
5.515600842264732,3.0975174016738034
6.932268840971837,6.133097018055752
1.0301111014042759,1.8797059490342134
4.629749989552351,6.556251754488517
4.344147514006332,0.15311637836994052
2.246491043259635,1.6953211460594257
7.905599509754833,6.745080123533753
1.7201003561344193,6.627494941814122
0.15580540632566997,4.899500881615168
2.879917035700644,7.224175352916653
7.841383113380867,5.720295008821831
6.518247575310345,6.050208238088774
7.567343818686059,4.172917251278337
7.65720458322173,0.9375055032088806
1.5605869898205995,0.6507211517992184
5.224753590575958,2.2818917361706452
2.40637366642562,5.706700290599001
1.4559689074079811,6.951284824321779
5.859058425174227,3.6841462658016066
3.713706284989848,7.740757551211976
2.8225457487376913,1.3820826850060408
0.6933491701880419,2.809823905979427
4.057749271100502,2.128085113267165
6.902590462348818,5.885676405254407
2.9598321092737256,0.08468724290429197
4.526103999664584,2.31690597126119
0.08931031630679875,6.092183048438648
3.83559800550357,5.22901792577698
4.832244638402851,1.493284642016973
2.105927416916816,5.110507466270499
7.089868510633071,6.174256819464857
2.118178792496834,2.530613368976077
7.5671236749642,2.937447106292227
0.6219635203172151,4.9771159429123975
6.001215608581188,6.316405367206967
0.31760419966933107,6.571408920544623
7.177301264713352,3.4638166525426035
3.0839071949541,5.015627883596571
6.78479462697813,3.0440769329509596
0.722155584255292,4.671453337557235
5.70149853371618,1.1093323125106398
2.8205324095087914,3.4987189045997384
2.4169244527310463,6.552942170600684
1.0580416569005653,0.6303583090263363
6.998915666721243,3.4289521784592605
2.184207865733514,7.208074337512881
2.6014321423797417,4.905471690304027
4.774997252436638,5.152093115680387
1.9328590396773349,0.5047848458990751
6.836218258671609,7.190190162951129
2.7577287738906167,3.1078472458304356
1.1825671159206248,1.5971510349453064
3.3821648703331206,2.487377566769207
1.5975005870019725,3.1744709854328894
0.739695187646574,3.8027722905268133
1.006470960930133,0.229735126279353
3.1561702775268943,7.856373614232191
4.11479793230996,1.9821516338280434
1.8110102710197777,5.737333861289903
2.8159649264859015,4.023604987331501
4.626060150046363,4.056696344872193
2.490735679330223,4.693131463105562
0.0704205195236769,0.32761208845384804
4.603787335680774,2.8961071304322417
7.407162415170177,2.4391230141164764
6.625041084743471,6.435391014477708
6.548676034710316,0.10991486175696341
4.574455369928238,1.7466864841944503
6.7191564158997235,2.0314030770208644
4.493792809223002,4.8317029423195255
5.378069638491157,7.37920385174709
1.0845864897585926,4.910661138082201
2.900716381082936,4.6899082795646185
6.158835476634695,7.676789849384406
2.414579974283506,7.125325260928229
1.1662981192286956,4.746188419681666
6.257078562037066,5.730520601241041
5.209440561035738,7.675337928163226
2.9841119099830964,0.5858323436754294
0.2320387300054625,3.403893845618412
1.497165017573323,2.1085694972796
0.7632849463083478,1.338605198999538
7.567328293570781,2.754312662673877
5.995399196080625,7.767171381461588
0.799673585371437,1.3777404160426183
5.474112026175739,5.904016838961806
2.324481786997074,6.442017249544339
6.784789342271114,1.5475318011388648
6.684410643344738,4.020469218980851
5.713011665492894,2.5841785566750763
6.76640207722871,7.409598806785695
3.269711676710445,4.863452734861918
2.9340091599228897,0.43096594279440037
7.070012334296388,7.927872135613271
3.9477712619794643,1.9345974048959862
1.0556460853028753,4.583683111878399
6.93333200660251,5.939725915931596
3.7586853091563084,6.020857248038492
4.344424186942781,7.173326831031302
7.756290966842361,7.226317285352691
2.189335113308621,6.613980854865007
0.7770305595412079,3.2885375085073694
3.381990049933318,4.713850235526877
4.011917627130479,3.931455341772767
7.785235802467608,7.0928311429115665
6.791467462185967,3.56189307392037
4.337323772708856,2.9955488717267187
6.1027714601482215,4.22681047474875
2.352684040124446,7.819817778464804
4.398007396178474,6.86458209795426
0.33368947113043124,3.976884503093899
2.5622206566754766,2.6784424690673907
1.6086002175274583,4.251259286433221
2.166354857929483,6.822573948675364
6.466769956967645,7.871719972616895
6.126409851490687,3.319268100677446
1.3976685046347104,0.03803324832420696
2.0784238960273713,6.43120619699114
0.7346363105975691,2.519981526423712
4.196247336476081,7.398415131166888
2.5154517989651852,4.7579861435892
7.934236039527766,2.54563078253796
4.41778116913793,2.5885697974325437
7.670823353389524,7.385940973881226
1.952811888062584,3.70442503376705
0.8091306403375036,3.2146773734598204
4.484458303014077,2.955191382165613
1.5718245424412087,2.6454027805561386
6.5136817745988385,6.813885327476377
0.8240777113749349,6.130695984482196
6.2859352458575195,2.088355064951383
4.007090526569867,2.3351924515571305
2.7945188353331316,0.8625417914471134
6.4254820505199355,7.512904584631179
2.0675947558184467,7.520128753021189
5.983278909633166,1.1482397689295913
6.281481523371241,0.5130879409709834
0.4873446277557125,0.7118481820402929
2.6510858421106667,5.1383633209223865
3.497281086128571,1.7541041275708018
4.2394876909655,0.7594066167263005
0.17748576565764296,5.051985022008473
4.526639947660811,3.8546469281362077
1.5765458096272562,1.1654143176084695
1.6700729703514918,5.708614244878006
5.098501706738434,6.805582799809326
2.7878809223891885,3.485810714043387
4.8935438021691855,0.1441209178742744
6.000255781431439,7.64394185070185
5.292903254023602,6.103783834351881
6.066064660359573,5.000693855371274
6.5399748908074065,2.402965143745469
7.735932976636154,4.449677082508065
6.117395896536264,7.686023974966459
1.2171899413316583,4.922553478916578
2.4531764700328766,0.6983811722430167
2.024326071681185,3.3856334245059
5.320142921917159,0.607626608966326
6.683064732236956,1.7233813568735856
3.600495609879066,7.629236835462103
3.9750982122942835,2.0529272704652417
0.11180413682266366,7.608941216764912
2.742685942806628,5.332358638992599
0.12582228711397647,4.990116704555256
7.814654707052066,2.874686558654483
2.6017260316138486,0.304546592192354
2.4293643105614144,3.631587845276589
7.536879001548089,4.179904535218526
0.851944315340531,6.935591592626729
7.490952880667882,7.185210833902659
5.231521811639256,5.3815608863534425
2.5402708936261904,4.819710859274199
3.4203982142324962,7.199356147446149
2.9453956477149292,2.8777760708682623
0.8594383355707294,7.748418947242502
2.4011010777372253,7.677968168945942
0.5963139119550771,4.86348443455593
6.665959555718662,5.291045827664616
0.1721859739105165,1.3796588752286443
7.525419424616665,4.078457337356601
3.0096538761458502,7.916532335840816
2.1718812142771844,2.5480763300665377
1.8837919971932902,7.2055919059647175
7.161830888901008,6.634720050705382
2.0466069081805207,4.981188421927643
5.018833686959443,4.255648846187133
1.1452274262613917,4.954394370209494
4.292781260898412,5.100982684821339
3.7949934739026743,2.019538884842442
6.041872731317424,5.373509119071938
1.690276424898551,3.477845130466081
3.708224481980423,0.18451510475191935
4.2430485904004005,1.2945315388337635
2.542160358446285,3.612124393908066
7.406531004989109,4.990145845463455
0.28894232588106394,6.464771401614405
0.718413092280028,6.379226647635315
2.7174964055236686,3.0310950591526584
7.687549306888688,0.3242747054197457
4.743837764365152,7.078604684272907
2.06445352017563,1.1181040007382377
4.023590963882579,1.3092044530979097
2.573347518975737,0.49521209147526246
7.833305115837611,7.241714804860688
1.3693193741791791,2.693390702654014
3.3170253962927116,2.871901341040136
7.298961304013032,6.790541233898222
7.885861367189774,4.507736932668323
3.921949076552772,2.7708579480385076
2.3796089295421723,7.023166899235876
1.4842837975189616,7.919968462163762
7.331733360643417,4.4128663694379675
7.432840988595464,3.2525214164846394
4.328143738415617,7.745439127384249
4.383139004426554,6.6015450217378095
2.6809267765776417,3.0613363568589023
6.691042235853534,7.2257710360826035
0.8081471637706921,5.054065657394218
5.539684901683099,3.869008336490519
0.010749019563565554,0.9303747209062045
6.839031020330841,7.797942300507206
2.9447135101972686,4.2139867116261005
6.529869850925995,1.7689573125228497
4.082722249278316,3.5071583518573446
3.8185188843200137,1.3659644332358116
4.590992567090847,0.2792057712583391
6.588754555603945,6.683189984187952
6.427561093942939,3.717241639227325
0.8925157062034144,0.6566499379457875
2.4610258228441353,6.133841549372304
7.616081860658861,6.0990393563950445
4.764423259924815,5.689205400480042
5.680816875607645,4.515147886805977
6.524754159317346,1.957524996347063
0.7095583326674566,2.2109781976118255
4.581295625674812,2.422561558212779
4.93246527911381,1.1398785873203874
4.3677179558663575,2.0852437563446795
1.599143976124025,0.7674037822325115
7.148055658402339,5.406006669685326
2.3002588808436135,4.378297097714951
4.014499061996923,1.0259166050737214
0.9467349508369409,2.6149448304595966
7.117789877882945,1.7339481265687615
1.128504947664461,0.923881982447754
0.13798598351273483,3.637851327294398
0.9921814063643684,2.4252529539678997
5.009054532462272,3.5789155143125386
7.304796487515462,1.6539525226661391
4.582993053262902,5.398669856214961
5.675350992377393,4.017342955702027
0.7597700781600976,0.8319914851173627
2.8721479557482112,5.858457698735684
3.730983624464818,0.4563639606549934
5.930599421774716,3.367729255224538
5.878732704039598,5.938102950422464
4.646945026068791,6.987554931406512
6.018330801146397,3.7311970209957614
1.8756045347238794,6.6908070060476845
3.620530515960139,1.9914728503060903
7.717132485278422,7.694744477431186
4.240524689388007,5.259686719033237
7.213247630348289,0.8351826068188677
1.0012043546914997,4.2687906096183665
2.0207182848576775,4.491184261705874
2.96998104025318,0.037911375487682086
0.0073155274370195755,5.516421069850021
6.447480661075131,0.9423045170640965
3.9664879316715167,1.1864148655615772
7.383603042644394,7.02787630972677
6.1597100445673165,1.3592255166333764
6.143668092760041,7.791706145712693
1.8148982440886865,1.8919617020302057
2.4389095177041114,2.4975324043178366
2.9806698447238995,0.7241250650026299
2.505279714403411,1.680802413195548
5.454969014384815,6.620076157751349
1.322929549529599,0.41971994242370414
0.602295241582194,1.475624958798691
2.1225701929597713,6.498779075452259
0.7112446444038216,2.2580292797945765
0.29522497453069274,4.381476519646886
4.768193557861148,0.10954749360259708
0.24317318780677777,6.292168491031359
6.514691201294674,2.6672711822886077
5.76290042730566,2.508405758621068
7.887087900065464,6.635205357928859
7.886642329977902,4.545939237661181
3.1958785132360505,7.6432153060625065
2.519554607046448,1.5038981803943585
6.290433612379376,0.37871976357674697
7.281472071270027,1.4930302728421854
5.140693370176107,5.978991228456684
5.697544451307596,2.2739737554087274
6.8166961116206926,0.5508099264147779
4.599811964753417,5.632458943684742
2.2826137198981087,7.622780213674598
7.669606493541263,2.329364338269664
4.076858783294545,7.971067504631003
1.5650819456538532,1.7218758657738622
6.209464687285838,3.0105725450227894
1.0158304138155163,6.6647931970434415
5.065166903022028,1.2502083319348323
7.138711165694086,4.310751737693102
7.107459227059866,3.801651945413748
1.9408565956910877,0.04649763796876627
5.209606909289188,6.073990374018309
4.945601087738158,1.8783231716075113
7.250763581934063,6.808416585350475
7.985113873147207,7.411704673929482
4.229885713845612,0.31204797665241113
1.0450292761833886,0.5183600012035514
0.8671676829965485,4.004032631259833
6.807613296701237,4.936586858232252
2.2095900994768263,3.459384420380723
1.4961498171883036,1.0373240614412431
2.234772877345579,5.946556924116773
5.05862068262235,4.7300291306787265
1.4456677730069076,5.929097471963579
5.763052358317095,2.8668743594299837
4.790893099033846,2.765172680725999
1.7386846927233632,7.796847581996936
5.107336250168664,3.615543075198673
3.2147137785891102,0.6278370280403642
2.6659715364544407,6.628779054577613
7.629026250470527,6.844676129455792
1.0703442728521004,2.7687764421259207
4.213103291290717,6.980985847349538
1.6216641617960912,3.461298692668964
4.093104003595128,2.12518177883343
0.6368458206797047,3.033380456748487
5.117550560570941,6.641455046804282
6.31241328142019,4.957289502730787
2.4846138085487164,1.7270767854446154
1.7895002213164881,7.671898160127875
4.572011405556717,4.966562757718948
4.269472882533818,6.7231540974150255
0.425928886800377,7.37698481350626
5.4645744624566985,7.4299249493241515
2.88895356138626,4.128781204844671
2.11058538143579,3.4667203270184768
2.334190846094722,5.740186499176759
1.7769718173070315,6.078015114043568
7.4127221419803755,0.15307103936715194
0.9904485019336624,3.692718594680013
5.095318996212403,6.043268584419939
5.107623139541321,4.632858790823127
7.546266915928867,7.276615533253476
4.441958493169184,5.384851091028316
0.32367473022907856,2.6528811984477096
2.4955654485096197,3.1439335000156756
2.4539137308002585,1.607586166862431
3.2079045319675537,6.281912351601903
6.450947686604178,3.783625989579069
4.780633540148919,5.722727683117344
3.5034150597452545,7.5970267570419505
3.766341690605925,0.08777743821418049
3.3342757210040697,2.9113579078368357
2.936716673695054,4.137411920107824
4.926517050838735,2.0422474008592957
2.956105645969351,0.657998068220941
4.399021800362862,4.1047531124889645
1.4508874623140402,6.701183976515887
1.9796659405019588,5.649850511605255
1.0094423323584207,0.7337211852542733
7.965952224410759,4.6009172961774825
6.537433055793649,4.473422482686642
3.7538384990278058,5.935881742776412
0.742454300876215,7.3123246660939785
0.06053835521426887,3.71278174406613
2.5767821741002965,7.070275454591372
1.1803176159100364,6.427607420924075
0.9846794975971926,5.042615776106611
0.9360821511572386,3.455014065860266
7.104971443911214,5.927330898512278
6.802058033326945,0.9051822107412733
7.260921634992074,5.148955584056908
7.284252493918226,2.1452661166063987
6.614058002925504,3.494013514119769
2.280235290031783,7.749647202628101
2.5161329275281883,5.047943910470812
2.399780925369301,7.303964565467281
1.5370202315623667,4.889744369156094
0.16436082975327082,4.101067056731371
0.43358756423000955,7.218594259713384
3.6701767936922405,7.013612605608362
6.816086130634324,3.1149614183602097
0.5971665573995644,4.293967281571012
0.9221252458351259,6.34815744751415
0.6468502076085842,5.8716380320826
0.7670021835476248,6.523829542755171
4.808575333813589,4.860324640772465
5.455380606943692,3.664089973677905
0.4382477150733646,1.4666741770328722
3.8480648290114026,6.545844703262874
7.836665880012173,6.742670948422109
1.3216538277248544,4.694676883977397
3.4036461355307326,2.0338324784037427
2.6582083740071356,2.3291226474646685
2.801699708894507,3.0230841097082894
5.045398005368522,5.167107268853247
1.139872791311511,6.788825024571313
1.4446206987102075,1.9935192498808991
4.41922346650332,5.107867294233556
5.738346827818155,4.888911836753503
1.153803873761377,2.7495003871549644
1.5612878647022388,7.30354568489496
3.855780012181672,1.245515524652692
5.836063131787885,2.940095783296937
1.2662694999001358,7.359731007031833
1.7090526739589036,7.749612157819789
0.9826160238933248,5.241874501973513
1.5830300565072246,5.832809347973967
6.318857931098115,6.873065930258343
5.29868962703069,5.25741022424159
5.613024786419956,6.9906841365477215
