4.0,4.0
4.07708644800602,3.2575609995796713
4.452766709436274,4.199424070801401
4.165412711517743,4.781757323715996
3.646151442373718,4.794190102431842
3.7230170118692625,3.393141736260019
3.7152465152963385,4.53658565823079
3.408985560376422,3.0919863114709187
3.8445542965576083,3.090339499460984
3.0105481910043217,3.0286380640828394
3.114612015592723,2.6504493101565014
4.291264010101949,5.529843466981113
4.4266278905418615,3.1074409584566194
4.751442890670579,4.7328722872530395
3.784168757477957,3.4691321954677035
5.2532281487232835,2.6532005015527416
2.792494426148635,3.4902558369126924
2.562424656442987,3.4241857106093487
2.939239559595391,5.387375304135924
3.699056397032333,2.099114680421363
3.6978929111172043,3.8588599852052923
5.5229534703109495,5.087508988277106
3.5486127840932093,4.527915988592599
2.1991832060411216,5.01960370828278
5.446270218234611,5.437908784142505
6.507144666068594,5.045383789900636
5.797689174837269,3.257195942864562
3.311292690528509,1.5237864642988148
5.704826917055235,1.967222670336355
1.6926136047275007,4.904282924720488
5.652478316764422,1.2423992015245293
1.4963228697669226,3.988964112544857
4.470262635810064,6.16091209474817
3.9745591166246044,4.677276814040567
2.3183460560087825,3.278817343199945
1.0017753898827575,3.597607100462815
4.049058317596486,5.23400428628685
3.2987558784800104,3.2043484961847737
4.656422539205739,5.177473446517713
2.7926175954220263,0.6824382065089081
3.6665103728176174,6.591322227954292
5.478697400839037,5.653075260790065
7.199351717361769,5.35053184933198
5.488041669625782,1.0849209998018425
4.8826927890465655,1.4074061461212262
5.75059257306308,1.2911813025816299
3.828896145052833,3.250968543222239
2.3572814656323136,0.1825677139852928
5.534888258648814,4.864195330225478
2.7241191169798737,4.3548799581345685
4.336901889859039,6.224883280097565
4.040460920782047,6.727557762514365
4.259311113150551,7.404049273914002
5.346091685481763,6.616427943732328
5.492518579519551,2.3959294890130884
6.304545564675041,2.135595170631814
5.411979113052674,4.260708897948245
2.6392637881418404,6.227692843203451
3.5551942106923784,2.4668059664061968
5.605176388865209,3.659496411501655
3.3215600560205,5.808900337421261
6.254438308809299,2.511843972724373
6.025521569289718,4.04752934411868
6.344108585865923,5.344439246257881
7.696946706802886,5.136844873770637
4.465278696206986,3.8974502959581
2.747671314625874,2.090645748013549
3.593594353197755,7.204308471984347
1.506355226290525,5.036702926846169
2.7296449887538072,0.40653646679145083
6.370037359521762,5.703972732604209
1.9410854891830045,0.8016776330847062
3.470062652946428,3.35463001956954
2.1065989838924946,5.6064270977200925
3.6861316444514003,4.790735815322119
5.76174462567749,2.8460047630256025
4.2831043628077765,3.78512874743267
3.8917566951692892,1.6797738312949138
0.09218853296578189,3.753771855627444
6.892216471289014,6.330746545530956
5.921651406229899,0.7183189567436452
2.285722425621473,7.055569747017007
2.3993584408229047,2.652414875382913
2.2405991201220985,5.089491658032451
2.886758917761692,3.5113683804708913
4.081971772517007,5.181154746967419
5.124187550030355,7.407989194873384
1.312405264588528,4.126488758383227
1.747319828835674,4.38337275380713
5.514380026120612,5.690839103022753
5.228828985805203,7.1291189082375
2.8874182939698505,7.543001927530465
2.365819640617074,4.573375230803425
6.590814519629068,4.853624414859785
1.738023388422227,6.002042199255337
3.589697418763307,7.093834221484702
1.301807842314349,6.835598232601535
2.9523784882786472,0.24961483535588247
6.4674636541368935,1.1775132959272545
4.166342316477057,6.985604781590533
5.603686893473045,6.1737942858181025
5.675063698407587,6.294233176753989
2.4309868176562732,1.3105796684731619
4.931482557492759,0.27856861675673983
5.779213841206106,7.313709943048117
4.984858165631779,3.6206845939500374
5.294397021274775,7.737726490178984
1.6659385630649117,3.2959474598402805
7.0043500115150525,0.6597074414063089
2.091523819255359,7.214411897230241
6.084332779606954,7.280499122562567
3.442094094866696,4.507465206094019
6.2912179750864645,4.927905070797387
4.21347284996049,2.6464255727724444
1.4273471910294795,3.374494437049866
6.677645361356124,4.477569169220824
2.4787785936020947,0.7117944765810851
5.570365360443017,6.720372039411662
5.731378145226518,1.1902817767420366
3.4294197713215615,2.7147450255643006
5.471393008453779,3.4254223319094024
7.554048323642812,5.866669680813327
6.142508891931084,1.2217326205526247
7.822260762790749,4.601086213014605
5.561559478831978,2.8478004039190896
5.826874479967543,0.1157830888463991
5.927387989785325,3.8716599740495115
5.831525345822804,0.2474308631624771
7.142405016783601,7.293572543453147
5.512500541975146,5.709657912458813
5.090179946622703,7.366986257019391
1.3245095163445626,7.589711081495575
4.4564961898014985,6.719093124185968
0.5501332163723305,3.7208172511405975
4.343284455400576,5.334325509305841
6.409413997416918,0.7517464255293858
2.7125825622327904,4.827341876040481
6.455517076182912,5.821046145934207
3.6004876061867526,2.3739848588153016
4.963894963543171,2.5648594027620817
5.059898006384962,3.0111613489766924
2.8837977002853092,3.9464030433067308
6.636785732997003,4.339781094746103
5.415213572582078,6.7469452228894795
0.3435604309426523,3.133093233174865
1.4339501629419749,1.546561868660988
2.8121415255735283,3.1695824198055167
4.5875239417303755,4.72601547612276
6.429273164545354,5.4645405304304635
3.216246448836138,0.9835466438645275
3.9079369501763077,2.319232049796115
6.406028510328343,6.652115346178386
7.578729046754903,0.6422749069942144
6.892229177018937,2.4735932485801113
1.8522650120896493,3.508984094638852
7.409867186953472,0.703254165549442
5.3519852555784935,1.4512082518436271
5.524853367193476,1.4339849957105395
6.408461076969994,6.728913609670346
1.6566776583100067,5.071737546401673
4.0157207154539405,7.642753745627893
3.6999320982308825,5.629070524159917
1.0552929692895665,4.811099952195505
5.063349282436806,4.909004990012738
6.617699565755171,4.508169513045064
4.419488028636637,6.823518684678351
6.386916760921451,3.9034670891423815
1.3167820486348738,2.565900970203538
4.557411473345159,0.5213345874097177
2.876425607345446,1.486196373821552
3.677682720996338,1.0858342412426758
5.337638360995329,5.368572323622593
0.9866760743602594,5.730443454865503
2.820471570420777,4.614313565251671
1.8152525274454687,1.7144046633151167
5.4923877292849435,5.374359924778935
4.90409085015537,4.054474872640819
0.5827144474635242,3.524095991560265
2.050438872100636,0.7840866416386669
6.989004814533131,0.3446567911273304
2.408041063570497,1.9183774116108667
1.0298655879280725,2.478659787482096
2.565530414371218,0.056842986255178474
1.777080689098029,0.9308869569295624
1.9880533670165956,1.7237927418665917
2.7802910493262285,5.213412446650881
5.312924679415236,2.146674456756414
6.956312446160182,6.7718914102474725
6.138777643701513,7.322935015263445
2.2662878166846925,6.154077776511758
5.535163666843065,7.705281448405069
4.291208561451905,5.865320274294764
5.646244714673969,1.405018093765305
4.772152262286034,2.192943614726545
1.240845598884671,6.478825938847991
7.722032012732365,0.399619519187806
6.823616878041565,2.8506382257652323
4.606403555868459,5.668541995563508
3.7650691487849297,5.223634492858996
6.208037249022029,3.962687031189321
6.415499181030357,3.7225626758389545
1.7106429729768164,1.1851218311710667
0.510508664497686,7.902393739549885
4.399928906493177,2.8433319960750643
4.314810083496842,6.466380149898577
6.555931932079986,7.165861786837076
1.8865326951444086,2.354813485135155
1.091908054644846,0.5754593058704369
2.7383681199963457,0.9446765195227043
3.019261642500453,3.8946347243162105
2.6937727768884896,3.2215029051579265
2.4058663762562142,3.9667945852946005
0.9246898875872889,5.1788302099400045
6.914274964509108,5.845864934442789
2.1482617248946427,5.635523333470702
3.214886569881796,7.102587978050833
5.160402121928148,2.375198789106383
5.119396721643283,6.386548232434099
6.513434772059421,0.20677035667940036
4.526066622506344,2.7579875223253234
6.6623498398248815,4.214495950404566
4.551539880133443,0.862784062326825
7.223367743759207,0.8018096443906275
1.1076648785731544,0.9122757823919319
4.13412265376449,7.777706239285624
2.8830149596708194,6.2043162784587755
2.78187107975186,6.784765130509507
3.2254808953517493,4.566106073636393
5.579468321668091,3.0051498820608753
0.38241390408969433,5.520737183581177
2.200575317473194,1.9417840994381583
3.1437739150840036,6.8561347540105375
7.883042772408214,7.883519102228807
7.300540657193903,3.7790037594254855
5.901137760291349,4.294833146826665
4.892530013227786,2.2791157850910233
3.759938235568593,7.881788088655536
0.8216618485932763,6.230177380457262
0.1855965533703552,3.5841646981708895
3.959122204142658,7.064892884787118
4.258771498276306,7.542666703030844
3.1583874622178048,3.625804226492691
4.523427426066786,2.8278550780157525
7.919712320846019,3.8386281797465713
1.753121264942032,4.0170940215834925
5.324859592119289,6.772286230820515
3.7794060599520227,5.538026059951532
0.13936775957108072,6.720549340602384
5.519350796338844,1.494846806059333
0.745409604869983,7.14081097495796
2.9133609040462796,3.6689389000577295
5.5752092522346315,3.291785767167285
3.2644621320305056,4.928126981806452
1.1907013299450364,3.6221145692398693
2.586597333145206,2.73927601795552
5.681131016792573,3.174792314167977
6.338986542269649,7.974062866640683
6.7643934445174665,5.898088645111133
2.2570753586934362,2.2484954201288234
6.542811981472874,0.32274858480393576
4.8763986385902784,2.812017840200978
1.5100749293559712,7.252689799045985
0.6864407730893021,7.752089108912271
5.521462284587711,3.710122616553477
6.934076439450629,2.9374116335428626
5.049296571846504,7.3291096891042
0.9506142534417554,6.246934737413288
0.017466494740090432,4.2414114325869186
2.6197428838961336,3.732716570139144
2.084799142695232,4.531374968867714
7.143003227485813,6.735671819007348
4.8049168001974945,3.730061481189261
6.989608548106414,6.606135917134937
1.7609461870016423,5.996953274171054
5.182616629426527,3.2842220213644557
7.763844400180462,4.3749270753977045
6.559879201363758,4.824996182754745
2.3528964323739094,5.124644033134595
7.09728071591617,5.211979502110772
1.879991643924937,3.563015970573102
5.158225078977942,0.35396039111366395
7.647889244231428,2.047748576768602
3.422333170674241,0.6497911438828039
6.938811593503075,0.753948274993105
2.191371983916853,2.54226718998995
3.7841577637936687,5.367704481899337
5.854161025376229,6.1422433355761585
3.243900356273497,1.2546664673432506
7.932248749082225,4.749855865851655
0.3994481118775779,0.005414914423079509
5.6380473928510835,6.807730312948285
1.5514152150183342,0.05991680908222996
4.39091809566633,5.5645696900340695
7.442794382291357,3.441287347588954
4.917599505248453,0.1791478298640108
3.7350906158597565,1.9566100161015845
4.023906345515315,7.980837373675359
0.09848382736006922,7.6497603718059715
1.6756355949865434,0.9558266276884542
2.333854713037387,7.056949437730411
3.912518527752586,7.063646122949111
5.104730605255569,2.552594128691516
0.13127850905377336,2.0905819753722534
2.798244677912222,1.8305799831198781
1.1401385741805097,0.7028039187734496
1.5746292400957351,6.165110442210218
3.1486856325250336,1.2428660834113519
7.097397364492829,7.3724439960647095
3.581924893840819,1.8234944370450803
1.0077762051540438,3.0717139807041853
2.36146040492736,2.872084878856013
6.906040539945795,3.6997641763381246
6.869081115345709,3.1451234441866296
3.465720750043764,5.818535502470635
2.7917666677379316,7.50113762356476
7.063667737776299,7.267932161664221
5.1979090411226805,4.301018063414989
3.7233310583210804,1.6993162518446372
5.593649152390656,3.7727830375657474
4.689192660230118,3.347233176744383
1.785477322241615,1.8410233276460986
4.946973101891977,2.030433086816827
0.01880768908590369,3.400069532165616
3.7706822877892288,2.6621637374564626
5.4231889773458315,4.285661222909288
6.090138796070182,2.7935963429571933
1.4452739097361684,4.081934922691953
4.48356983654171,3.016716789263034
2.6992633077602557,7.956187813747559
0.1169100719010121,6.338011475038483
1.812497500496236,5.1703994874178045
0.8373993939996458,4.791600505918041
7.957158358579698,4.2001463273413
2.7329802991187817,5.65793301570795
1.648384932654217,2.6124714954077444
2.003753722362964,0.6832447249706499
6.875886680106393,4.290860338062621
3.851006459030889,5.236401981840177
7.12830739401085,3.2618527762985217
1.5317339909968135,6.156601377841116
2.6020781769270824,7.547652139355699
3.406277226223594,1.1582730838485675
2.0543316574548802,4.7446334799371295
3.848038792097957,7.894878131739036
5.269060323519304,0.5115356885735505
0.32484413171046267,3.8556596589774337
1.2623568377131535,1.2465041568778865
7.047127905728291,0.010069721710951107
1.3146251974121768,7.396979479155264
1.4106462991235746,0.49168060454364326
1.5969659948025514,0.022916143149876333
4.513843453170311,5.916947795053255
1.5444472922976127,0.42628801672332184
3.928929467389957,2.3138112193032274
0.5610042056129272,1.3712777602682138
7.9246044394486725,2.110766501569013
7.688917945237857,7.554207439894765
1.2581667080741044,2.8008869653059563
2.645903472043753,0.5468940624488017
5.4430650000093515,0.26076339665400017
1.354380183919318,1.7878558829996978
4.098114538273265,2.8344750789889224
2.2216601251750214,7.366585566690541
7.448522238717031,5.739825371720364
6.202106475372207,3.8097084267936525
3.079453758511029,7.7971225109639875
7.072488768541402,7.014131682580813
7.821454199682104,0.19957917913105394
4.905185950931163,5.502144846348603
0.11605553737811825,1.092453753545703
3.065832690694565,2.4880235263227446
2.9236790318989447,6.697854052897307
0.571342544533028,7.659491731148042
5.3895469776442075,3.0503108441356455
1.8519711964885506,1.2205071104922123
3.0281658781011203,7.8494430358363445
0.05792012127184076,5.847471811187952
6.184161252780744,7.0705786225963045
7.896576922503764,2.9492508590444295
4.176523939753301,3.1463833134722767
0.8985661214393268,3.985844289687206
2.298098308197482,5.757801452739813
0.05614343906659691,6.952248566538219
0.7352676615228937,6.223793874617262
7.309245667251881,0.18126846810036135
4.9125832805098915,4.995383778063788
3.5891414924844183,7.623822183553916
0.44364442088524925,0.678913840146099
5.377948608818993,0.6143345454362699
2.805950925314569,6.495727773497354
4.0406713612881315,2.245128748068362
4.511634223066622,3.5450040130736555
0.287886572375065,2.781416053102131
2.127742091263686,2.92507831061706
6.185019204964176,7.951685428607879
0.716988309849528,6.05949736330084
7.669124020713821,7.372111940607715
0.44209715539488403,0.3839976004245047
3.777071780891557,2.256228524702556
4.485040622688746,1.8811590165628171
1.2668958264030126,3.192005143263289
7.213899091069418,1.7597421166762182
4.210811545795598,0.6061463372144571
2.764111602490474,7.602573260750574
3.9924138614085836,2.913464111357179
6.716763597341623,2.7533573012383012
1.184630677772736,6.8211250888570545
7.399784259456133,0.7309124607754454
3.5015908443048858,1.674824740018365
0.8403628949517197,2.3325495104356175
1.0876120131508475,2.701199010455058
6.481171141273087,0.6413553942546333
0.9559611697718147,4.3674582106875866
0.8654099239967339,1.5237300504649225
2.237080035605276,1.2440695448894923
1.6345896082486,4.699062662314626
5.153100676951138,3.9862451582198677
7.696602725040974,3.1542298621935423
2.4022732409619385,2.4252718206319663
4.7730752471891815,5.327908179439984
3.5979012610591807,4.932583975682499
6.864993217711063,4.027662576497318
3.182063530976502,4.803577625940168
7.068702508156358,1.667473337201641
2.174417209797199,7.325950729858815
4.949925782012355,0.10144754068547357
3.9010399009076133,4.742233811113395
4.985210817135028,4.137729516997165
3.4146701379912088,1.502300133624968
7.2605460354692415,3.5833306584640185
5.593495646702435,0.029144062448293262
2.64381832666394,2.9639227922449747
0.3233492020359616,5.82572594952347
2.8410818280087033,0.5675164938404089
7.477230116542415,6.831071787572161
0.09078040585368274,3.920637248585396
0.39384575455664006,0.15329440267546612
1.3002835294168245,3.841819577387791
0.6616993784890415,2.1954953789192517
6.233296528785066,1.8200123870857556
0.841904637200324,4.905726682408636
5.497309067483986,1.7314046831733316
0.35769221283994224,3.4578835559802563
6.091252945104822,3.191746878778628
3.0876200715236637,0.3350191786839112
0.8066845995119305,2.181815887864457
3.8900065904701835,5.91659831049961
1.5853192003328695,4.005883749780141
7.9203880046816515,6.919315891831538
3.604705084013955,1.3788002626735105
2.4464970200047453,4.515961395889488
4.35539168285143,0.7533038554793903
0.9397304962531452,0.22731755412100085
7.143113123475372,0.92532746679748
1.5792867270161235,6.7745850273228925
1.2461774583998366,4.96828367084682
7.466523841885032,7.8853990225126
6.828616459845848,5.599327504381545
4.817278691881435,6.291814646551312
1.4734491156546765,1.0019735088393373
6.601696229406773,3.3179438605362623
7.5092930065635715,2.534559808223025
3.390590353209242,0.319888918986142
3.7131759141078717,5.067666675099154
5.4988438688297245,0.7785438347615967
2.7113065552774636,4.437941354818909
0.23993395113766525,3.551839205159096
3.4750002119844927,2.6459980603773037
5.043232580484454,0.9966842293673208
0.41620284492750503,3.410169258318902
3.5770001513134417,2.507645326942292
0.5652102356896194,4.524024458800294
4.932831429022874,7.1484021109454075
1.23787573799705,0.7225423467779732
0.40954206796724435,2.6693041120210443
7.086152373221662,5.43447968837863
4.837356880235599,1.130930885124477
1.5531715814321254,0.16054016084762068
6.780793204531197,5.204894512880505
2.141146182713225,6.596663566763169
5.6866907703836365,7.969884540765551
0.7773230717336279,4.724668855136715
3.3734428328999737,4.975575199294326
6.385275589944648,5.689977566837047
7.009254015484672,6.368424935859504
2.8172902423373856,0.28776517927995826
0.9327598944932234,1.4356753913749314
6.721806965618993,6.1559799182613215
3.6531296880353636,6.707384850828526
6.093863883230116,0.4512117114898828
3.160192203096959,7.044229200338196
1.7163380028613409,4.805353751780633
2.6523046739035436,0.9621527825445089
4.817785591946631,4.069635365122741
0.3419204955736186,0.23454004561140263
2.3085813983602588,1.528771950212767
7.079501632954849,1.1694642658614711
1.9567483193610835,6.446928557497999
1.860684003404181,2.040254808989398
0.351174132739005,3.93240157571592
0.5560644271893187,7.846500028088638
3.6850051852084373,0.43893895512264347
2.3182175916547445,0.026654452123598738
0.26437743189538576,7.939263818474953
1.128160054542242,2.4797164681632093
6.070000697358819,6.991084059448781
1.1002240457726744,3.4892927103405125
3.773686666540507,3.5227055311128552
3.5969265911687076,6.391565103775026
6.4772282536713535,4.913547239397114
4.645306527151609,0.8891679363661655
4.555717662266132,3.137019674005052
7.193019450751701,4.961718257369871
1.9347174919757864,2.837148419272464
4.223265542428815,5.691118948870599
2.872882344290188,1.5775883683087315
7.391036644671141,6.67568789690477
3.6291035887807146,0.9528146617773654
6.976317556427419,5.966802564562659
2.671955623420687,7.410208436221746
1.9872648552933434,6.492963956223137
0.3251750478445503,7.699591636446224
0.3435689059010478,7.318297218044796
0.31458508741050295,4.176847896071896
1.0642253618233157,5.241051700706967
6.623423420534152,6.054051063987134
4.133234777036918,5.950601082658458
2.539736031048439,2.295684233557229
6.0005444582048435,1.77077283535104
2.6956056523823397,2.6424065374581067
1.4039233916796183,3.979289658507292
2.4804062887913805,6.016957314917519
4.800709642730708,3.1569750921350845
0.7271346995580554,7.9188911800768444
3.2121915391124833,6.11369727821081
7.755931614448612,6.493978801073192
7.5498159237861024,0.33698506327092215
7.751513619912101,0.434244733719658
1.408070014479419,5.021461529026097
7.778503602484804,1.8949641503766594
4.541137585346573,5.9961534187913275
1.9236877731783526,1.1323793076996695
7.215848928556653,3.986048131853739
0.5707368138111493,7.719696158925991
3.635776639287255,5.435547851663664
1.753973847822789,7.765689843370186
0.7223691482777062,1.2343451849293858
6.382364095398853,4.219451848615306
3.1856924687198216,0.1135222968012286
0.9244541488541849,5.896863764089475
4.080860836793212,4.254220070981296
6.886989308390603,2.1776557563851906
5.387410880276718,2.456986575017468
1.5109542491758425,2.358559343762745
5.040019025176937,7.995229263466153
2.600516419063518,2.6598258237666412
3.5649373162019042,3.5455173553719215
5.499764871075488,0.003159621793013656
2.686568070779325,4.8856036182742395
6.748096310922687,5.515183530505284
1.6950696044470517,1.8203597319383773
6.71241667990743,3.4952352716172417
1.0517954054217906,0.4483602430598701
6.593703333674925,1.3617168675423912
6.0085231238547445,5.017803446599825
5.914605652510983,0.9133981990215858
7.052103802226572,1.1566081278366829
3.617056941952735,3.7916160728935226
6.696846166292564,7.831812281458272
5.7260428951932605,6.442647260778724
1.571986353121245,1.8368624718531859
6.637524711395349,0.77866137542029
0.5831511529545788,7.539147198436815
2.552048020177229,1.6380254032797392
6.755909261854638,0.03794953767670428
4.715167387146277,1.7968289679930045
7.843622748075011,5.087772693523558
7.461581736732893,0.551079586195728
6.942183663741796,1.8236405107014013
4.687253085537751,0.9949330074398706
2.0151628134147694,1.8973482828089487
2.5510969387243296,2.245984406472722
3.4456942178595416,3.441362280137242
2.5044157266936002,2.0389286162196285
6.446545857054658,4.0367364797454
4.434672146367158,7.111687155521961
2.5472811627418954,2.5092405560029203
6.273769482612104,5.253196889463591
6.43656731431034,6.560204755772627
1.0641094764291825,1.113917061827605
4.727235943527572,4.866775177756194
7.553994039934976,2.9309343136572394
0.008630475527218628,7.561898273570368
1.725029353024996,4.5744291497945815
6.1678842100361955,2.441189159134338
7.631249353014102,7.648732666789088
2.2567498886594004,0.12798572671402475
5.300484827638521,7.481885739284653
7.903075854338354,2.219958415689031
4.088582733251068,4.6116592496458475
5.808259470669136,6.407382307555352
1.8796661264347447,7.4705125270382124
3.8265044099527517,1.7500996248750988
0.6292634910011135,1.6847044585313888
2.5645539629484544,2.9500356271811166
3.3475764961572603,6.828756501873286
1.4102611690231468,3.735935011180258
5.145483424835242,5.299224971147764
0.7503102149079952,5.409511198302119
6.493680777450256,1.632061359010053
1.3314659277547012,1.9672257516144391
1.0445188379438903,0.4174129996866922
4.569050241365152,7.398623223608612
4.3263224712789095,6.630295605022027
2.8163694002403856,2.688914478800835
4.951831917042205,0.03980979071985935
4.033504738826156,1.4194946440902791
0.17100936065952332,5.508209440303497
5.218546050748903,4.5049829425898045
4.282980517343592,2.603312818158961
5.429070890223571,0.8699334441259623
7.913387963637452,4.502862109257614
3.124218610500855,5.046142567572534
4.59247317493348,1.6995877078321184
7.308627127477149,2.9728799604083145
6.485964594293149,2.4991512161899205
3.955294698852625,4.645010954824072
3.8781554175630486,0.7326413586073395
4.7707532020595345,7.17327523232178
7.043710076351114,3.8506018281897276
2.9086229375036705,5.818404622117981
5.709989366985247,2.3637371384996007
3.395697768888451,7.028278124690739
7.673942707675206,2.8464648095438436
1.322842031364476,1.7926976791631262
0.6694284490271185,7.616858389261436
2.76196701298867,4.921531983436644
6.158045407591547,5.705500479764907
5.98928730481107,5.593599324385795
6.943864619950804,4.456598002206833
3.1571514625534327,4.830517859387249
6.692198571277141,6.725953436466891
5.0711967344571365,2.5632727248187663
0.15789237138533174,6.7192702821059385
0.4518299499701497,6.283843158124093
0.33272926027968186,2.9926440564475882
2.7048596902874795,1.6650178091671908
6.604499579139506,6.2111813942212795
4.231053368717171,2.3554950099424294
7.504954484223797,4.184363061261396
4.263906716080325,6.373853093852895
6.682596916922703,1.2969338706661278
7.462168855742604,3.0863598271615382
3.9715866379790965,4.4493996047188356
7.828820306490758,0.5043695581298113
1.141707789406401,7.053978892992319
1.8716475425232693,2.578519314758183
4.771023907960987,4.563188668634724
6.254680535628325,0.31538375851573797
6.679324030361143,6.975165568117681
4.140827304173742,5.525848475393539
2.423914023971343,5.8774250614639065
7.256308919964641,7.4397048154989225
2.4611263015383607,7.5248592049423735
1.7512173146445749,6.664612052972729
2.2722154842252698,5.2591323860543016
3.2341750552552817,0.4364260521709378
2.8085049542866454,4.289145053375308
2.9703507790339314,2.2967318244368293
3.131405902031563,4.941481359778372
7.931283894973293,5.841269280140079
1.2617466215872861,5.7462423153176205
4.599737272394006,1.0575174780783545
2.2745671728015333,2.1321624936887833
4.208377242470971,0.3182291355477327
3.034698802783357,6.5561524522012125
7.497661304850017,1.656806541068061
7.446231412461314,1.6240919393201256
7.231592874351374,0.9366256511336815
5.851232847133291,5.855171043492755
7.006488657588404,5.0725263174405875
3.8320863686567783,1.372828475967748
5.528910042849962,4.178144573413147
1.201435043938388,6.71137346552163
0.9631317121122995,6.36114913720886
6.109943936160022,3.589468938248313
5.718131745852549,4.182127352119079
5.064693313864086,0.26435378946464194
2.4601637510686425,4.160409406040492
2.844092750896573,2.6195954260036904
5.484323261571802,2.4198263314832813
6.713787785925965,0.41203694786298595
1.9073943160256608,4.241941170454907
1.5575610291113895,1.7501315605638696
3.516130386716865,7.772728811294779
4.737569991248849,1.0903919729845084
7.47463953181388,7.420919137740278
5.526318208531568,7.366983667106253
6.4182657456356065,4.729771239562185
0.4343240440492355,5.529656147439747
6.684994074625981,6.0575866591923075
2.0760276036007843,1.9830549782579414
7.195635267330299,0.14903481279550324
6.832909259760452,4.528872042817715
4.696087766431931,1.9781154866850112
1.4807393885135873,3.8970725620765965
0.475723740147207,0.33249609122307877
6.527794358467905,3.74624556169129
1.4650527694686426,2.6129661070809513
7.3228892120171825,3.840361317421867
1.3515876585797697,1.9441501700686024
1.718804038400334,3.261023594313259
4.66212636182694,0.4482426008017546
1.2809346282011758,5.960902993307022
4.733245305391247,1.4621636531832225
7.50151437095109,7.237821171344298
3.7214112419603707,0.3146201368200332
4.765387266363535,5.059722386936646
1.9033881012767688,6.808957996904863
2.2895150343429096,0.44769645226702703
7.766165513800433,0.850697185139162
1.6722262008148414,4.740028806536535
2.7832107355895426,6.300783896287388
7.101199407243397,5.847345912926909
4.50896665508062,6.118756490663506
3.144036155483678,5.155262499197933
4.393752738804332,6.237278605419464
2.8314396682385032,3.3633696180589565
1.0186784185359654,3.973630145857837
7.821616766635,3.245521733292054
2.6404334707673707,0.3637646865410318
1.7065623626989073,5.653119627669687
3.5870482267212545,2.7824829810402525
2.401451507090501,7.565734796399513
1.8539876441650813,4.790928348762837
5.0899977631072195,6.635378455159731
1.9569403404519115,5.190637455850684
0.35526962647076665,0.12523925595931296
0.3329203788524122,6.754107600527148
3.6252518541547865,6.38074584132977
7.394567194517058,1.9961627092374847
4.273263703781554,4.059342456339943
6.684785179601136,0.16502921381170577
5.239050170651319,4.723231727194206
7.072552566057191,6.313352752553999
2.1077121698773773,0.8775392162463698
2.665018312357783,3.3600051663833144
3.655095505868686,4.3316706354393695
2.095457693985743,0.9026249732282503
1.8118164198260809,5.210274615047909
5.941310243996237,3.2149061016748863
0.520008280597672,4.077946354732325
4.899443496333828,3.6126916081501923
5.4461749610374,2.2769960309984434
4.689749960006554,3.7150434019978142
0.7527851724451322,7.58407953601764
7.5442453148518736,3.113425362870097
0.5321879438013681,2.3710977374659272
5.55331433901164,6.812313449101372
0.3801490484462393,4.953357539774681
4.525387320620213,1.9088461111742303
5.767321469776113,1.6617490782646076
4.151116961517198,7.466798500034575
1.73513032226737,6.736041348880685
2.3591859231469954,1.591061871214559
2.3946114140179677,4.478690165592044
7.180054809227782,7.159208985383615
7.492336602986709,1.154099169800678
7.523065266161507,0.8776023343742878
2.0671623588329746,4.270037862958466
1.223210696351046,0.23084696667084614
7.523275742399766,1.7658543146514187
1.0540380889495387,3.7164593494925535
5.7872722405919514,3.026505290991235
0.3562134633391798,6.298622483676997
0.6984430995089488,4.957469911051232
3.567208261970836,4.93410852039467
4.2236441488873036,6.244316795697531
0.9970446205987225,1.438351119550349
7.088387327984208,3.6875126610351563
3.126045400071611,5.79292115779845
7.428860959934675,4.158084005200821
6.172672561902345,4.250561554075516
1.9419664575729714,7.43786428633207
5.279483902817093,4.9100243795584495
7.7758637981626535,3.529371539621252
5.245999117229574,6.937377941776958
3.156823919251882,1.598341147863354
7.882075541437918,0.2351981090415194
0.5205351829040481,4.209142576966043
3.0809761528263264,1.293723123975667
0.06914851669420496,1.7296198878807632
7.503221748308517,1.1255570842731837
3.6098806311182674,4.73842107837171
0.8401780728932255,1.8103259129479978
1.9720644016827142,1.848829560014539
4.269537142872587,4.86503039800052
3.7925994659165303,7.211707363756375
7.393381403286082,7.859271730179072
1.0114156414574005,6.925401443024836
2.5038014051907256,5.790444135998676
2.0167292904526626,3.250577408925496
7.155064822241146,2.516272324810963
6.759165320769971,7.027919112836094
7.271171439283963,0.5301758215404577
3.0374657108472034,5.206508067423367
7.439235635196487,1.425892716583629
5.272625504002615,7.943059846742916
3.624823013093673,7.468335833695286
1.4554950933373734,3.096617431932814
2.9402641415448754,7.647459794663283
3.922995763144373,1.7254091122286566
3.0825310419635175,7.491387319560501
7.08399085622279,6.2989817762081435
2.158907333877857,3.188621920945242
5.468787920181519,0.21733913625733692
2.536968928024116,3.962294373751316
2.1802071888273584,7.813579444097799
0.18938376054311856,0.012223554912452528
3.8612773154895104,3.9974323401912475
0.6366518276275706,0.29282898823025505
6.893551255459502,3.5883771823418034
1.4772544368386527,7.295543880906884
7.365937554529377,2.9987984968444765
5.2989879545242875,7.761877194335595
0.5511748127045415,6.93765779122379
0.09237267704002505,1.743622967049924
0.7130037832816001,1.2035861870646434
6.779170311541348,5.497927373523074
5.112356311566135,4.655888607930604
3.8216332314018002,3.606119675284531
4.003288072349625,2.6999148142523506
0.5337360221945433,2.8960619142183246
7.027251973089883,5.104380297111213
4.549531902194183,5.524581198613661
0.6539931579824847,5.783109804726496
0.9674185036992711,2.9078218857440197
3.2241753384432066,4.660598777080406
1.4963916513050481,6.422380476887487
1.3326825190415335,7.133917301069634
5.835823434509376,7.30355937438943
4.553002820664874,0.17724295098508858
0.8007804569832881,4.482075198658366
1.5731398736126776,1.810270365047927
5.047108974743582,2.6783554121098714
2.918499212541059,5.601164905204314
2.353377497340327,2.6661100753251574
4.084234082769447,4.39959425305537
0.7254409167853408,2.119370940038025
7.36814808798647,5.9258543699365305
4.533122103607314,1.7618594108652257
5.117022499574265,1.7302123709059067
7.114184311304161,3.406424722096216
5.3578598648797175,1.4827188003294998
1.5408305228579877,4.361817613882218
2.4572734114918324,7.258063223764462
5.0546355165328265,6.030356574084274
5.67804771402818,2.345286873985861
0.31539192298564345,5.871615391232357
2.423877277126212,5.589038153111791
0.9703154854263394,6.809716004955359
4.860230868024289,1.7243951297550995
3.651942401229798,3.780137237198881
3.109368844463636,1.1742137596131421
6.5135558418138,3.662118744983207
6.80600013030212,7.322636612514039
1.625397763143229,0.45772667431513625
3.956470117688646,5.040875783186405
1.2450897118687516,0.9034139311331435
6.871182841565808,7.279806980032632
2.8656142838412553,1.9999933794554279
6.402115760005436,0.5089109032563988
1.7974008618221866,1.8050461969321505
3.5480556231427496,4.18325332273129
7.028057077070012,0.35945154257589174
3.53452545957113,4.289986723496294
4.266234972688066,5.644138242664124
5.834731934669977,6.525680721301507
7.686511331968726,6.036373355253851
5.061438344731057,3.632853780017955
4.261687436852665,5.621096601098107
1.2153917650491213,5.276494418414582
5.33219697722389,0.9559394360618203
3.698357759068955,1.7360368179062933
5.170211505728252,1.9353758531080922
0.9166407989586292,7.249494736315556
6.917685304149278,1.8431710281424243
7.125384264537769,2.2044237608298136
3.1228325516847715,0.8122102956743378
5.729809785199014,7.916401512887676
3.1339423243856572,4.223197698825297
1.8143354954007913,0.37906089326494197
6.8584419732159665,1.5842309924556348
4.307891107011753,2.904250714049552
6.489224385781499,4.920521555112064
2.4005770997467204,6.483765827870458
3.8287190329545853,1.763268097223735
4.342439967981757,1.4606275231421826
3.067433956765907,5.9357937881998275
7.882381447084351,0.9937202253364879
0.7754722642478038,2.4968249238971536
6.410232636979702,4.090862254300283
4.968252560644676,6.2186696753261375
0.5229359722715383,6.679510233222062
4.6806669914045465,6.228372708447676
6.2516193499290456,0.2593784294083825
5.134659018533721,7.841194781646292
7.6943894403775115,1.2781312560414744
4.714156923459132,0.6898806962539243
4.804080900227856,1.8385978689628795
1.1122880834526585,0.31584038104836853
3.564301820860302,5.55845392543181
1.535313931105808,4.220016522160019
2.1386736251083542,7.43307175977587
7.4725283258143715,4.324136753182929
5.779976435842882,5.860343717800596
5.429180092262434,2.9953822979728386
6.519978246178809,4.773350676937291
4.693105579234947,4.638362178380892
5.874596088442059,5.324344770963147
0.6799140835172839,4.811139977367173
5.882558864815223,4.799064541733776
3.7948350225506493,1.7246819871822412
0.391654796212233,5.704155116555275
0.18892880903181197,7.010809580396854
5.651816154176437,7.228493813622185
1.6876824280913487,5.403210879052209
5.500336313147408,3.5529571838291067
2.9622586672796247,7.3876214313098805
0.7878586559708403,3.1327353138412777
3.6978121913034157,7.734401439566551
5.222421287321274,6.411670542199437
3.9248513102779627,3.1995674684448225
5.100445300019166,1.177708578839379
6.759375143082887,3.9600387071407495
4.605807340567188,6.6255836934538515
6.090299532182534,0.2610693441051444
2.2808221927114376,2.267010617880797
2.3995440107091026,5.242146901208342
7.222551200052887,5.10758612866376
5.119314644986897,3.3701451079418083
4.0804715321418685,3.234324429282017
1.7993700345579384,6.0940849492427915
7.5265141300937035,5.654237859287366
1.8294542703283883,1.3618426894304365
5.184788835788663,5.012760003889234
5.50138647673269,1.9077663695819886
1.2003779672368324,2.755550676326359
3.148519707455714,2.4673933237331607
4.2400503220391474,1.84836951337987
6.622128425967504,5.586895181725996
5.70851964998557,4.467867893881158
0.8134653716914739,6.154317441139225
1.7522742244244824,4.701267047300018
1.2277736695053,0.13895214160159775
2.9296197732397777,1.6924294623204448
2.9624770402037175,6.988575474975993
7.545037721087708,4.995103702115525
4.846712630488056,6.574092107419503
3.7777915027126,4.533582970343393
1.7408255394208618,2.6730782330003615
4.449976502383297,4.542454493657948
4.049830015056964,2.4460269985856327
0.7046146702102929,0.3406536044660067
7.5746477630552835,4.354704313722004
3.3674511587920053,5.5539643513257495
2.023107616603535,4.938655766626519
7.0971156533997455,5.488695284226007
4.480167413249183,6.064458136675857
5.340290623797997,3.3292214590898004
3.1309051528329066,0.16680894408889024
1.7459705360309945,2.0132858364989605
5.8945183212630665,1.5948515915544181
5.223250617444184,6.004161630915059
0.02762403670816127,6.128472826546831
7.941826581032759,4.776396403833154
4.129964247482939,0.24051334500501387
7.408928516749082,7.2979163723082445
4.997185928626427,0.5969438763773249
5.987053977532014,4.560026954235142
7.057639848964005,4.368445985257035
6.4356845303767924,7.747310114877376
3.4837511151522484,2.8900852242922426
4.9002287703762235,0.6803303099518532
0.8128949796413938,7.728439810739388
1.331301009303056,1.2409476163292457
0.6667883325640522,6.189492787777964
1.5932620738168612,7.958092512260359
4.433010041135037,2.976067850835176
7.814810313087261,6.463883951510376
0.37660151013407983,7.6124069106427505
2.6696408904335485,4.570878190864813
0.0927772524180952,2.8157901117798634
7.43120264568097,1.1440676445693025
3.447780937663282,0.12718471228961903
6.563378381405196,4.8022144126213355
2.437038032748042,3.9854527853615362
0.36861952899096284,4.527701918493028
1.4902273815365534,1.7175873961653396
2.1397853754529104,5.18515341421082
7.803459300012391,7.761170221292155
2.2995690748917816,0.9965311843837394
2.4987979312141917,4.518345347089237
5.677360093589462,2.8011242440117465
3.576134282106951,7.106789203749277
2.12580712903518,5.687482007130749
2.212830550268004,5.908893295044788
3.2232184163825837,1.9875632108844359
7.701280191055873,0.8220095710929396
4.076240675585448,5.9144152319247585
1.8452997899585748,4.618584390433064
4.248809208545999,1.3788441515583827
1.0547281780616933,7.689315660711337
5.011961847459725,7.415241601426674
3.954628740605023,2.2507438263988915
1.1759338643519452,2.693269729254956
0.1539993975577314,3.409542950617472
7.951626772431797,4.015752180170926
4.972520913364468,5.233544052284462
3.646090578143255,4.8204471593132086
6.951085124581652,6.389909565165138
7.417422067491471,2.471916317599791
6.757229389070482,1.1237645868957653
1.4387636866057676,2.262557312936437
1.4053966082217295,3.3682098360185275
0.7694204519669325,6.873663429091906
6.903926296894131,4.004515435587243
6.454304608032146,3.275146280338083
2.886441341880168,2.048755494902532
5.091518279442602,0.13556740456396366
5.759843022223604,2.500570387940992
6.987875144587167,1.9815078110062911
6.200358138088996,0.48048670402465454
0.4501643406868334,1.2149390468145995
3.0978592111454883,1.2106155740904319
7.263396509638111,4.545104108255945
0.7746884710705153,1.04706316552452
6.635328180127327,2.218846849047736
4.859946027132344,0.2821147210807373
6.845505170632903,7.887519329375631
0.975593158343016,5.510731530700806
3.472170233606392,1.6741101410482289
1.942194227150253,2.690964267212773
3.6720309011761074,4.668680574072628
2.882185672625984,6.805596905848547
5.1074162145493744,5.21410596199228
6.129265551227059,7.304323877131387
2.048131283688991,3.421620934544288
2.9689147913921135,4.747108538768854
7.256435432888836,0.48038749621764865
5.350845698201508,0.057517952993078936
2.422926705988904,1.7733191450217118
1.4715121674740397,2.832913532982868
0.9495755444210863,3.2207312523724783
2.3968036490814013,5.552139319863007
4.237645633942069,0.1280102454345906
4.606669107167141,6.453906316199427
6.052633203723574,0.06863748086696209
7.542154637712037,7.51937457111746
3.0126519283455497,1.699530485862529
1.666894480421492,7.5966884073495935
4.42107365193521,2.240958358610725
7.639341811912412,4.122987828386424
1.2098643289264421,5.939720861221248
7.014557410777057,3.1744478924109014
4.3708275229287175,5.31031346505733
7.978743696621654,2.999360839413516
1.099183749265622,4.798720117557799
5.964617447092762,5.087850272484227
6.513216983026666,4.350008798486176
1.1556147509845056,3.770610564877744
1.1034444910423389,6.2322565910286905
2.322510040080128,6.366843670319898
0.61464834176597,2.917996799294558
1.7619696855252727,7.546985636470205
6.640287908662154,1.8441230182644714
1.5403057526417943,3.4710167763412922
0.9619669822189918,1.919519058081928
7.5583956177623195,1.779784139153744
6.0331222018209525,1.6694593051313449
3.1481379235557734,0.0698095977466453
5.79394156648593,4.205163671117503
6.911879589945826,1.9213495589293101
4.292264538488099,2.3232737182546215
3.107052347015599,4.929109780364233
4.97377975448085,6.882315777917815
1.1956274397984608,1.5135551993512069
5.9251295936132715,3.880454223482637
2.4221314687392006,6.85671460329327
6.177729941707986,0.7400077005145498
5.436617656881375,3.154490916837795
7.145723563296453,3.075038734406844
5.203972356796937,2.340034102334137
6.967401480273618,4.434906581830183
2.14410870049376,2.2209350700978874
7.2293764946746695,7.647458333274495
3.2531365826874943,2.7007318637917326
6.687195013168952,1.2911632846443313
0.6379396761803475,1.4658455739279743
4.429423246077203,1.6180385998807525
6.820980455926967,6.414641730346905
7.383936143362494,6.011350582140778
3.1241922103869175,7.878288326774589
6.6985374572146785,1.7153162072884864
4.1620154133717095,3.3373590283990735
4.513387830137765,2.3291589553872036
5.961827277782813,2.455153728856369
2.948768778214907,4.196993150675117
1.946983086527509,0.5499523023432893
0.3978901736487055,0.596102712795366
2.4121795579722276,0.8934660889489408
7.184005124892011,6.085728427536188
2.40478158687283,2.900283335663194
0.8762885148811179,2.9107755525323746
6.994423258895823,1.7613917170849351
0.21626822252078526,2.8877165272386067
4.034004155438459,7.670570107666901
2.0941982593318995,2.395171961630669
3.8407913964524187,5.294247256146398
3.0240894708056816,5.488408677205756
1.018914212729273,4.119931015486513
3.9186163195596286,6.096925585892131
5.700494557965902,7.780193548137332
4.447791326863676,7.060493828620618
4.816921469431903,7.227618378286449
0.708299595714621,6.987929142420432
4.957986929607249,6.31774777034001
3.9892970362485265,0.6357063110371666
2.4401044238074068,4.95312040778764
2.3766470291306483,5.540496562591767
2.4215243651350864,2.750604438029475
0.1793540712499686,3.06778838274919
2.74595810798108,0.07076989526089328
0.8279489640320961,6.8347990875369655
3.765628347022882,4.557268427236491
1.1459544069478236,3.5183769546728634
1.6294415901643173,4.687338326358025
4.52290420885897,5.720559361254095
1.5629136649911795,2.007867815680436
2.820315889741634,6.542031670544359
0.8640522709022038,3.9373278735900037
7.879489043670665,6.368282202577249
1.6197491466382532,2.304217005892969
2.620254856711414,0.12272347609975132
1.7479297749232572,2.030155385802378
7.827107594277492,0.7834898848867606
5.567484027163586,2.2012398913108866
3.6089900345588095,2.822690495926495
1.667375995456064,6.544240926487833
4.679487867599615,4.986817116621263
4.261131510599771,6.168136180601249
3.6387668664378285,5.195823322101126
5.5474690006711995,1.8557782442520043
6.802578271454541,1.036153244240559
2.6326126477559155,6.3564950617407145
2.428123624133268,1.1658694073630764
0.006800793432815588,3.943705958694265
5.899775369241718,3.1491917634382585
1.0693627410137818,1.0370022423638492
1.5222608661125925,5.3028316642496485
5.441395971530416,6.034335995895027
4.888179517781333,7.814296508758867
1.2497232656410109,7.396094362302624
2.1358321267079523,1.394818233731609
4.4593547161035305,6.103163092194179
6.7419633817385165,2.6248337788019445
5.530214469263813,6.729755702324981
5.6922402405479335,3.3217326755076364
2.3421490576594453,3.618052819455758
5.8437789207649535,2.796512488221614
1.7234257167578964,6.983245808576021
6.3465468702163115,3.511637058779435
3.883923150074784,6.400487282046448
2.534949113102824,6.622586570183907
6.804650627469761,1.2867326315292429
7.870254197428027,5.821985814664352
3.5351113859506977,7.489435712853182
0.08448144619625797,1.8082868040950109
7.817668967818173,2.5333172812468296
3.478801253043482,5.0231601669559165
0.8476471135616315,3.070605941760614
1.862871293006414,4.001676661922492
4.993654044173073,5.499123495967222
3.559727355026153,5.420985807295505
5.994855483626719,3.2255049296736145
2.4140443505943967,3.802627992766028
2.594903985959922,5.597350085185997
1.8945923274090406,5.458723995170749
5.710023623081981,4.090416259461712
3.4978461484441503,3.8452228479537762
7.334473397980621,6.358683440283912
7.484052127105958,0.7147146235300212
7.806318789566211,0.7868034783304045
7.616131365992374,0.35831826652292964
7.554116422907065,4.239513191878727
3.920579964099991,5.964265617521999
3.0312253382752568,5.987059624737418
0.8638588360338915,3.192447194649816
0.7662610955874447,2.3654007655513167
7.700992033014184,3.907473364650529
0.8863144522825168,2.4066120229571144
3.381403056818879,7.219839060489994
2.170329958048832,6.285446203327222
7.963899003430556,2.5673135356569503
5.11464227125469,2.784110574265947
7.067460978126452,7.4397696719910735
7.042310145182371,3.7715650164830805
0.6124745972986316,5.455903305092793
6.1770821148878685,1.1827316551755063
6.5939184813532385,7.375559280190766
0.3141453976637081,2.1189129163348017
3.1537213642010453,2.571498484992328
3.22101621634227,4.819356997518536
1.984252893209769,1.8059994770095749
6.804834561827101,2.4456963434772083
0.12319838095721991,3.4968147715143942
3.70433250379116,7.958546558795449
5.449108969724055,4.473135196133518
4.46740852433383,5.415941825568434
7.842075120504692,7.042004280082998
5.307040721894533,2.409768711424168
0.02957157385295428,6.727530906111919
2.294058617357101,2.8517961244748475
7.211645004818692,6.694692588266872
5.052364418394971,3.2687324770405732
5.283874212768006,3.1586728665829167
5.782334318910395,2.5942677071552653
2.09039245564976,7.002039522955909
7.338427554609641,0.8813200151957705
5.340548840002395,5.438382664049345
0.9667607509338927,0.1909485239913522
0.07589601871620566,5.419412800899115
2.8759922806604115,5.736849836337508
4.263671002990972,2.475115373382507
7.169254054581666,1.7863825247024847
7.236221284028766,0.011919033144726754
4.530015258805967,1.9690353007182448
4.217150972411116,1.9205437773080574
7.573625033159156,7.9815331614597325
4.671294115011623,3.675387997140856
2.2268818844963967,5.484611052584307
7.988173913568851,7.062366399064599
4.818107239034361,6.677381176301596
2.513046135407066,2.573782223246516
7.548451074405602,1.8777011923321245
4.786899621823917,7.403404970082002
3.5813102344304726,0.6529090950639711
2.3619039819818015,2.5188250693534115
1.714683588401118,0.8193591326387697
0.36735376033887324,2.772212965270044
7.536053909542815,3.447736050964722
3.197656819107925,5.937990619833588
6.938945379176929,5.446129310813991
7.401147481244037,3.804486434209071
6.5391875671000586,3.953050931696284
7.940830327270501,6.726735185040478
1.7406163090897815,4.211145762924776
6.631993021517894,6.774644819982808
3.845870638883576,3.433730872212167
7.77947138300898,0.7416769591479646
7.321626233996376,0.15861338068123843
7.513763026562245,3.4236000175025305
7.891085859017696,3.839533325369122
5.494624654633279,7.031997246003206
4.656507452363477,2.2124276971089536
0.08351958415104743,1.7984952015650268
1.7786380687860488,6.322071713362114
1.270410349609226,3.0060903591830117
7.974241460513086,4.769577425009151
1.2733949587699165,3.2285308962079817
1.1875595954414457,4.963200338411477
3.4433747584093606,3.5864929700328974
7.661725976006649,3.273926406423903
3.521464958907872,4.405364642373151
0.705932798519286,3.648194839665771
1.8024813483852613,1.5952494269472925
5.54536687033524,1.7953759117887467
1.800672951868827,3.302904285109692
3.0478495402491506,1.3504876953041434
4.374576575755631,0.35590561064432524
0.860260710546644,1.5778619940810197
0.29526904191714287,1.0573607260775884
5.452203165224863,7.890419178350133
4.3508714154498325,2.8915943786767135
5.061759684616126,6.332926210210371
7.801847514967767,6.786709498015638
5.827742224471733,6.075315448877144
2.1799108442002746,4.558880622541215
3.3027212030178106,1.2934637248049112
4.882420547767608,2.1005872585140093
1.0452027882904664,1.4023102651025132
2.7478436275922817,2.8230860034206087
7.266546299355813,6.83812254134724
1.1806225221137776,2.010414742734639
0.9451309993963193,2.715675517227596
0.25635352454853333,1.6673881378883175
5.388494338154859,4.42986533050473
6.081147546248702,0.9787492279987351
0.8917587887620373,4.126983606682641
2.7644075118705143,0.2001026517647908
2.2145356287139224,6.263923719508796
7.6548470705932665,4.39240326061937
1.4494231507282418,5.00205112848441
2.4431338303162313,1.2359502623091059
6.824117499834142,0.2657731566027923
3.048124077222522,3.7522794113020446
5.774930135078349,6.488685327851348
5.354742738132834,6.9183399768153055
2.8480548892231194,4.513335953069686
6.24758378596621,7.795837785673311
0.42331953678285394,2.9392685357205766
2.8560731604182967,2.987183480030251
5.309585521803188,1.5326196418050326
3.97436307168993,1.211637563364489
3.621000012173674,6.178309469395923
6.943586518420199,5.925275520745341
4.374698348123423,5.070486153446108
0.9626270443289204,6.239136431007609
4.821251118472972,4.0037598439674005
7.542603039522204,3.3358566595370274
6.861406068816417,6.135467304388949
0.3252059058666026,0.27897795749056975
0.9503163650243991,6.105825478490217
5.606908307915854,3.531298385812409
3.628053352485354,4.278445948656636
4.379394297993423,3.579625988776167
4.501396140608802,7.404154755873923
2.422659498244853,3.0468126083282465
2.483584369473384,2.10172185069463
7.290931516785124,6.986498890728237
1.4917407513097727,4.076324462782574
1.7218438270198684,6.719149649079025
6.922484499923495,3.7096332559099574
5.7540813039123435,1.5988077493247408
4.302068890972459,7.716729683414117
1.324152465979619,3.4294720678805195
4.735000584268002,0.520861692055604
3.9348451233307946,1.760575603299042
7.165646554160431,6.024455922901754
2.649400043868808,7.162936434517671
0.4593143899664307,0.5812437403194295
0.9854659986475669,3.849485229430546
5.220616053963026,0.7892766748835118
7.551829456061491,7.317052828568711
2.581304011909987,7.338316947856382
5.400958817273907,7.970880106601316
3.231346666878708,5.1023673410024015
6.141457708539952,3.3340042942495023
0.8121500484512909,5.0199262925684565
3.393624454774722,6.919375062411056
1.3025583761188733,4.465440900490014
0.7551500811427987,3.144387793643376
2.373589114926814,6.886311285171036
3.354924555757874,4.120146514496636
7.503039354878945,0.5338731961924656
3.9614190828624096,4.841201137617807
2.4864410136610173,0.27346732893679615
5.999506424536125,1.811302439520814
2.0500080613505682,4.557661803395653
7.699526587744609,4.128129083027077
7.535708232441749,5.927173228756191
3.9067306823421957,6.134228848725555
5.917763065415496,3.545884488195566
0.7539965601203278,7.754994816601426
4.827438425032679,1.8527324144019532
2.6378735100724375,2.8961198114332536
6.259978303892681,4.2356317623620345
1.2884419347865883,1.629162667686722
1.7034208021285648,1.810657696442381
6.386249506982407,0.5784177771661794
3.7326835665128693,3.8631302259592175
7.715823574175252,1.9345715031819433
1.0199661908743565,7.4798804691555425
4.240541533886123,2.8500913309245304
3.186060213506975,0.2041122594737832
6.696424726138154,5.874428838005063
5.790592038203392,7.427863187485494
4.939310086079628,7.263567024388017
5.028739345944981,4.19100309213824
4.06102819528089,2.1768948873047416
3.425712496368611,5.682229856332164
2.502705300132945,1.3147190837618163
6.3887113483141125,6.620738970091882
2.2100928415511563,4.027845585913618
2.0369218955337605,6.164280692983751
0.4719335433120202,6.713993978485809
4.668918713150657,3.657990198592441
1.5494724672110332,2.2190581521037327
7.094883854240853,6.39613296966014
0.8415381905001764,6.43322388361483
1.15857117945776,2.618508560561245
5.023387914157216,4.380543109129155
0.9715005106614862,3.0802086257246293
3.1874622519282845,5.890836274722396
7.377479155828462,2.6773460998233913
1.3214295616791558,2.5770175231868047
1.935745299591816,6.52884128118563
2.2826857158768084,5.7394729589784355
6.991463846042611,4.642367750675107
3.082627787772201,4.501689627963446
4.800135820434636,4.615023825261457
6.373542792076514,2.8190763127704015
7.067569181487624,5.651670599019055
1.7110550036995775,0.02763873039548237
5.347460131551124,5.520516235617418
4.3316929002509506,6.595823292092227
7.14533179681984,7.820318221155919
6.196820643720197,5.522014261326358
4.761406091406765,6.246586848253753
3.574516218238929,2.667352952627839
7.494522398153025,3.329234710937201
0.03009293787211842,7.1049795475666935
0.6978015534028534,0.864115040926043
0.4993608079706586,0.3584149859398833
1.3675301067890295,6.875467299788089
7.8070527106413286,0.7420526606395077
4.374928828822211,7.612232478253879
4.743513919139614,7.619711014069896
5.613028676238965,7.944287184141551
2.3267322560364514,3.2427050745076444
4.158302549614645,6.164669339431351
7.670656963111956,0.037767772482858675
3.642069802267872,7.0383196397449215
6.4997344407470505,4.2502241163704175
7.28271995823245,6.069333178695742
5.664730662995298,0.3167699034161231
7.3292041586320735,6.860215682034047
3.3113866823900846,7.109147040792473
0.38120473630652985,1.716133362990103
7.705018323391805,5.828206641217888
7.367448873221464,5.319111228238924
2.631308360401798,1.3043786009888212
5.6286024626328865,2.260307041087107
4.68792051022358,6.026691140397188
2.951941106511012,4.05375767669741
1.4412594418305833,4.643555214468459
2.018737541190535,7.109743720004168
3.6461140731253128,0.317552114892691
1.6040155568547254,5.859359852551697
2.6688187356461714,4.8658031649844675
0.27003264651409964,0.5421401148468936
4.9513170006438445,1.560486743027548
0.9332542630428113,5.238200982540996
0.9145858410700196,0.3630928933629063
6.927284988084023,7.3204109621571405
0.2032542324679385,6.935999803033565
5.814140013046289,3.731350448665517
4.758175896405464,3.779839538473916
1.8395299157170557,3.444984861213193
2.945417126285281,7.667271125055996
4.6881495516787535,2.1757046818532837
6.444411905511441,0.6885421302082584
1.5038238685783263,6.347928092070926
7.65553530083309,4.962704377110878
5.786089812256281,2.6287165752062345
2.7063467819705904,5.324834257218517
6.300872613067482,7.108151546771367
5.010571891630137,4.9241716803413755
7.672305501916683,7.6787177988881545
2.8586243127836504,5.198275918465722
2.2006203440894367,6.598301212410809
3.292444678780469,1.3575318177845794
0.06802451701664669,3.4465520324265553
6.363105225974524,6.885599635582181
3.024566241117367,4.9313836364243055
7.870656090637578,0.14171627835849687
5.680902379699303,4.1846840438728705
5.39014233684031,5.0702652470717595
2.284089831198119,6.455889171993857
4.578683666269778,2.5809558421350918
2.6604266035156243,7.960986562445472
5.457139664268505,5.1728061626717965
6.993234540911109,1.3004490192083784
5.051650714921555,0.6909218828612342
1.4360848093803522,7.497465609216487
4.624341129392626,2.7680334650727847
0.25499591147586465,7.159156963484661
7.938521544789377,4.789803118200795
3.46543267331346,4.062407917825002
1.2639760299328122,1.3589085194695327
2.2287870338559985,6.906478682962033
0.6763413860804661,5.16004035311167
0.3429660456126866,7.444311521599007
0.6950243081590477,1.8356297257677925
4.001719780596727,5.792907876889124
0.4499523671344141,1.242217753247565
6.612528415100725,6.043495394171982
3.647444524409152,6.413805276525215
6.131797190206805,7.715883456010818
6.372628476549967,1.4914714310227177
2.1384068527459723,3.240127904177954
0.09777465850415457,0.6844043480311202
0.6380141086960558,1.9481975521166026
0.5196794686255934,1.5710643573366205
2.3384849808425754,2.9638610703854216
7.021541076142266,4.816763495438073
5.328014361129396,3.4928495813587883
0.903610506550427,3.796077771290988
6.018834541294317,1.313924169623113
1.90616806417846,4.580125077361428
6.070803653240496,0.012550013962249196
0.8013057649155932,2.1442835813752508
0.9927851586730085,3.8201461625763367
6.314589163918309,3.587076230942018
0.37482357605314753,3.7276261527761934
2.511117034986893,2.4694613602080944
2.6983999335537048,4.999698073363378
1.3777495255918337,7.82077004857638
3.938932068132238,1.3453210807190201
4.747037750611037,0.5830368778444095
5.543402321299638,5.9092464006284775
1.026455685065347,6.292532652730514
0.5721575980177303,6.5621155375682845
3.2300164266226865,2.499611075511538
7.000955989768334,6.1738597492956275
6.653800498013214,1.7338806197969676
1.5414430409439035,2.4897831860116426
2.422185034876625,7.060671986377913
2.793398411493553,0.6411766808071748
4.316353403451698,5.142503464781249
2.5866741301030647,2.653857553628148
7.230919629294728,3.1565397858099837
1.2242924325535993,0.6011522622487462
7.950130540485472,1.3131094822407734
4.80101384580941,1.330626152463518
2.3652595757750428,2.793813381976914
4.442432525304999,7.16136916705132
4.856012721598797,5.671978519655469
3.43734662423016,4.763453002226571
4.802546675133661,0.9015895398837444
7.524338747658752,1.934588417902389
2.5598510587411782,7.261648837907398
4.023586732693486,5.50173641269781
7.052477182277834,4.60473013188133
3.9441773448842046,3.1462237117097747
4.077111578479538,4.092289034340642
3.177468069491858,3.691155877729794
0.9130664122100907,1.5560016340950327
0.755192907801769,7.885060411920249
0.46372114157949973,6.771862970633554
4.166971040134177,5.4704829489142455
0.15249909413874274,5.976415953985723
6.68770535605395,0.5898799902850893
3.075979391097161,2.826118840874379
6.601498209286965,2.6627298755474573
0.3457577652741213,0.6461331866658204
6.985756431145369,7.1354920955727055
6.214387117899813,1.2011369886367271
3.590614513899091,4.322481032651742
5.023809394970647,7.2651398338429125
7.931179975345429,0.731529847193336
3.6416974351670115,3.015397649641331
5.930059100313672,2.5765016256216837
3.3483535828612183,1.8911020281055109
3.5104855650044255,1.5592842027029894
6.319505269336155,3.4588155866577877
7.5784992030734895,0.12774763140787115
7.560780993213916,7.7717959379175765
6.453668903604654,0.08656612322383239
7.55146899015963,7.941256686957723
6.6139668173654815,0.11227865005075088
3.657078852588521,7.34042372270057
3.852171450897486,5.532002915949347
1.3423108583964876,7.196316083191003
7.117772550627778,3.5619803310173115
6.0073210411774065,6.283200271663867
6.3195064168177195,5.539573822145671
0.9494425112984093,4.718920772066041
5.717068529275865,4.8165129802342665
4.287100167262811,1.4283561041785644
4.3774380890861675,5.799691488144513
4.294975173209345,0.5268017567089949
2.099727476637466,5.607550978778889
0.8191763754167498,7.270013938097277
6.430309391358471,6.997422151680854
6.066386753711001,5.62648603815732
6.67908713401415,1.771507631429012
1.0108287106949163,4.22493026101208
1.1387996194319188,2.8991805422886907
5.450243023413072,7.104254476210772
6.983879747063139,3.7019969191211235
5.710968854344022,7.336088006615873
4.7875131450075035,7.383246102816649
0.7527521483912487,4.368525644773889
2.4318919105814985,4.756721763702478
0.576141100644449,1.6863608448559342
1.1045954673364733,2.18320225081286
6.003952143990079,0.5337876516194671
0.8508552113581738,5.795990605861076
7.318087284526748,1.2838591109438022
5.784458469615941,5.170649183719844
6.674916332622323,2.0530795119045493
1.862505111271247,7.4724068756508535
1.4230114441561943,7.613983303756711
0.8900394463933274,4.357937006714928
4.627069902303645,4.797548651972074
3.7282703228553897,4.42901570252523
5.268797825251019,2.2777826205224008
1.8590122463007095,0.8920441253816422
3.9364296081360104,4.5747320227686
0.8800889408568224,0.6714355186079244
1.043250217591674,1.2807962746921957
3.8410385944696053,2.777669374449977
7.648613702446764,3.8371499922893317
4.62288313072862,4.183124004717673
3.0395976130043136,0.37822025932028414
2.9477272104092878,0.3501762474318424
2.84120970239121,2.4654811693008725
0.11028865540370969,2.392084191261185
1.8755991030216572,4.319348348686567
7.054025461099957,3.4150858154867683
6.664351953086237,4.639439707086618
1.4272677605772257,3.2097122284455093
5.627455515360056,5.056911047758471
1.2019836057154256,2.1858363775681884
1.4167177823176837,6.298554868468365
1.866352559885354,5.041729470541732
1.9460958197836398,5.781298907717433
1.0910575021744666,1.6112730997207354
0.38065605326517904,2.2541621996344885
1.641344674575369,0.3669143778523587
3.6111644420112787,0.8093948247370548
7.607653322435928,5.591280510753925
6.621128178718237,3.1551065993452454
2.560759000395983,7.235920708476317
4.659247307317348,1.4300235001396047
3.270661548486278,7.829295610547569
4.213900929679393,6.551080613088886
2.68880845830122,4.699284331798344
4.01933254080605,0.9152080460935617
3.3446899699746115,5.6734539126003565
4.16495785919787,7.458173722940192
5.2914755497290065,5.284011724291559
7.675899998873577,7.413055644647898
2.644783361038053,6.710159063488666
6.71421989813437,7.7627940146790575
2.0809526413451973,0.17501110244318863
4.409952825478312,1.9425409167324208
1.5138566294731426,1.5705415547740476
6.822422583771998,5.216810257578554
7.335046920415269,7.516865536447154
3.5638357247606463,1.1153814713353984
0.7627899558988585,4.637079349856362
2.4787055140134955,4.401775952227794
1.2045523505440086,4.442127410376697
4.852557982747829,1.2397730607184858
0.9071351754496151,6.825680885234676
4.52367373580973,6.463719444033992
3.125841586696276,1.3710649543573465
4.176569334032291,5.561134170558764
6.085555540167755,7.24802914885364
1.6436084716523869,4.026379790369048
1.578855384900896,1.4084046649701856
3.880373028400551,0.13421022587960962
6.863686585977775,3.232845799959194
7.437748976096758,5.51213913058762
6.170256912163596,0.6520412991720574
6.476287120253983,1.5278045416405917
1.3353781443362474,3.653820624124778
1.698130813188107,4.911287338061609
4.928765382631242,0.369790788360719
6.4203459954998925,6.316720879332318
1.0867071764870753,6.332014505613207
0.3841378110564868,6.2702897019687835
6.847228077147225,7.3489821010440695
4.48866154318318,4.357567584667285
6.945375191740217,1.764293783180917
7.1159111952811775,7.320760700681991
6.222784789424106,1.9888541577766583
4.311298269254636,1.2803121524864984
4.919092967934718,6.629187358181947
3.149263961025497,2.8149295954188274
6.754070326240128,4.348512706057731
5.87810243867304,7.627028828428749
7.747726273615303,6.311599082348436
5.688193784743662,1.147058860224793
1.0536373199425793,0.011952363260947507
7.854941722123626,3.6294685705199043
2.953305277474386,4.4564049087777855
4.269370278214862,1.6282409867644505
7.65820367099344,5.348906130681284
4.591265121425307,5.539271383639867
0.9826102150273366,3.10712415714866
7.480609493551271,6.022165697153017
2.4809140520253283,1.7080275437952492
5.635867429002444,1.7802596098410293
3.9659998089424287,6.377471973891022
1.3346932181539515,0.9020126577252707
0.8812336628380217,1.2948074892674226
7.770468526804418,0.5943567544877286
2.1296104055620253,6.046714305973993
6.222553527190588,3.0595429429711727
2.6071373104957445,5.269738231717289
5.145753393566892,7.956314298721875
7.294734889060459,2.1577938475911234
6.58101055402026,3.023828473804622
0.7052323501690934,5.173611101666357
5.177753457198153,7.058901489242748
4.832069545447717,1.793852104040317
6.255726074897159,5.354175476284294
0.24543156551307188,6.746799426284681
5.12027023186937,5.190588506806753
4.291899635298414,6.940968486077623
6.2795685077419865,2.6775600574918643
7.986374654540941,6.172430018222964
0.4476613452560212,0.7791729427405691
7.621307459737642,7.45937705989173
7.15309196252524,3.402538839068442
4.439685423932234,4.022194182511321
4.105738773053381,5.503910811817491
4.0277884787619795,3.41448234715312
3.4231215356025544,4.956333722540365
1.9509756466226262,5.089970966626999
5.232334283158154,0.33133604415709694
5.2795143300859415,2.9310857842998184
6.090563724840677,2.5791667397085325
3.1180595597550393,1.6927845989806105
5.518302674566298,0.2544817624435627
3.897095992177416,3.732411472174956
1.8055599302572878,0.2687399408382243
7.940589718142417,1.8621783866363932
4.883388076041312,4.6200275945312566
6.9720194023356745,4.790247974211203
2.8281611272877045,6.329174156549609
6.654471745125796,1.7993544614246675
0.8876502084931275,1.0943145373292946
3.278972259026183,4.672913279078256
6.6753981343735855,2.1856360169196067
4.472550087427891,0.8537585801064669
5.265400385802592,2.9235347611689058
1.5751042455768722,3.6744492651706695
