4.0,4.0
3.537745803366798,3.625135969611387
3.4526798546779487,3.7755880489576397
3.675611699825903,4.825055769934285
4.49751342063747,3.1618524968192405
3.767676680077371,2.9864657387108293
5.241460100914551,3.174933797750005
3.939246693735095,3.740876806907048
3.325904165257903,2.501728004232511
3.3487291551280336,1.714329376388804
3.5297460349520238,1.199737029409305
4.303834783490384,4.664115032870939
3.299126456644087,1.8998256803527749
5.920688830787929,3.6640941848208914
4.234580377906502,1.4536540717432
6.409455910305525,4.519137030899045
2.439738932102829,2.819034747935728
2.7424133795618477,3.865384425858502
6.224531789047752,4.156833446935549
1.5667060735274587,2.992891643116068
4.391544117086578,5.3644487574744435
4.704673387919217,4.1780348551853645
4.474589589751419,1.7730417515895045
4.88697198459632,1.2874879563659434
5.23706976670632,2.74949392241499
1.7380483300221883,2.0802361456669596
4.761727854849804,4.082519808594855
3.9344890852720287,2.4040284003032433
5.239307613349891,1.2583489540232948
3.758473733000905,2.1477112158921754
2.9948217317381935,2.0623465682686284
2.306188197304918,1.9403930941618537
4.427463062464453,6.213022089554005
4.050186120905738,3.904330240875036
5.010214593256537,4.283088032923137
2.9357818764114354,1.140358097355496
2.586321682731649,2.9370727460015065
4.048230538497837,2.989645256530557
4.273216217066871,5.930733227634274
4.473809664658729,0.7062175803992279
2.6154430806206124,0.681675502496347
5.09491962973798,2.6221291276142455
3.738650355811205,1.5205919079665975
2.685920948137432,0.014014982609800164
3.8471851197346103,3.6961716900196
3.588932656372058,1.7787240132044708
2.245494425697732,2.6146428063710063
2.7214163118270243,3.695817880819612
3.6033903438708617,2.961673101059339
5.837162841625862,0.5557106925877502
2.6563285230765166,4.024349103508476
5.8743923185263895,0.69996511143097
3.038028733560785,3.2845824755236324
4.120068692557225,1.9511775218351985
1.2928032042888704,2.787134696068075
5.1060615389359025,4.480616337009806
2.2200132865716338,1.8072734099060659
4.885428300968885,4.922908592798638
1.7944567200688493,1.8358054009940972
5.173223197904883,2.9917942531750823
1.4979390048616334,1.7583928350417315
5.741351077866682,5.12890732424159
1.6406621442288483,2.0915900854308846
6.017635515281179,2.82757368079079
2.988784652751672,0.1909962447431095
3.134666983561506,0.5115937694368347
5.855409721496905,5.92626588775458
5.6807367162692115,3.4828747706151946
3.552655406828416,0.5348864439512475
1.1143115070153868,3.5565402512134208
2.6031793304638713,3.912631251021822
5.076649019258168,4.675216253508048
5.132867527172088,1.3427316760488637
6.453566312308336,6.105541822675689
4.055616125793972,4.359371109839616
3.147506567031498,1.2148024574962095
3.7321853617246674,5.515044283052149
1.8748902077600116,3.5839380913357086
1.8716540812689777,2.592366607632064
3.1662593195557696,3.039889830550128
5.541556968258613,1.4489471976100816
0.6780875806788567,1.5634778386104458
2.21247765481316,1.426493117712166
7.437473823589529,6.274662723089882
0.7840392226769266,4.375965706147119
2.2404034091361185,2.4758959062587556
1.1332324500172986,2.753529449314329
5.661224482148926,6.783265307215826
6.79949977310137,5.712799889314113
1.6288782099928882,3.4718310387368057
6.545827119112173,0.5268546788421924
2.393058386526138,1.9580658875054633
7.307388006392147,4.703921125628163
3.962391430805578,3.96448657444183
6.889198475227763,3.577265511497698
1.227292746360666,3.1694000599071224
2.014551208017701,4.434824759049714
4.027504139841141,0.38453524804258965
5.176259581851687,6.678349024120301
4.371379757834976,4.5460941126456245
0.3655794610380161,2.096098518759078
3.1276828962789116,5.276344695342388
2.660605215420431,6.0306327653965015
3.109167727748429,3.175211251104705
3.5118892534275563,1.48414062501669
1.0862785110415691,0.7780067217403035
6.622182245016552,6.362240215280869
3.7965343371755473,4.80431880054313
1.3631279359895974,2.2476016262739753
0.8583937704670834,2.043978400671694
5.994355254424619,0.9910133210917662
4.1615974071863375,2.6320563892675244
6.166211394544902,3.4246709759643084
1.916686109913873,2.1882997798909365
0.6667988227192341,4.192285489729803
0.7867609648132401,2.3239021510522235
4.873045176184073,0.5688571763500487
6.567938761465839,3.921658815764964
5.863087403663811,6.016987378818972
2.8727964133262276,5.812288565551803
3.2928126761701586,4.12513004851799
4.58948896624965,4.754918073901442
2.04275548671417,3.8862589901884173
6.99307343686432,5.861446648978619
4.9609955757712605,2.3989830654896522
5.884085093376198,0.7272148517817172
1.4475230568718693,2.6967988389175943
4.755087753503913,4.2232732569476354
6.507240973055146,0.9955881249236143
6.636385133304637,4.6670109678410885
0.2718460492884365,1.3620136799323541
3.9850331606685456,0.8774284303332793
5.179210807416709,4.414674309724672
3.5756796584353223,0.1463917249257305
1.4835657606613255,0.23042598686708438
6.562826441764638,1.2931341414010369
7.094013314671686,3.5230205096641294
1.9808669494429267,0.09686212826827312
2.5305707458676485,3.2885848158685658
6.226170524190842,0.19577707458321125
7.691674995421162,7.160876794687291
3.256040834904592,0.9617537876582611
2.9845566654824216,4.906277865213577
0.852010905292639,5.242718314667632
5.5478933985473216,2.0071113924842034
5.103409293308478,2.2999150960467754
3.3006787111532407,2.162772167678776
1.799309844370697,1.6282600549221735
1.1356601564651436,3.140984252210356
6.899542937612251,1.6693675277671156
5.375963378842497,7.097707041626747
6.148664985971472,0.26573743235920766
4.715333977602493,2.5090501387840307
3.0153473972930556,2.5045417170029474
4.1844852965818635,0.24915528900321515
7.303309964129933,7.1952366653835895
7.062180373462059,7.378685341735432
1.0869581524645593,5.494598709506185
1.1006449881898428,5.684756638866148
5.189543635541274,4.971361806310485
5.636023239299785,7.168626979631746
7.548979617669172,7.618264442118306
6.557268056628998,1.4213565205437035
3.6845548546044986,3.043348078981385
4.513523423225953,6.858047228102385
2.0661427176431717,0.6552464774239608
0.484292644031032,4.752147240797239
6.000907210408462,1.1441799081656008
2.0123758828993266,4.909839325844198
0.7842797286935426,0.4280616475149115
6.327536574663592,4.212035896020953
0.2825738061962806,1.936127706145741
3.2355497593861804,6.447086109248065
0.9594262336476218,2.400240099748836
2.248496313375748,4.782295273454045
7.155801507165319,4.481588560869125
3.12192019750141,0.47432855592925094
4.4854363405212885,3.582232098470606
3.1600473373261115,0.11628942348049343
1.4577125223322662,1.055282176001687
1.2075210413837052,3.954543964350937
3.231031530193369,4.279028275882328
2.315821763229378,1.7831913878642336
7.631443560303491,1.5365507457851377
1.6614051023729548,4.194828338503137
0.854227919040552,1.0819329972370761
7.585811908741434,4.938016443521331
3.9932286610634407,5.297707082148189
0.008008918979392377,4.531571540183394
3.1607617313952394,0.4534359010295361
7.005340356583505,1.724159606403675
5.043336505038941,5.30447621369349
4.3215382064175305,7.390128831901076
2.192264450176424,5.6492843196018185
5.200013098045686,1.9777603662435874
1.691330551541082,5.434677490656076
2.976539089413877,4.061090126437897
0.42180172644704506,4.107450895564672
4.273317651423554,4.4282137305709695
0.284636387063987,2.32176659911123
1.1551317382205983,2.1816863843889767
6.524204435216219,7.946040232396832
6.939864633278637,5.122293959266843
1.0987370458788295,3.503629541395501
2.7370997989573578,3.5855755716246316
3.514267286867544,2.729405214862437
4.67107008457966,4.874941568305441
5.316503378646839,0.9087844761248611
5.461793000648209,3.7046952496199426
4.964841518855255,5.500545640022688
7.40313605604294,6.995460545578969
4.93180884379906,1.8536069649062776
6.226266650744853,2.788951064752035
7.776174737407339,7.4416460040535295
0.9345541160879032,2.274420988824814
2.5943550303634124,4.195472103102883
1.8147532310726522,0.0991774742213396
4.810060706246119,4.538488011912613
7.319157522742113,1.6636648065599502
6.453821311031276,4.805227299528538
6.566060807224884,0.16603191880201962
6.271238568808648,0.06551736905492866
7.117250006201006,0.4831243866918422
0.6665543720543727,4.880424977427602
1.0976292545240778,0.48344723800201184
3.4193622558028816,2.237217062831009
7.0688599202100155,1.817376668807956
7.075036514180032,0.34873659329550133
6.848405399333146,3.3498249162277123
1.943131141521869,3.7476303014426637
2.6177509844636155,4.671761603661619
3.24293862190694,1.9271050015791173
0.6151791403756057,5.6496435310867
1.430448775418748,0.8972059283527143
3.4056065620792992,2.9794305344424794
6.589938889225071,7.960793175908556
5.8691215568168715,0.8334532950669908
7.6953604644683375,6.872768509010643
7.668680747226236,4.4581884380435985
6.732514249032815,4.819504555998721
7.184507126760196,6.274257484352911
5.555413255953128,3.5417251511019865
0.434863349465763,1.1745987960122966
2.616953360477697,4.973335533677607
5.549328313762902,1.0237963646575317
1.217458212091703,4.434730558834052
7.540623593886632,0.5894504250289305
6.536828147939799,7.532022056252399
2.466759083087868,2.725645941646249
0.05323982213336631,5.6702316599601
5.104317695874194,0.3497167480067729
2.3191404064651246,4.42166544376889
3.6249933767932303,3.0550107036040464
2.2550399850828837,5.860860233304202
5.952203094929327,3.362708461152839
4.868263796706098,1.1736574501773331
3.4323119294641673,2.062766765148541
1.6649782186205249,4.764181917258128
5.565698934126135,3.1912161558136027
6.828820144051569,4.85900137412197
4.025592766753138,7.1449652502176955
4.042139642279166,1.8655768429434652
1.902798754302843,4.317874077651007
5.0854575570377625,1.082680410223884
2.5416125171766746,4.231957946000589
5.48219757175464,5.829922846593226
3.5384089577045135,7.588090698377739
6.274703581657282,6.527601547839698
5.3239966601278095,4.2364787809657445
0.010561775014622299,1.8381160087177078
6.328977221477159,1.13632738259503
0.17600496563142443,0.37100508305172575
5.187479199483689,0.17956358808561568
7.377964568868173,5.159453367641256
3.993349934320965,3.0589492396899844
5.746636246043097,6.277738418432022
6.483545279098836,5.527029280164721
3.466099782664805,2.543340449613467
5.982329481350388,4.340580104308889
2.557232923398356,2.18801069009851
5.631921066665654,6.502742689980801
6.237006663264057,7.09715963019119
4.88392722635185,3.0751907579683957
3.5023863566765865,2.362246876028392
4.733681231547362,0.06208439255069109
6.382349885128988,1.9748216371896214
4.266599380178376,0.4714861556162946
5.716485931238211,0.9718573847163352
0.09588586032967683,0.563806752508742
5.673213272691092,4.068977387023206
3.7058095269604108,2.9861370062005035
4.741368017300516,5.845719376739784
3.1365479638551914,2.5881253816863703
3.246978588712995,4.75955080924297
1.6191873603889482,2.082676644509248
3.0954947003528064,4.57995882492428
0.26897899542076065,3.2651512853991784
6.85780739797059,4.2465796755759175
5.257337140494421,6.670990368560262
1.8635751514571988,4.143489674291408
2.502303454718211,3.0311979104513034
1.5259544341661142,6.3594931381037645
1.3355972455755323,3.439364089664431
6.697097220326101,6.9435010523447245
3.2381779926686933,6.294994917312748
