4.0,4.0
3.322484818427143,3.6055905436840643
3.41644461300133,3.8625284589769553
2.4340497057184747,3.5598605639057377
1.5596924097006086,3.753031848013654
3.3420975245647453,2.678802224386171
0.7583965449609131,3.8163639005547685
3.7558094335923915,3.219439760002558
1.111682209891165,4.68115867603712
3.972261343710093,2.2055673925827666
4.484480202046942,4.54112418207444
3.23718896841791,2.3191142198575525
3.358952892224525,2.152689626791238
2.778911875136963,4.441646126347865
2.3514636810512,4.148541183791246
2.5098066144483813,1.9608246140744967
0.002279144277121503,4.22514049772271
1.7228573944520926,3.173115343248913
3.0222923448452628,5.152937202796737
1.4607134236297226,4.362665706330193
2.061443291413161,2.0865870048982718
4.700474873402094,1.93459104409542
1.21939374533141,3.8835578186989563
1.385087527923476,3.063869342977993
5.418238784889015,4.39513581374245
5.676937680838011,3.738844976586509
1.6519026232853857,3.1456472660750725
1.2540746621899768,3.7704137893757723
3.2587275840032364,2.9115911826450027
5.5507360026911785,4.727448323896353
2.4605563704604148,5.495897318359946
2.6815294960167098,4.65022441679332
2.595644370765868,2.475683637213514
4.921164909954754,3.451088704239087
0.7947539388018416,3.28017882308919
0.17964592220189335,4.5267089413289465
1.2257744255266392,3.3133017879346527
4.053314313228867,2.281694172011882
4.3116551690811065,1.5863741794100976
3.9848378319691626,4.4611481549069385
4.517870312598571,1.9139199879001172
6.456103909386133,4.054153134636553
1.548744924300001,1.2990960463076213
2.325780996983135,0.7970422348744837
2.5984985436830668,5.365752652521345
3.9411002129540043,4.978600330070946
3.4917615937346715,5.530728948821932
4.322707767245089,4.339090871089997
5.3404805665449,1.6018371018527908
5.763182666828174,0.9864931265170993
2.596341256462022,4.573343400690341
1.1687159273548788,0.43312352818309474
4.1550841242642385,4.541388346836514
5.7077049578468655,0.22084178300998314
1.7478260283802545,0.04700580423123846
0.48528716416345397,0.0062629455052540806
1.1630843190476003,1.0115054591288777
6.795638895225047,4.653675883038702
3.6197423169571223,0.9350465394174865
5.457437376689237,2.248931924711684
3.882321162066437,6.057802478198423
0.9621502955027745,1.7670388265469583
0.053954279686592166,2.8103011103719355
0.8857049368345704,1.7947833306760614
2.8386077974627346,1.2674388525712796
2.4965613761739966,5.267381899276425
1.4489670071752343,2.0717747732446066
1.8730652140926436,1.4502619830617913
3.9084579471885714,0.29628717487080625
4.835547251070819,4.832089994300552
4.191747508761961,4.314989785652036
4.662405364597286,1.8723965553285202
1.4277762434203822,3.4204864491987435
3.717475589037692,1.3611527820002953
6.37073117601672,5.031804955703779
4.429566796211356,6.310480151164497
3.528104557868521,3.1286730728240792
2.217910194829491,1.8953236174359676
0.3645836613678233,4.3233565536235385
5.978039968869127,0.7794911177274981
3.1116678804290405,3.7019186064864282
1.8504574085415255,0.4204453025712329
5.476845517007322,3.572854706023149
4.681498374363876,4.167014078301825
0.265353920531763,2.7558420078182833
5.6701773255054855,2.143082301695096
5.497881857845952,4.229655984777274
5.854892479361614,5.280950216766743
0.5973825743254837,2.3056688762633035
2.7340081755045187,3.668406473688658
4.760409154913185,6.249050338115075
3.554120390577018,1.2329914785067038
6.0104558527420355,0.9961397835197925
3.73412675545251,2.7802820380853133
3.909323319598137,5.905812226234441
2.230477831539492,0.47574489295021394
4.240964178379319,6.784114059059246
0.7062460703518507,2.7925546740619938
3.508034752522872,2.8597265274927395
7.7321140850455,4.361464435961247
2.5346800599743133,5.415381162296117
5.596179581840175,0.4839725117982896
4.429689246632002,3.8239430330905355
5.6335649999776205,2.4168149757186326
2.538241941474916,6.302026115466435
4.0799177553617705,0.051413691068086464
6.777906828208321,1.2599237793975933
4.065015384004872,3.449385811115434
2.3034025676159517,6.348219903981784
4.361083943280547,6.5110763433477965
6.848890984457798,5.484672836561532
4.95943773981185,3.64703132800343
2.864095522082086,6.260101046011089
2.7611716834773317,5.05018382280084
6.347663920647078,3.2079159074959724
4.066833681513345,5.989633760963251
6.13841931674202,0.052327931760560276
5.70765781870672,3.8713312008160266
7.5846089386285716,1.3746557565151978
0.06724209532865189,4.384513189449374
4.359776097760606,1.081268585505999
1.0293919722478444,4.5967870911194835
0.7555906771875094,3.2788552018579926
1.2104915101976186,0.3063797958101002
0.48887849155746643,2.9014428546995674
6.798426295814039,4.143888691695859
3.949967995388498,6.237259085946762
4.834118243444652,5.3020824767429735
5.746507279760033,5.98900370083879
5.097743108871396,4.561265886657905
2.5126122858462026,0.45736709927087027
4.348406909842426,6.486074795498639
4.805222981964398,6.992690801800079
5.794991792622838,1.9242360365549427
3.3189322153820635,5.283799187766766
1.3912041468790637,3.3236697627941574
5.205501182233646,6.2700588977270835
3.2684886282019487,1.9994999803020344
3.5606971349442738,5.605631775325692
4.877893936234021,7.630057054133027
5.906063635041466,0.5500618313501553
6.787081994338254,1.153488389151593
2.0669672340724903,6.893759413569104
2.7711634741936075,3.968124678451759
2.4121810110105555,5.438735917641295
2.6947913949169955,1.9052826733001949
3.0021109228001617,0.3411228385253491
2.0622156926061246,1.2576999685106633
5.543227062516831,7.5755531285421265
1.6308717095936132,4.496669665824227
5.690828291880786,1.991585288694984
3.8995295840678033,5.7350141054929455
0.34109371034483704,2.547657617621936
7.341213069001893,5.807508345728846
4.957828029641951,7.597206469239674
5.580649178662741,2.608464589403626
3.4882864453191855,6.428502377382399
0.027490036165386478,3.119286802670822
3.3934793987666225,1.0013796177238348
5.294209356642696,5.4693912082267895
4.918485569732887,6.6505652651133005
2.9552534410978293,1.8882860302023525
4.269982059266545,0.8221863757200767
6.2634480006977915,4.800668404591761
4.182698790616017,6.299190934481153
5.607954345113617,2.7003701321588967
7.854600389986913,3.8067488747979654
2.9166577670138345,0.6066766211500356
4.019238892651893,3.7497202722410545
1.095854671646734,5.510687209777455
3.1396256565489207,3.3993673555938333
3.7670962814703053,0.013756817074253469
2.927367386709258,6.835629279136087
3.402045114195232,4.547759350576025
3.452396955189106,6.895979841283132
3.814000662879529,4.075832589908167
3.9476275075247083,6.125295818048978
4.609855780616655,1.508134993456851
2.5036481349979747,0.05447228848729058
0.05253158154553095,3.4395788603197053
0.20692695441068754,2.865035245809481
6.147941968310953,4.275900277282731
3.5902785042703282,7.884460283681585
1.198093593612536,4.01256172504425
0.7366254668298744,1.8379590234023926
3.4661399936162054,3.363365144122949
1.72763747190805,4.8979018283266305
6.050124138496677,7.10928281606074
5.296630016905555,4.462757019715154
7.004653853648093,5.802097621557807
5.453571960018507,6.0650437796849594
3.2515771590361107,4.809015876052582
3.389526555773098,4.342223874952719
6.498125376119771,3.075626241999518
2.250986951713923,4.171191142645645
7.823420042161897,2.111828250401955
6.297032050586128,1.8383151777594087
7.388483945268585,3.277050634685338
1.3231755190571475,3.775174530529336
0.563696540736994,1.6881502045046073
4.54681000270207,3.537113433032026
0.9693001151358613,0.8212474476425475
0.15113110973793908,2.6758626252566806
3.071881388700522,5.312957150528728
4.598903516817825,6.764741523609313
4.587709489267935,2.0430726833523076
0.9799677300400642,5.384590671113583
5.831438394356071,2.974614771480062
1.316944072277141,4.219046715263678
4.618144537488046,6.888050126965463
3.305837603649799,6.364594920055864
1.7370940968960715,0.5745969231360357
2.554237868057946,6.735178674824516
5.649162149759816,6.69891106343992
1.4831797384164558,6.723573704010513
1.7386126206268022,2.5411577554136686
1.2047400247425673,4.315842104934478
4.930887847233537,5.007776465771005
5.016079668774493,3.847530063286193
3.3578297134854562,5.696725011748972
3.2689673121198437,1.9114956667142984
3.5977037200315394,6.853638765639566
6.269462646658164,7.085507529509564
5.761155765440734,1.50603786384983
4.309859882729724,3.0554593587876067
4.66860872134567,3.9356527099661403
1.011620219211161,6.456871700499573
5.045616037515372,7.695371898945275
4.323379544615937,7.191698086332117
2.4105716486620743,1.971720243577061
0.03527969484576143,0.3732804323221641
6.620333641289553,3.0050468532505183
7.1266388758701344,2.639161360822822
7.895978512481794,1.0959235328957124
7.731544631805815,3.371486899808401
1.1308701942032258,2.6027621348819308
4.363318309602519,6.119419027878653
2.326319005984897,4.154021410988464
6.036901383133824,3.340793891020936
5.431591837013043,4.3357847306370205
6.5111073267758135,5.842796017455118
4.829998137098643,7.342769769797685
5.650262903341085,0.39957161758723814
7.322417795746153,4.206371337473533
7.60699666270803,3.689049798707112
0.6240447012134798,3.709837133018393
2.6510036880224277,0.6645022445155693
7.67572958439035,1.3376885444792865
6.475964693145626,5.9562764761811255
6.38236518820595,2.1110850886469965
2.669567586525627,6.455967950616331
1.6742387197543955,4.335046686612485
5.234928432863585,3.9304509238965224
7.764289665452351,2.3823539342844873
3.214386870335751,4.0526103265372875
1.3587936275527914,4.542881327004495
4.994375604304408,2.583505907009968
5.129484226332412,7.790716940239382
7.7292106493256,4.293276506172275
1.0903221803602303,2.479791024184048
6.697994161331296,6.993150901658018
2.3285489857517465,2.023893413050284
1.2957068752221526,3.5723848890170613
5.369801660469572,5.881479996734331
2.940674364377638,0.7172177865316192
6.516752681356401,2.941522692216096
4.5313003079564185,1.161926293591919
4.35542500631045,2.921877280054412
5.595800356278139,3.8221463186466007
5.16294922548497,1.8131328954808756
5.920356786588745,1.3569270585451951
6.092567938436804,4.249536801307053
2.9068129080527925,7.686314375237342
4.404621070432333,0.13618624495306353
0.17402803703789438,6.691600304437234
5.11657153754349,0.47284621912455904
0.8407110965834672,1.4144227829892042
4.909985523701235,5.468642202934711
4.278961147693318,6.304010919148451
4.461897983434459,2.7133788511257064
3.393644311665974,4.242827998564764
2.1105608864295267,3.6134796647245473
2.312304867167592,5.871119547885488
5.200949393253506,4.619868476664744
5.225811983636159,4.385870362673713
3.5032840052106833,7.227985015924102
4.593822472538738,1.5521969309592292
5.135100528326921,5.857778627450364
2.337715224206141,0.04483509130516161
1.5811639866387814,1.6722903974222998
3.588787260253607,7.493944019528682
2.400222355930091,0.8209462100125071
0.533391355075894,3.9553053833886267
2.7003452726285886,4.9419592733514115
6.920746124307786,4.014022871751632
3.544652983763121,4.867387720387512
4.110207455659506,7.616128560809707
3.3523440767504544,5.466596618726587
6.414928629524748,4.528297739791006
0.7407845835147073,2.483706146047494
1.1228918535814278,5.367972847195677
2.766187967233212,1.1657354391949788
0.6170687639529202,7.345145274328859
2.1567875563352965,3.2295192187117863
6.278534010808726,5.2905669628857535
