4.0,4.0
4.4089915985317765,4.486217223492346
4.0930522024226015,3.2008303619702003
3.823400182672228,4.765048112446053
3.9364109665008327,3.3610017908357364
4.295150531261142,2.9716130650551404
5.02864413411983,2.4065261439258476
3.6902084378852704,3.234305608610864
3.491182374774394,4.963609287806174
3.9043709252149883,5.638642586510712
2.9074694541928547,3.012104224330457
3.9809322036198154,4.548103693192265
4.111287628304896,4.405184431041283
2.974849018676877,5.068194340275374
3.178206856282377,3.467346895006159
2.741150631097086,4.607310665192723
3.878581899519946,5.679537596267264
2.241463529044667,4.864790542733169
5.035726520255344,3.3155939017361087
2.3585034742264472,3.2088693254148994
1.3423906745071656,4.570760849256146
2.7945874137219757,2.2828698957130253
5.438017044807299,1.5834359697515774
1.7667570074455963,4.225991130397761
4.647922605207683,3.2893953012868353
1.2211486747021016,4.764130559572058
4.74979127919142,3.868818935408658
3.6817326097351755,3.3640570618578396
3.0835092660629995,2.2888926060473533
3.727679072484868,6.142982208647904
3.38398445753955,2.672915172189769
3.5851990769697553,2.263265663943022
2.5288147043270746,3.049535213972126
4.928406642041184,2.192185437337714
2.796879780724649,5.914509905463481
1.8550740294015728,3.3998918963866176
2.709770948580556,2.015177114924926
3.566304947765322,6.278742689749153
5.915571939181441,1.693134171271196
2.770069410545646,6.711890239801764
4.381993249621761,5.143899527565347
3.354424132808222,2.078920597601856
3.4520868861932827,2.3645626717636805
5.972425594160242,3.6244747441386194
3.6838543081722444,2.824684860276677
2.234112823040441,4.457819096429055
3.1598713208110745,4.472115721680565
2.605353336843973,4.8960151205846145
5.59480649908696,3.2029851057099137
1.8816964173350748,3.602953118564897
2.8086656234736127,4.667659541910204
2.9844214365392316,6.551452232729038
4.068382333772185,6.184300245124711
2.8036794834524024,2.2304130485233387
5.360470195564267,4.7564687739224665
5.877742688151433,2.900002284681297
3.5396208605257264,2.551399099674301
4.451450231363845,5.704143435909255
1.458518481026677,4.888268331652808
3.1847344057231455,6.548520751648417
4.206821571581348,2.921269376792747
4.1564198401726635,5.080603527136343
4.795113088669088,4.9410833318964125
3.4598029587137473,3.6144340070097325
4.244858442966141,5.730411406489638
5.263595942298263,0.6353770510670431
5.130811131613261,4.370263514755371
5.790815871674503,2.6698231376806616
2.0758008459193302,1.5301466254450329
2.2983733275306735,7.462584984452914
3.262580133870177,1.9730095384179327
3.0609816413789597,7.223325373731844
2.611590627025709,5.304362088169857
4.911124871724463,0.2307798265704344
5.772740364036624,1.3695896749429686
3.188164905933979,6.043226772021294
5.728082203656627,4.792864461866437
6.327967174757541,2.9095391518752765
6.67004100353033,2.5930125901259418
6.160093133320732,2.534193227931164
4.80139349949937,0.041237234512429666
6.515647045165588,1.4254596231820615
5.922465321262979,0.5011418430307595
2.2261756800617825,1.1920352601153814
2.1424954007398025,1.0897141346538737
6.567296360949748,0.4272846843961533
6.024455579468634,5.034071785040221
3.069156050671457,5.921809031531784
4.782830734092437,1.7917738747427707
4.747169546087141,0.526441397888953
3.8858841168821545,5.4066489558437105
4.674567052269372,1.2390455065587966
6.991799489255229,1.251551441947007
5.323068714647451,0.4204225951528393
2.2066342728513932,6.884203349244631
6.3385154419892435,1.0613478109482513
2.837793872249625,6.105518327263921
6.4108586514305514,5.551552444306698
5.721876432100474,2.7836027205323806
2.6218417245755266,3.809853911710589
6.984987579818328,5.028902376877724
4.819734029699888,4.323914501572478
7.101839637250852,4.567301963287451
1.4227211928996342,0.720797840051203
1.6046015303007106,7.074175793698919
4.887282938122166,0.4120521508015411
4.765099878819445,5.129862279279468
6.829999436327406,2.716275578466595
5.82387343723871,2.5224150753269443
1.9445333200102715,5.444871507674894
2.015161811887343,4.094731204877112
2.7085998894124934,7.575251480018998
7.32457695678945,0.5455419536824939
4.034495540796774,6.536104589040151
4.733457349607381,1.1754435958030474
3.6014862898925095,2.5293130249207056
2.479174224176627,3.76969287955895
7.419955271917487,0.8919057692072103
1.8973706929223297,0.6534877287286687
7.668485065427472,5.023461984881439
1.7766071962473298,6.835384411899247
4.503113236325599,6.182004514955215
1.4416854222266178,0.7226664952705972
5.001310623975249,3.1640553845860886
3.5137977833898386,7.206260564121567
2.3461143087448635,4.990350067783919
1.1850443511402888,5.72019876281529
5.0784105935174315,3.6910501767690507
1.0779678866412805,4.040142110248424
2.8215020379563107,5.099182245846543
7.7678790516498815,4.266103787716554
5.651874277643222,2.8783188005743927
6.443669918289087,6.391486092494064
2.2758559579713094,2.7164121917300177
6.185458295059758,2.465900140340996
1.7873972895236045,7.648367711027485
2.7676346421191207,3.099093782462454
5.122382294018699,6.658458881458769
0.6473912886163697,4.211603911665491
2.2728153672492617,2.821836199528776
2.870327305520955,2.8444859931572113
1.3192784547557626,1.8701343431009816
1.9098555057874824,1.7722195912455225
5.656445068710492,4.161644889870516
0.2097090031292872,3.506390550944271
1.3070033089164443,2.331493368455954
3.9600824741133414,5.95962276328112
1.5704231622798668,1.896604159104017
6.802939609154175,4.643272970790595
1.2977767935031865,4.833820528319635
6.541355284970441,3.8025190818590433
3.802035652412256,2.1067175843477806
5.252143612712395,3.2483555373150264
1.8919968915890966,5.6097039266087245
5.564230527432647,3.235119307561396
4.548514648913721,2.9421885672993913
6.735087404662535,6.826498784099824
1.1993498849513973,7.892459911711015
2.5262166070951473,7.834023685744794
5.121929778121444,6.765037577477993
6.014521233645241,4.996284247846171
2.3217602757649187,5.830116339474913
3.42201779916566,5.1760626511995405
4.351500976667508,2.5686120630765714
1.22868528272081,7.973182669366325
6.0635497082991,1.5108246783334263
0.30267632103977693,4.235700074614867
7.7626763193128,4.029148791907764
7.804935434731453,0.8464893452348834
3.018855829140329,1.393065933920929
5.339018843004858,4.658611913926301
1.5883250790918328,0.18917516247717625
0.646879241072897,4.156401295725005
1.701679410508084,4.696190552155969
2.806953924170041,4.108326588432375
3.506347567268831,1.2577727943592043
0.006728128763656471,4.836272497775565
1.070024667735435,2.1949930126590207
6.922742548920813,6.343073851048507
4.056349897829036,3.4084230020793758
4.610433279029475,0.7649192654801
7.6022532488891095,0.9792597371787943
0.7708953804888719,6.480210018726565
6.857147586545376,1.7078723613897164
5.470486470567894,2.135343709554803
2.3495214375034568,3.3358019834433676
3.418266195876839,7.52285742904602
6.194617852169508,5.078723046487919
7.636370116739596,0.1908101377270297
5.951711567245418,2.925814165356872
4.094577470516317,5.2075220632429335
3.269813861231219,2.363826257195181
4.7596231639423765,0.015391458955138937
3.371134841994442,6.430161577978931
7.066584484317307,3.778129046393328
0.81423445333317,7.738332666811604
0.5455995519369798,0.30401322333772285
3.2216972444268794,7.9075894462702845
4.710785671775749,1.8431466286549405
2.9047772388192694,5.401236047102715
1.595228170532467,0.26286829536963197
4.249448038702806,0.9315984382129532
4.93287127728867,2.8014983501045823
7.448966843164034,0.7890908946783153
4.834586688635397,6.353676319448039
1.2539111492190909,4.205515471862901
6.734442857950185,0.3575899707347858
1.220974708077165,2.8406545637897667
1.5344272420802465,1.4040785343156186
4.853736038070352,6.248077032486055
1.3397332321298876,0.32605831874101465
4.258267532811193,0.3118561552730945
3.795047681787681,3.505541399199262
2.146863198946619,6.457653053781905
3.8937168307315906,7.0887148635228066
1.8778182286507255,3.899787182236169
6.3576115490131535,2.3758987959558393
7.077863693690537,7.648033517926218
7.340685904091755,0.5427134322370906
3.8546005947626014,6.758153707214447
5.121211420384075,0.0463744456700006
0.016914099102026015,7.13741295855146
4.5695362331441025,1.7206331086756785
5.6911462038014955,3.9666009640095474
2.8749113036314586,2.9692087958210474
1.363881329588648,1.7672980991043659
4.904539019373682,3.193920723478171
5.27596616778745,4.192112685520568
2.3942254040316806,0.02156443186247259
4.938792216418923,7.458684211650695
4.990538528995065,3.1967019571516833
0.25050662351247777,6.744355816029607
4.7304831769353255,4.295054126855051
6.3112155311947165,6.710171063804485
5.893200753160321,0.5763317153134446
2.767769471332656,7.420064194927874
2.77704612758554,7.880124862560743
4.3875212649516175,1.8227073234596878
2.2431295152720603,0.5093929149139083
7.2067011605762445,1.6897053238497355
0.9877792337742122,5.038769776135586
6.637864159688584,3.1631280565646884
0.16911471886319962,2.8104803086213765
4.785675922755201,2.139082161829262
0.7685187441480688,0.2520038909491573
3.458822646792231,0.8686565328845877
2.479607200084727,3.680462076043683
0.8642964781573532,2.463797730543444
0.19489964277448824,5.0626052693100725
6.615675499959157,2.5357957685475574
2.4008941334085794,7.935002261803221
7.711599169468472,2.4894068493750074
2.1929252815565112,2.275555770456271
7.709038841498156,5.795305910153608
2.344545707523835,2.7952111064248815
0.21513856458499614,5.325456892106004
3.7717553728958197,0.8179582294720973
5.630810728462917,2.451222526858661
4.495502201895308,4.639281069362279
4.1486400837794815,5.427951213380842
4.072682537398672,3.478871590753057
2.8577432894054624,1.454885188691338
4.9137614060806785,6.85630196443329
2.200213171088012,5.935831706119155
3.667282228315467,1.90721633143204
4.7401976998947,1.9498374381461492
3.9216970364844386,2.987992726726584
0.27904049615570514,4.300812952565874
2.531181449031412,6.308367278908035
7.320932289300178,2.4933564225975218
6.596723175545347,5.406905592631023
6.307390648312493,4.1589267154322735
6.590047445483823,3.0934228080265918
6.4560627183472885,5.7220753711744194
5.461842410562803,1.2686673970630995
1.689386474739515,0.15553176944840086
0.2762333141112121,1.0671532279148428
3.139461159286613,5.354776087161745
2.8824928237306784,2.4625304760721365
1.8492784425171838,2.782080749652791
3.75491158593681,6.126003162711238
0.6231999136387776,7.388908508992618
5.756990654768654,3.1258439620180853
7.825503282790348,7.85951051162503
3.564553791125305,7.69032033087324
3.1193648668314395,4.428678171943768
4.51088528138393,1.2379571646685434
7.920310228639149,2.7053814475422255
1.7763378172858504,7.869782757147795
5.209127359696611,7.998558643172201
4.388622647631669,2.615375828861141
7.915448524096689,2.6372198105084124
5.28598085978615,4.27822976186573
2.104593950682035,0.7812684823125
7.658170413127583,2.9791702843197045
0.40266867653919913,2.0360408324407846
5.26328538094353,2.7217456140721046
2.20482330473874,2.453280225201744
4.745810158725926,5.835074405715662
2.8771523428723773,5.662316572337782
1.7617472895046715,6.959469130315569
6.81863748312021,6.837045759591713
5.046094679240481,1.192816569304071
1.422901537114126,3.942689555922514
4.4157088328205525,3.4459482323046142
6.474843105821396,2.110465480831146
4.251363957654193,3.606959816887678
4.530774795553395,7.485280169710486
5.140281557929851,5.850909265767173
3.33835017080912,4.742218581722437
7.193020769090769,2.418096921026528
2.1098976962175406,1.3020729962427815
1.5971705647326528,0.29657126972589687
4.951149646729398,5.1399272589427465
2.6897011948311516,4.861703710729055
6.074896732103343,4.5359129449914155
4.704992342873767,2.0966950618973677
0.8682035975714584,7.10629530558888
4.69078907342942,7.928931845895063
3.556994264852702,7.606304083537648
2.0161538682203677,4.813008833599177
5.887006751630774,7.102019058692923
3.24694640788469,0.4249339565156278
5.028967044842905,1.48573132731162
0.055378125616021734,4.487774906381718
2.354676453806075,1.5757332199545786
5.15205963929126,3.698732773269808
4.118032401663938,3.4095030234998926
5.303686988897239,6.904835295085649
4.168601429485005,6.749441256847289
4.994812230002569,4.293149333515176
0.12585410351308735,7.521829096392803
7.261436055525742,6.843329395233014
6.263787295615329,7.326331407838619
1.3068948913091472,0.7019273052295487
1.7152116311384322,3.037849045272657
4.505585339572646,5.983940115817952
7.087142154793774,6.514457361167597
0.01050760748341606,7.668048051543281
7.0387407314625365,0.45936523927648043
3.4223746910688373,4.166129148292157
1.212365167046741,4.355007928540506
0.22697239933365942,2.402679428064463
3.823757043922086,0.47456133041111226
6.721631859155927,3.3286986439189894
1.777058001489766,0.14006252918093143
3.078070517848288,4.626410275165212
5.757103861514921,6.391013028017497
7.910118684155359,4.995967307699795
6.251128561120632,5.535928183767708
3.249292211370369,2.719353863883005
2.5221220498078827,2.8981394404912573
6.687600409386422,4.2385338196557685
3.949620083227429,0.6898759721208219
3.9237618891496773,7.9954372767360296
5.392064777702528,4.094502504069446
0.7337982136424923,6.145364146671391
1.5527959880390334,0.8930247580096307
3.8549149188447,2.844604341287419
0.43368219696933163,6.786943538289293
1.0062351769395201,2.0076369213827805
4.2858613149660165,6.175479297190766
3.6273294192132246,5.478536508644272
5.2435314634932375,2.9604688457220245
6.207855299810321,1.658114970982063
6.948908180842895,3.4132891962325207
0.9256360706936411,5.562032832724629
3.445376499814591,1.1595417439262068
2.454444338853926,2.6210737839619105
5.122791630742215,2.0650804207402773
3.2609991684681896,2.389663324373978
2.6444921712091967,3.091405220516079
4.71805244343452,5.147168492248476
5.843205268531862,2.4075554494147253
2.187935487711142,5.959118246881633
5.351143044572418,7.992652097460528
7.101038288509614,1.9739605261870699
2.4739003330363394,7.486002928185171
2.6264816057639813,5.165776012844652
0.7759352476150285,3.158597732806535
3.1995448416151913,7.607900031733286
0.4846710435842363,4.592642286313773
2.80480058042469,2.667033152092311
5.8752519827449765,6.737556952733949
5.716203294301224,0.16428504036271452
2.6086846885774735,3.3431349489746456
3.483741214682822,7.187155982617451
3.1981536599990337,0.92517539068945
4.443682091628957,1.9791725156147058
3.524570252529853,3.9002026498949656
7.133346874841241,0.6011042498214527
6.762284705499209,3.2239955928012263
7.10868308674875,4.385488617936997
3.312752206411779,2.521282400492872
6.203718386172124,6.913826353803668
4.985023558547173,5.231043893998858
0.04659604124836303,6.4814924231558235
4.2668353931164065,7.580693427867892
2.581953102819801,5.278697915822834
6.426463246009548,7.581535126274412
3.5219664784104,3.4074496310625166
5.103689703544149,0.9808632563173862
2.0262045933269546,2.5896507806308033
1.5776064229117601,3.0190307015343656
3.070154864103098,5.419249826358393
4.332208012316275,6.075093619827525
2.6825976384011962,3.4038415933859536
6.746879165947613,6.337567408617322
1.488224255918694,4.018819076871727
7.617673385912187,5.875981057939437
6.987878643294019,0.4741146597152719
0.24866734577372274,4.750762273400026
3.095706074020839,4.489143647178621
6.795631757629623,7.901469561540568
2.8731131411541018,3.954772224006563
2.2293876754981543,2.7167563636859127
7.249172213529706,3.7878430613432466
6.286885480405904,2.422657561180399
7.470540234848454,6.426998172677527
3.547600388168629,0.10970915549965987
3.2106347770127908,3.1225859181065987
6.323159673566755,5.773557529426729
1.4518694979771043,3.5676420553982675
7.032556150274914,6.571144920887332
4.801907121524634,2.745290827338863
3.4357882706418597,5.641077359385632
0.16626998860836917,5.723497388083059
2.2100349721893258,5.918531381102968
2.3519352388238834,7.155397083247216
3.377678649314345,5.007080157712844
3.201534953835223,0.5697820150921196
7.385597618675972,1.0201295749833124
2.678848486006089,2.5038274291024054
5.662823876243938,1.1461769585271293
6.681918366795374,0.18248438713626491
7.351381833585702,7.717051944010179
0.36404483752540706,2.7480345169488896
1.0800715889113368,7.613060907428867
4.731353767712464,5.5471677437500295
7.504407361089574,3.053403845652589
7.492762775179341,7.96075720610508
0.7522819342885461,7.603968400065126
3.906868869102956,3.7891780651643296
0.6970236074635938,4.891769495911549
7.836081898222303,4.231382657118216
3.574277803709565,0.9966703163765116
2.1580339022430453,3.825096900168922
6.1114204875487275,1.5142143927703149
4.862052549163967,2.0715180913898426
3.2055907630010685,6.958046098565164
2.4477116094470004,7.389554132960811
2.0508791152324655,0.9130340464774154
1.3772889525801624,0.4174302371270757
0.4924221926429917,1.7461959113486891
1.0993864287085104,7.701894690531172
4.890452471943205,0.2946534182767566
1.505601217711587,1.9007730154176254
3.749979692824523,6.439379330600018
0.11447524816344323,5.480098752405723
7.765715364096618,4.314873786853302
3.503474631140067,7.8890501667993576
6.264522467860102,6.85315777331295
1.2087837216357258,3.580960158521039
4.027817203863112,0.8030362592305842
5.4659581902177505,3.417973591957095
7.577724211060529,4.10068047362926
5.510441361369738,7.158774893837933
7.642741623655273,0.18164020242445655
7.820506312826637,2.546629979892554
5.693071403594571,6.34958064737885
7.837698375242337,0.21852299888377136
2.8622179408515045,1.2389889579463143
2.3452178465765003,6.471947406851407
2.9896443314164705,7.137053977081002
1.1859785265220975,2.8319947510540864
7.593796351733669,6.617362818761101
0.31162944429049233,0.10786436105416897
1.1921400602681587,6.161936942284588
0.5354972071041004,0.9582956443889641
1.7358930458576003,1.4445400530888044
1.8833403117682144,3.0992060736942353
5.531723987087008,2.321028622958126
1.1902936966870117,4.670391044995847
6.678998194069232,5.523826911106182
1.7048668612312659,1.8793543466245977
7.59591105847001,2.760754706955919
4.427757963875012,5.590013532400611
7.047755171169346,5.13687451731191
7.532539592235602,3.5114845747316172
6.080153504887673,5.7898489453543585
7.177964600532726,2.1706957293627047
4.067561530522035,7.185732971606634
3.0162810275349123,7.043099690993859
7.385088275835588,6.898835467639469
1.9553900816306404,1.9366469136263582
4.130200902653516,3.8829572992072636
1.4435042171701955,3.5900875439191466
5.49295361266205,3.5841980522770918
2.2385967176942962,3.127774716331854
2.053189882147369,5.278896002621826
5.12374820225288,5.306527857480503
5.571764103151793,4.018488125915745
6.552298230055011,4.085375286795932
0.27584527318982843,4.843683140387771
5.8316045013447555,4.564763986887011
4.36209386098119,7.607185841981088
6.076334900036597,7.733930573645403
5.9465553609657675,0.8460483894685176
5.002857035523101,3.109826172095068
7.180052521184316,4.245851287568651
1.431507408235495,4.706538848194224
7.80147971696989,2.4369180878588326
1.8645513938800553,4.643421531541083
7.286589679489515,2.9676783355048464
4.78989629945721,4.503888329781634
1.2661096282866806,3.4708160863430173
0.13635804832804066,1.294967416049495
3.7918368370670583,7.304838094717295
6.533564261095493,4.303940555758862
3.0865230542120425,7.333265665076378
6.935244389391398,0.026040664179179274
0.231986028984144,7.078668725787658
3.037451135895921,5.826085022120769
1.046863238436254,3.0851507225784527
0.784977001288123,1.8264299406006712
5.555357000144909,1.127219868644076
1.1466568272618307,6.2708599127300015
1.1668810267434395,0.8438690274112242
5.407308268523063,6.9435113779624285
6.967100069352946,1.6850816834221032
3.424552630332652,4.4368997025847605
0.5702841056000505,6.989851681258466
4.036813895937314,5.484301818954759
6.929945846225809,1.5839212685640618
4.403475222605577,7.511534263676279
1.508397996090844,7.424807245558213
4.4290566842307255,6.0659299793834505
7.369036771503443,6.065408931655051
4.475855615108101,0.7940374838793955
2.1726885084234713,7.934747320983848
3.280944275534919,4.461400685438684
4.295709704875633,7.142668449622405
0.33440029687697326,0.44078068537861625
4.258266942391,3.2790506451254497
4.671064897398446,1.0163197215564104
7.936156460841508,5.019783346687411
5.112605361630303,4.364315302022575
1.1665532773762406,3.5455360423662716
1.1228732470490863,3.3972856318826263
7.373466143966452,4.250887666039749
3.4528307295867613,2.717009196729636
0.42157515907842846,7.149799552050016
2.4587042945118203,5.93675108546911
3.6737637450102243,6.112425849176211
6.6530570072727375,7.787570119217916
6.794307496314192,3.6434918327203105
6.8830276197217,5.896435169443665
7.113116572979081,1.0375886074715135
3.278443953497251,7.122327889498864
4.562139251586509,4.463417905233208
2.0674760464271564,0.2550178267593344
7.646856269839902,4.183836903391827
7.112358497062099,5.812300626119091
4.5815882555051575,5.819958022156877
7.861955288925749,4.596184560694787
6.729789226900476,2.5117751792188603
5.079494509487053,4.484995833728702
1.682928981356767,1.4938849712157225
0.01020932667424379,0.7303837532185087
2.6908959260099685,6.845774626113722
7.331527932316992,3.7984175229721293
0.16462756976469972,7.869597550775505
5.833801787519492,5.2179315775512345
3.1121357758480643,5.1980890767496755
1.6685928831562364,4.898215211217923
1.4758529796384172,6.025543169071317
3.4553307705004634,4.587135060521249
3.4143628582099543,1.697220510363607
7.69123311272784,5.926528275655173
6.546456873156128,0.02993036985574804
2.8989903928345893,2.420591983139417
0.6886729545507873,1.3532368462098994
0.784697989266772,0.4359139582282028
2.875650965789019,3.1362157604796934
1.6837347744069717,3.677066732500313
1.2779021872503913,4.1932264257358005
2.2136155840676226,6.660858209809627
6.257047915166894,0.7895086898781001
0.4063059652738641,7.025848083027774
1.4498045847847258,2.515757328524564
3.2450367495758767,0.2258358721580498
6.0871255117088685,6.438346679071761
4.879629981921155,2.5949954002736613
0.026105858164033435,5.65385981384024
0.9186744227051049,3.7897578552948152
2.742403237440926,5.531363572609133
5.982860415660794,7.516623579837496
2.3225400122533566,2.2237309722706398
4.184858361376574,4.396836782896605
3.2077428672948605,7.57776397076494
6.6042140261887585,1.0566492556254463
1.7142600066053326,4.598723361972844
4.624020078065549,2.4253410069352954
7.109246383577683,1.4943745865812366
6.9539732789543525,4.456947687281743
0.5024707985722596,2.301874178296817
6.570343058592081,1.230925055985856
0.12395534403492103,1.7711107667661299
1.905659573327,3.3699432927686113
4.175178563530523,7.283312231241685
2.3327944555303812,4.244412877687843
5.539985577449062,6.240992289205504
5.1587679032390685,6.398929285739395
2.537425881324517,4.734750116696739
5.487120393104287,0.6281239454146093
4.20816423845699,7.090876752653531
7.9061175347297,5.501573167180888
1.456436375872844,7.892766424939594
3.114306814774017,7.044864861568849
1.8523102091011188,1.578307732071285
0.9240183354925744,7.944431867138617
2.6649552203295466,4.803974998948334
0.01665360795159465,5.420437619180196
3.1368254549699284,5.004165578619447
4.961008624411153,4.453595008259158
3.572561848324563,1.3374261175004802
7.371725592529066,4.498030018811451
2.2880781578759315,7.360670981444478
6.627785754504166,0.728726056794871
1.254587711647238,3.616696689588597
0.6390289234331608,7.56541666948448
1.761191716888562,3.1555574735391243
2.285037312195862,1.3837310929244353
2.603305854412768,3.6854352120975395
6.488608513746336,2.2666519570089845
4.8646519734033165,2.2551798800467857
2.7826663188656138,6.058286331335084
6.361560657303139,5.317599150384273
5.23021382209082,1.42113503523208
0.11874651412952275,4.472555995281164
2.0576590240881334,0.6322329843522381
0.5657506583431902,0.20196401065125258
3.9054072776148594,3.4760327648666003
2.124183444581904,2.2417054469732784
0.16491707612990414,2.131495279808539
3.6646417305784267,5.030956716390912
5.7846591026921965,4.284611450122799
4.208999144066783,4.745447523833219
3.6608985652168533,5.568801108471061
1.877888410586003,7.800659503406451
0.30722123081549224,6.009486441922254
5.205391852097765,7.573363155490775
5.728925257564995,1.8766495864367396
1.006756481325385,3.850174509322109
4.190908892490952,0.39560167282807956
0.9739254184898032,3.4331184103337824
3.4227068585977456,0.059070639807630165
6.612467719718263,6.8072389769971
3.806894931862236,5.699003316225129
4.31445669694913,5.464637622337938
4.271008193758289,0.9968467274142956
5.641172464484026,2.9777298460628643
2.5483588146927216,1.8855070405563197
6.848863309642392,7.048809405957881
5.7742755934542975,1.8557785849739128
2.5823688045290343,7.9511820742580275
5.179066460529612,0.84152359619981
5.655448905954789,6.114809026960605
0.5160656638844623,0.9056333682779147
6.391160034042526,0.4006904635663284
2.6429204467904572,4.62317011700597
5.214318612214334,7.11720499435049
3.122142013853468,5.529566595660299
0.9672004198908057,4.770102384356477
6.582670208026469,5.78327287859568
6.381985629261469,0.31386894427558154
5.64774601694675,5.8561847857687965
6.927547679530878,1.3826226042008596
5.185545527436097,4.6033736032652515
4.449674803099496,2.0602948278131636
7.198078846773059,4.342359808886436
6.580537339970657,0.8827497560270263
7.513791536022276,3.557150877933008
1.5260716651226192,4.087394660480398
4.498711441886853,0.496352198583887
2.4605972745138,2.2896164077850534
4.319560294986074,4.570410261039725
5.381043965066291,4.046797913180237
5.3453149266704045,4.6301075620832615
2.4290249758147775,3.858490892532793
0.3795387191964794,7.522772614380737
5.139289584097532,5.428483563198301
5.146135230867986,1.7024460504234327
6.351983287382202,0.5701533100274849
6.818516121879697,2.430798537077944
6.0618929626902505,0.9587331043724783
5.708717204547402,3.4733353289587674
3.882490729416328,4.821707447966421
7.5490367152202555,3.936159593919311
1.6187587896810394,0.11921310752582404
7.651102050064918,2.5105344283692164
1.5707922898748112,3.1649030750862863
4.907864003249171,1.426533831647185
3.569757055252105,2.4524277231367746
1.6469604099352741,7.120044129835308
3.518447661139069,2.4380400893998937
0.04838569943777049,1.3603001638691739
1.7748931614803043,1.506156255530109
4.273906595542864,0.35805412258140645
6.27877155976606,3.3358949214473483
0.16703153507533663,4.437335381724691
0.6037260467293377,5.318202390600839
4.549744696136848,6.080917696513492
5.556986398824595,2.0966368682926007
0.4067471815097532,4.703292968955661
4.6241260645291185,0.1344854314183408
2.388170686171553,1.6865940019756946
3.276879968599819,6.159701223668518
5.592177437294707,4.492249143789901
0.6700046007188041,3.9027239040224107
7.540594036270355,4.275686669970418
6.279855589758286,0.3038775121136039
6.607276287162365,5.270394743188564
7.102829172042903,6.122429950164232
3.867435334559338,7.6563714356066646
1.4793318588900242,6.9182855754757675
6.1807641336438035,0.937508405256029
7.90456173627262,5.497060148409497
1.8745523688246077,7.529184188819816
7.162011064217995,3.5114417304773333
4.739758085873571,1.0686765788201509
1.7677364672033367,4.4885166417000155
1.9023997520446523,7.911390774275386
1.6042925925129312,6.13132840368205
4.738137049731381,7.390750125209774
4.001383236205998,3.1917354531124484
0.028198818506449008,7.946849563948725
5.324396478851564,3.6860900079799093
6.299186014800604,5.74532483259163
3.6464007963185887,4.973466699839181
1.3819865484287357,5.611601303950295
3.823107156260858,2.0321474298459483
7.758656183582314,4.555694863826683
0.2721025195100273,2.7675046596282797
5.749352069959867,7.310292983152141
7.091030565973448,3.409792532080182
7.242042349261809,1.2294779727304688
7.066239952768419,4.853411756199497
1.4353089430290602,6.0055563812180175
5.296601541399821,4.2504225318546345
0.9473922272314574,7.8606730537377745
3.76522071449613,3.2564245037919095
1.6859757810436689,7.363073107353177
2.8873756142855562,5.728021346462628
7.393192814815012,6.9180641134200025
3.9458793053248593,4.053278209175946
2.417019012499204,5.932005257342778
3.962124629812318,0.17654126988235141
4.114172792580826,0.26117462104188416
0.05633243258970033,2.1732454212166186
3.567640707462923,5.963293597453851
1.702183227688634,2.463639812506729
7.425173497008569,5.230495126932961
3.389527255145297,3.848751342041946
5.156682319671381,5.45347911586282
5.495039000349091,5.252412095872617
1.9843096802587281,6.722517323315442
1.3458001027569892,5.6029366620698635
3.6379787404132697,0.15817827301238374
1.396520491593157,2.1132384687727432
0.41557204851358875,5.351154112598867
7.512082412502838,2.526925993366623
5.799466575303675,5.184621203770659
7.137915195489656,2.2347313927040764
7.9875559907118765,7.681472044200856
2.1323274073040484,4.37115909652214
0.84007076578989,3.172080058343041
2.846839678870471,1.0245698505894945
6.511851598332525,3.848678531030928
1.7199713852765885,7.548616341720743
4.549785950166352,7.520126135736607
0.5136152695345899,0.7215359981843967
5.908663869051411,0.8181214624369488
7.112389981197134,3.517679551617239
5.328165272259134,5.324299198129779
7.104861325073949,0.009913602148970746
4.911565951065599,4.154931636316989
3.127351821793753,0.8352847997957502
7.405448652089501,6.355525169450072
3.937573386808558,7.492633215751726
6.7253261035361,5.0397023001144365
7.4078600669107075,3.0020515258554035
2.5811228683737655,3.6173342075377715
7.007993394906385,7.306980956357008
7.224056183761622,6.147250518663079
5.812850665475884,3.1099557324495626
7.79540366237835,4.311255967404578
2.842347690860308,6.152516564730813
6.385980345570424,2.9627919615887084
7.650236140501292,4.793510031547964
6.275097199010745,5.69667776406944
6.3888041095469115,1.3785853417577343
7.735244408573359,4.436424151926562
2.206323676223316,7.110330156971148
4.27680645418888,5.932273758118542
5.828080882055343,3.356370991007643
1.9525960138883196,1.042320268620145
0.3046418053676936,1.430561107922614
3.9996315104713176,7.10227147599532
6.425769917165402,3.7756702382611316
2.9519809394321994,5.952437687449534
6.421266672396986,4.437379503219513
2.430306866928434,4.550602531236084
0.6756937785498707,1.851914044916012
3.105386032371208,6.539089056439426
1.2733339468197915,1.3939806730548678
0.6756415247383138,1.5879073226229696
2.240522072633274,5.9808806253285205
0.6454288801926538,2.5281070408196973
2.3790379717722363,5.5655651716088395
1.1340537710063945,4.948849993798375
3.4848259875696517,7.715383249826943
1.8656325885212963,1.9513471122798745
6.665412791045096,3.4473653501780595
2.7430080895952322,6.79287100733941
6.607602891872096,5.778348568006659
4.643655463082588,6.023729195360003
3.000076159682324,3.364873229367972
2.674199337845442,2.68809020300262
5.042916679798115,4.147481015868612
0.39538130640778935,5.271354362014188
2.6649344895931346,3.943339743191074
6.9589346379489,5.068763209785541
6.212763694225609,5.263263225801452
2.8611769390207478,1.6664550453682008
4.13907523666703,7.071103352290662
2.6502571515320854,3.6083419360350453
1.293915796846763,3.390015888869205
7.074499816443816,1.5425021765569529
7.159941134040781,3.9394370273577604
0.9805657178582559,2.6763663275583207
7.552629581429136,4.123750747341718
2.5703392661934714,7.9838407183548465
7.462096128103945,4.070611176184234
6.4373044060417985,6.036307183298352
0.7962457335422419,4.953433072718605
4.161605367693978,1.9949300100166578
5.595040186844073,4.279083052044014
7.902601897506809,7.639741083916266
7.2840174061362815,5.979663277943685
5.372545581823956,0.33775744078488135
6.287456707968491,7.821615248485727
0.454797024140456,3.7572666151074863
0.16076655549760144,1.6691456896396826
2.0490370930050235,1.5200235652727772
7.32038281477404,2.569534233705162
5.333305328121623,1.4002012783142872
5.4363806400696,3.4215135538260597
0.1587306656336649,4.2700175708105625
1.9822180672417833,4.738672429795394
3.3379910691152874,4.995721281786671
0.949562618418323,3.8119470141070444
5.428238728886458,1.4981459371322616
0.09495413069426206,2.885426534359958
3.1761429851614595,6.600226491157595
0.2728916017041252,7.175546679610597
7.103538385589025,3.655803353845818
3.2783040326001247,2.122756900118418
7.495684386416302,1.133429181673935
2.441393339913203,7.980874325669926
2.3523891934230186,2.5621927142923413
1.92113525392808,4.256799741891432
4.976372974610833,5.87500670050253
3.0171545185540225,0.08464015646404732
6.702615264353862,0.03753727534676621
2.770537569892422,1.8829563638081508
2.1263885753679324,3.2161323473909604
7.214735795046975,4.473881080876591
6.0811650569783895,4.992858717082145
5.465562790935167,4.617783447350526
3.1906349648505037,5.377382003260387
2.775556789773108,2.9965784057532012
2.279068467185576,1.3429815049740146
7.0479410446879545,0.8203015937014948
0.07684337963836274,5.146893771703992
7.310827736538563,0.16739782567541983
3.098765917041395,1.372404932147754
6.5088308325164945,5.2868415583326955
3.94788067079236,1.0314073290630361
6.288694920414478,6.051281163290126
2.7555702339710235,3.824051699182208
4.710956138923925,7.098712798580611
1.073769635155303,6.929661841289525
4.871512803219588,2.0660348825462673
7.869636741144667,4.231554911091234
2.5123584157934022,6.030217862426396
5.467573322890431,5.339180254546335
6.298039335850885,1.6080466426526545
7.175328529018575,7.642753115705584
5.096338746732234,3.156033963952525
4.783967492048796,5.88516870797817
4.090374322188147,5.898730485726116
6.6663749966509505,1.0379007892879795
7.749065920420372,6.702591167744017
6.0123211720474465,0.8640417750719704
3.5278743718251437,0.010826425856014232
2.636571666937135,7.05659034579864
3.6783180046304755,7.415472074862884
2.7308847068299844,1.9887348872306907
4.91761740716302,6.323599086060933
4.308317676850413,3.0262649217262467
3.733650654157077,6.114449304454695
3.4292570377177807,0.894595148267161
5.907990101529049,2.8959990677876197
1.367071771899485,6.206480356412984
5.922070888064299,6.482688743329491
