4.0,4.0
4.128015718478733,4.055469893981868
4.08151756372227,4.090127617569431
4.065461631388145,3.764758308054203
3.7378560639101197,3.7037839946457733
4.353784285922834,3.1837972783106796
3.184565006139101,4.540143854535753
3.3732000880829194,4.957521786910587
2.9078320696405404,3.4914342070631736
4.469534182938887,4.5972350812080025
3.4749542247030227,5.700884734257563
4.977139524092014,3.179042421176413
3.2646230200242785,3.8258636344997274
3.552701541935421,3.8430418000797983
4.5799006905729875,3.0552766584228745
3.320369533143821,6.552359929546116
2.2624960289799114,2.9336451955498077
2.8155736207886672,6.707666725207867
3.1415018833676056,5.027508298525553
4.43809611038752,5.413461182915626
5.173692875675284,3.857674133681937
2.0458800003398503,6.852753109424892
3.162067786888546,7.095547000813097
3.4153301221660133,5.7543910085228065
2.92348265282971,4.442794579922836
5.520886771547665,3.680721441335635
4.295628244477437,6.0188299851929825
4.147502116284852,3.6596263511200746
3.6163678650516307,4.970675317784893
3.3462358263887344,4.970102099393638
2.6526777304577847,5.597880217692608
3.1752893664551225,7.373111564319986
2.0436793815024883,3.7695888119273446
3.5049109590566525,5.466018962577102
2.561814585311863,6.541384377363085
1.340480493994285,4.03735451494378
1.4312443790102005,6.940601197237532
3.6703195431548963,5.647104115779231
4.3672646422371795,2.786124011386536
2.3404608389820982,6.107929636890777
4.314407581685066,5.014622634176838
3.835085807759305,6.789922736782741
4.548204997106381,2.1211108180167164
2.1217555222396243,2.384969040737002
3.940007812578303,3.849576032555402
5.153338020916727,4.474113303261338
3.9919116098190948,7.067435589453328
2.501778789886898,4.501413885563423
4.235825191855678,5.469071554471042
3.276877177305238,3.5498042282401823
1.5339280982345995,3.6918224496460628
2.9254082355858504,7.949171523611348
4.310117082402352,6.617661393996183
3.9873248494161224,3.8494005468649233
1.9436065550749078,7.231764845892878
4.544587804529136,1.571683355272726
5.5428513089561715,5.131867390347638
0.6737769515550047,3.5748367918839525
3.9754408521866393,2.4656117246629936
5.189895699235433,1.858956272496469
4.502203885147924,1.7296212902087964
3.4805480245810934,7.878902789291059
5.75457387858608,5.8200583941706885
5.773498873551452,2.903725784805597
1.1209373696673453,3.666137171095132
6.176435212046208,5.663000228762791
4.962052650255282,0.9213909257768576
1.9276762655005513,6.482304767363223
4.835001702273293,6.577465055097747
3.2612954126277174,5.691422883860516
1.4899382134741979,3.7681913352785665
6.068702736741956,4.54248893583941
0.30544823878493776,2.9913059458982705
2.429382641697143,6.10343098933968
4.386579918807508,2.3383166770926263
5.963971331843,5.5518056962160225
3.4941944239123224,3.7394983329048204
4.225803100236706,0.41311320737750545
6.116316673166381,4.710494477433207
0.7957405438787006,4.561033547763727
5.269820482273262,3.6919871550653953
5.952925355413079,1.9122610942014653
4.462710411488495,6.36935061411909
0.6474093286398617,4.881849463464272
2.881216341132923,6.932057956935258
1.3515340382142993,4.515326711881977
3.402011141436918,5.559503796521045
0.3791638995668203,4.074108197579305
6.081994236394688,4.918963731836445
0.12981291951658225,2.7401747593314623
3.3699087459251587,2.0187490147911724
4.048689267151644,6.863152817877579
5.938828028551274,1.74062870504968
1.8991271436079211,2.289722440703077
0.004201480104519817,4.157539057499076
2.6415968790136066,5.715477917075168
2.9048046238710787,6.584334812380049
1.6190130704509462,6.826968778651516
0.2086494151349898,2.0128188661790203
3.4841627945959743,3.9270848339163518
4.959928653126877,5.716719427484419
4.418453074996134,0.7661525916763123
3.679319492518819,3.2974095420595813
5.739486571492534,0.9027803076978227
2.9551020996267923,1.607154523951988
0.20685806437546272,2.3297868370075543
4.507728798603752,5.946980931980109
3.6383538209148227,0.25458210955047544
2.911567105764486,2.178997438341688
1.5723766900009553,6.074960187397556
4.6049762522653905,4.2848870872492695
6.078648392989499,5.373770207911712
2.087128101596093,1.1305968789212981
4.878736176829863,1.8236808816677499
1.5458630340648627,1.6467582316460234
5.468166921354659,6.064372964430598
2.6634491714125357,7.271959134129748
1.5035620145086863,1.7362935780907458
5.09415930635734,1.8585817453395954
2.77304700907605,3.4214898261560105
1.426454029047223,7.880632125885841
1.0323164860076242,4.428540284230425
3.539880264701476,6.98081519959296
2.053189892809561,3.9697496427846035
6.0355568025583235,4.804534100958779
5.514414205837645,2.5256613357777855
0.8334711508117829,4.646919660360047
3.3065820967045987,4.356987050901056
4.2579119918235495,6.071374635195916
4.087779684851537,1.276124620878761
6.698109219877736,2.3631059206174916
0.5676592259548396,5.102310209105683
3.712238453795819,7.71743400437073
1.9257670505885471,0.36930394729847293
1.8629060641403843,2.1303536708010222
4.5434622756504925,4.66414938418178
0.9484697766734111,4.719547214586922
7.346094583054225,2.5232999325007306
1.9534329559127315,5.882754928730621
4.7594029507967015,0.07136689814225328
4.533250998170798,5.7303488956926
5.488819729163473,3.816914720896004
1.2591788893049953,5.65667241211826
5.44380552619181,4.467636909995608
0.4933029179348978,4.319506979337132
4.489333457583022,2.166928675554801
3.481945950333918,0.5844128686346215
5.651528819817364,3.449041712640077
3.7061214738311037,1.1018685035047184
2.4737221670901013,1.763458655418475
3.4132233070870184,0.5610497395128489
3.40680020931271,4.915739881745871
4.849707916434004,2.9372942879072
2.007399164417265,5.359214148737001
6.877945806178732,3.3438909366357565
5.387796994538038,7.392911697342652
4.418243214811082,4.74075802316826
3.61033956358661,0.443777367166553
5.531934091694116,3.360567934836266
1.940972570734223,3.2359956181032956
4.349102932736827,3.3882378631923453
3.199828809578567,3.0483591969201242
3.214432358483684,6.651467410433019
0.46845211873939085,7.611833458276092
2.617580605244931,0.15863625080354815
4.648854899150125,5.198957563531644
3.4703084933841213,0.339399412622325
3.024490699741315,0.4925000946593787
7.420865692469412,2.075036707821127
3.4840919874957095,4.457786292010777
3.0637066965092377,5.7414423732828945
2.88296364627337,4.987472102237355
4.8337590233431325,0.8368072252278571
0.9652338402823855,4.815575643569237
3.5081243260568513,5.428190795550414
4.52588195033406,2.6168403068191477
7.063493178809864,2.47984577646399
6.4727162546885495,4.058031458980531
3.827755192961847,3.9845219626345596
3.7242941325164853,6.934393578143389
1.1967266924345354,4.597265222493944
0.37376567151151896,3.6520225507869997
3.1855882825781947,7.4588512873703925
3.2345514452517836,2.4804369044919268
4.455330917651228,3.005230949763872
4.312199229146321,5.595904211522114
0.9827562835345214,1.3430551429015276
6.75961299768823,5.535141613356452
4.8738453167838545,7.933049344044693
0.07145342045978342,1.0350166880361877
0.5849291589900183,4.323818203815716
5.402323557046395,3.887147762842951
3.0321675264180605,0.6396470664114551
3.070609773138707,4.299623048000801
7.0025768038423015,1.55981070106197
0.5252364496927449,4.162314761085479
4.2654549794911185,1.8782317619293742
3.0543241602415643,6.5590429261361605
1.2970172654964562,4.722560321889182
7.619680743928601,5.072478251889716
1.9644094680050337,5.777587858245718
3.4755253915720576,0.81476600694136
3.8207017262904035,3.4146321016689782
4.400022241565006,5.366851147662589
2.6789561475081953,0.6288657910353468
4.445560530637378,4.49844993283336
4.9922143893617426,4.233075734734356
4.294418001924538,4.3521326527372555
7.596041932474009,2.7392399197054536
0.40602533091505144,7.658449633748605
1.7334707925700412,6.621891933493684
0.6130674045617504,1.5409162195191017
5.878544490601996,5.5934045947786695
3.4982123233301134,7.753675248771711
1.491139824532576,2.9459052844613165
5.5678777006164335,5.56213832548893
5.407614381055195,3.2038283166501342
2.0191957670465035,2.383023648462177
6.945634010133501,5.838930726275062
6.059221121921004,1.6940152901775427
4.183566833878494,1.8992756255174958
1.9098474509279582,1.225883517084652
7.207166227798045,6.600095633663633
7.327451350481714,4.481724770157668
6.784074702368543,5.4804928321640585
1.774197107915028,5.920397550164281
4.683631393897762,5.2833111226582155
6.901816105543451,1.5520818537730712
5.59606875699749,7.1165381608507206
5.632363191771298,6.1282369739080895
7.5202960468983715,4.737238493055393
4.956097963892278,5.714684883696081
2.3271434084729954,2.619055910971473
4.983538801880837,3.2885660341641794
2.120767680293148,0.2550828979296256
7.514756821763473,6.038613303034789
1.0211422814188307,3.519573002526143
5.8512581361331595,4.941298798440878
3.7200075538089905,3.468938252102336
0.49028764189929674,3.33208836892162
1.7057976853196486,1.7225489319705574
1.628312464547883,6.812018131703211
4.5714448422165175,2.7899256100737873
7.485150323722132,3.3370236432027225
0.5373038735461213,5.1178180591767255
2.07637339491019,0.5934259194194302
5.225807568402158,1.4553179874478905
1.0482119643315073,6.2002371822019136
0.7642635385452445,3.0044538396403793
0.3828730496168369,1.1737560938232416
6.157143010920339,6.130979596647406
3.844463272452365,5.619367644867433
0.6115226609305342,6.190700635305892
2.678352710339544,2.4614759004555626
0.427728534756886,0.989074531089047
4.063105300448244,2.9439827217070267
0.44261214355665857,2.003753136666103
1.1839661905636492,0.9633322405854114
1.5923365701867827,4.418851243279725
6.501209822706487,5.064674215133721
7.488200417253624,4.03534170771916
7.716116073844294,3.090532770335428
2.599558034899303,0.3564704860579422
2.158731353613205,2.0669558494320164
4.571401944783741,3.7522828496855176
1.071974354617617,0.6219390211651792
1.3467238693523615,0.925428542754724
1.0394178769850972,1.3586390095613439
6.110404004042428,1.720495114272964
4.782220870451915,6.913841415792108
3.309179245676326,1.8531895603134894
4.167861025939016,6.311578036205701
3.393232672012325,2.116803637251741
2.8169016553241057,4.847070858970002
1.2059768630921415,4.273978464750193
0.0573946169506927,2.6137645285279714
4.294532689440635,5.161371850453309
3.0410641223787254,5.805081756737678
4.736657571930483,5.645302642547431
4.716285252642638,2.263149032879727
2.0706764535481383,1.0392561512696545
2.676359622428305,6.474434777113332
7.5235093295954325,7.116853355560674
3.154479256631956,5.183002777767219
2.6125252439336277,0.2465006687911364
4.147478414348489,6.218209621424076
1.2530871070358964,6.519973816792345
6.562756791537194,6.7764561035091155
4.968578097907299,2.415221923318634
5.994520045068453,4.225950787560621
7.053627583842655,2.111494550124714
2.591860350634634,4.041598070509699
4.36955525604576,2.7542908342527035
4.852181463619113,3.9220727945712968
5.686081116538558,3.804284090270242
4.135995311666439,6.529619896687889
4.990056880724137,2.183842908958491
0.23099262363499218,1.6899171744482366
2.483025179263125,3.1025445664642355
1.2068637649104232,3.336193577893055
7.217906021483478,2.6647071641875675
2.538544237444654,2.204793453166274
7.014645612655816,1.5344140882106103
5.2419908667981225,4.228302677845283
3.484628954402451,6.1771381909552465
2.894570769646899,4.49030154309946
3.5499067473163413,4.631451378217538
7.582807012290397,6.840807068194516
1.4307645644848925,0.9480135403149532
4.672634688511158,7.282391206095092
5.11220030620954,2.4241393172029193
2.2684264546150645,1.864519310510384
5.8941017111160985,3.935903248866423
0.5497220809050081,5.440144004941257
3.0321005661278644,7.032372805227217
3.972718827665968,2.3535086601645823
7.605163096737042,5.433305019431393
1.5984114710687098,2.373695772987273
6.747357863073999,1.865708636129944
2.7047970205875345,0.7248602098473196
2.3377859269547603,2.3774111548868104
4.2604197766667795,7.717962034653401
3.7984351634470404,0.49098493411815003
6.9440155994380826,6.548354727268546
4.275655944719768,0.7125054856717172
0.033945279273312146,4.58646594211117
6.729659201304157,6.8605685932344915
1.1207547432540714,2.330364964076395
5.724376301415931,1.5117020825836116
0.61041089147463,4.464077307627875
5.089672762147582,7.19756095878766
3.4514984959129507,3.4683317021161626
6.579339101567642,7.411734603277376
6.3819719017833005,6.186394235539374
1.8072003581018556,1.091374909403906
3.366796801646389,0.41589003740340047
6.735891220079643,1.4487876100676118
3.683356059181193,2.902554186575676
5.731267170931698,3.853432215978593
2.9349601347992476,0.4866435173051116
6.799023255259927,5.449269266580039
1.0632345097204672,6.32745095018607
6.006181257379005,2.366889740554189
4.029269874794646,5.479634099840156
7.334194006405711,3.359634978414676
4.465248209232538,7.488546663647947
5.220481974571244,7.816030842244632
2.822640737424794,0.22596272807756446
3.7679873436430293,5.699149286924842
0.5058696327515539,0.2884293730016685
7.845331392012723,7.9600050585775035
4.961126386775911,7.188788656843661
5.114714211424654,0.2615856672527421
2.7422538370911056,0.7271236071545264
4.742837661244527,7.97262197974302
7.074200925127572,4.085586902614227
1.6204258954429864,5.041467161150405
4.6224108653872875,1.4420909907399135
6.633886902889096,7.396824011259212
4.105644557734699,6.019900086818114
5.651689349935233,6.3679274262329875
4.911481819328083,7.6945306447473305
6.341928784886407,2.1744532639659724
1.1276312893033804,6.050266788740245
7.745249189142069,3.96542354897867
4.722511411696678,2.7016233719191236
1.1495277555926915,0.33937115317676714
3.239421319580055,4.101998343431725
4.28031861754544,1.9240927733912132
4.3658410853133836,5.223992858562053
5.147430445838596,6.512528797092908
2.689140929708932,1.1837270357657825
7.804696597257226,4.595183122784731
4.356801875281889,1.7660388351323606
1.0548576177130684,2.6204925707708995
1.4123924590490313,1.4718906934440277
3.0678530254256495,5.07328419809418
4.400021207892048,6.205367015969029
4.063008848425336,3.3326385671939365
3.361338078864935,1.5777370487180136
5.284620865846283,1.58199383765084
4.681632419844754,1.5193775872311797
6.822669407981603,3.859425537246584
6.386945192891902,2.360475204495124
3.3972796667433265,7.8776186546899245
0.847564147802272,3.1894682105786547
0.9269015417714135,3.415929110009862
7.88907512267914,2.9390636310332434
7.378191155234803,3.4986288583190497
2.2150574694186522,6.838819622559177
1.6110899915318466,5.764296693996584
2.106650245279787,0.5718023314279614
1.1838780454858373,5.614179318106774
4.109517958680143,3.2245253599268286
7.43371367651069,5.816846969358171
1.120651474576813,4.091069496356773
4.956293807478827,0.762246184641505
0.020630485949356903,5.949645224968662
3.726830472404343,6.579366475437521
6.231502128280202,2.60450112810648
3.5536726605067415,2.6428493314843715
5.098730737379753,6.542769571059185
3.464114206576383,4.991403770404911
7.129663896227273,5.448627130851919
7.423996098286557,6.3114284532475855
4.22700214569734,1.4538880842780486
3.373192920133718,2.383253026052958
1.3292297576423158,4.398973397534934
0.1658296797787271,1.4549216106368394
4.033521662291548,4.883292085346207
3.051482905491034,0.5051360333927075
0.49219772554625685,2.672550183030471
3.3736268693440987,3.6453796271437247
2.8250821265239487,4.718677878025729
4.490370413352228,6.926195065405827
1.4290407262099443,1.3699851681490918
6.641740510829111,5.74112582177963
6.606549960178838,1.9244848882704968
5.182317529293672,4.09951006122814
7.704715694818741,0.9174069952096122
7.7498401331314675,4.228486880933125
1.8627087115110381,6.363989942583298
3.7966467564786317,4.27301784844388
3.0554490849283784,6.161453136254188
4.133449401918853,4.448776687954652
4.162420138841838,5.53217070966259
5.600361192042589,3.7039441673357496
5.44453242450926,1.328088671820181
7.63812016249297,6.065300705147867
3.475060269407008,2.4135605916061733
4.43304334237972,7.196069255198991
0.19781211168037593,5.409767958350063
5.759992193416837,5.085045716833441
0.6735292204232719,2.0972290881944113
1.5052254793849782,1.8861167356257544
5.7812619446240765,2.4182067944624324
5.35577250744037,4.279748356823607
3.0233142138585185,4.388960619375091
5.140687623069348,1.823031229192213
5.893902876063258,5.17658693876214
2.6523193901112228,6.858146037079433
4.743644895475639,1.2536206944164219
6.139570585130761,4.097211642757988
6.264508704518311,5.204016199973909
0.10077100961648888,6.806527515473058
0.6251375783269744,1.0379601265455047
0.9038898072898647,2.8348386593416413
2.097702646929906,7.737867683225943
2.1827474899298265,5.893944338179058
6.687203456115438,7.685943363888749
7.376104170451425,1.6156947206283707
0.8432426575679228,7.638262937349229
2.1798695202342584,2.370429508497252
7.839713917326554,4.89861079425786
7.817746524395896,5.4038571099979285
5.946664843946966,1.7010578366612803
7.026775890884073,5.307423512364843
3.167859233092136,5.298379204645642
1.3327614061312643,5.096517217053347
1.8654275756943912,4.972030249922482
2.386600653442753,7.902075212832313
6.423360847202707,1.0046299111777506
7.524016016180675,5.9782597826794674
2.810148894568184,6.098929435943192
4.535324250252713,6.544734811571636
0.8956904013497704,0.9430936310215712
7.326191883143748,0.14129718645026834
3.580982660061961,0.7127951488437194
3.5456157035050433,5.453728112970148
4.4414642654079115,1.2460026499605847
5.496419760796125,1.9557006794223106
4.890418349547767,0.02711277239508103
4.158265834775051,5.131998207886215
2.9497602443699558,6.716940897332869
4.413674547400465,6.00661269314281
4.749977743701657,2.5206552193874474
3.5810373171543404,1.2869185203638303
3.124342101362858,2.0470314544468824
0.8458853525500487,6.251195194195847
7.661766326218263,7.722453964726668
2.839790392142464,5.12114077593541
6.485761949178561,6.927917596088504
5.894284021402948,7.60892106950176
3.8440065978347135,4.497576704836921
4.290801359450008,1.0721088531733116
6.236607956936436,2.005653111647602
4.798183887052933,0.5946285636438464
6.172738295883899,1.4758560369843199
6.859978489797051,4.598271274994108
3.728442514783958,7.033912143102007
7.591666316247593,2.7678504304948017
5.452849954903248,1.118015345630515
5.196758227936715,1.6098385907642134
5.151854493066828,1.9101722937205539
1.1306499791732278,5.305936599257203
2.1391110875631734,7.059032291614277
2.8636430989834265,3.4625331634921164
2.9309263040801854,0.8315479319830095
6.301582088385696,3.6475842600641544
1.9442206713245778,7.572975313936064
4.034615111420848,1.6014100757420433
4.893663575975722,3.0333098917804344
4.754325956331741,7.679652131714829
4.245654492719462,5.778530151847837
4.483816337030322,5.017842136493089
3.3103153032696024,3.2952749420984695
4.8565925431399695,3.152169022391961
7.6898434758730865,2.902053373444997
4.690616456128826,2.6213196067316824
6.732932584481258,1.2282822878776383
0.22953603041940873,5.928026610585788
6.102112832242492,7.411408462241154
5.849529398557211,1.3385546159468564
4.420855862190125,6.66315428842554
5.5875343983415435,2.5420901880048925
0.10535467672438426,7.738967968867509
5.080112513510806,5.30181446810389
3.387828414845453,7.2442303782190205
3.2582220761502265,5.286009807099452
1.9479428341462075,6.190674500358404
3.51466815944896,0.3891723064357402
1.0905462208513912,1.511533400152672
1.09072931678035,2.794641274955943
4.674507462952899,2.687969204972463
5.414648217458034,2.181800178372301
7.849210146438644,5.6971140121141834
4.9899466624536934,5.908536531502148
7.843187004447443,7.460750028303104
6.065973521675163,5.297821429628093
3.7880657381997374,6.238155992260801
6.038399377394622,0.15270832110767607
4.650605109048169,6.882548608447314
7.14371567316456,5.6879339520087715
2.017976588052658,2.675743689569213
0.7057867804298859,1.9610203601086535
1.7998152805825116,7.9744710499296145
2.8461719849979374,3.4580605451892774
2.027770497945398,1.8458339348791233
6.203107697626064,6.52679294792747
5.46399588622627,7.123351558128499
3.423676342338572,3.691642004474244
7.940873632440729,2.810505308163755
6.399743412363744,0.04198132555923717
5.224898967835684,7.154399300333585
0.7388423850352339,5.304020134506754
4.749618820442003,3.4370372186150604
5.89293955819455,2.3020546702375704
4.780233313848909,4.888637620005678
5.97606700740692,7.679208042557213
5.573005572860827,1.01304606064169
4.521956600096818,1.3372282443427084
2.493546610988152,2.3549875126185347
7.41014306304197,3.387100219619021
4.156028637039891,6.052557281591287
3.7845235118076523,5.892774330996995
6.328291818687496,6.395393026790316
2.7963424133801515,5.948677420586806
3.498577873405459,4.08370986297216
3.433146778910097,5.252349400894459
3.080386440143406,6.514274686481627
1.3702034885571628,3.196287686493605
0.4894006180052921,5.34064452849332
6.55891467592558,5.773894800959578
6.725980461424472,3.522657389037395
1.7903388613311533,4.538840586999876
6.873171926271642,7.0802986889724675
7.0995083128416265,3.3661075975492674
1.5712247329559847,5.513365572818775
6.4377142220820645,3.9207745496660102
1.241665707479732,0.4345099233514951
1.1181373017779217,4.832419339342493
6.258017051426674,6.269915065924968
5.834810888690283,4.2708796677674865
6.572012295228915,7.868823259330365
2.110035153939269,1.4205843560264686
5.501977921152266,5.859126670348585
2.279361025689389,2.673964786587872
5.239126290573762,7.022140062257001
3.973763658168232,1.2055227548890004
0.818036204884379,1.1548486001065337
7.735392094511945,5.845159024418859
4.994726106891665,6.044567500470558
3.5186222026762355,3.845245447468205
3.7662210088547363,3.459796503343936
2.7284435176410646,5.005733149588432
5.7677123148260385,6.314829269287074
6.165744157650918,4.376604110618278
6.920531873222644,7.253040990639039
0.28673111701475573,0.8053118228349403
4.186094360613314,5.817913555039806
0.6360802094497693,0.04760461512862779
7.5693016284735775,1.6245702019102515
4.886146766721361,7.21918987313059
6.7545192952814075,7.358666276057332
1.7426720568049374,3.220519220456504
6.256913820994551,2.303660272192819
3.4784298385469876,5.009771546038124
2.5265546715322795,3.881510770025388
1.9056837162716782,5.2006376374363965
6.990676993216947,7.949721693682132
4.900811285929606,5.586525341510113
3.4640184841911257,5.20208244454174
3.33994837012981,4.679210480644185
6.161036376384335,3.831889445907203
3.2650298163060665,6.432257169323108
6.59172596860244,0.024156132233095207
2.138810092283733,5.961130437873937
7.0749340547165795,4.817511648073632
4.618799669696699,1.8199574982492148
1.5014297717310958,5.693839855811747
5.465095386527248,5.058806462008583
5.092353933937964,0.2837808771116208
7.527237539269224,3.1468320405223373
5.8484577638980255,2.006010850127434
1.90374570454411,3.884049553278495
5.128420734335399,0.49975770699845423
1.775114378974945,7.77186132141945
5.737506589856169,1.8470479390143302
5.500869789946041,1.8338832424957303
3.0553966559230794,1.196540680071183
4.431066595865345,2.430352811804111
1.6520705865326342,5.48295445258894
6.213532331884153,4.593321201507432
7.5307073764401835,6.260267378299578
2.37899816934054,6.041796976667896
6.938070771692576,5.390270193216697
2.1277499692261737,5.541916076341047
3.0996891095195487,0.42067947338200806
7.803164149803504,0.46919288580850615
2.689284770865041,1.824637467896376
4.332625665742902,5.934142116631546
4.543560017520985,7.328104853671245
4.845331791406074,2.7427385014799412
4.406775960774743,3.5771064063405964
0.18791300336918937,1.9792240999021873
7.848176433490402,7.843442308043852
5.605005385257079,1.1760128054415029
3.8822341443637134,2.715416671659164
4.113381702730091,5.93545187485367
2.338073829861365,3.0439716613064807
6.248311480120474,6.687108036312471
6.356764735465249,4.007061504881905
3.25262898939463,7.575768160181801
1.088774539273472,4.894223291084817
7.876371147945187,2.695652703717194
7.130574144742924,5.135168949210533
7.588044227676611,4.459345832000383
2.6753296373393542,1.9960581154231605
3.6263335866808593,7.8616547789349385
3.7023329547743273,3.944850897658015
4.401075562028758,5.053561478926048
5.346850070103938,0.5463339697072263
7.533603752607351,0.2609639877569627
4.074340778330174,0.9525949721514877
5.961471158043668,3.064006054426879
5.101688611407919,1.8865142928714924
1.4051270552332094,1.9627351857801747
1.8598613965630744,3.0303355785648147
5.710555228287912,2.616283567629271
1.785070439965022,1.856077905836921
3.335683756669159,7.533027278517806
3.1845637676008414,4.5180397147315094
3.1511953205103698,1.2411256514943814
4.719360471412479,2.1715042660469335
1.009754070354016,2.4121829846664626
0.11099656970293381,1.7442551680594205
1.5952666577073735,7.859480318514699
2.234288669072204,3.5055792511174255
0.32829113491699236,7.22506739826504
5.336067138373857,0.30606269586773127
5.8343902931791645,0.4989208616518104
6.356650934613992,5.9985232662108965
5.641134656041804,6.615115443122609
4.403880067877321,6.762818478949152
3.655374299778929,3.397797640578946
2.7148233621354914,3.8343116382997424
1.1093339029919305,7.195537110180503
0.4155340909911853,3.1461716543078797
4.033877930625928,0.3580883590828581
5.017559313750757,6.32230563659479
5.945616374781957,4.601501193558355
3.5602318854412376,5.41525840787012
2.957049400686384,1.3195375786414676
2.9891848554354308,1.4357257525976799
0.8900833018595717,0.3503764773285045
3.849099273858731,0.14793881098418193
1.8197467015258884,4.4182570778103925
6.48339604013394,2.5640363936103663
4.625616771737126,7.395798586244529
2.4862057415034338,6.167619847700692
0.657431363630101,2.3633398956322367
1.9878257437372104,1.5023685280959782
2.637121323367654,2.190346852369353
6.81969042654387,7.867143536557972
0.9862871542479867,0.31656339946897827
3.6715379841217644,2.3717471328245203
6.005306093987727,6.468997796283532
5.855996815138692,3.492721822896227
0.45687156075616553,4.449342948439626
0.31403353555172586,4.025387989933864
0.8056230539075608,7.037708526608291
4.4113455124280385,5.503203136595307
5.927200630226808,2.8159866680223518
5.145179245076652,2.5379430370349336
2.9187902177763227,5.562689998935001
0.959878912286209,4.900272285166064
4.142337563794637,0.6513184473854903
0.8384506363846009,3.312192792881426
2.19793282832135,3.22617667785956
6.223925442397913,0.17166602461386393
6.01788412060643,4.93026796362794
6.0682829038213875,1.9846432077595573
6.88257236082992,7.868233407508515
4.135560720647189,2.9586541239590582
1.6382808647418674,4.556860164749654
0.6344667827699046,3.388734188823056
6.336279531189766,7.959259825657363
7.9185162933149975,0.8483420928069245
1.524244381644416,7.722555242819725
1.570513389630114,4.927285053208698
0.4438180225751136,5.495597273703861
0.6895189200438141,6.034121046537483
2.6695890723932143,4.102603848388246
4.336379448262022,7.582911960698273
5.119302491074036,4.8842309628831995
3.20110428104924,0.5962840679145733
4.683165465437373,3.9600026209061356
6.212269741692891,4.9223365908707
4.482741517207602,4.654473371709976
0.2596840872333068,7.299860053300177
1.7004025146850026,6.00187702998667
6.8159167492688635,0.26678237673826644
0.9146189498800616,5.864042617546415
2.9251005406302033,7.594337849044711
1.523176534326999,7.956350593277272
4.917383346103742,6.213638178801185
2.5215236456684105,5.360463932467415
3.069768488101502,7.759781047440219
7.234654686567305,2.1809937967639073
3.434942156299222,0.4281751433979659
5.07630537497729,5.341998213716105
2.5705620157412152,4.39060146583529
1.2800169806530803,6.964438225955606
6.3197244121969876,5.3616869413512305
2.2245668728478343,3.668494641239164
1.9447105295949099,0.4434486907875188
4.568628525064873,6.622446269044965
2.9118108647774763,6.774060090648723
7.869732754206862,1.3663152599651447
5.959559512476429,3.1445914692755847
4.345585175037634,2.0574540840339637
7.269957338980008,3.8463199142616356
6.341078532476423,5.850773445662523
0.2737270590989578,5.034631189685049
7.935036472633566,3.496314935628013
6.743012409843253,6.622286086934461
3.4525810120070037,7.8637521070942835
5.226510080594992,2.778133122384485
4.408395086912383,4.595061827414833
2.6499404874529784,2.766011520380511
5.564561969596171,5.94197034473252
2.762018582614618,5.221045343376225
6.697644963338229,6.619205411276922
0.3715613473322419,7.413272768351916
0.8921269587002127,2.522537373327774
2.527022654379925,3.83836069470777
2.584514174539991,2.2450016799584027
6.446869846216023,3.567795394279954
1.3488536249237288,2.0100938259487133
6.372522346007456,3.0024061820963697
7.92155847425894,7.475608763307594
1.879139557884475,5.030828133974317
5.024114685797225,2.551314966596734
1.036815164092241,3.470161474829376
3.5385487020816093,2.5134900703113194
6.387520459406127,0.9856375950580469
7.213432099975718,0.9133904626161389
4.798337678864575,3.151845868722548
7.869702059123975,6.741445642179807
5.5380643579242985,0.014293371526303389
3.8353304447710004,6.050372236150408
6.624980884632507,3.299894511306711
6.968511316554492,0.8414896028901149
3.683051298486861,0.8309766296729446
2.670090777539669,1.6828409550439352
2.7317297354283845,3.683975632063089
4.234833350909101,4.457601233462316
7.708990658869967,3.162098723993954
6.836879162429852,7.392914947415447
7.012700829641547,2.529619458056417
7.413380596799443,5.7268627182065455
7.0343048270180875,0.5305601056551996
3.045586179896514,1.7438957529147068
1.339582837829413,4.869171473740767
0.7348704050235568,7.237834572440365
3.403401192672609,1.891464366486928
5.222248703087643,6.258546932632307
1.436916852436295,2.3784676011776735
7.79994858138526,1.3206246495274874
2.451687076559651,2.207294381296654
5.077520019008881,5.533228505572573
1.5298701406955768,0.7185121251801645
2.9237504854613716,3.3943014825614597
1.727190226153751,2.0305211656335267
0.3544936553288611,4.453923000437029
1.4099423933566593,2.1871646310273674
0.42465584177892524,0.5394552633305905
6.748364819409351,6.259733273932496
5.669035369030419,4.569008639415965
6.616565596087495,7.8905961545617895
4.777167074029161,5.517469533776744
0.02917636706570015,6.747576056658949
0.19678962919005638,5.011335385529023
4.569403683528041,6.011019045190843
7.419937112227793,0.7553558024891691
5.73475371660905,2.6076805928376894
6.9340111902891675,1.080192213317348
5.55942676461132,0.7095905495280679
1.4001851393718638,4.329801358677131
0.9392481746941321,6.610276271732535
3.790577983324784,1.3075090353386205
3.1155931811166306,1.2671165527557413
4.773062997004184,3.2353176811780298
2.645087785161306,5.799627722567883
0.9560433903979373,7.09075449141069
7.926997941070368,6.293640208507264
0.28183140737800105,3.652095285188679
0.05230296213277352,4.24028245173631
5.787233438896519,2.1203019250313666
0.919392984022859,0.3623822451918821
2.817631150990173,1.3316825757091788
2.018995986432934,4.573715799983956
7.826164318005503,6.461632692716086
1.5250784700960125,7.249199956518431
5.239505844057152,4.286500671717007
4.832912032632137,2.2813637982944206
2.657225783286708,3.8319504449119766
1.0148268158311309,2.3295619330059942
6.0288650098896905,1.8171285205709067
6.4401432904549605,2.806218427635395
5.786849588806385,2.568591540829738
4.202116417555301,2.1929072672015115
4.939118055960251,4.557479383084956
0.6769297153589182,2.332748771502727
0.030473373566533013,2.1683714058697303
6.992481218570743,5.794587277999951
2.8937286480053936,6.127055613135717
1.2294969807984861,6.273991682730335
3.1867446241725483,3.9020179422110415
6.769387964482691,6.062408487842417
1.5936967825534136,1.3045978548255581
0.9735160689058864,7.332082371926359
4.658261039353593,7.381662978815299
1.184469974599284,1.175147401576055
7.017558639314663,1.4924459107198826
2.902995161557322,0.07542311658883527
1.7379019845734156,4.644627761124303
1.462495536445573,5.237264325600541
2.8664868276004114,3.5091806016039957
7.008848597693317,0.8153053687335845
3.8174594317653936,5.334336825024614
6.4913634073682385,0.09849060861700654
7.592378675373132,4.571582404004702
3.8002800100556122,3.2991107662019745
2.839473623253621,7.182789353634953
5.80772329511338,3.2806756073258523
0.6163087199078907,4.136708469132216
1.804998645666915,2.0427604284210803
0.5393296330047299,0.41429541064219766
1.1299549199469343,7.603656242721665
0.23556184682302828,7.901413605244857
0.42201070198825796,6.404166901069435
2.816736880496051,4.560115858352013
6.117632956675927,7.824315504566995
5.417295579994187,6.210607062889836
7.838587582093598,7.208926036518616
3.7584745956812062,3.6322407860952834
2.384382535586468,3.28080218158352
2.1491294691987317,5.272936460726449
5.7630851769419,6.241913928005872
3.265523709988811,7.815578337200208
0.24655613762295303,4.055573575247608
6.229557841870464,5.714644158167759
2.6870957878859816,7.7492085203688355
7.819541681571818,3.643988348620244
5.672526653477433,4.570531366502141
2.4613749414028314,5.470570855805191
6.102148194302468,2.0380528317076028
5.4956658648568775,3.1030918909615695
5.134640777804447,5.960535238212839
4.687404837085695,2.7288848096686706
0.7641605119597825,2.1391262601662744
1.3067606306823842,7.7854468329611315
5.675347903390083,4.217656098346209
2.2695029278370216,6.491666477854604
3.810190386435595,5.420423765591034
6.432334882321379,4.1224872619207344
1.661594609687553,4.856747633653345
4.115281493620196,3.8457291888299983
0.2900744511529618,7.757017663871713
7.813921914489184,5.912083425316114
0.28143035326957566,0.1231864565592744
0.7424413618626877,2.7699323683270407
0.11867472473647744,3.5280544436191326
4.933635916770244,0.6624422839239861
3.3587696837641783,7.890008829197861
3.624171089454266,7.0057217535982135
3.429172815695349,7.809842287179541
3.152941240400769,7.876830932366881
6.445190434493007,6.235808996311016
0.20337950141691952,2.8590158825979346
6.525761009735853,6.37054239627777
6.516694326286136,7.926518147546878
7.972970552589389,2.386516773031559
7.683459285775592,3.6195944497988757
5.355019776436567,4.64937405649638
