4.0,4.0
4.2215748936284125,4.921811925338554
3.5830127688028925,4.302036441330604
2.9129340484054937,4.662545700956321
4.7612603998909115,4.57300459312882
3.648224020434764,4.185480657116607
4.803759161128894,5.364062089722272
3.7102952109083374,4.096903032598865
3.1352940653269394,3.4543526237878437
3.119491444560701,5.048794936327139
2.647630115530988,4.729813503304102
4.363856690949756,3.6642122567324282
3.3461513378310093,3.443222834479281
3.7673234714758097,5.315996958393976
5.275018147727399,3.554131863786356
3.7621569002695487,5.2078710508307
6.105946054906016,3.460974344633012
3.0111784001321276,3.0197477384687206
3.8272794119381413,4.725505063585878
4.443512781507034,2.8593493250285906
2.55741192588477,5.298653737694967
2.3452581851799685,4.217496496199096
1.505886839716088,4.267623684303912
6.403267956214051,3.916900819166438
3.455605039001683,2.57696571660919
3.301393587711062,4.853964683358692
2.712614897120556,3.793578802765518
4.369107425074297,4.6861544247442
4.244709143183307,5.3807129668151195
1.627707362441856,4.710644869355768
1.6075453023509745,4.069160902436161
3.9968040785191556,6.3053459763613295
3.6149646942026337,7.184549528684577
4.202248011236413,6.8222870899238535
3.225070773259014,6.122873070416869
2.6985537676454383,3.9969719723635917
5.537317641879999,4.471825674579321
1.8082943231674768,3.4580301352128213
2.015517300905138,4.80302969188245
3.7861555794495585,3.1705939096344036
1.7925500333156155,3.6861393498750763
2.407775334108181,2.839288636738697
5.607034627583031,2.9149184222207376
4.567439319540234,6.839716144844405
5.0704214591211505,6.822695344965009
0.841048104668654,4.989584235898664
1.6416176036666483,3.2529701804549926
6.36179711018983,4.342883277591464
0.2977507269331694,4.60741164166867
1.8026724213054663,3.155238491648305
6.029872973348152,4.936248629768243
1.8653959342741517,5.369187172742819
6.08162629043443,4.204927752772116
2.9937082908034505,5.938855084344959
4.319900705080841,2.670781252511147
0.9358476959962161,4.657831961269876
2.1795202557971827,4.006286377347731
1.696038114896198,5.197357232132084
4.665205667545081,4.139783837032178
5.197514704936601,4.268540516765519
5.2292716488467885,5.229670345065724
5.235543659271097,4.884464919309014
2.261104749898517,3.893028273351713
5.246746501640081,3.3939834371387265
3.4774262137777514,3.642006950191236
4.602518765443724,4.601659182552109
2.6338705405070755,4.3450311441630785
2.6888402154540048,7.524639673082325
5.394743662191411,5.962687144269936
4.607905412708391,2.4591485623176377
4.663866381178743,3.7061492740741686
3.944525002115399,2.1492583085220485
3.2697021846788576,6.29967471853109
3.8995196918100126,1.474113974993152
4.908769023695835,7.247904698324437
2.830288271336097,6.973451655965934
6.548737328895003,5.20156744890611
4.491686533659456,5.195634222051638
3.0500967785369557,1.3312647281964596
3.6837076727236653,2.4228878936235043
3.092676962090194,4.023153755381505
2.9839275043170668,6.072001895198321
6.098146786519667,4.336328295825784
1.8097414532274803,3.5670760589273094
6.800056064766032,3.3761111331848284
4.673123507591172,7.265373821314006
7.634042985321711,3.927781335796089
4.250112905741058,4.052817133315091
6.983649337086221,4.330620719578628
4.257292650122471,0.7717018126095923
5.028331301215601,4.94413547771904
6.723272640579542,2.384152963165305
3.8465157512946773,4.792340613250407
5.182832099763271,3.594289098197911
3.036114587582383,2.7422090832470083
2.620657693030706,0.9591927398913969
2.8128289616262183,6.379906750407057
0.04129976253938583,4.8663714950658035
6.465248926400447,4.365046125670983
1.0525890548501167,3.2601532615120243
5.503319969920835,1.9351831810812907
4.40351230395171,0.08120485887258155
6.020969768332658,1.1275658212079005
2.050367591813311,1.2244344391582622
5.374748154679824,7.413121655730326
3.778281506771984,3.2246264843742125
1.3038806303331043,3.4707813088232102
5.60092415728863,6.300313903545312
4.084413371151125,3.808438926549524
3.6189158817046767,4.11589215538415
3.7661184094145446,6.146623286397588
5.040763901771061,7.52965372227684
1.3546825806934129,0.6839587463116157
3.479462627733832,6.097631433528823
5.728404429088091,7.238627765470624
3.0930229249587944,0.7205073059211582
6.3902521699059545,2.7200798758164133
2.8110281645261272,0.5176734771262383
6.322501718560406,7.451981600416064
1.436927512866677,3.3205116917585187
4.782696527982748,6.479771170254796
0.7253589979973176,4.308199282518718
2.7279177777203616,7.975463036310987
4.497745990095739,1.6462675869068022
4.317379938866424,1.515038522511321
1.1019006758494303,4.392755915668877
6.787680838886204,1.6325627381141503
5.900750757872451,2.403644892900684
5.914231532015047,3.0920162955467605
3.0732418534804937,6.442153372037974
6.543456038157747,2.6574551117117
0.9738797319746277,4.290975887956694
7.554447105936197,2.9690710931053
3.3952019994650087,4.743397627187545
5.677222949395096,0.9804996943403186
6.426196879210145,5.090508281537488
2.9610901114447694,6.798332329254234
1.0676347772008228,3.7219016823821267
6.034522562505423,1.719217821259389
6.752107307446373,7.860613081098986
3.3388778015069622,1.4354670905840115
4.376816624747717,2.367445707102404
1.3626646206122217,0.08892333290859877
5.863102192735569,3.2421825898569008
2.3290115521067287,0.8377050858263884
3.847348758342518,4.253954837970878
6.44405563304899,0.282673597542936
3.8601520591785734,4.72667831992108
3.4501316410691087,3.591088806352486
2.4667246032663517,0.610637152604407
2.4111430557712348,3.682747774356792
7.128597494234922,0.7207422061880369
0.8590420297646002,2.977569996268068
3.2931031818800296,4.164481136614508
4.651311846280732,2.4072154044997927
6.266265962110329,6.89328982722429
7.318369944717594,7.778028930096192
3.9000964328550465,2.4094681280124686
5.5212764733220085,2.1707527892526697
4.855476223227673,6.371270099886545
7.2304226575190125,5.313115884648085
4.528483163308859,4.327033559997462
5.184212574650135,7.2494523833338675
0.9953690948315019,2.7895692572697373
4.487016097226482,7.691224612800902
5.551827996811536,1.8593361744596733
4.23011156298679,5.6155812379487475
4.933227429848732,0.0707571866117842
4.259615610417751,2.2009945050138935
7.810349474407883,5.606683348331309
3.8595611716182825,7.1321145057954425
3.1656670702149876,2.8953694490187063
2.638648186543467,4.777679037712356
1.1694832307391163,4.001650429320187
5.230950113235275,5.470886705602219
3.6320721873249244,6.848426271450429
3.9100741902301355,4.786458446056184
4.953698729872574,1.6186848583506102
2.042845364493446,6.6425035335572264
5.839684439407985,2.758959719339358
3.539626167856971,0.20037955553700737
7.029736803478561,2.384958307040746
7.167951811140417,2.038181082230592
7.2054986673760855,1.1173645568329524
3.238444731812871,0.5211929355094087
7.160917017543987,1.0094184254324094
4.147885813571967,2.2379840628284002
5.689089820319313,4.590122091534197
4.985203834664909,1.2740170781943023
6.683497507815979,2.9957443159529182
0.27341488476292586,3.1323798278025423
6.30534894075768,6.956679773655814
6.756324215864339,2.831155736883556
3.06179256737075,4.873585284185604
6.07545315623555,6.1209766823996015
2.132143529641292,7.4703939427880215
5.734394021906851,6.098643534716499
7.493168370232496,4.411927814280983
7.485687952676055,1.5839044060940468
3.7759190273408807,4.5436454208678905
7.852470409550874,1.3710710042811058
7.0016100357544895,4.140073794675982
6.220191065773184,2.8190876548148944
6.6786495341103445,6.437031616425444
6.804899060585238,7.577388987077377
3.266584935629691,0.680157776062476
3.692070759755471,5.658411202890088
4.332461982402803,2.003017640274427
4.219449856988364,2.493438964550137
7.456356773576755,4.820347945405658
6.119207865022767,6.0751269328037925
6.492323396746179,6.736164294783574
6.370663571184803,0.3149548407021445
3.9597822585423224,5.2662553724605905
3.8594697047858952,5.237706940865545
1.8530834084419938,0.181861746108253
0.6551592427257757,2.198645050017655
7.07006558095517,0.9723976697497196
5.5776407548138405,6.670579713222268
2.6968624254417124,7.533025338215806
1.2016073506963316,0.6932163992442613
6.693527525114468,4.492344343959686
5.461763055329594,7.194104189044221
7.324088036741273,2.064568315187099
1.8952336778148373,3.7186973228577607
3.897127225840456,1.4981236695647837
2.872788573434007,7.934297327354999
4.771641156637532,3.2661754360085506
1.416542621470045,0.771260552953378
5.033297509581578,6.09849566462877
6.58535228392717,7.545950691887132
3.397457299715116,5.9742582919693055
1.882234987458295,6.629043346069063
4.763305861475537,1.9603837196225111
2.6624847915847765,6.216419654356237
3.919310152917256,3.50957580153982
2.784399587134045,6.333747199481672
5.352113882219042,4.151171801871611
6.992392588824823,7.358659919913323
5.4887408842324605,0.403033138178996
0.9451583131161572,1.637921637149482
3.9926870716709955,0.3246438266458007
1.6817674154150382,7.291602561019595
3.6106508729649276,0.5852252017917898
6.542707815351405,3.0593596412383963
7.231633376686974,6.709834918991948
6.323012541554888,1.123682978648037
1.1971071820821138,2.539876767373186
6.1474758564850704,0.5939955992477532
4.823672181996435,5.0495827620463345
4.411415082834082,7.189261047939498
1.5849607265231391,5.178797631413831
6.177795588699454,5.008263153976241
0.3822500146488048,2.8468304992903013
4.373201112193608,7.793170813621948
6.507125292032914,0.33792763212065235
7.895318685702118,7.363993301026315
2.2435929988456724,2.4372854716422987
3.389227644476424,5.21888239944629
5.179980894983673,2.095186716970489
2.9553835091113356,4.261862473940884
7.934886832038089,5.330577583262703
1.7958297293053915,2.614389726931199
4.6564759036829635,7.589054408182096
2.0077727854504834,0.1914854026992714
7.769997628585427,2.5007934831199012
0.27776257182338604,2.02596606021254
2.900987217406004,1.2840301477455789
5.2146469723170545,5.866331091143222
6.626866835154512,7.995195781562172
7.56272607386964,4.33192926818118
7.328617122820708,3.5626167864058926
4.322388103445693,7.521736998549575
4.14387511870419,4.1603182544264286
4.833653301516131,7.546458994417922
5.983928361559116,7.711539830276521
4.0700259223292985,1.866151837544761
5.135229105276227,6.962113956038626
3.9694147150570203,4.785859117355862
7.999120162235491,5.895116561780584
0.7360481108258918,1.6942525404264925
0.19947146508556823,4.014848878611225
1.2128500454939397,5.364872038995264
7.342358368832619,5.467297627365077
5.4640753372413675,2.0800623196299703
3.387968933241307,7.544472942228388
4.2315217573028825,0.8778240388729301
3.433780268225642,6.5485488718302225
5.064164882495923,7.128209765933769
1.4356928709539938,3.859532133461393
2.004056633970973,2.2134813521948367
2.3042434322578567,0.6732202601023642
0.9891357953961215,2.8199498969160723
6.405129087279346,0.46266173719430004
6.466279626288371,6.654777173360179
2.429341323550016,5.409968885995526
0.5878102970292298,5.741767906725655
4.099358069575095,2.4461176389620745
3.753886637165958,5.426114607879323
1.2556669350201881,5.275692550773705
5.675440881046735,0.10267261713340403
3.947479178196298,4.608187782238315
0.38006208200628766,5.864421811808299
1.0755591486561826,2.6947932206065612
1.837278221537793,4.896888189702611
5.326084822170867,6.706131103058233
7.969280773074975,1.2742847375967283
7.076590769514501,6.0888812673108985
0.06396454544020003,5.750377199197534
2.0209753541419415,4.803143338855382
0.8440899954827765,1.0692952688894168
0.3441245383508127,5.64964584358946
4.617902877965365,0.027397613232885476
2.1752126870332926,2.4289716062076314
0.8938272139919139,0.15215536164073118
1.4659982302146002,7.537597022168043
3.399452595552294,2.751218177926491
0.7503888139670023,6.87658565484648
1.489983206455742,2.8644248305092557
1.9328219640293813,2.162514646114423
6.252527194713164,7.233510783420874
5.82485006513879,5.014689084295331
7.6299110048017305,5.73304932446343
4.174590306407246,4.289045174410714
6.869775067633514,7.905287261097613
0.8056432592365246,5.698416879496296
4.385238142284613,5.01762261436883
7.035403330531501,2.93701372190061
5.103780065698943,0.25726230798056093
4.594997281102463,6.735800005574249
7.7394698057100095,4.346304282766009
3.9158443451915286,2.1828793893996616
5.880589446826503,3.7147754220502662
5.326300825980668,4.183165985764745
5.933273878490116,4.986894948541282
3.611792447838595,1.0147619073797083
7.751861828768783,0.2205989079321462
3.469385144211558,3.455752888489587
7.215638661420403,4.652429533486928
1.3212659476429867,3.382042913591519
4.993873326494809,1.8640671331261274
0.9781413294754557,7.381238423490482
0.464496878951266,0.9064450962462267
1.9154374474693592,6.29008920470047
0.6719676774329972,0.550700461899134
6.448155077657963,1.6761423925706787
3.5068207936220093,5.926230958895065
3.878262878845053,0.04443900349603602
0.6013537457316271,5.142039247479568
0.24457789708810385,3.861360806343461
6.629015740955432,4.663434301617229
0.49093539576438694,4.642820432128351
1.9692488385142335,6.923892166199908
1.301462864291759,7.737948967293668
4.441373660818347,5.542054024479229
2.4185092615585884,2.445395205182778
2.727605868053381,3.524502727592715
0.9008037820745267,2.8149471822025385
4.770525951938161,2.770237282663512
7.484480581855691,0.3219296733351795
0.8471803903995134,1.8680684046386347
0.6620088218328579,4.106603603236444
0.7223773571742385,2.2443837435279876
5.436611982321673,1.724328823225548
2.2437439063032274,4.653378912914946
6.028620501078862,3.8782576759642344
4.325075997698091,3.536093427480937
6.585945806619678,2.425943065308947
7.485441435755069,5.520928294576875
7.3108048316496355,7.199626338163064
5.746324503978216,4.730553402175178
0.07592151757196586,6.353171950695153
0.20183022852065324,1.2686988292565964
4.349251972427522,0.9328278314651071
5.516552744091155,7.192964103917805
7.234472337844904,4.49796570951929
7.900547551558303,4.717945073635504
5.474035353293585,3.335205760571479
3.8670694410990496,3.39787094358877
6.333667182028291,5.910181436660531
0.5568341226589615,1.490927512386648
4.908569603757988,1.8558116243084912
6.841843864934729,2.2730558235472973
5.639985574894065,4.317415204470605
1.1223203160628694,4.748579881033313
1.4793040212034478,1.9019323813207407
4.166539659989136,7.642950098439559
7.50901302154856,7.772516589110505
1.3944312597976767,5.530796929018324
1.1279115810230342,5.557620321605566
3.25351216689874,1.8789415554349445
7.564329208947383,7.965286429330008
3.3449461328806036,7.591143221865646
0.7270556663534729,0.9039383913548855
0.26438012346482154,6.880834252176725
3.866800308950478,6.103677359740906
4.768969662420482,2.3876131013008344
2.6111415810894325,3.1143762215647817
3.762354670231776,7.429326685121892
4.1570482636212125,4.1782518554607755
2.8615980333132427,1.2002779359579572
7.80906497088552,3.3339123885591393
3.718356461562675,0.973229910652881
3.7573456738692794,4.903957381682614
1.6282599245987273,7.206476786994743
7.233221997326549,1.9748347039532943
6.3977567840694425,2.650362574345457
7.962374401451123,3.7738663699604915
0.6392187709383892,1.0834435529149342
4.662977396951612,6.1015398667910095
0.09012545253146342,5.733942096650433
4.199305290476374,2.0434315028766257
0.7364142312297375,6.083656615323907
1.1553919244026885,3.7211334444413495
2.1411779718588946,2.35410840457544
6.7500948386314565,2.185468248785156
3.763240104297104,5.804341898242456
5.779032164913035,5.049170469084697
3.8863593697781305,4.170896287208501
1.297876521576173,4.170476364044113
6.936827100245701,2.8920178425391843
4.164648962634819,6.4720234802563334
0.44371919473290067,6.916966706909285
2.8220090207181103,1.380936077046032
5.312698111032168,1.3602287555392305
6.128243944041153,0.5854850104322811
5.9011224472805495,5.417225651058304
4.282094565144626,1.8045308341037964
6.724581063942835,6.483506615369836
5.298762197425043,1.1086730657161645
2.884347335706191,4.95047983161891
6.462617230951118,3.2360383171747023
6.4698607357927695,2.4974263610742407
3.5773899260161413,0.9627883994286215
3.78537330400483,4.478209566124004
1.0549473991998033,5.103268717775862
7.868170699657155,7.0469209424314485
1.9142240856248574,1.310366929573739
3.2288911488370013,5.321944007934318
7.8105925490356976,0.38545400992333256
0.24639185105421824,4.709910993965546
4.281823502376594,0.8047140809327109
3.150014544743991,5.978631670775538
3.746122920119946,3.1326493489218468
3.846081071921332,3.1186501946414324
6.9483605499575,1.0765852556443258
2.744465573427174,3.8563122164103314
4.873848976085488,4.124448507085581
2.1853046091248824,0.4572351538411956
0.37113139580500576,3.788237846796723
3.3201345511881284,7.865540129939247
5.611782367028498,5.664890860464026
2.0274708909188934,0.24911971087509333
2.0893099025156268,7.486887641493642
6.076728419482892,7.207002445050576
6.795997074649954,5.871495602560045
4.929924401970903,5.828464526051115
1.2510966643408876,4.25713689573541
3.1075924315903327,6.045631000262118
5.489743943617966,7.238604915909322
7.542196643799679,2.103726680462141
6.408551109396593,6.435202650435388
0.004360435883912217,6.723159246411304
7.015099513094105,6.7954264646408244
2.0417007633538873,4.7653999797133455
7.606961238570322,5.8204273107659334
3.420437328466541,0.754636836830751
5.090273377169285,7.698475669398816
7.799214999595321,7.732827021424826
1.7706166112004418,6.81199342333021
1.2854984693969929,7.845201086730276
3.368341266898865,6.20662294849055
2.5274815649359823,6.356186543114418
7.379178318392816,4.44406933330889
0.5458435091773177,1.5765571754991514
7.537318177607155,1.1610438405230106
5.700229987190926,1.198700457839002
1.4021334281824842,4.849988520980431
7.536874100953654,6.862719949140812
5.396909399434058,0.8541231117510213
1.5482849444287856,2.476757906903387
0.0008483416769067276,1.8505108540729447
0.9243517932191212,5.084053310298999
0.08657851721240295,3.0955684486542365
7.5306348293971945,2.7676535131544266
2.786385451544761,7.405234112695142
5.519726350170825,2.322521864662491
6.075090093417543,4.32083058818453
0.8152495448561243,4.333940290273324
1.5108398933040128,6.4310923731641845
0.01654529417738093,0.5956667835404224
5.890537092517979,4.245412941935201
0.4894554618810787,3.919416697024344
0.9768672156657718,7.134720950502821
4.208814720283815,1.1999577930232883
5.401198032694271,3.0566161322698253
5.610214705039132,0.9339136695662313
1.2613153955965641,1.768844066050809
2.0735029505995417,4.757011801117675
3.7689514493472354,3.102982388827731
6.5615292849933775,7.743198927555009
0.1601653185077767,6.551022319570629
5.654215557102927,3.2001187420352615
3.27089096311492,1.775155342604683
3.345419898721631,3.8339800648620637
5.447384197654502,0.680029786981275
1.991790646892584,2.689670300743364
0.47167104321758924,2.282919306398938
4.05983735264089,3.782136810536689
4.798775582124445,5.004217312943525
5.453170280195531,2.6531307134340647
0.07817393505998638,1.8178861516800895
4.191331169409426,1.353428614181297
3.228838489092589,5.120335527714759
0.6986735823241377,0.7948307007619348
4.701832437062101,1.7509946238279577
3.1433261978994764,1.3563710014776307
7.851852963611565,5.605068708325039
4.1874287344362715,2.801507168977002
7.594493013401064,3.447828113476729
5.882218102276299,2.5286999741284477
5.02107329386062,6.491058484138145
1.814667145592825,3.34617085130256
0.8944273943511787,6.632139390771371
2.6359742451196215,2.0522581320409783
3.445201864549108,5.543143099323968
2.2800012557306317,4.665688852361356
4.170248644023514,7.640941858516923
1.4069075339004655,1.2500136229423546
4.586470214477152,1.110293600156811
6.495524269154455,1.1398243900406726
7.67560422356523,2.7210571020430194
6.165183060358577,2.8967437301849746
3.2865929658203186,6.576819240616762
0.5096814268277736,0.10381558297326876
0.20221385132038439,6.760362134096584
0.7710001347359396,2.2418689102428795
5.293567752454059,6.636883700556536
4.328866260046662,1.0950977539379085
6.166689599917161,4.843589733601749
0.8020045978784474,5.839212223569862
7.282940437457877,4.108185419753197
6.405565262536321,4.202845054988683
6.648655039532183,4.627005981789011
2.376842922964574,1.6136821511052952
2.32497551592531,3.9003336648158085
3.048797332343198,3.775086714959735
3.0658207369187895,3.0681654994064953
5.13627868282815,7.227285975922303
5.962673603036715,2.441382842492347
3.0863843617765614,4.085605429883028
7.8536421777423735,0.8390214441589734
5.1113700670235245,4.197949303788094
4.167296819308953,5.8256262529260665
2.2815747713411456,0.643509560125648
1.082882260842129,7.797837227815261
6.712320434842783,1.889489462175539
3.1610952721444487,4.549054615413254
6.299493623126621,4.7678494386743235
2.83387984972304,7.037918913513019
4.591383713097958,1.6735503076343337
4.62294457043976,5.12833453384383
0.6104276777504856,2.6981474260807223
5.7628071347301395,7.012561711156533
3.0712509135875834,5.733872303659047
1.3183381292416207,1.9520333669846766
6.627426774215527,4.618077552745338
0.7181737896564915,5.9901070248865596
1.946379616304852,5.517842184754294
4.618871934971076,1.724501932872144
0.1198502016204177,2.1873000701951053
0.42007631308754867,6.784440603158505
1.8230514546412406,4.57940270407947
1.8862761209580574,2.584128515030242
7.327203479443966,0.23849740011752996
2.8924234083052305,0.1867167461362298
6.2882881697922635,6.833178200884817
0.5237649405890554,3.9269322393869057
0.8601023499009663,4.266718628023854
3.8896143710835744,6.773171843576472
7.796342713037046,4.7948284164188735
4.561949710330201,0.8449738934547355
6.847408427984753,7.722021875401831
4.069117150013572,7.813372872147947
1.4097432369794047,6.1518774737835775
5.347824694214428,2.4095668009191
6.501655250845922,2.1383121180933093
0.5840877064429373,7.980663117694126
2.2733765892497733,0.3352868355559533
1.5628038966312578,1.473129664393677
2.519041767143146,1.7220045298274549
3.527325527973259,3.1762390880094777
0.229618713510777,0.9443081001471452
6.983946600477765,0.9540269228267686
3.2122256657580204,2.0221948895682713
2.6989657381145102,3.730373794633545
6.275354923022206,0.11295980271492478
1.0384383387968255,7.317427002712347
3.3901370188114317,7.644810187155317
1.775650865427603,2.0928430633579396
4.514698275363243,7.794699827666575
6.548632809663917,5.156427989252236
7.146947357702528,0.9194746204113242
5.895236801363854,7.4722185427380445
2.5952027182887507,1.9433670280772697
7.104826692488423,6.236586689937669
0.08095417942673411,5.477359119196611
1.4353484124833304,2.6423535707941435
6.492960637451811,1.8936260337098805
5.421514088700824,5.740823668581092
7.582836602529228,4.2294322694414515
0.06488888173596763,2.4138374238448446
4.235858628783412,4.790959143278389
1.9866306504036135,5.837682542042298
2.805742358105353,3.5923450208699537
5.203837605364351,7.104174679520981
4.672781322607509,2.7040005773707696
4.267217908927431,4.916965971884646
7.554828949937494,7.529385906107448
3.3150765663483988,5.27199687978185
0.7165020239979869,5.427792062613751
5.171726308858219,3.495968537964707
2.0901983787907668,1.2370889580450122
7.522575612543348,7.372487756590681
5.865735098558315,5.409651740093793
0.7696896533484026,5.0422868227013575
6.709643878599911,2.1217328203884174
2.1524976424054776,4.727072946339381
0.6900607024785659,3.1626729670442097
7.034754402042401,2.0917115922607996
0.17509672119982245,6.818370869659829
4.701257734147149,1.888579572724585
4.819514290493661,4.021858445930943
7.195031440585249,0.017832292458051846
5.61256714234765,4.106895412911106
0.23117690837612503,6.719418358337303
1.2587397594333014,7.268125472604367
2.3507434628515256,3.561710528731772
6.44325476760671,4.615953548022422
2.40598638058868,2.6396288415670544
7.366367066677979,3.561041552554536
6.929011183310747,1.044190756762771
5.073437167588577,0.4227308248658437
6.991684952927974,1.1078492438460463
7.393470697066816,2.9170486660613344
6.360291429650704,0.4745499819108634
1.7306754619434868,5.192424913714834
5.103240457489146,6.915487298683327
3.651998720613541,0.8853791133860547
4.613099788314229,1.8262185375776525
7.0962125307229975,3.4682515325539676
6.69073322905915,7.435200475326679
3.5335205105148866,5.415368169957202
6.872158011288312,0.3217925475435175
0.7040179712994661,3.479820371310425
4.585036021862694,4.208107489026736
7.875323872359951,3.8241207681491316
0.9210446921039201,3.2383032470097284
4.070107433155404,1.0015060943214538
7.158534498572833,6.634197212325493
2.227473853955755,0.007394528668674738
7.538370884436179,2.301751449683046
5.299268595420572,7.123230925985628
5.20422943869629,0.539026123652822
7.0701527029486515,6.1703953901906825
1.883738745620665,5.302202242525113
0.30798898794589125,3.379710469507967
6.758504150959952,7.111806121316861
1.9129450644415664,3.6563879977759575
5.946487851803977,3.827717900997409
5.203763609833975,7.274566637473256
0.7737582385435005,2.818984976674386
5.694456583964006,4.863467891373314
3.1011422805461084,7.41283757723145
7.520232965342831,0.1544368346765186
5.916519273687142,1.7039049133577269
6.376265649756184,0.6202542918960559
2.9732286126702956,1.2192230464653813
7.550907803345429,4.817744768202778
5.087428617007079,0.6916708271188483
4.386908210561125,6.013209866000347
3.940890606960134,7.144679672778492
6.289559640011574,1.4985190201359755
0.5315898375530086,3.805368884063358
5.098293910424212,6.909415580276177
0.21615212333530653,1.64700873364664
0.5891009054336731,0.21852292319861277
0.39619802646586777,6.48510716663371
2.9123236207086904,5.501807754640863
6.487784205550283,1.7061299812690294
4.013239222597554,0.41329348300378665
1.3304438118482995,2.591959579130293
6.987409869389759,5.845861944386447
4.577870363454296,4.556112600836694
3.344908950294786,2.231865313538939
4.69136961675558,4.898578196485259
1.7226166942701564,4.68469005335272
7.005324263106864,7.982537039916656
7.846399956775204,3.61788458227055
0.6244485931605723,4.884528517786892
7.667079562432349,5.07996363049456
3.842492520961751,2.2022364194609763
2.534628805711204,7.713865510324686
3.826888453570163,4.256337422807815
1.152772914774916,5.949920619763067
7.535575120814859,6.632477698820219
0.8781700879867484,5.325138416961616
4.907665947089298,2.307404039791578
1.624545678596518,2.572776602352727
7.753256585931854,5.094286957606926
5.547628030329073,3.9690895739769845
3.190238382924889,1.031414450488616
3.745978128191293,3.4882924393575347
4.338398723132673,0.6962152081578514
3.214567882494636,5.989225859908216
0.6383412372157906,4.88619133312064
3.060491709776535,4.126088733638078
3.907156047223693,6.063334073473682
3.8776527138974703,7.224432281957168
0.8748903913942438,3.6432135910403236
5.4207100998534425,0.04556935272483731
6.589867358583236,3.2826093855453538
4.194877379944151,7.7927713101813705
5.022697018018051,3.1304106819107114
2.786087647127351,5.539948192118696
7.957480401760952,7.1328232669352145
7.310230217167493,5.323175590970742
2.4108469091076605,7.90838731233851
1.1800838799430453,1.72488500199798
2.492031508076469,3.514591892414539
2.271682325865936,2.6172095387538636
0.04761240310282577,6.8546331415371
3.572829934099265,3.0473898832325945
1.2283924460622986,6.747376187226323
6.220102086394209,0.019478907987164895
3.5112423469971112,5.86758145456641
0.8239471760656913,5.2668768795890095
1.9427622390537689,2.8995685377965446
6.441880125044408,4.969831809338103
7.09122943427219,7.934267436805963
0.027627999121232705,5.248500000479167
4.038470767129645,1.1828991800012858
6.158629561631769,7.490207951610945
6.210491454143462,3.0180945780797135
0.4596277332276921,5.211222582858237
0.8024181362076019,3.986018950584884
1.2905124707292748,7.898183451212389
7.771590574070565,6.849638555565093
2.4892359641019537,4.1166287371880195
3.21322263990454,0.1376677788814611
5.022335388618817,0.6121658134438803
2.9454645068194862,6.989489121892745
7.195099612583526,1.2887254014233882
3.2776799049759626,4.170829248962876
3.6058562305692243,0.47388015730298694
6.891615514153051,3.9526593215292722
7.979466956847463,1.3584247702406893
3.9396795241075733,7.982927417316034
5.152025171274535,5.446128071292521
6.411070788608082,5.70822791779675
6.142265802680699,6.122879754224133
0.3895351183211426,6.756955387731645
1.7587745169160005,5.199968629175772
5.317046630831697,7.081562853312313
5.964109389583304,5.061625776430301
7.753574032955373,7.921917423465897
4.687623676317526,0.8555263820283798
2.0876467832111043,0.04325945983744184
4.70954984715428,7.680966808498456
1.7349443516110883,5.047360094855949
2.838386610255987,2.037692535806947
2.686135332090992,7.295465860405132
7.629194420799347,2.2622064361502057
4.331831854971783,1.2526919128904348
5.0417407759564075,2.6491776526011686
5.525460268843386,7.633103026650188
3.639458119864268,1.875781246384288
4.811883141895906,3.4830944773238715
3.2829441708201,4.0748436066250875
7.532845155289074,3.5216153662912992
1.0604340875221103,4.614380420754258
4.0658049623617725,4.166757161327939
3.190651790669766,0.25706014205503
2.735817418344716,5.1764682475773744
0.9899196843069857,6.862584110923465
5.8458574780319825,6.1515820655924145
5.664217890030749,1.556473113217602
2.0067551447801266,5.142906617469064
5.863278066864717,4.363670492414935
1.4530272778388493,5.909002136080623
1.3056718482393341,3.923966609036362
0.66946700554477,1.5463983196857543
6.507368973510592,1.228080956482101
1.166981920901649,3.620962797366605
0.5144814013142511,1.4682747164514485
4.765696631968542,2.0981271696087624
2.8502778688114727,5.033039533720958
2.873103291992572,1.946007402012369
2.791178580016327,1.890522881837696
1.8526404351750463,3.6585109707748886
6.627437227217577,3.279736547279942
1.183068437401392,1.9639799783978615
3.679878962967422,1.0696782517079297
1.6398419251074845,0.25765961100678947
2.7296823882289543,5.591312587351365
2.8966246677637235,1.239726646744602
0.05354934162043001,6.692664413360544
4.286594132501032,4.086355649526765
0.5433049220957296,2.8785991510371325
7.730803812522521,4.383337240189503
1.9137403745212493,0.7015245732364397
2.466454343036621,2.5447472689526087
4.061830079850112,7.290076818166191
7.341608684169262,2.0482516848400403
0.03840779869749955,5.740570238624655
0.19631755858703226,1.2655076253968272
5.413976408858763,6.030889054984152
5.566510000470195,7.5819448283740805
0.45726434494421486,4.956677625393947
7.060660130217504,0.05181521567775427
1.6216654655336047,0.2457937372649983
1.3416436458556378,3.882633959484825
3.632011623939947,4.564377822975858
7.919519836603884,6.777155352470025
5.605731624228785,3.4255081093752118
3.5771748398973404,4.914561479326199
4.734003291779031,2.707684880444017
5.997537032978691,5.637526271444934
4.47603166723353,3.0566818693469013
5.70157006966646,5.792358398206707
2.738798179684254,1.621578484420228
2.9141576335042423,2.328306058272421
2.637414962265823,7.639261671546092
6.922105428484544,1.4377981242558606
7.397506161643304,7.723957291630124
2.3688825776075344,3.5182137133887865
4.3825860104028775,7.8789029662272325
3.089057137120446,1.3523695390429848
2.827413494042573,5.825565613831483
0.8678691261728417,1.9992418619693746
5.6246000143410075,4.25157057032288
3.11566724063258,6.306960548778549
1.5673567613085373,0.3088107224317804
3.682571668649409,4.0954587600705405
3.133658112060975,2.993092552929814
6.677720853893075,1.4891662615544252
0.2758781432380095,3.5134977063801616
1.4056838980221782,0.486686002937585
6.876548704005676,4.812269520067141
3.5028225270022153,1.2835828746043507
3.4051751775907464,7.651034939562428
6.026126699822606,6.046616008166216
3.334200560682304,5.116778961762846
6.652069920734196,7.916644240477747
2.6897749020790647,0.30213962838425257
5.179098064891763,7.510393954238344
7.4280759687749915,7.833322285273647
7.374967637797819,0.8060300078457807
1.1204556386742963,4.540079860264723
3.036251166112537,2.4673704913418817
6.314028738006985,4.017858430121184
2.3308677291048383,5.074630206007293
7.829069595173725,0.633879320173306
4.177145278705784,4.466879751460097
1.2750419719724873,0.3019094389564989
4.753237484600222,5.497186437810121
3.490847936391602,0.9714008860020389
0.9319050158970601,2.1175817643740986
7.095009269729707,6.524223205131275
4.451320931560196,0.8865871960573504
3.277217505894331,3.7761649793688488
2.2935743448481105,2.1238989763177374
7.083317995678721,5.580745225930967
6.794594082551283,5.668739483057929
5.44877896345832,7.250896421606388
7.037670531116494,0.5986064956095642
0.5071262447002338,2.6057288982620905
3.691569868516832,0.7923277706928742
5.069135519588722,4.784039969984454
3.08755915206848,5.989978804509614
3.8123932583100366,3.6810761383642046
4.209938433631188,2.442867118038648
5.2314032414792155,4.389282992310037
4.164175971088465,7.279014451107655
2.0147787935765384,4.799491361325342
3.913365477080122,3.1091486488201703
3.994117569020232,7.556481336932084
5.103307075873095,2.9901411653709866
3.3390291472887164,2.5378742059440125
1.6119752717945897,7.484547093228113
2.934725408706311,6.861299851303127
5.307772958057479,0.36975590219111787
0.5755851164743495,6.283479939714637
7.266384240837003,0.26461097038056636
1.7943523131848709,0.8008359191672039
7.179992932848416,0.6021313752811919
0.2560156260748787,7.186488277490072
5.882469290612055,0.6314198193080962
3.633473215213387,6.917475620808286
2.188333427044867,4.000113603597253
5.257259105095588,1.6574805293900328
4.342847477647398,5.09415128154323
4.7800734049639155,2.0195125350960454
2.4534671963329098,6.675645745173087
7.712309239475607,7.2762080256938395
3.5184768110454607,7.7323597432321
4.679983737406133,2.911696044219717
7.346323151455748,4.178304533487805
1.3115039945413178,7.571158751522012
3.8956985081790254,3.7132517536487715
2.372742418443761,6.425939709369499
1.6169151398751929,3.83469606617854
6.474160789055137,2.0224655464422794
7.24322157573239,6.726693591201923
4.562707803672444,4.227159396897462
5.9898498258886415,3.629874894563467
