4.0,4.0
3.9616118484406835,3.308201775487052
3.5550045632080796,2.980400387828867
4.228169514226153,4.1791067984763846
3.2873291450344118,2.7816677165437964
3.004762458858992,2.6365485653905756
3.8117863514562575,2.172729079723224
4.85217166951706,4.197911867216056
3.340482272945674,2.6400818312882803
3.393594587298331,4.391295037980643
3.0901678451828527,1.5555443851092177
3.777205187471794,3.838984122550661
3.4828436103452303,5.139807165700651
2.1569524527274604,2.739096500292945
2.795647764911749,2.590672828184556
2.261281932740798,3.1171945984325538
3.644199756781246,5.032411148932448
2.9905794706619426,1.9379493322583308
4.648937640785684,2.9947071695367837
3.1045357434912173,3.4420259112539453
4.731485192576911,4.576078074507366
3.3139281423222684,3.5821733887641587
5.315693339529723,2.9683015867471463
5.1580334796548675,3.9757105540705346
3.6432003317380985,5.597839518397629
1.9076266805354862,3.038732392245482
4.290646139480089,3.462099614058163
3.1271247218205795,4.6353673514516816
4.790793285022033,4.601898018850997
2.7297812472228653,3.4222283126877935
3.7281957424477428,5.77195429286581
4.740902367800621,4.087190550332227
2.678602591066231,5.2700756603213
1.8053532243689583,3.5747794018727124
3.757289830955205,5.720715607709521
3.7902504822496725,2.4855762814685507
2.288962549361088,4.839876988120467
3.8858005416017036,1.0052955982237766
4.702447406343426,4.531794935794539
3.372712834287989,3.551493744313471
5.344550752454085,2.4236196186357892
2.604007396997532,1.0093225191926711
3.6339775719025456,5.448078047564431
3.4458697525529587,3.5172351777176605
3.237927412290963,2.0175015015364703
6.05226271229261,1.8632536499855377
3.236932590797932,5.302453245083075
6.7793653353127015,1.6088277308277297
6.863394694367621,1.172555237567284
3.9776179620389476,4.27134145740294
4.564060295852998,0.28461859108128795
1.8421373063367827,0.80956749353075
3.2939503493187194,2.605039758508571
4.603115858354165,1.4178619394656868
2.5834423496074015,4.35013657981829
3.0136634701148273,2.326534954612991
3.907912814029867,0.9888283493797596
6.448970133825202,2.340536047658733
3.151642853624943,2.0189133940521
4.081853343876217,2.013575270744897
7.23380287730082,1.8237399700230794
5.672071388803516,1.5354157595738052
7.401915369316376,2.402027899815727
6.474152643368218,0.5033797612707778
2.6701520643906322,3.1195186660554963
4.105210428515359,0.2356571531857421
4.4093315459612095,1.464383281716871
6.249302836319264,2.3405070267264447
2.715556672870618,4.515579560004995
3.504125992694208,6.607599693409695
3.384562459503459,3.8640473178410275
1.421853676239924,0.592725541534497
5.275223012802672,0.016590562505711226
7.420678244767764,1.7647127044336113
3.632062622392006,4.577699273480755
7.561695604561556,2.565628448776227
2.4661248570812493,5.023911223222687
1.466664594833655,4.909364455034948
7.327809162541581,0.16689422503517282
2.4339332648965177,1.9351128598492728
0.7813986856343709,0.7532145169700515
1.1088054084434749,0.33291107936639275
5.669489319855154,2.0391086863235133
3.7532909066064963,4.132647983094151
5.418605763521828,4.443962378630138
4.140433942789221,3.294123094012413
1.7694164764482254,3.4769438225524345
1.78479827646317,2.3219764893611803
2.6848820890495153,1.5653755795862283
3.9935576008906555,1.801154505141442
1.1596381811403829,4.322516236797634
5.911884189552736,0.3999944131888471
1.5802686813001596,3.8995674700101546
0.45199911337951004,0.5103376708706593
7.195055077916776,2.296815164030205
5.4069343343389,3.1022963819715246
1.5716439911285178,1.675467677049867
2.3276338637522738,4.353964155437812
7.0683467958504105,0.5024395626287292
3.9831035160148813,2.887784956080754
2.727705177837554,3.3990833028631204
3.607267005795805,0.7256620327910284
3.717207898302987,3.6699823270396115
2.6444246076305165,4.489948816982233
0.7618985475071529,4.367893992213545
1.1320699065017177,2.1601463882274876
4.2865140029018685,1.9261211593268426
0.466043342261778,3.6107832689276362
5.956758237654869,3.252421559967641
5.219894059365151,4.2424508705213455
7.783165046330431,1.2930186601264682
4.3082106913433265,2.505973665889936
2.661067854563435,2.608215872375369
2.104530555689535,3.6805514511507322
7.275676871488935,2.2674208504190325
5.832043597204703,1.5764852509159466
4.422749244001076,5.024551067163351
3.960888590416886,1.8787826868322428
2.356303959524622,5.4635597239670135
2.609154081026359,0.7039336759174981
5.064412612476228,4.486484377886784
3.9957018720312947,5.516908612371005
6.437582215625937,2.9887948425160156
4.93966567814257,5.567698961776606
5.0296328977682085,3.365392895620759
7.965928140396194,3.172607199496592
7.772022957750807,0.5376327400069547
3.08046879657038,5.596600335225792
1.7332966440372255,4.305259199053386
3.9242686249611856,2.9233958281053916
3.143626975477166,4.527870020835499
6.94172119619308,0.745132886126826
0.7573779528760172,0.6748647626290927
1.1580724858487956,1.461692626130124
6.728308098499504,2.1056107237567714
2.362119988744804,1.0788052589174004
5.693229011969682,6.058913818941315
2.195685177489132,1.5615483591907005
7.130581875821467,1.5281949901830627
0.2210617390390004,3.942301149806167
4.346004324930792,2.0747051213404823
3.7697377534098644,4.083114300308346
7.7098406801634605,0.6616976209047039
4.3660145925600435,2.553212678500789
4.15932618394341,2.913137073299181
2.6114672959899528,7.044511019022564
2.4930615197061954,5.357408280352735
0.9048941849519867,5.181361480254205
0.9782682273683818,3.0547371257235367
4.307195734160391,0.27175894106882037
5.899100397281648,5.016913330527541
3.4705013863544263,1.2349522709437535
6.296226197193041,3.0280808344756887
5.942633449354909,0.22305214024977005
4.044793639809827,6.979759451708307
1.1236630252726263,4.873235719066178
4.943069429216051,0.7573874681207808
1.4029660520006253,0.15230720317974544
3.77244817928095,3.385230880030284
5.269762767103281,2.1271009784921393
3.3192975690463378,1.8972679817899927
5.327140580262764,6.241801319010996
6.243285889564041,2.6026074351737014
1.3174562991806757,3.3211898570833505
3.809162224913239,0.09805505730996433
5.468687538097283,0.16908685519482347
2.5890540352042546,4.077356785977559
5.92665232002557,5.020583854265716
1.8334558418845992,6.262026057376677
3.708366962128423,4.8501246404354665
1.8464731603120441,5.615216342811264
7.921408209553092,3.8789455792113863
5.019399635277727,2.3158362401088306
3.8743244611171876,4.291934453036546
2.6852321268751442,1.9724212343377054
5.012752552117991,3.1804606928145693
5.255775960670102,1.2114250530926318
3.1660126615784865,1.862004514487423
2.6021980401377034,2.848779982568029
0.6553100565002286,4.923406368015535
3.0298957283621295,2.798844821118995
4.542798096032329,5.1510791939128415
3.697701959430362,1.0889044453874552
0.8757344120800372,1.0361470287627288
5.859656826727851,5.497775892158549
3.1700393613958715,7.873251655968849
5.339242637504501,0.5896363000247673
6.188766391001307,4.391420652952904
3.277117207544559,4.057789000632659
2.2213319372671396,7.030798345776983
6.725729596986341,4.906744941816735
5.176489119123721,0.955822027033876
4.520796624774102,2.9711462673780256
1.331873502398043,6.773406421541614
1.0033202682566555,4.051763476774434
1.429484126144196,1.4051526221757742
3.008488280369227,6.7679896695896575
4.285641907875196,5.800544765674474
1.6911962552579602,3.1801676680286652
3.7350726509228602,1.1875269474801602
2.2324351613696694,1.2330069648402828
1.2110810018600837,4.126331570215268
6.730101388604087,5.320098284981091
2.4647053309101796,5.700593285426672
0.19633896570829723,2.0909859248408322
2.194673264103238,6.2754349984258395
2.3096324578932013,2.5357552372818697
7.384998103962736,1.747928701825841
6.495770629512429,1.9755638156880542
6.587072919757855,1.96540031723615
0.4700952776981202,6.844614869271126
4.064329638672252,0.3773854712192497
3.8507926721851353,5.397148979930072
2.0697543791459125,7.138540244545194
2.7333669064967427,0.6082705673450048
2.7782156481763565,6.83723124895409
2.342673086025684,6.6816232770247055
7.25941592354552,5.41995524186838
1.4027089344323356,7.729719104257223
6.492711572374159,3.5776763050623073
6.350773479389561,4.8971194230079576
4.819308460402562,5.137116864500997
6.84093497773813,4.9554491257055675
2.056942337704057,1.749096759279615
1.8435631322616617,0.5947516579641157
7.868533140683432,5.528650454975011
4.521981830048049,0.9958410436194205
1.7106514444536858,0.7696747014465206
5.532252169137197,6.181896601570165
4.7044293442260745,2.7155451102434975
6.571932778240292,6.346871442444851
3.3359342373553806,7.959667251349117
6.457411125070928,3.5048436726373335
1.3163466540269635,0.3830675806893158
1.9167014012723174,7.844816553761303
3.9986523471086546,1.4774541261325327
7.979783991269194,6.068021923121885
6.179310757924526,4.463375154562942
1.816851791653085,2.3698695118543798
4.736783903700094,0.29432628044825293
7.124114030385527,3.792879475840304
0.5552232830800916,0.09856814703707606
2.538984595066876,0.5727861600326927
3.444684663388699,4.066770758619878
0.3597668678271626,7.629721327464326
4.605731618527774,6.456649999820092
7.915837338691256,0.17629468982423901
3.9740945083452193,6.269778756431178
0.08490196008718964,1.4878841132451734
7.550476974141089,1.6430745070978467
0.33672148513633804,7.345444921517182
1.4606283146579804,6.418665188282227
2.880762708393303,7.837554976156014
4.6626235894626795,4.483985125980468
1.6146451393671022,1.7417085669430925
1.4282682036740377,3.2741034010849157
0.2242966926561074,1.977586046072993
6.2964797699081645,1.8688505749555961
6.7076328770983755,3.7275119774498773
5.197296117053581,3.5294322641288325
7.4239858795580576,0.36459855727405266
1.5764301894777857,4.287137307783984
4.112634009666535,3.64974364155755
2.2894798673254284,6.07452124089823
3.5956074794691943,7.64375264015578
6.3025125489791884,4.96789603724787
2.3186536970731266,7.994686092624372
4.5541961171608545,1.6654876512735441
2.4077201141208215,1.796710894701227
2.5697046625349813,5.005018067786971
0.9133063990111117,0.5901807751543293
3.6323629613741053,0.9583646341991194
3.0556273242207563,7.08665835872035
5.189720871225892,6.620242947139528
5.094219883119814,0.8828888736120764
6.963340905113049,5.80523307678419
5.961310456635254,2.3197071715376234
5.043844175167752,1.6217918731546108
7.5957637167538286,2.699958005711757
1.399684862793504,7.925629218042971
3.5168866383948725,4.851806401706816
5.4156578325422045,1.5971232364084704
0.35788822238360485,2.861064453444941
5.454818380114317,2.603039992958033
1.1252186192930678,0.09746652103625042
6.820270566706179,0.4437470599623934
6.828264962559335,0.14203194712979172
1.5156440169649787,3.898400655113339
6.937366602747997,7.0489940089131435
4.530921748061771,2.0644202367287896
6.467234844312996,0.6877355850444893
1.7262029205906213,4.368318574028423
2.3911186741196966,1.5627951168675418
7.484782268915629,0.1204940277226143
4.819205291465685,7.24816202663643
5.900248059947945,0.290150062487208
6.878272903142637,5.4095423343742635
0.4541099447345216,5.602019301987553
5.461437707819267,3.4053360547156393
6.550593056236125,0.5271697690655905
7.120466286663185,0.10168929339610511
3.474998767452119,2.449470860115545
0.25350197990705947,0.9839024900686315
6.163225241023221,5.190287858638296
2.728486717530454,6.995112592637711
4.275366255931225,0.35001560904246
4.174922263921667,6.395517864214308
5.428894802291637,2.663233870580056
7.690652504731108,2.0334652361256333
1.2946768131409252,2.790824222831718
3.5221652327282076,4.243507137770839
3.8244102336100383,7.229272990871322
5.826379809065024,1.931528201042382
1.3983266531590184,5.163030506584271
5.157537477619259,6.102921239093382
6.042851644103406,0.38368988968632944
5.841630105916098,1.8759134291208275
5.005277889483768,4.879954733763621
3.2306341952011914,0.8726777579373968
4.668294534632187,4.753714155768626
0.7888215955651079,4.515238480364587
2.5454990828126585,2.9170539015002124
4.240423619655,2.2824335317258297
0.6569761528564939,4.976613237095116
3.135562097571933,2.1428887933495986
4.930053549399009,2.977421828964613
5.095204453972114,3.6535319631098364
7.945917813101233,5.794788571917429
1.9576994078657632,2.2366600317209127
2.1045516150891785,6.988390645934307
6.034620721086091,4.460960027768522
6.083853080564863,1.8782258702896009
2.7376276903735297,1.984260447560767
7.553774337070932,7.532375474840461
2.4037752275040045,6.179472105482394
6.31834349987929,7.239650627187064
3.2347355784461964,7.664951860384948
3.918621145240282,5.678651543467838
6.471544081977953,7.965068224574753
7.11605533901717,0.9844473860409524
6.521046920563026,5.428051287837346
4.8565008044651155,3.221687175901253
1.4593957744465085,2.5150023414113143
4.6729824507586954,4.344694457267916
1.9627178736814441,7.040108302004266
6.9029699325285065,5.467271347218632
7.531676355365198,1.3445334844726542
6.6279455424621245,4.011624461455737
2.132851999044413,2.1650333999485545
7.83539499322428,6.49825744281075
6.915244118329307,0.4017842222255119
4.582473272519233,2.2887862832232386
6.387273808253704,7.181470515039541
7.876296114298177,1.7682216805065005
1.0515510729551831,6.725121006598325
0.7922880916698753,5.038260564631801
7.481972583372287,5.066153595418196
6.2211863250118276,0.5522862951712888
0.19594271618742098,7.587003817432999
7.689395001629064,4.764895786566616
4.597821801024568,5.468565135479137
7.295606622326804,6.671594018829521
7.416486813608522,4.361710665860508
5.9677338316341055,6.875116529777183
6.3695416861505105,0.3638745657647009
5.218006867950413,3.2763514734006636
4.295075430935325,3.3601554782656526
4.008932835672576,7.825853906664476
1.5122344254512443,1.7067820353582137
6.015869350809072,2.8484036540026034
3.547387669268203,3.085544713768228
5.632157388147079,3.6961973182122625
3.354642584805034,0.5042746872484942
2.0409425299638313,1.2425095839215272
5.652912945516207,5.003633032520092
1.3145479759776926,5.968391559315299
6.753529851691544,5.417592072432838
6.144601771195114,7.562685201696811
3.189417472236471,5.233546412644616
7.560875210034152,4.420439151839163
3.6980811944051,3.6960750662612485
1.788486438003778,6.330594452124897
6.4109257442336025,7.843350479882291
0.4630730018046565,6.448512935674812
0.7729348823170392,1.5215504494556988
7.019184154647465,2.0691042174128738
3.8228692297701903,4.180193668706962
4.1230287687325085,7.528270822818331
1.4511750833472998,0.5434180751040305
4.897136301757736,0.13397879517929745
1.2052171378139294,4.856257633812079
1.5672579765461725,0.19289766306723788
1.891245149703158,0.156030213588652
4.162504190547301,1.4749960474020885
5.162146624635845,7.506880965921041
2.0468572853994615,5.106941701323268
2.098549666614577,6.7900164464699415
1.993835992560956,4.554074849967581
2.732589746858708,7.954677850414618
5.114975921141169,0.4406171667741887
0.44707995989595606,3.21657329350918
0.10409161870408656,2.5741156789553985
7.047636490134825,2.658795257925954
3.9496435917261223,2.5395982155511074
0.28858671440529804,5.5748975053608545
0.015069206111408384,7.0977007323279135
4.928117171944139,6.796738279195856
5.738346794979356,6.263550743689149
3.919049259876039,3.8798315995637207
2.1912743274685624,0.2959123702177333
3.3833603608316736,5.239780933016507
7.613719650381124,7.830960992308406
6.7224386408362395,3.117748593726658
2.9084904333626787,1.7206764984088405
3.265869024518291,2.7291195804052917
5.439079053469429,5.174239257517348
7.9460804926359625,2.694429843571018
6.256821375591497,5.16619352101603
4.098155576325746,2.7837946641775755
7.731046659199011,0.7960755079423665
0.443226586129728,5.011224791982931
4.477916704695725,4.4178610703198125
1.9693341305054508,1.2789741641683223
1.427363047194568,7.233885284012155
2.0797641852036843,4.287121318890008
0.5478339568753112,2.6059917674160182
3.5137724208667365,7.5631331719597
2.4049477851087344,6.574087870679846
3.5553223290687512,0.09588022623657455
6.001770284514351,2.212878391340408
4.738480825114951,1.1025172049665803
5.830689531920913,5.691481790393648
3.3695342755522724,4.960748214942048
7.164892045543848,7.725745882742773
4.282252328731381,3.2711150766742003
0.31051663818520936,5.571718015323302
1.4153869416465161,7.707129472312808
3.9307508323973135,7.923725196919436
2.4649780574933517,7.4812234732593215
6.941077706777258,3.087780497767323
6.010731327206598,2.5540670970785255
7.991371442765684,3.8580070487460087
1.0829258385808114,3.421575630931671
7.744399979599879,0.2665846490792614
7.640945445133522,2.552602955593149
3.657372507662533,0.5253281652265418
0.6632653852095167,2.4102549710080714
6.538452056092149,2.1062244992888894
2.927820937871779,7.607534607727947
2.841384396109466,0.06275503654835823
4.846301820444439,0.7360619874381609
5.391518648428403,4.807654510886596
1.9433273468156234,2.792427018377869
7.8559406675225265,3.7576451658000343
0.46872258196479155,1.7383178358779166
1.7061320410754117,5.759529514310402
5.093869954047806,7.392636709095618
0.8968740142351255,4.712281156156508
2.232289634376711,5.818848425540569
4.251665578572167,5.4393996293104445
4.006668466641629,6.28281132132373
5.630374802952917,0.04700625318646967
7.421182018937211,5.350639542907613
5.842449595899023,0.32750181484219265
7.537364518970502,3.9471574535082334
5.16511136304657,4.626505611897795
5.559493909077515,7.772094869141232
0.8749430888976031,5.508343059594617
0.43493399890667295,4.937511424171584
0.781119604384628,2.505835299141606
3.398949224178759,7.704694669270492
2.3225758170393114,3.454393191660251
1.3793313539783707,1.8988224269014964
6.721407924006644,7.815420931855529
1.0189133751130939,4.816948939929135
7.03346979026332,0.6712802093983976
0.13793930659872,3.9526673988426486
7.791959308158167,1.339597917263153
2.734432022552774,0.8898955647814351
4.873003284200308,5.584328227709966
3.295417700811873,7.585433150465101
2.987605391057633,6.618331897908378
3.1271289091143633,5.885510619677447
0.537687832801022,4.038328312297318
7.293602345696169,4.332429463673911
7.98189299183273,4.988824664227155
4.462609632237381,6.416600667664913
7.387635984420566,0.4079971342811959
3.8979190134578845,7.093059686849027
0.287059210814542,3.4416638466924905
4.428789335990568,5.5433756078027425
4.269248986413588,0.6054048609637537
2.8905980113557836,6.231597052292984
5.259906819326495,1.889609546803464
6.829859935396283,1.1839119537210046
3.014013415439547,1.7487101137918337
4.540459945184916,7.953659512171744
0.23136651009173903,0.780133302315626
0.1495729759649187,6.616816146915301
6.470408371310107,4.3375101103052875
7.7572641545609855,3.793904903730626
5.787568917272567,0.7216946133043844
3.2342825473616763,6.595908272014319
3.5277765942806036,0.6833814063515655
3.0903155341869564,4.206090036004373
5.485306364282054,3.7082987552575197
6.772897050795264,2.9893254144670554
7.632284915667632,5.8473928996411875
2.115789594130459,3.470547478066239
2.5546249963169716,0.9763412335105404
6.427988859220158,5.193907310004592
1.961283416405573,3.766085925327933
5.077932665617349,6.098702146107652
7.358866002661188,6.92461672387094
4.442785034122885,5.6940622023481975
6.3742323078876915,0.5589140592414603
1.959214687548366,2.4587062809610005
3.597715329645082,1.8146623733732206
0.8739654483838457,6.360382231870951
0.7289615726937306,4.049510423600986
2.7367681838599536,5.484316073041569
1.9793115218069142,0.9931173828544804
7.102342159198722,6.255509311895816
5.232248070296158,2.6861194343344463
3.8469049375874107,6.492011780195581
1.4797918486062507,2.691715107862117
1.5186784968579135,3.269744407132742
7.453313107127193,5.643627326707003
2.1172074695787266,2.4180255922685028
5.767347553491466,3.068430188624541
7.548368131333885,7.160654594993851
4.74548210924282,4.850467083475087
3.83278906891407,3.670415061991066
4.800662364026113,0.8196982692549577
4.865423059151106,0.30247654607397045
4.235340772402597,0.3981536325584525
7.745634839264255,6.0829503497926325
0.6471611797788412,2.5444791756183633
5.036790396758161,3.1880248836382847
3.1422097229896915,3.6813552231677695
2.748405216183852,5.820156357755523
2.9125583314519687,2.468877234084724
4.667423378374753,0.17899196627944303
7.267416154287156,1.0653331164155642
7.056904263172784,2.337575044473369
3.633541385844711,7.633629124367837
3.334763553049128,0.3792479409592824
4.329826967258251,5.66608137624144
6.367899078811537,0.495174739360972
7.359936594781999,1.1319534814914602
7.945951675820339,6.87607165063037
6.453424583412145,4.320823623385091
7.341545972878073,7.872519657863183
0.005399230862402682,6.124682463464264
1.7850103387180232,0.6485280461367697
3.312185765162355,1.529833877388037
0.9712001715743233,6.979548589010485
4.046751595589337,0.8616608891942299
6.682725652030477,3.79010655056213
2.465464164491082,2.424081952227832
7.452408183418976,2.1233335357625496
5.277454367482445,0.8366355348800889
1.9582728142198036,3.7207986624305267
7.604630598777048,3.5871685211385405
0.4285866287139024,1.7994061798070673
1.8799995724568808,1.9661178538189494
4.02226858163358,2.5511992151628107
0.02312558924079955,1.727789603471292
0.0348626429592116,7.666763401029826
2.5487982594551344,1.7049184276569758
4.002264346428715,4.85349118473438
3.697351704740843,2.265792988837539
7.109552188147479,5.146392785728739
3.0733313371582023,3.755122557651876
2.800368867841833,7.866307002827638
1.6336434681309475,2.309441270520386
6.514956539270629,0.4837017391529299
7.865974792186138,5.112522636375758
3.96701671561431,4.697170149289404
2.808970755945303,5.804144680945332
2.545911144802404,0.3192895922609038
2.9419109741177953,2.423310774022962
3.5896628649000846,6.077854176439871
2.664273566495905,1.3275178036167876
4.7179208021592265,7.941489784980588
7.360718122577812,6.386004977794434
3.395666579490647,4.619772446095996
4.7256723010686015,1.6542864041167604
4.361260581904573,4.78880695422751
2.8893569862900215,7.224951479658668
6.0291627199484195,2.10059763508832
4.729059423421319,2.0804608735202104
3.9594005289418233,3.4943243715009693
4.16127612131594,1.7924723559473943
6.2135573974910585,7.233571112595652
1.3655370438559817,1.2889456232226566
3.276996459655507,3.785839295288561
4.29482232180296,6.833451894641101
1.6121885907562659,5.040585625367708
2.052109226282771,7.926157075142633
4.046732659132131,7.686287760099535
6.627815102160059,5.7599005690698855
0.48087780386220214,2.2383264068409385
2.892403113785071,2.5328684710189124
1.1249677320949774,4.94640593156565
5.962037370384978,1.0046898182941453
6.763375849708429,7.654643524618118
7.629662864022991,0.7372412957345995
4.989997179981108,6.375208171836294
5.273037966179418,1.4466901187492134
0.4798442199206274,7.358904711263455
7.207397696273341,0.03341413936022164
2.4420557222428663,7.0744079289163535
5.968827263424826,5.731069132213774
4.895124231724454,7.004335862142241
5.901193429280801,0.9118478946614417
1.4270895540789272,6.417031174949262
3.0383386681173583,2.2431547438341637
6.8534356533661125,4.471344329843795
2.668870482340826,0.14807926533624283
7.627339121553097,6.92478066074042
1.2921968459352433,3.1771239398977285
0.6517417268842998,6.929402073535636
7.437655281135977,3.5387296052307473
3.998962938903734,4.365283394980946
3.464470119750576,3.653014540760708
7.1881135021593705,4.483374891767986
4.908812659166052,4.847531596429004
0.6289900244254278,0.4505427670346833
5.146096821252785,2.0155305973521136
7.481594655313587,7.334319620003217
0.37480705475520626,4.292441497365174
4.868304085085031,5.923450048998173
7.592454013086783,5.993319153529034
1.2538832175648107,1.5874608348101855
2.6045922874037375,4.655437570687091
0.37608347785552176,2.1450832913821873
7.267465692544367,3.5294782054916816
3.6240595641341145,0.04679474937764905
7.162762051167374,5.753773842966333
2.7503160383385516,1.3644937041623058
3.4620974622435954,4.3890314912000585
1.1320967484216276,1.7017043720268212
1.5285109928922838,1.6385127934464565
3.867662811870125,1.972224154067824
4.899971507432008,1.3176907012924408
0.09644291487729628,2.851446704597972
6.745589650102833,5.965084346484512
2.2323471624520668,5.824643731121918
6.907562224330696,3.6913346832279768
7.81300605986451,6.826763509307197
7.708013359635084,2.3039962649225787
4.732424518080501,1.8041944962405836
1.477688010940133,0.060471163448282184
0.5001179644438096,4.106334842098423
1.875844704894793,7.7114181406239215
0.3383419803918013,6.908013282614096
7.626696458031593,2.204695805644417
3.2390053008120088,0.2471588751684699
0.9402262099748153,0.5441134532319243
6.360904976295531,2.044387911480576
5.593005705150743,7.631090747909886
7.331757741224539,3.3490671780786743
6.388274660591708,4.832320137746816
4.563196113675062,4.668432207330998
6.5238834586366,0.5898778950264818
1.886722177938939,0.17637820859594822
3.287112186078196,7.453171464814563
6.225522330443328,2.905531810571474
2.1828219777268574,1.4163944357114824
3.8086755408594515,4.4561604089214475
4.169629513885806,5.596581201651408
6.673515936371027,5.676825482845883
5.169739272365765,0.8378900236792264
2.950269823122854,2.2346999891973685
2.306584452706929,2.64036668181065
1.2211796792829945,7.512212000548655
4.732680650250355,6.984021806220681
7.574071303969383,1.274190161795076
4.339824979688024,7.6253041280601614
7.251427310574575,5.057353833957874
4.063711562722489,3.2119279072859115
1.1932239421541686,3.009965068787338
2.2299175386723604,1.3896136290191148
6.620669498965845,2.7516399149720856
4.0444911282523615,4.3635610333035935
2.663687769138953,0.004500288244815742
1.3584753496460822,7.512340843931284
3.872743024537244,2.7123032069391355
7.397970601954344,2.4830352429124734
6.655218674015633,3.0529539779753687
3.7187173849751574,6.170237940484033
4.312986090757511,2.2754646802022256
1.2164186439776632,7.457174299420507
5.603921279639378,1.954272767483542
1.4496876066899613,3.542169097839267
5.144794888948607,6.049537083485613
2.4832507021402224,0.1964621468934924
5.372911295486831,6.537504695033419
3.7553381525327856,3.8769882181519355
7.679509330190016,0.2253184765334133
6.986896330250831,0.49045914993469975
2.9597548281286086,1.6090611769546008
6.197761762610137,1.91083702053964
6.190659111849271,2.887908985090016
1.1566349711961834,2.0427549216813903
5.628194879949592,3.238646734148129
7.993849045101597,0.898592834861569
0.8455776007261413,4.981522724493153
7.059308230972814,2.480432097274126
6.691629113983421,0.45168402708245914
5.892493840254043,5.694782211534734
2.588596319441672,3.5174055172396566
0.5654568512548881,0.9486875320565664
7.863786270479758,7.7399024523177085
5.653994188564646,2.478251567492535
0.31314035968986786,0.7225973071003677
5.546433673170982,3.5490111345723268
0.10008508965710483,5.990743081916364
7.800368928933315,1.2874806272675166
5.115036872397249,5.841902564362101
1.4782000757624294,2.491934249408028
5.936119540972797,6.72864977376341
3.579196311064976,2.7811808325415326
0.02602062628751245,0.5517746431996606
0.9646418016448575,1.5869298967382761
6.2149295577593575,2.051997855637879
0.11707565044095336,2.982810902615088
7.739492656291482,5.695824010257656
6.028468770546829,3.461211197448054
0.8262139433672377,0.9756447708427372
2.9601957967067776,1.4223162232192115
4.194413997522773,1.838587676894294
4.119836687691833,6.896742520915515
7.938695835595934,3.0857856236003025
2.616333083619528,3.003636826646585
4.38646745534654,2.9701565536581676
3.430059529354512,0.5544630100018102
3.934606009252283,3.7838065421094997
5.536311363838588,6.286018771251365
2.6304815257691674,1.5009436832169838
3.9999371864217785,1.8420459117681913
7.5784382930566885,4.372743889262426
2.129980610796796,6.815490524060935
5.578490755599947,4.103629620133552
3.0459745132954756,1.9146461712159262
2.1408041923939667,3.6859061232443757
4.964007231277201,2.300865162160899
7.655227887985918,0.7240582139091609
0.31631152017101805,5.923718692066138
6.751458027913859,6.615573894726707
1.7423985906536386,0.7028444533735101
3.8243318018807892,5.187899908428136
1.9620909944119482,3.288798996236201
5.172687208729589,7.260644109379957
7.807505843687198,4.253077159401343
2.2184631692365437,2.123602168408139
5.114474943869366,0.725974135681061
1.0626611515548126,4.230010884684223
5.728843719854877,6.053375295649764
2.3290343220122907,6.4112827418049045
2.163554072356921,4.893884492118192
5.041414272086468,2.271645382792979
6.651103858381766,2.3145383634926393
3.474831405223795,7.050527703888542
7.682933204610707,6.458707458985317
3.3679791980331135,0.7683860118368608
1.3218071987221895,0.1896718154125292
1.6199335990729269,3.569364059374619
2.5009580820896122,5.602201441956554
2.0244782107913952,1.6646403720430918
4.758954685923987,3.9132737105548063
3.8263624632400273,0.030925158074749604
1.3190789641565877,0.8111801299800634
7.187026799724245,0.9126925669939236
1.5582502667237872,5.182922629376545
2.4910015906099217,4.65718026412296
3.8674165456207676,4.1479491299169755
2.1046735112603407,0.9018815361770178
4.986313912709886,1.6873084760092816
3.2116012145882147,1.3968755469297527
4.411347142420585,6.035329013371935
2.8143862434801754,3.297730206286988
2.929790486240143,7.032657142552701
1.7893349371599605,7.845933615599008
7.479440521495649,4.988295508644754
3.869897674563738,1.530753723977698
4.403477462349291,5.519355396111793
1.6594760071455426,0.890276383253136
0.06341883831718054,2.8920805935713156
0.27556953203028467,6.072527823221915
6.5840382877723,2.8301683924593775
7.019674535791037,2.975088280753246
3.743869981897652,1.521157992879444
3.363147666541617,1.9905979706675874
1.334921584959707,7.241409064245141
2.5350307494592714,1.6572603976025473
2.1423866693080305,1.749517670156111
5.3052014255115205,6.45355428625217
1.9117322050675796,7.315842805072014
3.4663122075431154,1.6845832675046584
4.265999373680518,7.312820290511614
6.2213178680795975,6.5914399781238835
0.41656891707834554,7.794667551180819
6.130877603474473,0.3119103348880765
5.055540739322985,7.828877819382564
5.421981521940972,7.178269023563098
4.602901569677747,5.3956106845668526
5.005529647696183,0.3949429971387568
0.8095851980537594,2.2162271299615
1.3681359675624565,4.307014504787555
0.03170863709242244,1.765429935772083
7.075454108742678,7.222740187245555
1.5977192808590734,3.0406994966709613
5.689675658572516,1.7410852371800232
1.6916340211760534,7.310439089816239
2.1248766744298884,0.03626816852005277
0.3820195286778221,1.9609637283037786
6.666207159555867,4.919339692195216
3.4011881827989496,5.651675540074051
2.304996349842007,1.3171679346527139
3.201339153434162,7.380474479438315
7.877711921388336,7.344747681377954
7.910667591663445,1.3608640012926365
0.26840955740876016,2.7840071058276807
4.057060170920474,2.6712475900747856
2.466202566671438,3.9302465720621935
3.645395764323129,7.850750945701107
6.665485218493951,3.786340875588392
7.43165455657385,0.6352291150834013
1.9062856433005635,7.2402671218142975
5.969192956380025,0.9970774303254863
5.289647686053048,5.013787450516179
0.8354157930244872,7.313800529350958
1.3387989538150737,6.156330796545895
4.574603895985258,7.7619685518363735
0.6636436983245186,2.5033713867739875
2.0828073847605753,5.803475755170199
5.148304351938903,6.214544641112943
6.699204468018114,6.834317983125631
7.137704077995837,2.9125168697893713
0.33771806397171833,6.472825256855405
5.480547008265691,2.9284566035266337
2.470629855637095,2.584513061732258
3.904113116802983,7.92030106418325
0.2933541454249262,1.6978635167710205
0.2919138294572967,5.497078066191074
6.0323718810597065,7.089856416679145
7.529634804435384,3.5115603102941
5.839902764634249,3.553775662958558
0.38522756974162675,0.6378688139300408
0.9881630457956208,3.6281292426358425
3.852875349747354,1.779710012364185
3.662772635867884,4.059591725994022
6.92090184799506,7.033416464133705
3.2786944826259914,3.2093374628095193
2.5772985153668744,0.07000145579005679
2.2103542951853266,7.266751840905052
7.3020044649515965,7.852850318485537
5.203586002609654,2.7197916695181963
3.117003175887054,0.34432902150248257
6.3734642751436335,1.005433984520443
7.547135970382232,2.6759522768813726
4.790449825801124,7.001496269991081
3.2527280149035542,4.7755508958811985
2.3640629015476913,2.187963408401499
1.2389267869647176,7.540414576556542
6.038472375706848,4.1034108236849605
2.602325649596537,5.5873910080979545
5.807871265971052,4.0920015893199535
5.228487044414586,6.145979943349488
6.778660495669611,3.895823878047265
3.639501352079371,2.3108998451743483
2.8636866752332732,2.4527800539098363
7.173715280219093,2.874822794097292
3.6037427437517024,7.037738917166363
5.053541512351864,1.4285293770957512
0.08822217301230051,7.645629234554059
0.5656556213856136,2.9862640595408685
5.215684150000582,5.80550725659407
3.957520725465102,4.489762171243999
0.07573295101077093,2.608216016930916
2.576631966883241,1.07244358790269
7.441058385591666,1.809605184360671
0.9806496846368011,1.846050333440493
1.8652012730875223,2.975299168222387
7.027443920703245,5.911681051878016
1.3815702517344315,1.3723147046401039
7.609613981481366,3.0760682479819623
1.402292279400279,5.577455114936445
6.122906532799435,5.100873403633319
7.5403487246017455,2.356254721359212
6.622065102044749,3.493605560686234
0.21049051070183733,3.6480467203602798
7.4752356540576885,4.233184059066507
5.015371248455186,7.379669603274645
4.536569978183294,6.578457629709308
3.2285099601037457,3.6811157443693334
6.2167321067960755,4.629753894426153
7.365617171856372,7.8316424971249825
1.989906723159308,3.7813486836480266
4.715042812330394,2.8599624530445507
6.649945019180738,2.3735755431515493
1.9532134945940545,0.4703857902946966
5.0439868003258,0.4453580821407641
7.2220691503511585,2.566442009808961
0.4575159640845703,6.316616585544265
4.45729902414199,2.576342545371534
0.37199191174726476,3.6375391769874703
0.5776100892207188,7.318640134940321
1.5341583600435031,3.811050044342096
0.7237244576940567,1.790542636771038
4.874640637697111,0.0728036870493538
0.24073363778608226,5.997578506705442
5.009515957356521,1.1202211439969263
1.029593366082742,6.617304529023061
