4.0,4.0
4.494751965506347,3.55564132821877
3.410810319003885,4.7323909900116785
2.5932315753076907,4.62963792055092
3.7691106937220313,3.477058898183719
4.465647276367552,4.83868646554119
4.195328646252864,5.0523211719870575
2.9663658109332056,4.030922134577382
4.899440499018111,5.066617092078508
5.825020702876815,4.767096527822097
6.517416657417645,4.678886219671448
3.1540750065731045,4.334248937160462
1.9194852757926748,5.093815010329988
3.8025728709969746,5.4771089485653865
1.8288314023093273,4.228961940835146
3.498903248507937,4.1324013880739905
4.161248636727223,4.127919636236695
2.256345386396797,3.942236419211725
4.440292143191094,4.3194751508951095
2.850875068845153,4.7573752403185905
5.9077521250581535,4.715324364663564
3.227370316752795,5.381276420610298
7.203314768886387,4.780080945471617
5.506140127919965,4.000742046112156
7.7452336208582215,4.123847904188412
6.45065728229649,5.301238885153147
5.703470759162401,3.996598805801729
3.8721237740539536,3.322520048783657
7.594112393812305,4.924673291200121
2.4472060932130795,3.5174300566205705
7.197674169185431,3.8277386150965205
6.666536036628946,3.8967269281568537
4.153422231313361,3.4260762804590774
7.667488987577382,3.4121355121182386
1.7058108567978492,3.7047565856436684
7.7472431972353775,3.3426391276286296
7.490184487781168,2.7481885433471707
3.4224972594193037,2.696059199620626
7.174852646400413,2.1216192000255987
4.666817486771205,3.537616696632867
6.337845509430444,4.774302212547212
2.288142451034142,2.66095714507585
1.7497520165647558,3.197227751528737
5.1284195403187125,2.8131477047562825
6.439716746501735,3.17406522496739
7.038292724785941,2.1278687422379408
4.351408924460559,6.256430786607213
5.766532181972162,3.538847982255729
3.12549555973181,3.1032314558121303
5.876511856308977,4.754611972348465
1.251462736807608,5.812563334648811
3.1407118268920993,3.0815010407575585
6.673489523004129,4.522540933415118
5.0604032369486545,4.5231614812979695
2.0091954756538692,6.395877936659817
6.499354371841931,3.4903867955446977
6.437048604981827,5.937546494572182
3.1613632729506884,3.243745723814298
3.185066940241298,5.438083968490013
3.101991515673107,5.688030797011475
2.261952558774442,2.7556481372225514
2.771608065601029,5.329663811498084
6.3865013720622565,2.8477151588334877
4.006267068064474,5.7028003833156165
2.067042698708451,3.514892978865187
3.3631486297889115,4.10879251422892
6.875078439194416,1.898008869011183
2.7653128505325775,6.04701414155706
6.81178663474698,5.6430372881332795
6.744677452120102,1.3080126820606939
5.553458940166718,5.968488829087357
1.6356185729593475,6.832097664129275
1.6187890423651226,6.609876668347177
2.5275396008446167,4.626220475833135
5.730498182747951,4.525767369172186
2.3301102952720134,3.650533850185485
6.469166495704937,5.354145168588961
3.867539530196928,5.0000921827015645
7.012614680286993,3.5242980552881207
7.657157446957957,5.337335375464258
7.906347224594115,3.491152084226278
2.5565450114506065,7.074710133485752
1.5432415921594353,6.892541440008605
5.443229994372277,6.5526078523026765
4.429600263271566,5.866284496439019
3.93967826809118,6.456132686577649
4.8441030189148675,4.130852296550612
1.6982295148310094,3.6265825098824713
4.468072002895497,7.1734140413538405
4.723423465362805,3.7564083505852723
6.605670013591674,6.212070019002954
5.624239566971603,2.100578673033449
3.882034494599492,5.5880093166561045
5.890787098328693,4.3614251661440795
2.525210889411664,5.50508067581561
3.756414363577485,3.9464578018044714
5.295196515051745,1.9356025268502481
6.069660165841773,4.546041874748588
2.930059013483919,6.188065492006048
5.0188014291405505,6.407470048115657
5.330837324392838,5.637446488742806
5.8256167382348085,4.297920168236853
0.9782045846091245,3.816970313984389
3.525617936617232,5.085108434413316
5.956316289373803,4.47354130468492
1.2514053276103336,2.673192543780207
4.935117479074779,7.48478979304742
3.426742235545147,2.677501667944491
7.470798387067899,1.053343866230649
2.5519106020047744,2.378427473984803
4.652167354094675,4.385082424747547
1.872981096166984,4.650688100579956
5.58938101319937,5.440735215217605
1.8284381094511994,2.8320458539966866
6.290980653046824,6.7291848401163845
5.133239099741003,7.453223337554299
4.290457903125386,3.3074690589344273
4.591340767780814,5.260770203250749
6.3924098748121345,6.697494676403896
6.669354233215259,4.367915229288131
2.462218655966981,2.5551485938137395
6.754589005114908,4.755946253320876
2.9502305792617314,4.9980000537961935
2.029242896454445,2.684833726069164
0.7375672196936085,5.600764384355004
2.214280415280803,7.934962678217126
6.942358088493911,0.3564945496288203
6.242642213052116,1.0395493847180246
4.843754053566233,6.637244233154096
0.5046936615309159,3.204145154277187
0.028949193993056177,3.354683685704427
4.8491124862182895,4.019481471509226
4.5275418453661835,5.40115647476824
5.1995682984875184,6.644354505501042
4.0606153585057125,7.699421297844901
0.7003824764531492,6.773133943658311
7.699243057925111,0.6392435334302196
4.906517593607247,5.402800081424499
2.023354017918665,6.71787961938512
1.487856909247398,6.959312529458778
5.070271939177247,5.818070037942596
2.1433845664441895,3.1635334529461314
6.454428199869234,0.6330257944049853
7.995836236349111,6.15179886244039
3.807764768630445,5.328763958916667
7.467781963895484,6.310577222613127
4.405929445639169,2.5507646353358044
6.1749967801227825,3.4625979207013176
0.7110626009087815,7.490389323950244
6.073350586637121,0.8892698870282336
2.2726988475509353,4.059381464960081
1.2913271215335183,3.93064042428274
5.199431249325889,3.1843998004438427
0.16745034557486793,7.734265228097736
6.562394138902644,7.60180604502275
0.3344719782202903,6.51949952228052
3.1082132899749357,2.7174654200611963
1.6412232388014498,4.444314502403119
1.469622347192903,4.578654227300029
2.69273822779125,3.2449171109481787
6.628851526390359,4.102004372525561
6.902751882049591,0.489244655045856
5.551810590827307,4.994137464802235
0.3530365907644386,3.2549437747535643
4.4361712279618715,1.7395055745806696
7.211804880829893,7.361354879972574
5.835118108970656,4.214122376275874
0.9876725708130554,4.938570976457676
6.837619111140957,5.908371568348479
5.428170322599815,0.4649858016534676
7.729756237749702,5.730728224034917
6.066931466091044,4.23672548189665
1.5870210576782906,7.192420932791139
1.3482334602354795,2.011936245876205
4.459734908724865,6.23894559123114
4.597406409230772,5.344542882691435
0.7900823669416539,5.86549938296557
6.034592465486741,6.731754581889891
4.07246324906292,5.164158945503085
7.812125256042293,0.13385942572339093
1.777854871478941,2.693198444274663
4.262239693035888,3.0149689745641863
2.0194880617487323,5.933804872891901
1.1285017629206076,4.308715206721212
2.793757260216286,2.8193189856192227
6.699209233556031,5.8931515401382955
4.762292832339845,3.1535747518346655
7.98541778197764,4.840220818866116
5.172716597463312,0.39488894235618766
2.1349606561526473,7.5174088437003785
7.180422486922576,3.734678356879323
5.871010172775419,0.30126128437535815
1.3487037075437032,6.449093452442832
0.5209188855498512,1.5580861191908246
0.5153013478901922,7.102806916245969
1.0973410130960035,3.189524363436381
3.3798759419219104,3.237318546753267
2.6206567728141277,3.817898053572476
4.834466765609397,3.3794611750105075
5.060268398027116,1.2200232354109817
7.539032934520433,5.9008821930163124
1.9077786120265676,4.551170651247376
4.441110724934181,7.906257954974069
7.8081249924395975,5.750598964045058
1.0201700995329785,4.328187284822127
6.9897680383949625,6.187752566041477
0.7412577520009931,5.300033627350739
7.648737487340511,7.44347973024334
6.767095841958312,5.597147809377924
5.588866522285765,3.1019370652423
2.2874242275590726,3.4331821709089887
3.178073812225172,7.2217180988713015
0.28942496635601245,2.979171787687328
7.15134407527446,1.2312708061906221
0.7912642630187934,3.7658120776054336
5.304204649203114,1.8329387059960567
6.3067508427988574,5.801788890002597
0.7901463056584213,3.7298654481255555
3.9851589944954737,7.002596676779799
4.6598267133619835,1.153976481785179
1.0991355752993357,4.194166810156679
2.011335548304314,3.8381908169323626
2.4872116393762003,7.69429508373352
4.690813029720246,6.335977432237577
7.564809949185941,0.130411561555694
3.707850117226,3.9572759883848203
0.5391415204316985,3.348135047496255
1.6446170706034282,7.799617830849265
3.5696760908398213,1.302485592725957
5.620976872266734,1.2336746926275106
7.158899339472159,5.8726808613015615
5.028464880318897,3.272528678361586
3.170803268830226,6.6785493363932735
3.4399860780791816,7.1773018127932655
1.7735688618218788,4.11823218166055
1.4160597356860904,4.748502036434429
6.026064268116712,6.943067101465714
4.964647406197485,5.392957383098076
4.403386314853407,5.606731336040523
5.200710797562878,6.626681427142181
4.412000318873915,7.635715466729104
0.07501582706169163,2.5439835661820265
4.937832800407033,3.380910150818961
4.849981131200946,3.7647922512554306
4.758981454163219,4.641152442512811
2.925860198507632,4.4639100889444014
5.174446932781107,1.8846945836883489
2.9659295904085488,3.3698508883263285
6.991426023052332,0.332799820210397
1.3804185389469028,6.607949003499151
1.0907710568421534,2.4563920087124265
5.752294475028196,2.525900813433485
0.27127144715608686,0.9624391850937091
7.567024646095303,1.0660530286118428
2.7277836013911916,2.284739816107872
6.028951335988011,6.844190254059709
0.6249621532158818,0.4665573807806904
1.0428048389457247,3.8374620608034693
0.33041625021566645,1.9006013079188868
1.7865574519275125,2.6591874661507777
2.0132956558654245,3.5150154077606377
2.405928313188891,7.1757489082528325
7.960558563937891,2.2141200353880173
5.790628349070082,6.456754442837789
7.975232324002083,0.4483345869096773
7.144006945210026,0.2780612805917988
4.0672606165646,3.1608227063620395
4.8200569228322765,0.5756185818527841
2.8841803132566515,2.320714356252849
1.5870699546872524,1.2764654352959068
6.074527218887143,2.8205810017112984
2.0104938129441283,6.294484205247131
4.163532596622963,3.125570683298137
7.726602679501428,7.8416637097764434
0.7348410745665364,4.254702147064988
0.6383565408250913,4.078660747306573
0.062200440693117365,4.641077998166445
3.6948974574990645,1.0776613543678497
4.162799215921677,2.7062637977870736
4.688199236641498,1.2258534205732143
5.955496268215752,0.35895353557354426
0.7339098026214623,6.16439559407708
3.2664606346971077,7.677608524459049
0.20355659710057772,4.28798456636701
3.421408831261684,5.726191798844968
0.02921434547431012,1.9578561333357856
1.6851156999176231,0.6253873057918717
4.679921897238765,5.409174390462069
4.534425312242434,2.564138916978287
7.771172160091159,4.864546114456818
0.5663634962085107,2.4703928117143414
2.7549314343685483,7.2406318725224
0.7671777492089333,0.7577509028603506
0.8612674540975327,1.1775523908905452
0.3142971990097143,1.0311276153744524
7.588541019148709,3.691894928790087
6.955770580449415,7.011447092744926
3.968049856404754,5.434208435734291
6.136561767331579,5.596921585641425
4.856424792563632,5.5380537433169374
7.794650291680635,4.001704310536196
4.564499805382873,7.5096165883151365
3.272016375791563,4.42186683464583
2.113027896533258,3.233493951448799
6.7714542659664465,7.3077191776068915
1.7864939051654583,3.6647962588222827
2.351469343051373,4.037266698188613
5.190137343619886,1.8280047849165495
2.600998564700723,3.0653321177162134
3.016346048686459,2.6990527141606595
3.6732503174287503,7.344632593879783
2.0903200441263667,1.464997850783563
6.454774918509059,7.533257956250246
5.025529778690512,1.8750960975563684
2.4360695217324606,1.3221829263161284
6.564064285838472,1.4377533107486569
2.3735614343556417,4.44174718554444
7.0478927257384445,6.123845883133446
6.1699957602559,7.24715010647261
7.4330930377812585,5.870753767432164
0.6404710603767922,3.837440443850454
7.356880222579984,7.09002394444957
0.7735822568079165,2.3170519932356726
2.2468811080083153,5.991869352738951
6.087195584953984,7.812226308530576
6.812779319781036,4.665375328216123
0.9447146506852455,1.8075997715590706
2.162622452964725,1.066595689443778
4.2024733241709145,0.6340477502509829
4.495527615995453,7.835925949455448
7.495335326647514,0.07231454986861952
7.230481452598725,1.33410550211567
5.045762611586665,0.17034129468524561
5.4612182366661015,4.281993104236429
5.831893718964124,4.879047664165212
0.2111305263680956,2.7553796500723857
1.8206496083659918,5.140471971339358
6.749342286302352,2.8849489867151368
0.35454225280567275,4.919785158632484
2.35645225138658,3.03654795578015
5.669490021599085,4.980819413376623
0.6079564926271335,2.31688585354126
0.8462951404665571,1.3311257468457134
7.411812996278794,1.3187538861683539
5.520487546168209,5.960189286318675
2.5101996870934844,1.1966639085886044
4.0417687954606025,0.8723761772139911
3.363395168603124,5.587121997486001
6.169297708062893,6.347608766422627
2.477526602242845,5.014139439609659
7.840835997949762,3.3515198344085677
1.0190703988576768,1.9494401216851598
0.5843361921991548,2.6280385373878543
5.149643266903272,6.017514780578437
5.598872058019476,0.1896192935961487
0.37293770811256444,7.855814472713773
1.1818785347726237,6.063660043442163
5.117633761343621,1.5443211655537707
3.0413623081329177,1.4588172633661953
4.3534380838,7.671866484238144
0.8438013678151721,7.25432954369998
6.777455859968852,7.66394654952018
5.791982936755227,5.502567946894711
5.751879492732941,1.5980820278444607
7.003970289046674,4.256449156810661
1.4488989432805752,1.9668667253420367
3.6127627901630843,5.707392260146276
1.7895173505588886,5.404880214159789
7.596166924510411,6.222151244369399
0.09531476565592101,0.9701003957550567
3.812577551631218,1.4861552899734525
5.6627372823823805,1.8961965033250774
1.5968219379892217,4.986779918813318
5.317589270090256,6.237257562116393
2.838339300245332,7.452118392846303
6.874251646368211,3.13126850732427
0.4938968303158955,5.7412165572265215
1.2205586379335136,0.29100724620213203
7.273726019063841,4.654956402839229
7.402942145047872,0.13378821564989618
3.7835448300457033,7.982647706161074
2.927753353468753,4.452543557860348
2.7779162612593407,5.449989458962734
1.2549702824505058,5.3669325955484295
5.974785191709326,3.197775982955201
6.9944529317337985,3.908625857030631
7.624387456578636,4.097155870185874
1.3900467827781515,1.5637262777919307
3.334012613601211,4.093684236853566
5.6963778396901965,4.001140772896102
2.492081131875632,7.019744139833242
5.47947893561578,5.745566026060791
6.315235245829231,2.0759053242698755
0.3745926743896826,4.379379793975262
6.139583392557817,4.82668934520372
2.987015774745198,7.380117088143894
5.954859456846921,5.709178499541615
5.3574331047139365,0.3355690341468973
6.716225649754059,2.4439007822808883
3.0119826293843515,4.460266702142687
2.8239984664399165,6.8581225976485145
0.7203785548263575,3.1634155762666527
6.574245341197451,0.4167787188248644
0.14324589593760528,7.182759133876031
3.444691700191803,4.936978892292405
2.07719754595273,1.1547783387608463
1.7445153488544145,1.2366915837497112
4.38026377196653,0.1845157592345954
4.25698934402164,1.7008915687184407
0.8361861363792631,2.558113331774652
4.643099557177847,3.836453601600348
3.1627491852675185,6.778496308901644
4.444746083170063,0.5992163881063703
6.608342276221816,2.377873713237739
3.0837076187004957,7.282282242362091
2.872350301438358,1.1366542334716785
3.5102132502343473,2.0806537877270515
7.5341406339784465,3.4984574921353904
6.603792668512616,2.969150400824369
5.970125204377208,1.4661730936190045
7.506545736396627,2.495446049617115
3.582302310389939,4.739684519359871
7.386215275695944,4.790540689647274
1.5197022269598737,7.214497416589867
4.671999318828298,1.3642917850052623
4.269412276726144,1.3236965248498853
4.683507163841062,0.6571350669639928
3.487957522795867,1.1333160018988577
5.785800685359487,0.8989053500319173
2.3410998989246075,4.589415576853733
5.387209231837071,3.874167286072308
7.849797918578877,5.626231139967336
0.24447246607836526,1.2504866709601261
4.767303753167102,3.612903250699527
5.852203442992777,4.6124570494429555
2.3779241676317984,2.636119364433765
0.11790935838685712,7.032774592176012
3.584503597863706,1.9990590862865298
3.3006690399552987,0.601360783085565
2.5301505066717933,3.181445086764663
5.59899299112935,7.507841651161771
1.7953744728853485,6.849109914818552
3.758951218032408,5.033671246406601
3.825914347197962,0.9829143264775757
3.6358544033677846,1.0456222649878235
1.492838567918744,3.370154677477143
0.3066987368431189,5.737089483153863
2.1198880131166176,2.9844067794398574
1.7837556139052015,7.845332693051459
6.6498718521755364,3.307356392648342
3.8992114230039077,6.4677223426694335
1.9220364468787299,2.2562638777057265
1.227586690740731,6.0227208865915145
3.2095158738671277,2.632748686765928
0.5585247962789248,6.344383396429482
0.22206706364918105,5.0672971884016835
4.973570823395871,5.321942652742073
2.168355292303664,0.21976192192117505
1.3917648399505866,4.960774120956694
2.508575047091547,7.7857862480686935
0.5587134690503435,4.092643893866192
3.160813301981377,2.2412624366375464
2.30426604248796,0.06926908487279171
1.0503761706780272,2.188647014939524
3.407902164069273,7.485498015338012
0.028247532932383024,3.19193318573679
0.07649205163956463,1.1465209375307044
0.8858141826026413,6.905117804548747
6.600538340072497,5.66736882832374
2.4202090554935234,3.211577336874182
0.8919744185809941,6.122164977172604
6.469375086973999,7.095072319117605
6.610406200909807,6.271067837936707
3.5657749141903956,0.3515221704245679
5.275619476709837,6.344709879640758
5.214503481224234,4.7175874331156855
6.165969801675205,0.18479524475012532
4.38577125338477,0.5055064258039215
5.454643193789968,4.4728565244207745
3.949771115736925,2.1205742536764047
5.072594262976288,4.899749790858803
1.0298299793474648,6.351330445886807
6.983065144124261,2.315309178241053
6.1858540514294305,5.8693503722782525
2.4180979822813793,5.027616514476031
7.925393165499947,3.683295470647229
7.950208305698832,6.013961811445741
4.380060258427727,3.766424990621668
2.2761216887539675,5.740323201532078
7.755130531253916,2.302372840662831
0.05393622614676197,3.559620269417234
0.7523256764755928,0.6746867454319831
7.187644846271963,1.079789580479904
4.164797331366686,1.4156079109779274
7.396655609450084,7.707179460674883
2.147359147444295,1.916400841802183
4.823928743450509,3.8894028310964766
4.153180886753024,3.3074437184376695
3.500835073714822,4.182647150483074
5.231718097482445,2.9315242066846725
3.6732430728954455,1.5867058410600894
5.407486288599498,1.02639015004387
5.9719351734427155,1.3685815246111686
5.91140905114592,6.6501480262776
4.96883572164069,4.858992297779696
7.5444041114382125,5.434998173878039
1.382906006923946,1.0775704647363877
7.961315778419135,5.28440673008754
0.7064888833434875,1.612524972521725
6.67486328953763,4.269605498792124
4.464601821350062,6.081334725232601
3.345228295337506,1.6158429619660764
1.413698889571469,7.987831698319823
6.974714887482155,0.45909953058705
1.4222708246961115,4.403468604789712
2.676096665208627,1.1146295601017817
2.7545042021883592,7.2239303102877015
2.0553912684471944,3.316201829820179
1.4667880243368225,5.543695584195192
1.6329315312833508,2.3055347743322683
1.7974811012884526,2.70374261980806
4.262337681632249,5.681311665004546
2.5964085785444277,2.6136821105043113
3.606323495762119,5.914730824972597
5.373425717032577,1.2895331026564003
7.869219745784294,4.919588678476046
4.628770225315991,6.250434545848555
1.2628229924139518,6.763430076164403
5.596808643266697,5.534405875634112
4.519633576263391,0.13505864418859126
2.6455754121279274,0.399611218738535
0.6383484482714605,3.4954578789569
1.202947942694352,7.634575107457305
1.7344929901819874,3.510203863551091
0.3964690942887179,7.597224556590285
2.9648469904166976,7.030426996175221
4.6028625057728885,7.614497800513723
7.68867409741491,7.073281735318251
6.050863366508046,6.430862481493404
0.4923918236941418,2.559750802327076
3.7129151279223365,0.5660835565413516
2.2642157529499576,5.169656264637666
3.4015008400124804,5.618883618797174
0.1783328212786719,4.35355229620106
7.945178296031409,7.602131741680901
1.8430935796876922,0.7752025246635883
0.6446101189583322,7.248342891987277
0.06292635629452814,4.3072046803398925
7.789435743859267,4.685070747130124
3.8185586665373306,1.677711930726879
4.764912561824496,2.958585318989102
4.5879506259254255,4.195428116667122
0.036684439021971826,5.9940125040438135
0.12997079620334429,3.5679788636545036
2.2728955863098737,1.3684565593542004
6.10951272311414,6.3402128805054625
5.9872652857677675,2.2499168066975095
3.8068975024943175,6.025029673981812
2.1209092291523346,0.22593247630378865
2.35541590049961,1.694716223030217
0.541281982346117,0.9361142674419582
3.274964887848082,7.054773822607433
2.721313588372409,6.266855680709115
3.938979263722662,6.639767785540963
7.882497870984989,7.139725294049432
2.70445505941211,5.424001897781286
4.062438693533802,6.470988505084762
6.444460538252633,6.599992526742575
2.094145762758565,4.861859680391523
5.984348242581475,6.120462910274364
2.8732829248993426,3.421532244718586
4.732861138923839,1.1109235506933741
3.4216715128604687,1.954988007558181
7.98124591650421,3.557640335879599
5.852153426974833,4.655907833962194
4.968863539556452,4.691407988359483
2.586212053799983,0.2256165492489055
5.051216076734662,1.6669618700966709
2.6318406208957317,5.48151038578415
4.217010888994207,3.485863896678876
4.927446887063709,5.7645319054068285
6.08989336617574,7.895441390904751
1.1255517260829553,1.9778193479691044
0.3634054471279615,1.5426271145641355
1.0597601491319502,3.030564445441102
3.195606004044608,7.157442654007112
2.8919476236299104,7.893533388614577
5.226349948203691,4.756773236958114
5.573810133327216,5.628541700522622
7.261708369945719,4.564524875214904
0.48806483654199617,5.039607187984419
4.129215169303697,1.6732341826385069
5.764410384962577,6.28523104145675
6.414860767450011,2.9356188249012902
1.3038706648609688,5.458403326600776
6.146782301738938,4.08032893852088
3.0330618412871155,0.9382390004491219
2.820339820268967,5.002431807406523
3.6959048994306505,0.7597304257958379
3.891981126330017,4.025808350531668
3.013930838370733,5.093595279827686
3.4050407527024555,6.660966262495837
0.17798111314823295,6.1663702985734155
6.629980716535087,1.3792933954555213
1.1204950584483502,2.511264801557754
0.7690831746872533,7.536236599441986
2.8142165003077997,1.0577549889184432
7.161024966314644,7.012578624157365
6.632055119045216,1.0585442344126417
5.229337970052404,6.758716858886699
6.613729505168139,7.712627094824994
4.888132346889316,2.860120154999371
0.8522021666945729,7.6295570891949405
2.929554421821167,4.44820660901848
2.1399391642856953,1.2153624194825356
2.6962150876486612,6.346173158635233
2.503317350934136,7.738463993100161
0.9493099974435415,1.4774588363124028
6.205909470978206,5.573746386379085
1.0809440367086927,5.347106071026574
6.877599521433981,1.8015268531757034
7.406406601203846,4.902497662799676
5.149502522946145,0.18424626457496185
6.035543970387085,1.2606718872539666
6.862284465688674,0.48476986561451874
4.482606469103233,7.196251075425121
7.890615292602587,3.710719277242074
1.0440475214208407,5.973596310808097
0.5290435539101823,7.399363229942871
1.477698758425407,3.934764752106352
3.4972295346945437,1.328358396141061
5.851767395009164,4.581373395608257
5.661491345925246,2.338097156563479
3.94338776469826,5.9219442717590995
5.7632785319678135,4.473825961413399
0.429597339403224,0.328471404059008
0.9275073240413931,2.5086370073516253
6.087135977775371,2.804141966683159
4.918084703685561,3.2956279690290566
2.448067088965959,1.3118479867884485
3.190305890572686,2.2692075315914995
6.90066183054128,1.6461021117298547
2.3768249152883323,0.6089094078106836
4.918854873643611,6.59335581450429
0.294809056138849,2.575273397190376
1.0004895259534967,1.472253501981787
0.08940671141094558,5.211477363715699
1.0156236839751571,5.989715086220684
2.596615484319983,7.9534479638133275
1.505547208615761,0.7736353381407657
4.9942764461708435,1.1603321911738593
2.49799059481236,0.14470688969222945
5.811463433937853,6.508812397748835
0.17854440480521916,3.3618858080955505
2.6290139121971006,3.771523814826086
6.880529137973898,0.9527316834058341
5.987801886541794,6.847433892033759
5.7817626699302345,5.587110444186767
0.051045685572123745,2.466881452163638
1.7832090819445812,0.7018411245765392
0.6577964188902135,1.1270122138347496
7.875198415018273,1.3644841114349875
7.22407687622208,2.4142045002266332
3.5861894100982292,7.9819106787514835
2.3676980264366945,2.0016991113913445
6.877250932232755,2.247411230377332
7.168838120677026,1.0450451385135837
6.261195070293444,4.245975908682173
4.4903919468468745,3.47304414040923
2.1814033813790568,7.5637167150250955
1.3280236060621338,4.540461739234916
7.222390464737021,4.263200037307446
5.183708796829486,3.391040266889564
4.378190780765215,0.23048410689229915
0.6597575422497064,5.176424040270228
5.894179252432626,0.9760798043505607
0.6492651514491969,4.81913591830978
0.5165402126868042,0.6233182781432385
7.874153782250909,6.081261052571736
6.184297323262185,4.050206253226283
1.5792420994806733,7.029892828216367
1.0794887975775156,6.329624497484089
5.993190161704562,4.0366795973850635
1.9930483190646084,7.228743530117359
0.9877353160575568,6.3783465960702745
4.211849560559841,3.5042722444115055
6.342358611331922,1.8830993291130431
3.8224352248698255,3.5262628856022893
6.684833168202236,2.398037351303448
6.742431433192919,1.0467987623167385
6.80505271867941,5.506642143476453
1.0772972081970185,5.452251226585764
2.363103349312313,7.666842201987035
0.7016535344198678,2.549093206625436
7.221772909265497,7.281806257043492
7.726631541025569,2.7551379928632294
6.330989245058371,0.9109467478173254
0.3344323858610698,1.4532351101951333
4.395708228661099,5.879801398592051
0.759567955343103,4.397911613533712
0.5170176995770541,6.490527226486062
1.8117142236197932,0.22470455860952043
4.292960972273415,0.14745760178901168
7.912256891636518,7.388959831357475
4.559976482850818,0.8928618304062095
5.807036609064369,3.680753384181143
0.24499411363822876,2.131685300477672
1.6078661005680006,1.162325359235182
2.5633103577058076,5.330864593033137
4.820917926226449,5.374837230126995
2.926826266637433,2.1336665870380678
4.309208501943253,2.937388469962131
3.0386736067696534,0.5384311249364089
0.51283840781986,3.7449399723179324
7.143972741885319,4.468035312744804
3.950048620098534,6.472487357759845
6.749333803268255,1.3691657980095595
5.905902172398298,2.498937090259166
6.106419020462552,5.106802497883122
2.3586437429795923,4.213852509859097
0.31104966362394926,4.208498426797923
0.5199865310741938,2.545989735564497
6.551235330829844,4.484364439343699
4.791003562490028,7.472003474491906
4.381399835427899,6.813833050941273
3.233845324900293,1.7005757777144614
5.923749793493194,4.362069555861977
7.68282649489225,6.552173559842956
4.276140789514386,1.9075018504226255
2.7779700502881717,5.3009456346944965
6.141681166725932,1.5868687648484086
0.41282957226330375,4.079972690372914
4.530528616292464,6.779352738957978
2.630738413347923,4.383412978654317
2.3594705959810716,2.764269047280713
3.8397701551238104,5.264550149930224
1.210602175460357,7.513539435060062
2.242071883476445,4.531497063392356
3.1824805938899106,6.365051602939555
3.552931114538053,6.1935726525979975
0.2066428565848959,7.243615143099771
1.5969332416940496,4.446107779132865
3.89390816417949,0.05900840340274183
7.06368376557677,3.034348443145526
6.769524399253353,7.687240294568315
3.3349075427350527,7.178061418106515
7.261477785654862,5.357875403672793
3.9900793581457776,1.825417206037721
1.2126069852880468,7.210718998009187
4.668509185417112,4.19941036492981
0.30420678002662616,5.889765392692005
3.682839375997041,6.8082380049812885
3.30252852371801,1.5035657285114201
2.3510276765980613,7.669803711255203
1.454193101229838,2.4935762234777084
0.7350464299897723,6.513537503064194
4.590109010168215,1.1230127315356908
1.295731090339073,3.3877673134899435
4.112471771686175,5.3116057688988665
4.765603660035361,0.7082622298928447
4.687447340241698,1.2636229998209068
6.172182976167013,4.350316555367262
4.423140000099215,3.7070257713563537
0.4261518126770527,1.034271100684828
3.389305466820642,2.3499519066223353
6.920170122936946,1.4207388203947975
2.494573725387977,7.817301928776142
3.66276331870925,4.59876938598165
1.1678541735819525,2.9078045544876163
2.231946609805341,0.34124606399201607
3.6917897470978946,2.5614942500719478
0.24123995922061603,4.1021697225090445
5.60317053074048,4.58537957934385
2.306508437587076,3.144906900996541
2.277519942550449,0.5824218540674764
2.6003124402663405,0.6749429443410628
3.555474528327588,4.853779362083392
0.5437245810624249,3.2945565413865587
7.78308106629292,7.231238582497721
0.25728894839747607,6.342241867673418
2.675979217552074,0.8240492914514101
4.807320236793666,6.6462545809987965
5.265804036934537,5.1028741106939055
7.064826981066071,6.319104216173049
6.7598584470992735,4.897337705300831
2.9970911312235105,3.2175538285104377
4.418904730634659,6.797941556345837
2.1969843696844062,7.4628153541120374
5.9476298669947,4.307471537481651
5.196621833028959,0.5215763966306248
1.6446022896236103,5.458552171343395
2.418886672281995,7.6582892882613205
0.21010958338122077,2.30260878995089
6.290654773178536,4.074716640851596
5.733294588918178,6.381210343107499
6.850574783466887,2.1661176010206074
4.670976320921543,0.6875292063591987
2.831952558515269,2.186036305888109
2.3827609446489753,4.681324802615353
6.740593739103674,3.7678952271548223
4.6811535051359,7.891306228851022
5.473399775022198,4.71116352853286
3.0038374810202715,4.900448759505473
3.638822426384765,0.1815899297384096
5.924085386901733,6.554637623800398
1.050368094312745,7.112055710816432
4.743324579464175,6.270516172152513
6.806804749052477,5.447202934308751
4.525196611601257,2.425513450740546
0.5826924332466348,2.7093978762231856
7.029642196852437,2.301354760554191
7.717571477463822,0.180766095598468
7.673590203625917,5.531465657625143
3.853180769531792,3.2143460678838904
4.993133086549231,0.2671255706396751
4.55724754524013,0.826716745513723
2.8216877710809154,4.23648129602603
6.49645643612678,0.2735376443018458
0.9198009305903696,2.4031706164957605
2.382943378414928,7.349572419194597
7.841889498341525,2.286489956496969
7.12821451993493,5.051160796619781
3.6330070914418924,4.731076224446922
3.6942359354700836,3.520522424311304
5.150638325388651,2.943184960387538
5.547189052603179,0.4601278583649666
6.57304680388915,4.9760600748737325
6.960680889330309,6.041911879715835
3.435438702680514,3.9692358877871463
4.522955897436839,6.234463595684639
5.820554970931921,7.821840540393134
6.921607086585893,6.2132231414655585
6.625943645787542,6.098293704393167
5.775723355720087,0.3975814002887397
6.212689905083749,3.9423732188852094
6.822666216334441,2.4157459826446717
7.671796171253193,0.2070503624952842
2.8306724193537933,2.9246509077394167
6.309369451678537,0.8121299629749048
1.9485620351058097,1.1798065575639374
1.4727874355032728,0.22593858918098508
6.761280652826947,2.358752596209013
0.27882728992521155,3.066215313754001
7.8357149457258,2.0935235292177037
3.4230537996075245,5.600094771366493
6.683177897056982,4.06212618928263
0.10083935079496875,7.468495641739976
1.5079415013040158,7.167003238889154
6.0735957027118035,0.48059548712199707
5.1873465862840105,5.717541773601227
1.9865705278186603,2.486230415984397
3.3613540233770696,1.37460067208346
1.5064295367065075,6.872922868949826
4.649671387667888,5.311881097591145
1.853445652032506,6.631540274555948
4.233673493602834,2.0374280318707463
0.4385477424866222,6.057346488491131
7.935191458536946,5.107033748433037
2.7917397293956823,2.909921667216409
1.0023730712841923,7.285505548389555
2.703433237493334,3.0753557104957636
2.448147412952401,3.7163977585167487
2.2065284876053566,4.176198659602766
2.118387384685329,2.498281032861363
4.384716520877168,6.089157014332456
4.8008893127711305,1.0140379013411192
2.013396501982233,5.504266718818099
2.3811321765673847,1.6424325443931913
4.962074969955349,1.0308964936899958
2.4054675503274696,3.84604019327731
5.862852564747358,5.803698472268216
6.121689206966755,6.993480534942943
2.409545053632722,4.029803299835761
3.3791795830954703,2.0570904370778242
3.778568617642141,7.914522258839723
0.6735364886771311,7.858411333458294
6.513596486531423,3.666462472172359
0.7355868129432839,7.102481218343786
1.7800323728952376,4.948944383106554
3.540000439611811,3.499645184123559
6.631354550659246,6.035502772357237
1.5318409735454912,0.8672122108871667
6.5917053529404965,1.500995877884482
2.2692303913215826,6.202526951681344
4.807425258418025,2.4757232788332626
7.380361419089589,6.123669829731503
5.926541331613312,5.229671864571664
2.9435437446828976,1.4926662695548822
7.284651530016337,2.785124530452226
1.4138574730555016,5.491436950471256
2.5178427009718316,4.505755256621729
1.8501111260128864,6.814319732953042
5.0620746466095285,6.571473963441188
1.9119047843642045,4.698578090508355
1.1204641024624022,2.9289766047620542
7.50745282193913,4.735999759589353
1.1391010277556948,3.5717661749097704
4.876635979431276,1.7757895465955382
2.1545651713148386,6.433085858318901
6.325816229962821,3.066700566544993
1.603404713133278,3.2295940255294093
7.349517975736231,0.3896292406366779
0.7333918363453149,5.176496585601929
4.764276456397595,6.244864945762874
6.996805258005309,5.410322579081251
3.662375965307773,1.7310074967873792
3.968193986158804,3.706385383827107
3.8226231520727874,4.811074701900726
1.353914112963567,2.098759547456541
6.211856354676553,1.7203280485477048
5.307695556069868,7.143729446228654
4.957751109180127,7.643604963652788
5.232677558403028,2.236274029146945
6.9790161492138045,0.2385740107998764
3.002754912954777,2.6349306867928535
5.674226323903769,2.8707767073625563
