194,231,775,976,219,605,0,
600,907,245,0,
531,861,782,0,
844,0,
365,734,0,
882,132,1006,0,
250,51,0,
271,0,
145,367,0,
704,326,398,566,0,
414,0,
724,733,0,
603,964,0,
472,2,363,502,0,
0,
0,
582,0,
0,
0,
0,
488,120,677,0,
944,241,634,0,
362,142,726,0,
929,0,
0,
941,886,0,
0,
0,
416,748,0,
8,171,246,0,
980,269,31,0,
758,0,
0,
146,220,0,
57,0,
809,0,
229,0,
816,0,
864,517,583,0,
32,0,
254,0,
977,571,979,0,
660,565,0,
490,0,
959,0,
0,
650,214,0,
803,1005,0,
848,835,0,
552,934,0,
0,
0,
0,
464,706,0,
0,
699,374,0,
0,
612,0,
49,210,795,0,
379,0,
926,0,
682,0,
0,
0,
602,983,0,
67,0,
0,
0,
193,0,
0,
0,
0,
0,
0,
0,
90,996,0,
0,
0,
213,870,0,
484,0,
172,0,
401,381,654,0,
640,0,
0,
880,999,0,
560,385,0,
226,828,0,
0,
0,
296,0,
0,
0,
384,0,
462,0,
965,0,
0,
425,947,0,
0,
432,515,0,
200,684,709,0,
819,0,
0,
0,
400,1,376,318,0,
0,
0,
933,0,
0,
43,235,84,0,
883,0,
125,0,
157,0,
664,106,0,
0,
0,
0,
0,
0,
606,0,
65,826,0,
168,0,
777,259,625,227,0,
856,668,0,
0,
393,574,0,
0,
0,
0,
284,0,
779,0,
39,0,
456,437,294,0,
624,25,493,0,
232,854,0,
884,524,0,
0,
0,
483,0,
155,0,
788,519,0,
0,
533,0,
557,0,
0,
0,
0,
180,0,
455,0,
0,
675,0,
712,99,406,615,0,
122,404,20,638,0,
594,0,
0,
0,
0,
652,0,
0,
475,0,
52,741,0,
0,
144,0,
804,0,
290,0,
889,197,0,
0,
0,
0,
656,0,
968,0,
0,
73,37,0,
0,
305,0,
242,350,0,
444,0,
0,
225,0,
559,0,
0,
697,0,
0,
322,0,
855,0,
853,0,
974,0,
274,0,
503,0,
0,
0,
0,
0,
360,987,0,
0,
696,58,228,223,0,
812,0,
772,0,
76,0,
0,
0,
266,0,
306,141,0,
17,0,
0,
645,0,
0,
622,0,
651,0,
760,373,543,0,
115,0,
536,799,0,
0,
74,0,
375,0,
346,0,
0,
0,
486,0,
405,0,
962,461,13,311,151,0,
713,0,
0,
0,
512,28,134,0,
26,0,
0,
680,893,0,
618,164,487,0,
561,11,353,0,
0,
0,
928,38,81,564,632,0,
0,
633,774,0,
739,0,
303,0,
203,0,
0,
0,
265,791,0,
0,
866,94,0,
169,0,
0,
0,
750,0,
787,0,
198,0,
876,908,253,0,
166,0,
0,
0,
128,935,0,
328,1012,0,
0,
0,
0,
249,83,0,
0,
698,12,302,0,
846,599,0,
0,
539,0,
936,0,
0,
354,0,
0,
297,0,
0,
45,687,0,
894,0,
0,
916,0,
530,0,
0,
0,
138,247,0,
736,0,
261,0,
0,
137,343,0,
190,0,
578,0,
942,0,
0,
609,445,495,0,
0,
0,
0,
0,
240,0,
874,0,
0,
0,
691,604,0,
0,
0,
0,
920,0,
553,0,
829,0,
0,
922,0,
0,
0,
0,
0,
310,0,
153,0,
0,
0,
727,711,871,0,
97,0,
953,0,
0,
272,170,0,
0,
584,769,0,
601,98,468,0,
737,0,
0,
453,0,
251,0,
412,670,783,0,
0,
613,239,0,
742,319,0,
0,
785,0,
186,149,0,
218,827,0,
0,
740,534,0,
0,
421,0,
301,0,
836,0,
356,0,
130,702,0,
0,
620,0,
570,0,
946,0,
744,0,
0,
465,918,0,
0,
761,371,0,
281,436,0,
140,0,
392,0,
0,
0,
369,822,0,
0,
984,415,0,
0,
0,
532,0,
276,927,0,
637,0,
0,
754,395,0,
163,845,0,
501,0,
0,
752,811,0,
105,0,
87,0,
407,0,
0,
522,0,
802,621,0,
123,573,0,
568,0,
211,0,
257,53,0,
666,35,452,0,
707,191,0,
0,
0,
112,963,460,0,
315,805,0,
0,
0,
967,0,
463,0,
0,
291,719,0,
0,
280,299,459,0,
147,206,0,
423,0,
563,0,
221,0,
781,0,
746,780,0,
0,
912,4,839,0,
175,0,
554,587,118,0,
892,366,279,0,
1000,0,
729,0,
233,985,317,0,
998,0,
42,307,7,0,
0,
0,
177,628,0,
0,
154,0,
344,89,0,
793,701,807,0,
0,
270,0,
234,0,
0,
396,859,516,0,
337,890,693,0,
18,0,
0,
991,0,
0,
647,0,
792,867,0,
0,
0,
0,
448,943,0,
0,
888,0,
0,
426,0,
217,68,0,
0,
616,0,
441,340,0,
0,
160,0,
0,
718,0,
458,0,
0,
0,
473,766,0,
0,
858,0,
1009,0,
581,0,
924,0,
0,
358,591,0,
0,
954,631,0,
0,
178,277,0,
993,642,0,
0,
161,813,0,
960,399,0,
521,789,285,869,0,
0,
0,
852,0,
126,0,
267,236,0,
500,0,
158,798,0,
0,
0,
417,0,
162,3,332,0,
135,0,
0,
0,
54,0,
433,0,
100,630,0,
204,0,
523,0,
700,397,0,
657,978,10,0,
0,
905,0,
764,61,6,0,
0,
62,0,
961,102,0,
0,
0,
0,
617,0,
212,0,
0,
93,0,
0,
0,
0,
541,0,
0,
0,
891,476,0,
0,
0,
0,
643,119,623,0,
887,0,
667,85,0,
663,0,
0,
188,14,0,
312,156,0,
0,
273,66,0,
830,0,
842,477,0,
689,55,0,
881,0,
0,
0,
48,931,0,
0,
0,
762,0,
80,796,0,
491,0,
0,
648,0,
431,0,
0,
209,95,0,
0,
0,
0,
669,0,
731,0,
0,
738,0,
0,
351,0,
0,
0,
92,0,
722,572,0,
0,
549,0,
0,
0,
0,
185,715,911,0,
576,969,338,972,0,
27,0,
714,0,
264,988,0,
0,
0,
0,
0,
255,0,
222,0,
424,992,0,
0,
0,
131,860,413,0,
0,
347,478,0,
435,0,
0,
0,
0,
402,658,0,
818,0,
0,
545,0,
0,
481,636,0,
0,
451,0,
0,
0,
0,
0,
909,23,0,
0,
496,0,
199,0,
82,997,0,
0,
0,
243,0,
0,
443,0,
0,
0,
136,0,
0,
0,
0,
410,0,
556,0,
287,0,
548,0,
0,
387,0,
418,9,665,917,121,0,
15,0,
808,885,0,
0,
335,951,0,
0,
0,
0,
801,939,0,
0,
378,763,0,
0,
0,
873,0,
469,0,
0,
579,0,
0,
321,349,0,
833,0,
728,434,0,
679,0,
723,341,0,
0,
78,973,86,0,
288,0,
577,0,
419,958,966,0,
937,0,
152,970,0,
370,0,
518,0,
0,
514,372,0,
442,471,0,
0,
598,0,
773,0,
776,0,
295,0,
0,
753,0,
0,
0,
820,540,0,
0,
494,0,
0,
956,0,
824,544,955,0,
357,0,
0,
71,1007,0,
547,0,
995,0,
558,0,
0,
0,
0,
635,0,
757,29,940,485,0,
167,0,
857,994,0,
619,69,0,
0,
181,0,
508,717,975,0,
293,0,
0,
555,0,
0,
646,567,0,
569,195,0,
0,
0,
510,0,
1010,0,
77,0,
768,0,
24,694,0,
903,695,0,
504,0,
0,
0,
403,710,0,
0,
383,0,
0,
877,479,0,
497,0,
513,0,
649,1002,525,0,
0,
770,309,0,
688,0,
0,
529,655,0,
352,0,
0,
409,454,607,0,
0,
0,
0,
921,0,
806,262,0,
850,0,
429,391,0,
843,847,0,
0,
0,
56,546,0,
756,0,
139,44,0,
767,0,
244,0,
148,0,
0,
268,0,
862,0,
408,0,
0,
592,467,0,
64,345,0,
91,590,0,
0,
0,
0,
0,
63,0,
0,
681,70,0,
0,
950,0,
0,
0,
470,0,
0,
872,0,
173,422,0,
0,
0,
263,447,0,
0,
786,0,
0,
0,
0,
527,0,
0,
72,0,
289,0,
0,
919,79,0,
333,0,
1008,1001,182,0,
117,0,
537,0,
0,
528,982,0,
841,678,0,
610,0,
535,0,
0,
0,
703,0,
662,0,
329,797,685,0,
0,
0,
216,0,
5,879,629,949,671,0,
258,0,
34,133,159,0,
896,0,
749,0,
901,878,0,
0,
641,794,0,
542,0,
0,
0,
747,0,
0,
957,0,
124,932,676,0,
0,
498,0,
101,0,
814,0,
0,
224,923,0,
730,0,
336,910,0,
324,0,
446,0,
692,0,
614,0,
389,0,
0,
596,0,
364,0,
790,0,
300,989,0,
0,
50,0,
898,0,
183,0,
0,
215,0,
0,
114,0,
0,
0,
0,
0,
107,0,
0,
420,0,
0,
716,334,0,
0,
127,0,
659,0,
36,0,
0,
0,
914,0,
320,0,
589,0,
449,342,0,
474,0,
0,
611,0,
110,0,
111,0,
538,837,0,
0,
721,0,
778,314,0,
0,
755,0,
897,0,
196,831,0,
189,0,
971,0,
0,
832,109,0,
0,
0,
0,
0,
509,0,
327,0,
0,
202,507,0,
834,355,0,
116,0,
0,
683,0,
585,653,0,
851,388,639,0,
745,0,
705,0,
674,0,
466,1004,47,0,
411,0,
348,735,0,
751,0,
275,0,
0,
945,0,
626,0,
915,0,
990,0,
96,506,390,759,0,
0,
0,
586,75,899,0,
0,
489,0,
673,0,
428,0,
0,
0,
0,
184,129,0,
230,0,
838,863,0,
0,
0,
380,0,
0,
0,
237,0,
316,815,0,
88,0,
143,0,
0,
113,0,
0,
0,
325,21,22,0,
440,438,0,
1003,575,0,
597,0,
165,0,
986,765,0,
179,0,
248,108,174,550,0,
0,
0,
0,
377,482,1011,330,0,
430,0,
686,0,
0,
0,
304,0,
19,0,
0,
339,0,
0,
283,187,0,
627,382,359,0,
0,
0,
298,868,0,
708,0,
661,0,
176,0,
608,0,
0,
0,
59,580,0,
732,0,
952,201,0,
0,
0,
520,0,
902,0,
0,
0,
499,0,
238,0,
208,323,30,0,
0,
817,0,
286,439,0,
0,
825,0,
644,0,
104,0,
0,
192,672,743,0,
930,0,
450,0,
505,0,
865,771,33,41,0,
394,595,0,
292,0,
0,
260,252,0,
0,
0,
457,938,0,
800,0,
0,
840,46,0,
282,981,0,
562,0,
810,207,0,
551,103,906,913,150,0,
480,40,0,
361,0,
720,784,0,
925,0,
948,0,
0,
427,0,
821,0,
308,0,
904,0,
725,0,
823,0,
313,0,
0,
0,
256,0,
205,0,
0,
0,
690,0,
0,
0,
0,
0,
900,526,0,
368,895,0,
588,0,
492,278,0,
593,0,
16,849,511,0,
0,
331,875,0,
0,
0,
386,60,0,
0,
