992,1000,813,665,985,0,
0,
0,
895,0,
184,805,0,
553,0,
925,0,
529,643,0,
0,
466,0,
73,4,244,977,0,
675,454,0,
429,0,
204,0,
8,966,0,
0,
0,
807,0,
416,463,0,
834,0,
0,
0,
0,
1002,0,
933,0,
559,0,
0,
379,0,
0,
202,0,
802,363,0,
568,598,0,
618,0,
753,271,0,
739,884,0,
426,0,
0,
0,
11,157,0,
1001,127,0,
345,599,0,
0,
577,814,0,
0,
0,
760,714,402,0,
0,
155,0,
148,0,
0,
565,0,
241,0,
41,78,0,
0,
0,
84,0,
250,550,0,
42,180,278,0,
0,
0,
920,484,0,
86,0,
0,
579,0,
676,0,
578,0,
0,
722,0,
0,
265,0,
113,699,0,
208,81,0,
981,0,
82,498,30,0,
0,
854,0,
83,0,
881,0,
156,0,
85,0,
222,886,0,
590,0,
352,508,0,
0,
0,
0,
0,
0,
316,166,0,
358,0,
163,0,
485,751,0,
136,0,
0,
442,0,
0,
0,
588,991,0,
1007,0,
526,0,
51,0,
900,0,
754,939,455,0,
0,
447,0,
0,
865,0,
164,0,
0,
0,
922,759,0,
46,0,
0,
999,0,
706,0,
26,0,
520,0,
605,0,
272,826,0,
792,871,151,0,
99,0,
0,
36,0,
934,0,
145,0,
0,
0,
824,796,0,
389,0,
593,0,
2,0,
843,0,
28,0,
109,0,
817,941,0,
431,0,
0,
0,
928,0,
387,0,
479,0,
245,0,
695,490,823,0,
548,685,0,
0,
0,
192,76,0,
743,0,
837,0,
820,0,
0,
132,764,0,
249,597,0,
144,0,
270,391,0,
0,
0,
632,325,0,
0,
0,
1005,0,
410,0,
647,0,
0,
0,
956,789,0,
159,0,
0,
910,0,
818,555,0,
532,821,0,
889,0,
0,
0,
874,0,
124,702,0,
0,
975,0,
0,
539,0,
388,0,
0,
523,0,
768,141,0,
646,0,
377,0,
658,0,
554,0,
524,117,0,
586,0,
230,0,
730,0,
546,0,
882,0,
0,
0,
791,0,
80,356,0,
217,0,
13,0,
0,
300,0,
0,
698,0,
0,
0,
0,
0,
678,0,
53,0,
697,143,0,
0,
574,0,
661,0,
0,
0,
993,0,
0,
0,
482,0,
901,0,
95,0,
812,0,
59,0,
0,
338,340,0,
456,0,
193,507,0,
198,542,0,
962,0,
692,0,
93,0,
253,0,
304,538,0,
719,0,
594,783,0,
0,
713,0,
369,452,750,0,
101,69,0,
469,0,
0,
130,371,0,
536,0,
904,560,700,0,
0,
0,
0,
0,
413,0,
480,892,0,
288,212,0,
187,0,
0,
724,0,
62,0,
48,690,819,0,
0,
0,
170,31,0,
118,822,6,0,
232,471,0,
129,626,835,0,
128,0,
691,100,0,
0,
972,260,461,142,0,
64,842,0,
88,776,434,0,
786,355,503,0,
291,0,
298,0,
667,0,
787,0,
368,0,
0,
167,0,
0,
954,323,0,
0,
621,0,
120,838,0,
932,60,0,
372,0,
74,0,
394,0,
563,0,
0,
15,0,
0,
811,294,335,0,
0,
0,
172,0,
409,0,
0,
0,
528,556,0,
0,
829,0,
0,
1011,0,
912,464,0,
952,0,
0,
0,
462,0,
0,
0,
165,582,175,0,
89,419,0,
0,
0,
65,606,0,
625,254,0,
0,
258,0,
125,0,
945,477,262,0,
158,0,
930,0,
953,780,918,604,0,
0,
929,0,
509,0,
35,301,0,
512,0,
0,
218,0,
0,
0,
0,
0,
112,0,
287,0,
936,0,
0,
610,0,
0,
0,
628,0,
247,0,
872,0,
0,
960,233,0,
276,302,0,
890,0,
295,0,
0,
853,0,
525,0,
0,
173,0,
0,
662,0,
656,315,0,
622,111,0,
857,873,0,
0,
668,815,0,
0,
186,493,0,
0,
319,0,
0,
194,0,
0,
32,349,0,
0,
970,309,494,0,
49,0,
277,0,
0,
769,637,359,0,
139,0,
433,0,
648,0,
766,0,
0,
0,
347,775,0,
0,
639,0,
0,
0,
153,967,0,
816,0,
0,
761,0,
1004,0,
67,957,0,
293,317,0,
0,
0,
0,
206,0,
54,0,
0,
263,551,0,
0,
0,
417,684,52,0,
284,534,0,
0,
185,5,0,
77,286,0,
440,314,0,
0,
0,
0,
0,
0,
728,851,290,627,0,
0,
850,0,
0,
432,0,
396,0,
0,
360,0,
848,0,
601,0,
0,
330,963,0,
0,
0,
0,
370,773,0,
0,
600,0,
361,154,804,969,0,
513,0,
0,
0,
133,0,
327,0,
305,0,
0,
0,
168,199,0,
921,982,0,
624,0,
0,
150,0,
0,
0,
0,
0,
339,0,
0,
0,
0,
57,453,0,
34,679,0,
531,0,
794,501,0,
21,0,
664,659,0,
16,0,
633,0,
0,
521,228,734,0,
0,
997,0,
408,0,
771,0,
0,
1008,0,
346,0,
200,0,
275,0,
864,0,
221,677,0,
0,
0,
307,0,
0,
841,17,935,0,
122,653,0,
383,0,
201,0,
846,0,
674,0,
540,0,
381,0,
986,0,
616,0,
580,0,
0,
0,
24,572,0,
0,
688,468,0,
836,487,0,
348,0,
723,310,0,
240,252,0,
784,0,
174,0,
946,135,0,
209,709,0,
98,0,
90,0,
29,0,
0,
561,663,0,
584,0,
514,0,
399,0,
0,
641,0,
0,
0,
0,
0,
840,763,63,0,
994,0,
906,998,0,
623,0,
877,0,
0,
22,0,
0,
0,
473,0,
0,
0,
938,75,0,
729,686,0,
0,
445,0,
931,0,
400,0,
33,190,367,0,
313,357,239,0,
0,
0,
0,
917,0,
844,0,
718,0,
0,
205,0,
720,0,
385,0,
989,0,
411,0,
522,0,
655,0,
283,0,
496,374,0,
669,0,
996,0,
68,0,
0,
138,0,
435,365,0,
0,
458,149,70,0,
0,
611,0,
0,
0,
673,332,0,
566,0,
0,
0,
0,
285,0,
638,0,
915,0,
489,0,
0,
830,0,
629,0,
642,188,860,0,
341,502,0,
87,0,
0,
795,0,
0,
0,
926,47,0,
3,422,0,
0,
96,0,
0,
236,0,
296,0,
744,693,782,0,
343,0,
797,0,
0,
630,0,
171,0,
0,
800,585,0,
788,0,
876,0,
481,587,0,
0,
748,311,0,
94,0,
450,0,
913,878,0,
0,
424,0,
902,911,0,
376,0,
106,0,
855,0,
425,0,
0,
0,
446,0,
320,908,478,0,
0,
460,0,
0,
571,0,
0,
0,
733,0,
828,0,
0,
1010,0,
923,0,
765,251,261,0,
0,
567,0,
0,
790,0,
229,375,0,
0,
210,515,0,
0,
441,0,
979,333,0,
971,0,
0,
847,0,
211,0,
961,614,0,
0,
651,0,
984,654,0,
1,0,
0,
308,0,
0,
806,0,
0,
495,615,269,887,0,
0,
108,0,
0,
1012,0,
0,
0,
666,591,0,
0,
0,
324,0,
858,0,
948,0,
321,712,715,1006,885,0,
964,0,
0,
126,0,
808,0,
350,0,
562,0,
609,682,0,
397,0,
727,0,
280,181,0,
592,0,
545,0,
649,0,
326,0,
486,0,
617,581,0,
701,0,
0,
898,0,
415,0,
312,0,
907,0,
420,0,
9,25,0,
803,0,
746,0,
0,
747,612,0,
569,947,0,
752,0,
0,
72,342,0,
0,
0,
636,644,0,
541,0,
613,0,
0,
640,237,0,
382,0,
215,0,
354,79,0,
403,0,
289,0,
137,0,
740,0,
344,256,146,264,0,
0,
268,589,0,
785,645,726,767,0,
778,543,0,
492,517,951,0,
0,
0,
0,
114,510,0,
0,
162,703,0,
0,
0,
650,147,0,
0,
472,866,608,0,
973,0,
875,0,
897,0,
364,0,
0,
573,862,0,
44,0,
61,0,
762,827,12,0,
0,
43,0,
809,0,
738,0,
443,0,
322,0,
392,465,0,
602,549,0,
0,
366,0,
66,0,
0,
169,770,0,
1009,121,0,
0,
161,0,
273,955,0,
257,779,0,
27,755,223,0,
216,449,0,
274,18,227,0,
511,0,
533,717,119,0,
0,
234,564,0,
328,160,0,
683,0,
123,499,0,
0,
680,793,0,
195,0,
707,527,0,
681,777,0,
0,
0,
883,0,
0,
140,0,
19,0,
225,0,
0,
418,0,
619,732,7,0,
0,
115,0,
491,0,
0,
483,231,0,
497,867,0,
0,
0,
58,0,
0,
0,
182,0,
224,0,
306,0,
0,
0,
0,
0,
737,97,758,439,0,
0,
395,0,
246,0,
0,
177,671,0,
351,0,
459,196,0,
0,
980,0,
0,
704,903,0,
92,0,
336,0,
102,45,974,430,412,0,
384,0,
535,983,0,
0,
530,0,
968,303,0,
831,0,
0,
444,0,
299,735,0,
104,334,0,
331,0,
810,942,575,0,
105,0,
476,0,
0,
0,
0,
0,
672,401,891,0,
362,0,
0,
243,0,
0,
0,
899,0,
279,0,
386,870,0,
506,0,
635,0,
620,0,
488,0,
0,
595,0,
0,
0,
845,0,
0,
421,191,0,
940,0,
0,
0,
0,
505,687,0,
893,0,
0,
916,116,0,
749,0,
437,0,
725,0,
547,0,
213,0,
0,
914,0,
0,
880,297,457,0,
0,
178,0,
988,711,0,
0,
378,0,
0,
774,0,
0,
0,
226,0,
467,0,
516,596,0,
852,0,
0,
0,
0,
56,282,40,0,
937,0,
705,14,0,
544,131,0,
0,
0,
603,55,0,
220,670,0,
0,
924,0,
0,
0,
0,
0,
207,0,
0,
292,0,
436,518,0,
801,742,0,
849,475,0,
741,0,
203,0,
696,0,
1003,0,
189,0,
248,0,
990,519,0,
329,0,
736,0,
0,
950,0,
0,
0,
894,380,398,0,
0,
552,0,
944,0,
781,0,
0,
23,0,
0,
0,
0,
0,
0,
987,0,
0,
856,71,0,
0,
448,0,
353,731,0,
451,0,
0,
0,
905,859,423,0,
0,
919,0,
152,500,414,0,
888,281,235,39,0,
0,
570,716,0,
976,0,
708,20,0,
772,0,
721,259,197,0,
0,
337,757,0,
407,0,
576,255,959,0,
557,0,
861,0,
474,0,
896,0,
689,242,390,0,
927,863,0,
50,710,0,
438,0,
0,
0,
0,
404,694,558,583,0,
833,0,
869,0,
470,0,
909,631,0,
110,839,0,
0,
219,179,0,
0,
134,91,756,406,0,
0,
0,
427,183,0,
0,
107,103,0,
0,
0,
660,0,
978,0,
504,0,
965,10,949,958,799,0,
214,0,
0,
37,0,
393,0,
428,0,
657,0,
832,868,238,943,825,0,
0,
0,
634,38,607,0,
0,
0,
537,798,0,
0,
995,266,652,373,318,0,
176,0,
0,
0,
0,
0,
745,267,405,879,0,
0,
0,
0,
0,
0,
0,
