484,199,850,698,699,0,
32,2,1043,0,
176,0,
786,0,
136,314,15,0,
953,0,
13,0,
0,
17,547,0,
0,
472,0,
0,
263,0,
0,
1065,937,830,0,
506,470,0,
0,
853,0,
185,0,
948,0,
580,70,0,
934,0,
952,0,
1079,0,
283,0,
324,223,0,
885,0,
919,0,
655,0,
423,0,
0,
1161,0,
492,1005,0,
738,743,0,
0,
0,
0,
0,
793,58,0,
386,972,254,0,
107,764,751,0,
87,0,
0,
0,
37,0,
71,0,
782,0,
954,0,
875,0,
1056,0,
0,
573,0,
0,
0,
73,0,
102,47,0,
646,1022,0,
1085,0,
723,0,
0,
72,1010,643,0,
410,0,
0,
1139,0,
0,
256,581,0,
216,0,
0,
0,
0,
611,894,0,
0,
76,46,0,
0,
0,
896,293,0,
1142,0,
1064,0,
0,
357,0,
0,
0,
278,0,
0,
1105,122,0,
0,
304,0,
0,
0,
0,
835,651,93,0,
289,891,0,
0,
956,30,0,
1151,0,
761,0,
1152,0,
0,
0,
660,0,
0,
0,
68,0,
0,
0,
696,0,
194,0,
848,541,0,
0,
1029,0,
81,0,
904,997,0,
801,252,39,383,0,
407,0,
538,0,
544,548,902,0,
0,
0,
1153,90,444,14,0,
1032,28,0,
1106,0,
880,918,111,0,
789,0,
0,
502,0,
180,0,
1143,0,
88,0,
477,0,
0,
0,
0,
984,985,1074,757,0,
0,
0,
0,
41,116,0,
1018,355,0,
170,0,
618,343,0,
0,
0,
536,210,0,
0,
784,1145,0,
125,599,0,
560,26,0,
0,
0,
0,
162,0,
0,
379,389,22,0,
0,
787,1021,0,
265,0,
374,0,
0,
0,
650,1125,0,
0,
322,190,0,
220,0,
0,
409,0,
468,0,
0,
202,258,0,
143,0,
0,
0,
807,0,
831,0,
0,
0,
0,
1128,0,
0,
788,0,
200,0,
0,
932,0,
381,927,0,
0,
638,7,0,
0,
494,0,
519,0,
720,957,0,
434,346,0,
837,0,
478,0,
512,50,0,
428,285,119,0,
0,
0,
608,109,0,
226,0,
556,0,
354,112,594,473,347,0,
0,
0,
457,0,
0,
1113,0,
964,0,
0,
803,0,
800,721,1163,999,0,
0,
871,0,
704,0,
323,0,
0,
0,
0,
0,
408,1121,40,827,0,
982,0,
693,0,
0,
0,
173,0,
685,0,
108,0,
0,
0,
0,
0,
690,0,
705,425,0,
1154,990,575,0,
692,0,
0,
710,0,
0,
0,
49,169,0,
89,0,
0,
0,
131,0,
731,0,
860,38,0,
467,0,
45,967,0,
240,0,
760,1027,0,
0,
0,
600,33,647,0,
763,463,0,
922,653,551,0,
0,
110,951,0,
1026,0,
974,0,
384,936,0,
367,0,
633,0,
0,
486,359,0,
774,0,
0,
0,
0,
903,0,
0,
0,
0,
44,0,
0,
794,639,0,
554,0,
0,
609,165,0,
0,
376,297,0,
0,
474,0,
978,659,0,
0,
0,
0,
1003,0,
364,775,0,
0,
0,
528,1122,966,0,
290,540,0,
1031,0,
0,
0,
1123,0,
0,
338,0,
0,
0,
834,0,
777,0,
257,876,733,0,
267,0,
0,
298,863,0,
158,0,
1035,0,
0,
421,311,0,
456,847,0,
103,0,
504,1078,0,
454,0,
276,0,
0,
1146,1108,0,
333,0,
914,0,
810,0,
958,0,
615,0,
700,0,
883,0,
1094,0,
0,
586,0,
0,
0,
0,
722,0,
612,212,0,
218,0,
35,12,0,
9,0,
0,
1000,754,397,0,
16,0,
980,895,0,
852,0,
0,
238,0,
370,0,
0,
1058,299,0,
92,0,
576,0,
192,545,1076,0,
0,
1107,300,661,1086,0,
0,
0,
1165,1167,0,
0,
0,
0,
947,804,1126,0,
806,0,
1120,0,
0,
724,0,
36,0,
1006,823,0,
1025,0,
0,
713,0,
1111,0,
460,331,828,0,
378,771,0,
675,0,
164,246,1038,0,
0,
0,
511,0,
0,
292,0,
0,
326,0,
80,0,
1168,0,
0,
19,933,0,
0,
388,0,
708,84,5,0,
1081,900,447,0,
1103,0,
105,791,0,
1101,0,
945,0,
0,
557,0,
0,
0,
249,0,
867,0,
0,
979,0,
681,419,0,
219,0,
0,
0,
585,0,
1083,0,
862,0,
832,530,0,
282,0,
0,
160,0,
0,
137,667,342,0,
53,0,
0,
592,0,
0,
610,0,
0,
1140,0,
77,175,0,
533,446,0,
0,
602,0,
302,0,
59,0,
120,1013,0,
0,
341,0,
195,0,
1042,0,
1073,0,
178,732,0,
489,1158,0,
328,21,0,
0,
563,1053,471,0,
422,910,0,
157,0,
940,0,
0,
153,0,
0,
321,114,0,
0,
553,0,
711,0,
627,0,
96,605,983,0,
816,842,628,0,
163,0,
931,652,0,
0,
222,1087,0,
352,0,
436,0,
0,
0,
69,0,
0,
1040,0,
0,
0,
225,0,
589,0,
0,
0,
97,0,
844,0,
691,886,0,
0,
291,0,
604,0,
294,0,
537,0,
856,0,
0,
736,809,674,0,
0,
0,
0,
0,
0,
0,
1127,0,
440,0,
361,0,
613,0,
769,1156,941,917,762,0,
0,
1097,0,
0,
870,0,
431,0,
0,
591,0,
462,0,
264,0,
0,
0,
498,204,0,
1124,0,
687,0,
929,0,
0,
0,
0,
0,
1102,1023,0,
0,
83,0,
683,228,0,
495,0,
559,0,
507,1155,535,0,
453,0,
306,0,
780,0,
380,0,
864,385,230,0,
348,0,
0,
411,1150,0,
0,
0,
817,0,
0,
598,0,
1048,658,0,
99,255,0,
393,94,0,
166,0,
443,198,0,
0,
1061,0,
899,6,0,
584,636,0,
394,0,
235,0,
702,567,0,
1002,0,
0,
0,
944,1162,532,0,
935,0,
236,0,
129,437,0,
846,0,
1115,971,0,
1099,171,0,
0,
287,0,
277,845,0,
0,
274,0,
211,215,0,
0,
529,0,
0,
168,571,0,
0,
740,0,
593,642,0,
0,
74,0,
0,
753,0,
398,414,0,
0,
0,
0,
43,0,
0,
448,0,
0,
0,
728,0,
0,
234,1028,0,
596,773,0,
0,
843,0,
677,0,
441,930,819,0,
488,682,0,
928,0,
269,0,
147,0,
312,203,0,
0,
0,
11,0,
0,
0,
0,
0,
0,
1118,0,
1,154,275,621,0,
802,51,0,
718,0,
405,0,
568,0,
995,0,
920,1077,0,
479,0,
0,
797,0,
390,0,
241,597,0,
897,582,0,
499,1071,0,
281,0,
765,406,0,
0,
85,0,
815,0,
0,
0,
0,
514,0,
0,
0,
881,890,0,
337,1041,0,
578,270,0,
0,
0,
0,
624,703,0,
57,715,0,
0,
1090,668,0,
872,144,0,
130,0,
849,0,
0,
0,
0,
513,0,
402,1037,0,
371,150,0,
325,0,
0,
0,
744,442,0,
923,0,
1129,295,0,
701,31,0,
729,0,
961,0,
179,1011,0,
673,483,139,0,
315,707,0,
1015,0,
392,63,0,
678,0,
993,0,
656,0,
0,
0,
0,
706,0,
689,0,
0,
619,749,167,0,
657,0,
0,
0,
0,
0,
320,821,0,
1019,0,
672,907,0,
759,0,
550,0,
796,0,
224,921,0,
625,244,237,0,
0,
1135,0,
522,0,
0,
0,
1148,0,
938,0,
590,0,
0,
1020,0,
0,
418,0,
0,
756,0,
0,
0,
987,0,
0,
0,
542,607,0,
501,0,
0,
0,
1082,115,916,118,858,0,
132,1062,1039,208,217,0,
0,
151,0,
268,0,
0,
0,
520,0,
0,
546,0,
317,318,0,
0,
0,
0,
566,0,
372,0,
0,
965,0,
142,859,1141,310,0,
565,487,0,
0,
0,
755,0,
146,469,1047,0,
0,
0,
0,
134,0,
709,0,
0,
485,0,
0,
221,0,
0,
327,0,
52,534,0,
730,0,
476,516,0,
330,251,1068,0,
0,
508,0,
0,
0,
1091,669,0,
1164,0,
552,0,
666,0,
475,0,
892,0,
67,0,
316,949,0,
305,631,0,
0,
124,527,0,
665,451,0,
0,
309,0,
0,
0,
969,526,303,0,
1009,0,
0,
1159,0,
0,
1096,1050,350,0,
989,0,
400,29,0,
387,0,
271,0,
0,
663,0,
121,60,1012,0,
356,284,0,
253,0,
0,
503,0,
0,
286,0,
887,207,0,
0,
455,0,
865,0,
0,
0,
911,0,
0,
213,0,
960,0,
0,
259,0,
0,
0,
0,
1060,0,
1017,0,
0,
915,0,
482,82,0,
0,
490,0,
0,
273,0,
1024,531,574,0,
811,159,0,
391,0,
0,
416,676,717,0,
377,799,0,
0,
0,
833,977,901,0,
838,595,606,0,
0,
1116,205,0,
1138,726,0,
976,420,0,
779,996,0,
0,
233,670,0,
0,
0,
1033,0,
0,
1166,0,
0,
505,0,
0,
0,
0,
8,449,55,0,
459,206,0,
840,0,
401,0,
869,0,
1147,0,
795,366,855,0,
750,0,
747,0,
1149,415,0,
0,
745,0,
481,54,0,
0,
65,644,973,0,
138,1046,0,
0,
0,
1130,123,0,
0,
778,404,0,
78,0,
614,0,
1089,808,716,986,539,0,
818,0,
0,
0,
0,
1137,829,0,
0,
242,229,0,
648,898,445,0,
684,988,429,0,
3,349,0,
189,735,0,
0,
1054,0,
1008,23,0,
0,
0,
177,0,
695,0,
0,
0,
561,0,
939,227,0,
555,1134,0,
0,
0,
955,686,0,
396,1084,0,
62,0,
0,
616,66,0,
427,0,
926,0,
0,
0,
0,
399,0,
0,
0,
1051,0,
654,0,
792,106,0,
1114,0,
781,0,
104,0,
296,0,
632,0,
98,0,
27,649,75,0,
0,
340,358,0,
360,770,0,
946,1045,1109,0,
0,
101,0,
461,0,
884,0,
737,0,
329,1067,0,
1117,0,
1092,0,
0,
1144,1014,0,
0,
0,
0,
970,741,334,510,0,
432,579,1136,152,0,
992,882,0,
622,0,
679,0,
0,
725,0,
0,
641,626,261,0,
1132,0,
0,
214,0,
0,
0,
1030,0,
148,0,
0,
500,0,
0,
824,0,
262,0,
562,851,0,
0,
719,0,
0,
1057,908,1004,308,0,
0,
714,0,
912,523,975,0,
0,
172,572,0,
752,758,0,
0,
0,
739,0,
0,
34,0,
353,0,
0,
1100,0,
117,0,
0,
0,
662,279,0,
0,
0,
0,
0,
0,
0,
24,181,0,
963,0,
1093,0,
395,543,0,
603,1044,645,0,
86,79,0,
344,1160,0,
866,332,0,
0,
889,0,
588,0,
336,857,1001,0,
466,0,
0,
664,0,
0,
0,
10,127,0,
465,417,188,0,
145,805,525,0,
91,515,365,382,0,
0,
905,141,0,
0,
1070,878,0,
906,798,0,
149,0,
0,
1095,0,
826,0,
187,0,
962,0,
1080,363,0,
184,1069,839,0,
1098,994,0,
413,319,0,
464,0,
0,
1075,671,0,
135,0,
942,0,
688,0,
232,0,
888,0,
272,155,0,
183,0,
1112,1034,0,
0,
790,0,
617,0,
943,0,
0,
239,0,
0,
0,
509,0,
1036,0,
100,0,
126,0,
0,
0,
0,
0,
0,
0,
822,0,
1131,0,
0,
450,339,0,
783,0,
0,
0,
174,0,
841,250,924,231,0,
879,0,
260,0,
0,
480,909,0,
601,0,
868,1110,0,
0,
128,712,0,
493,0,
0,
280,161,734,0,
0,
768,301,0,
362,0,
772,0,
313,0,
0,
558,518,0,
351,0,
48,491,0,
0,
549,0,
288,193,4,813,0,
854,0,
0,
1133,335,0,
0,
156,0,
458,1055,0,
1072,630,0,
981,0,
0,
1049,0,
0,
524,637,814,0,
113,209,0,
925,0,
412,0,
375,0,
0,
1066,0,
191,0,
345,243,998,0,
0,
950,0,
0,
1104,620,748,0,
680,0,
1119,0,
368,433,861,877,0,
570,0,
785,742,0,
517,0,
0,
0,
0,
776,746,635,0,
0,
369,0,
634,0,
0,
0,
0,
0,
893,0,
623,0,
0,
496,403,0,
727,0,
569,766,0,
426,0,
0,
186,435,0,
820,0,
0,
1063,1007,0,
968,0,
0,
0,
767,0,
0,
56,430,959,0,
18,61,0,
0,
0,
697,0,
424,1052,812,0,
0,
0,
583,0,
42,0,
0,
0,
0,
577,197,0,
825,0,
1016,1059,836,0,
452,0,
0,
0,
0,
247,1157,991,0,
0,
0,
0,
564,0,
64,0,
874,0,
0,
438,0,
0,
913,0,
140,0,
245,439,0,
587,95,0,
497,201,0,
873,20,629,694,0,
266,0,
640,0,
0,
0,
0,
1088,182,0,
25,307,196,0,
248,0,
373,0,
0,
521,133,0,
0,
