838,1098,624,17,62,0,
1142,0,
0,
81,97,425,935,0,
0,
18,613,0,
84,0,
0,
98,0,
730,0,
376,0,
140,0,
488,0,
1116,0,
8,0,
0,
2,0,
771,651,301,46,249,0,
963,0,
0,
0,
511,0,
0,
0,
0,
0,
675,0,
884,0,
487,0,
113,0,
706,717,413,0,
391,0,
371,485,0,
872,251,206,0,
0,
281,0,
688,0,
826,0,
335,0,
7,0,
0,
988,773,0,
0,
1039,127,0,
724,398,0,
659,524,550,348,0,
1138,994,52,965,0,
0,
217,298,0,
888,0,
1034,0,
0,
28,44,573,0,
1161,557,0,
297,764,0,
408,0,
158,0,
0,
569,122,1018,165,0,
490,478,0,
1153,510,0,
210,0,
64,3,393,754,88,0,
0,
818,700,254,87,0,
526,0,
0,
691,428,0,
1070,0,
0,
697,538,0,
0,
0,
200,0,
0,
152,0,
0,
947,0,
0,
0,
0,
1086,6,0,
0,
993,260,596,0,
293,0,
652,0,
669,0,
571,340,1053,0,
635,752,83,134,0,
489,1,0,
82,0,
824,0,
131,0,
374,0,
367,0,
0,
637,0,
135,183,0,
0,
1123,0,
0,
0,
0,
479,0,
72,0,
0,
1048,551,0,
0,
761,35,599,0,
0,
27,149,0,
0,
0,
1063,0,
434,0,
1022,0,
57,0,
977,0,
0,
0,
0,
0,
681,242,435,0,
0,
0,
662,0,
545,0,
714,0,
758,703,0,
0,
1073,772,0,
0,
876,0,
0,
169,630,734,0,
1072,0,
0,
0,
109,0,
390,0,
0,
472,794,0,
0,
0,
1151,0,
1012,0,
47,0,
0,
319,0,
563,0,
269,1023,0,
0,
0,
0,
0,
1064,41,67,0,
0,
0,
0,
0,
0,
896,0,
0,
0,
365,125,0,
792,793,1071,0,
0,
0,
1115,396,0,
713,316,0,
138,805,0,
483,0,
0,
304,0,
0,
279,0,
372,1054,0,
1166,0,
0,
1017,0,
667,0,
90,486,0,
881,343,0,
668,0,
0,
0,
616,421,0,
658,299,0,
192,0,
923,0,
0,
636,886,0,
0,
575,141,774,927,0,
0,
998,0,
0,
0,
726,0,
326,0,
0,
0,
0,
1000,0,
496,399,0,
0,
1106,420,0,
0,
471,215,0,
477,0,
0,
0,
0,
784,987,414,0,
0,
877,0,
0,
438,0,
247,0,
1104,318,0,
0,
802,0,
1056,939,0,
0,
609,626,0,
0,
0,
533,0,
223,0,
0,
531,71,0,
346,0,
144,0,
250,0,
0,
0,
0,
1152,0,
263,0,
0,
530,0,
649,31,0,
760,868,0,
270,0,
234,0,
1130,0,
856,0,
79,0,
812,0,
168,1131,386,155,0,
0,
177,325,0,
780,0,
0,
600,1167,0,
721,743,0,
0,
839,0,
0,
0,
480,891,0,
970,0,
1002,0,
0,
0,
426,0,
172,0,
608,0,
1110,0,
634,0,
0,
0,
475,0,
0,
289,370,0,
1162,15,0,
332,0,
0,
1089,0,
0,
0,
105,0,
882,916,0,
0,
0,
1120,377,0,
321,0,
0,
701,0,
401,0,
0,
362,0,
633,0,
0,
252,1045,0,
871,0,
1042,796,1062,823,0,
1013,0,
610,0,
607,0,
139,311,0,
1080,778,213,958,0,
0,
643,964,222,0,
0,
516,0,
65,1087,0,
466,181,14,0,
216,0,
0,
429,0,
0,
0,
491,0,
605,949,375,0,
975,991,0,
0,
1132,0,
830,0,
0,
0,
0,
264,0,
32,539,431,0,
0,
931,0,
0,
0,
474,0,
580,349,0,
738,0,
240,985,1082,0,
178,0,
627,1103,0,
757,430,0,
0,
906,0,
582,0,
0,
156,1055,0,
416,914,0,
572,238,0,
23,0,
815,0,
0,
779,493,0,
0,
0,
267,956,1038,0,
0,
702,0,
456,49,0,
528,0,
568,0,
984,859,0,
745,741,0,
0,
1147,1030,0,
313,0,
278,0,
9,1095,0,
655,0,
0,
291,151,0,
1164,0,
0,
547,1021,0,
1107,0,
832,0,
683,0,
0,
0,
966,0,
0,
855,0,
50,443,0,
0,
0,
360,53,606,0,
1049,0,
0,
934,0,
0,
248,612,0,
342,0,
465,0,
907,1108,110,0,
112,0,
0,
579,999,0,
0,
284,0,
0,
913,620,799,455,0,
0,
436,0,
317,0,
0,
722,0,
498,0,
803,0,
0,
746,861,0,
404,231,0,
201,0,
1134,359,0,
180,327,0,
0,
0,
43,150,1047,0,
0,
0,
96,0,
187,1014,0,
1033,452,0,
1097,70,0,
497,0,
781,0,
911,0,
0,
1028,0,
0,
0,
0,
1074,0,
973,39,0,
0,
959,0,
119,0,
0,
644,0,
20,791,0,
864,663,0,
562,454,0,
143,0,
203,820,0,
558,0,
1004,0,
0,
0,
0,
842,68,0,
1168,693,887,0,
976,0,
621,878,0,
0,
0,
176,642,640,0,
1058,245,0,
0,
417,361,0,
1029,0,
309,0,
0,
179,0,
505,21,645,0,
302,0,
0,
1113,4,1005,0,
682,1037,0,
0,
1135,0,
0,
0,
392,0,
0,
1121,0,
698,924,0,
11,0,
0,
755,0,
410,0,
266,0,
0,
0,
940,0,
0,
0,
844,0,
0,
25,0,
1043,0,
449,322,0,
0,
121,1006,0,
137,0,
0,
854,0,
253,0,
305,0,
0,
0,
225,0,
13,0,
589,0,
0,
900,0,
0,
0,
446,0,
0,
0,
388,509,0,
271,0,
650,515,1111,0,
848,836,0,
0,
0,
858,0,
0,
397,0,
928,0,
980,0,
0,
63,0,
1092,1076,0,
763,0,
731,1165,334,0,
1122,893,0,
0,
553,55,0,
657,0,
786,243,0,
424,831,0,
448,1003,341,0,
0,
0,
117,926,0,
0,
1057,74,0,
24,0,
544,0,
945,0,
0,
0,
0,
929,366,415,0,
148,623,0,
732,0,
894,0,
0,
26,611,0,
809,0,
418,0,
0,
0,
12,788,0,
941,790,0,
403,351,0,
277,0,
468,29,0,
549,0,
0,
955,0,
0,
733,0,
0,
785,0,
0,
0,
0,
0,
909,0,
0,
0,
0,
227,783,0,
229,0,
0,
182,527,0,
618,0,
1145,0,
1075,0,
603,751,0,
0,
1136,762,60,0,
0,
897,147,0,
827,331,715,108,0,
930,0,
162,0,
735,0,
0,
536,890,1059,1077,0,
205,0,
237,0,
463,0,
0,
725,0,
0,
380,0,
128,218,191,0,
0,
960,0,
0,
1128,494,0,
1160,0,
324,677,0,
0,
1025,990,0,
937,1027,0,
810,0,
0,
0,
0,
617,534,0,
228,38,0,
0,
0,
290,221,0,
0,
950,0,
212,0,
194,0,
352,1155,0,
220,0,
100,0,
460,0,
0,
0,
555,595,383,0,
866,0,
0,
0,
296,840,813,45,58,0,
564,0,
753,0,
862,0,
0,
1117,37,0,
740,951,0,
1046,0,
400,615,0,
0,
0,
577,285,0,
676,0,
0,
1140,0,
0,
920,0,
1068,484,0,
737,126,0,
880,952,0,
0,
954,132,0,
0,
0,
1020,0,
1008,0,
843,0,
1016,409,378,835,0,
0,
0,
504,834,1079,0,
0,
748,0,
0,
154,0,
219,1148,103,0,
798,0,
692,0,
0,
576,0,
0,
0,
0,
0,
619,0,
0,
892,1094,0,
0,
314,759,670,591,0,
0,
632,241,687,0,
0,
0,
347,0,
0,
0,
209,0,
381,590,0,
280,0,
0,
1052,0,
0,
622,0,
259,565,0,
0,
729,0,
118,0,
202,0,
185,0,
625,690,0,
0,
0,
969,1146,447,0,
0,
0,
873,0,
520,537,502,0,
0,
1149,0,
1102,0,
167,0,
387,85,0,
56,244,0,
846,0,
0,
283,0,
0,
0,
711,0,
716,0,
0,
441,932,804,0,
0,
116,276,0,
145,0,
0,
1157,0,
207,0,
0,
845,0,
847,0,
0,
0,
1078,310,0,
287,0,
286,0,
0,
80,246,0,
0,
0,
962,379,0,
0,
0,
470,0,
0,
0,
419,0,
1067,0,
0,
822,0,
10,0,
0,
344,0,
104,664,0,
0,
197,0,
106,1036,0,
1085,0,
282,300,0,
473,0,
1088,674,1011,548,0,
0,
1091,957,0,
0,
1001,0,
801,1125,0,
1096,0,
995,0,
853,1150,0,
0,
915,0,
350,1119,0,
770,0,
507,0,
265,292,0,
679,0,
0,
1007,442,307,967,0,
808,0,
469,0,
1158,981,294,0,
48,54,0,
262,0,
411,0,
660,186,164,0,
1041,0,
0,
594,0,
1112,829,0,
40,0,
161,0,
0,
1141,0,
0,
922,0,
0,
739,0,
1133,0,
852,1061,0,
275,230,0,
173,0,
0,
522,1099,0,
328,718,0,
825,0,
1009,437,0,
513,0,
395,461,0,
0,
0,
130,541,114,0,
0,
921,0,
338,0,
0,
841,0,
525,0,
153,0,
0,
89,345,5,0,
101,0,
708,0,
492,0,
0,
585,1124,518,0,
581,0,
704,0,
968,0,
0,
638,1090,910,0,
1081,0,
0,
0,
705,787,775,0,
689,405,0,
0,
0,
111,0,
0,
889,0,
170,903,0,
329,115,412,0,
163,0,
1065,1010,0,
672,193,578,1015,30,0,
0,
908,458,1109,517,0,
0,
235,77,0,
0,
0,
0,
0,
0,
1060,0,
0,
136,0,
123,295,0,
160,0,
256,0,
19,0,
0,
0,
0,
869,0,
559,0,
226,0,
0,
0,
503,983,0,
95,0,
673,0,
0,
356,0,
709,0,
0,
0,
0,
1066,814,0,
0,
0,
1093,0,
0,
0,
0,
124,0,
0,
521,0,
133,0,
499,171,0,
0,
427,308,0,
166,0,
586,646,0,
0,
0,
529,402,1159,0,
407,0,
925,766,0,
666,0,
961,0,
719,0,
0,
196,0,
870,0,
0,
0,
439,0,
819,451,0,
648,373,0,
996,0,
0,
0,
368,665,0,
274,91,444,0,
500,0,
233,189,0,
0,
0,
508,204,797,0,
423,0,
0,
457,0,
339,1101,0,
0,
0,
519,0,
587,0,
0,
0,
462,0,
628,0,
336,0,
355,1051,680,0,
0,
272,1126,0,
0,
0,
656,865,0,
1084,828,750,0,
0,
769,875,0,
0,
506,0,
647,0,
912,0,
0,
0,
0,
1105,34,0,
464,821,0,
979,0,
1031,0,
0,
0,
948,567,0,
0,
1083,0,
1035,0,
0,
639,0,
0,
1024,199,0,
0,
59,982,863,0,
0,
0,
0,
42,0,
0,
288,0,
467,885,707,0,
0,
306,514,629,0,
0,
1144,16,727,0,
0,
756,943,0,
0,
495,0,
631,0,
919,0,
0,
535,0,
867,0,
0,
0,
175,0,
601,807,0,
394,0,
476,0,
946,901,0,
874,0,
817,895,0,
561,0,
0,
0,
440,0,
224,323,917,971,0,
257,86,0,
744,450,357,0,
214,0,
0,
268,0,
0,
1118,0,
69,0,
0,
0,
736,0,
0,
198,0,
540,0,
369,93,0,
66,0,
190,0,
0,
776,833,978,0,
0,
0,
684,0,
1032,33,902,303,0,
406,389,566,0,
0,
641,459,765,0,
0,
0,
588,0,
382,0,
602,0,
0,
936,0,
0,
710,0,
0,
1139,0,
239,0,
0,
337,546,1127,0,
0,
0,
0,
273,661,0,
678,0,
258,789,0,
671,0,
0,
1163,0,
768,1050,315,0,
0,
501,0,
795,0,
0,
850,0,
195,0,
0,
1143,0,
699,92,0,
0,
353,570,0,
694,0,
556,0,
1040,0,
445,0,
554,0,
593,997,837,0,
0,
330,0,
94,806,782,0,
0,
1156,0,
0,
22,0,
0,
1026,767,0,
1129,0,
685,0,
384,860,0,
849,0,
120,0,
0,
0,
0,
75,597,358,0,
236,0,
883,542,255,0,
432,354,851,0,
0,
986,898,0,
0,
433,364,0,
0,
422,0,
102,0,
944,188,333,0,
0,
1019,0,
0,
453,0,
0,
1154,0,
184,0,
0,
1114,99,0,
992,933,583,654,696,0,
777,36,0,
512,61,0,
728,0,
0,
159,0,
604,0,
107,0,
174,0,
0,
584,598,0,
816,363,614,0,
0,
712,989,0,
312,0,
592,0,
0,
73,0,
695,0,
0,
0,
146,0,
560,0,
0,
78,0,
0,
686,0,
232,938,0,
811,0,
800,532,0,
552,0,
0,
0,
208,747,1100,0,
0,
0,
1137,0,
51,0,
904,76,0,
129,0,
720,523,543,0,
0,
0,
0,
0,
0,
1044,879,0,
942,0,
482,261,974,0,
142,0,
385,723,0,
0,
0,
0,
0,
574,0,
320,0,
953,0,
211,0,
0,
481,1069,0,
918,0,
972,0,
653,0,
857,0,
0,
749,0,
905,0,
742,0,
899,0,
157,0,
