1133,20,250,572,223,0,
292,0,
838,0,
981,0,
184,153,1044,0,
0,
307,0,
0,
178,0,
197,0,
59,660,0,
0,
0,
58,157,0,
524,965,0,
921,449,0,
887,0,
186,754,669,0,
0,
50,175,0,
1130,75,1163,942,975,0,
1069,654,0,
313,690,454,0,
3,211,0,
33,1045,0,
1026,467,846,0,
918,0,
1168,410,335,0,
137,1099,0,
0,
5,0,
0,
1031,0,
145,0,
0,
348,0,
205,0,
0,
0,
802,637,0,
474,866,0,
737,0,
786,83,0,
617,562,0,
1149,447,0,
623,0,
0,
1010,892,0,
938,0,
252,228,0,
0,
641,498,0,
1065,23,151,0,
129,0,
328,154,299,0,
218,0,
320,0,
360,66,0,
570,0,
306,0,
373,0,
352,102,0,
1113,0,
922,0,
0,
812,911,0,
377,945,0,
355,1140,0,
621,0,
906,302,0,
113,1077,0,
0,
842,988,0,
0,
697,0,
1139,620,286,111,0,
0,
1028,0,
176,0,
1004,0,
0,
0,
0,
1018,0,
1131,1156,0,
0,
322,0,
0,
848,0,
64,0,
0,
763,0,
1111,0,
658,994,0,
979,0,
808,0,
0,
204,0,
1119,0,
867,0,
741,0,
1123,0,
661,0,
193,0,
0,
946,323,117,1063,0,
301,0,
536,0,
766,0,
927,0,
225,770,0,
520,19,77,0,
0,
973,0,
858,995,0,
2,67,0,
440,458,764,591,0,
1147,27,950,0,
875,972,230,44,0,
0,
108,0,
0,
185,222,0,
491,0,
628,110,0,
534,0,
930,0,
516,0,
600,361,983,0,
0,
0,
785,598,0,
53,0,
833,393,0,
573,0,
0,
705,0,
722,996,0,
417,0,
25,684,397,57,0,
937,0,
231,895,0,
0,
0,
0,
964,0,
259,925,0,
790,0,
1125,0,
1166,0,
0,
735,0,
564,0,
581,0,
559,471,0,
940,0,
817,22,542,0,
217,396,0,
0,
0,
668,0,
125,710,0,
0,
619,0,
339,0,
0,
597,0,
238,0,
755,0,
18,0,
0,
889,0,
0,
642,68,0,
88,1064,0,
643,0,
1093,0,
1155,0,
209,0,
686,0,
329,596,0,
584,777,0,
897,0,
956,0,
16,550,0,
647,0,
412,0,
0,
839,0,
0,
0,
49,978,495,999,0,
0,
0,
826,0,
345,425,899,0,
0,
0,
578,298,0,
0,
452,0,
0,
993,835,742,959,0,
343,0,
0,
0,
0,
119,0,
1058,0,
0,
0,
215,0,
159,0,
384,0,
1007,0,
263,0,
0,
0,
308,0,
840,267,0,
481,0,
353,101,1159,0,
687,0,
195,772,395,139,156,0,
74,532,0,
82,0,
0,
0,
315,0,
913,0,
32,47,127,0,
31,0,
1000,493,1141,0,
0,
0,
824,115,747,0,
745,0,
1097,173,54,455,0,
0,
0,
828,0,
0,
369,0,
575,0,
488,0,
189,0,
275,0,
172,0,
288,303,0,
728,651,757,767,0,
1152,237,116,249,538,0,
953,878,0,
446,0,
363,0,
38,0,
1115,0,
505,732,0,
769,926,0,
0,
849,670,0,
1150,0,
0,
1041,0,
0,
1072,6,0,
0,
496,0,
504,0,
685,0,
370,0,
791,0,
580,0,
792,0,
269,0,
1038,0,
674,0,
0,
541,1071,0,
793,1079,0,
206,0,
594,0,
633,0,
894,0,
784,0,
836,0,
1039,0,
707,518,483,0,
821,0,
166,0,
0,
336,0,
188,279,0,
0,
1096,464,0,
0,
781,30,0,
0,
545,0,
0,
433,650,0,
1013,0,
0,
162,380,0,
423,0,
0,
804,0,
0,
0,
0,
0,
880,333,0,
0,
0,
968,76,0,
240,91,0,
0,
819,413,0,
35,199,0,
0,
0,
0,
0,
0,
248,99,1143,0,
595,1142,0,
0,
931,487,0,
0,
1050,310,0,
1066,0,
0,
1001,646,807,0,
0,
857,0,
0,
123,903,0,
0,
11,0,
0,
0,
682,0,
853,0,
227,0,
0,
712,1049,0,
56,131,0,
450,351,0,
801,270,0,
0,
0,
0,
0,
672,0,
834,262,0,
438,0,
531,0,
0,
1054,0,
0,
476,0,
160,554,0,
970,0,
0,
327,0,
1088,0,
289,0,
847,0,
0,
0,
0,
0,
9,519,0,
893,0,
0,
604,0,
272,0,
0,
919,0,
683,0,
583,0,
426,0,
1165,0,
0,
885,0,
0,
90,1086,0,
0,
0,
0,
422,1006,0,
0,
311,0,
71,0,
212,0,
1020,0,
832,1145,512,0,
645,0,
537,146,831,0,
608,0,
806,0,
0,
0,
457,500,0,
0,
873,414,0,
80,0,
1117,359,0,
34,0,
0,
984,0,
0,
0,
974,0,
287,0,
120,236,0,
0,
0,
0,
0,
854,0,
0,
0,
902,0,
718,0,
256,1102,0,
1122,678,0,
0,
0,
513,0,
605,933,0,
717,0,
555,0,
0,
1043,0,
0,
462,271,0,
0,
729,0,
445,0,
86,246,0,
1032,219,277,0,
752,589,0,
224,577,402,0,
1120,0,
0,
0,
0,
528,530,0,
0,
768,1061,0,
112,0,
0,
635,0,
0,
432,0,
896,69,13,0,
560,1048,0,
283,630,0,
947,1012,15,0,
150,207,0,
625,0,
337,843,869,0,
648,0,
0,
411,0,
0,
1106,1070,0,
509,0,
0,
0,
0,
155,511,0,
122,798,0,
0,
868,0,
0,
709,0,
169,37,0,
1034,0,
0,
274,431,0,
0,
0,
40,837,0,
1017,0,
0,
0,
535,0,
0,
585,0,
489,0,
0,
418,0,
680,0,
104,0,
208,881,800,0,
0,
0,
517,0,
0,
62,0,
0,
576,0,
0,
0,
656,0,
0,
0,
0,
338,0,
501,0,
1023,0,
593,827,0,
0,
721,0,
796,0,
0,
0,
546,293,0,
255,0,
982,814,0,
776,89,0,
969,482,0,
571,900,0,
183,0,
657,324,253,0,
392,0,
479,0,
1154,0,
1136,627,0,
864,0,
0,
924,0,
825,0,
0,
0,
0,
346,751,0,
10,52,461,882,0,
334,0,
257,762,4,852,0,
552,0,
850,79,0,
0,
0,
0,
460,0,
640,0,
0,
376,0,
1062,1047,0,
24,916,822,0,
0,
1027,676,254,0,
782,0,
0,
0,
624,242,0,
0,
492,0,
556,0,
0,
1016,388,0,
0,
473,0,
0,
280,0,
318,0,
0,
761,0,
401,0,
341,0,
998,202,331,1073,702,0,
0,
281,915,0,
1105,0,
0,
45,990,0,
1053,0,
1098,0,
0,
290,0,
0,
0,
0,
0,
92,0,
304,0,
0,
168,0,
0,
1162,357,0,
715,0,
809,0,
0,
0,
350,0,
0,
1114,0,
886,0,
1024,135,0,
429,198,0,
0,
639,0,
0,
582,0,
136,638,0,
73,0,
0,
0,
0,
0,
636,0,
0,
0,
547,243,0,
0,
632,907,0,
971,0,
1091,0,
456,1009,1138,0,
908,0,
871,0,
693,0,
1040,0,
0,
529,523,726,0,
164,0,
356,0,
0,
957,0,
144,0,
851,0,
0,
0,
0,
0,
179,229,0,
29,0,
1019,0,
985,0,
325,0,
756,1126,0,
0,
859,247,0,
0,
84,316,0,
0,
0,
1160,0,
97,0,
569,909,0,
920,268,0,
0,
398,63,0,
0,
1128,0,
939,0,
677,0,
548,0,
443,0,
0,
0,
0,
1067,1157,0,
379,0,
41,294,0,
845,0,
856,0,
409,987,0,
905,0,
1146,300,0,
0,
567,0,
0,
0,
65,51,0,
958,0,
167,0,
192,0,
349,0,
1144,0,
588,0,
590,0,
17,28,39,0,
0,
420,0,
0,
613,0,
245,0,
210,0,
952,0,
976,0,
0,
381,0,
0,
0,
448,0,
0,
0,
0,
955,1055,0,
553,706,221,917,0,
1008,0,
106,0,
0,
928,936,679,0,
1074,943,0,
510,0,
0,
386,0,
0,
96,0,
0,
813,0,
1059,0,
0,
0,
0,
399,0,
997,0,
0,
427,0,
187,0,
1080,0,
609,0,
649,1029,0,
1,163,0,
459,435,815,0,
699,0,
201,0,
1083,789,0,
883,0,
0,
0,
0,
0,
962,0,
0,
783,0,
0,
0,
171,612,0,
954,0,
0,
130,0,
870,0,
419,317,0,
0,
233,0,
0,
46,0,
622,0,
0,
688,1135,0,
0,
342,0,
860,526,0,
0,
372,0,
0,
0,
963,708,0,
733,0,
140,103,0,
330,0,
0,
180,606,0,
121,0,
497,0,
403,0,
241,0,
1112,314,652,0,
0,
0,
1161,0,
158,0,
935,0,
1121,0,
216,0,
1060,181,406,0,
561,0,
362,0,
0,
0,
753,0,
0,
266,100,0,
0,
778,1100,0,
0,
716,0,
0,
358,0,
421,0,
0,
0,
0,
203,36,0,
226,0,
912,0,
149,0,
134,0,
0,
408,0,
472,586,347,0,
0,
72,93,0,
0,
634,0,
319,0,
0,
898,0,
0,
85,0,
673,484,0,
1076,0,
466,557,0,
0,
914,0,
544,0,
0,
61,574,0,
750,0,
126,775,0,
0,
0,
514,0,
818,0,
592,385,0,
0,
1109,0,
200,340,0,
428,0,
390,0,
291,787,55,0,
0,
515,0,
0,
0,
387,0,
558,0,
143,0,
12,743,0,
0,
0,
378,182,0,
0,
774,0,
1095,0,
991,0,
738,0,
666,371,21,0,
0,
475,0,
0,
0,
0,
810,0,
502,0,
720,220,0,
0,
1051,375,0,
453,0,
543,0,
944,305,0,
1108,0,
1002,0,
0,
923,109,0,
0,
0,
877,1151,0,
1033,675,0,
904,723,132,0,
730,391,0,
190,0,
855,0,
1037,0,
0,
602,0,
506,0,
725,174,727,0,
1127,0,
949,0,
0,
0,
0,
239,0,
0,
0,
0,
382,0,
0,
0,
364,0,
26,0,
0,
0,
704,599,0,
1036,941,0,
816,0,
0,
1046,0,
734,0,
0,
400,309,0,
508,0,
820,0,
177,478,0,
282,0,
696,0,
744,0,
0,
861,0,
565,0,
692,701,0,
1042,1148,1110,0,
234,0,
610,0,
663,0,
1011,700,0,
0,
1101,0,
698,0,
98,0,
655,0,
736,0,
695,0,
261,0,
0,
1134,0,
42,1052,1167,0,
170,0,
368,0,
0,
251,1118,0,
0,
0,
0,
0,
795,0,
626,235,780,0,
989,1022,0,
1129,724,0,
739,0,
689,14,0,
1124,244,0,
367,0,
0,
884,719,0,
78,326,278,0,
0,
0,
0,
740,0,
0,
0,
0,
394,876,0,
0,
0,
0,
960,0,
0,
579,0,
563,0,
0,
1075,0,
0,
0,
0,
264,1003,0,
748,0,
0,
442,141,295,0,
830,0,
1082,43,829,0,
521,901,671,0,
961,0,
265,0,
0,
0,
213,437,0,
0,
0,
863,0,
568,0,
844,0,
296,0,
1085,0,
0,
0,
1153,607,0,
713,0,
1081,0,
503,0,
499,0,
232,477,1078,951,0,
161,1132,0,
297,986,0,
731,439,0,
0,
934,407,0,
0,
1021,1015,0,
711,0,
0,
0,
891,0,
760,0,
312,0,
992,0,
0,
0,
332,0,
967,0,
0,
0,
0,
616,0,
469,494,0,
142,0,
0,
611,0,
872,114,615,0,
260,566,0,
480,366,0,
0,
1090,618,0,
662,0,
0,
794,463,0,
87,383,0,
0,
0,
465,0,
0,
0,
0,
0,
0,
94,0,
416,0,
434,0,
765,0,
0,
803,0,
0,
147,0,
681,107,0,
773,0,
533,0,
0,
0,
1014,0,
196,0,
0,
1158,0,
0,
48,490,0,
258,0,
879,0,
865,389,1103,0,
405,0,
653,0,
0,
214,0,
929,0,
714,0,
691,0,
890,0,
0,
128,644,133,0,
1092,95,0,
444,0,
0,
148,799,0,
441,665,1116,0,
788,0,
0,
0,
1164,862,0,
779,0,
1057,0,
0,
470,0,
749,0,
0,
629,0,
451,0,
0,
1035,0,
0,
276,0,
0,
436,0,
664,694,70,0,
0,
1056,1089,0,
0,
0,
948,365,0,
1104,1087,0,
539,0,
0,
321,0,
0,
0,
60,0,
811,0,
0,
285,823,0,
0,
0,
0,
152,587,0,
138,0,
631,0,
0,
0,
0,
703,0,
1137,0,
0,
0,
527,0,
0,
0,
468,0,
977,805,551,0,
165,0,
980,0,
1025,105,118,540,191,0,
0,
507,0,
841,1094,0,
0,
771,486,0,
344,601,0,
0,
603,1068,0,
0,
659,910,0,
0,
522,374,0,
797,0,
273,284,0,
8,0,
354,759,0,
0,
1107,0,
1005,874,525,0,
1084,0,
758,0,
0,
1030,0,
194,667,0,
0,
614,0,
485,0,
81,0,
415,0,
124,932,404,424,0,
746,430,0,
0,
0,
966,7,0,
888,549,0,
