2,227,804,105,499,1078,0,
208,163,0,
800,659,972,308,0,
555,1084,374,0,
754,539,958,0,
796,679,0,
35,214,0,
107,387,183,0,
1015,0,
594,758,0,
563,1126,0,
57,0,
13,0,
0,
921,882,86,0,
188,230,0,
287,0,
0,
0,
12,557,0,
273,1010,0,
0,
793,26,0,
0,
826,883,0,
0,
737,85,0,
786,0,
732,0,
600,721,1108,0,
209,70,0,
0,
0,
0,
1159,0,
855,0,
799,0,
0,
0,
593,0,
108,533,366,0,
36,653,0,
48,0,
1085,0,
554,28,0,
73,838,0,
680,1156,415,0,
37,582,0,
0,
132,644,0,
461,0,
0,
0,
0,
1123,398,0,
998,950,311,0,
1153,452,1111,0,
203,0,
434,294,0,
0,
0,
11,119,15,0,
0,
348,846,0,
688,908,0,
357,0,
0,
1067,0,
745,0,
916,1140,1054,0,
0,
0,
155,0,
565,0,
256,0,
0,
0,
0,
1086,975,0,
1133,0,
570,831,0,
0,
8,922,34,0,
964,0,
0,
468,0,
714,927,0,
576,337,30,0,
650,0,
0,
1076,399,0,
42,725,0,
0,
1027,103,0,
858,0,
757,0,
92,0,
302,0,
920,0,
1092,0,
960,0,
476,798,0,
808,0,
854,0,
0,
1064,473,604,189,990,0,
0,
361,455,0,
509,669,0,
0,
0,
501,447,0,
864,0,
1114,612,54,0,
216,0,
0,
290,0,
0,
632,0,
225,677,0,
389,0,
0,
0,
1130,0,
1124,0,
122,0,
0,
0,
401,753,0,
0,
365,0,
746,595,0,
1000,0,
0,
477,0,
0,
515,343,0,
0,
0,
0,
204,0,
0,
409,394,0,
891,153,1099,0,
888,19,548,0,
668,0,
0,
553,514,1047,0,
0,
0,
0,
0,
271,0,
617,511,0,
0,
0,
992,0,
955,974,0,
9,588,6,0,
866,229,0,
832,0,
483,629,0,
879,0,
585,140,0,
0,
0,
102,0,
0,
0,
0,
0,
0,
842,943,0,
0,
508,0,
691,708,0,
0,
0,
872,674,0,
38,0,
0,
749,0,
792,0,
72,0,
512,899,0,
0,
0,
728,0,
886,0,
697,87,615,0,
369,1147,375,0,
232,561,1062,0,
0,
0,
739,0,
980,0,
1006,0,
0,
0,
1057,0,
100,0,
0,
0,
0,
0,
836,0,
856,0,
169,0,
23,0,
681,0,
0,
1087,0,
0,
0,
1019,0,
1082,0,
345,0,
1022,0,
606,0,
171,0,
0,
380,0,
0,
0,
0,
220,0,
0,
3,419,4,874,46,0,
0,
332,0,
1125,0,
752,967,0,
723,125,0,
83,430,0,
0,
362,0,
254,0,
558,0,
0,
411,0,
0,
0,
0,
660,0,
0,
0,
307,1052,0,
0,
0,
31,0,
0,
438,0,
505,0,
779,0,
589,0,
977,426,0,
0,
242,0,
60,0,
448,257,79,0,
0,
0,
1167,0,
0,
1141,0,
417,364,453,0,
0,
234,0,
152,847,0,
0,
656,50,0,
0,
0,
707,0,
1132,0,
0,
1136,181,0,
844,111,1063,0,
0,
885,1165,0,
0,
276,973,142,0,
112,0,
536,0,
843,0,
160,491,0,
918,0,
0,
450,1003,0,
314,671,0,
0,
559,0,
469,0,
275,999,0,
859,0,
0,
763,0,
968,0,
673,0,
0,
471,0,
0,
0,
0,
390,446,0,
121,0,
1129,690,0,
1071,0,
724,277,14,503,0,
807,0,
959,0,
116,540,0,
819,0,
0,
926,0,
0,
0,
185,0,
658,0,
309,0,
32,0,
339,340,0,
1018,0,
0,
0,
289,525,1079,0,
0,
769,0,
0,
640,484,0,
0,
298,755,0,
0,
537,510,0,
845,0,
1138,0,
0,
1166,0,
788,0,
0,
865,0,
0,
523,317,0,
367,0,
247,0,
0,
516,0,
493,0,
1106,581,0,
687,0,
0,
0,
488,331,325,0,
878,0,
0,
443,0,
126,0,
328,0,
245,0,
776,0,
704,0,
0,
0,
418,0,
104,0,
0,
16,962,338,0,
1131,0,
0,
1105,550,0,
579,0,
0,
0,
1088,0,
90,1149,0,
803,0,
156,45,0,
0,
873,75,0,
0,
0,
0,
712,0,
741,0,
0,
315,0,
949,527,0,
917,1094,0,
0,
0,
623,0,
1035,573,0,
547,0,
544,0,
0,
0,
627,0,
1145,651,0,
403,0,
0,
210,0,
1028,0,
336,0,
0,
513,0,
198,0,
0,
929,942,0,
1081,123,0,
201,0,
1001,0,
0,
351,0,
487,0,
33,670,0,
971,93,157,0,
500,0,
904,938,0,
0,
144,778,795,0,
0,
0,
0,
0,
240,0,
0,
0,
165,0,
0,
1030,0,
711,0,
244,0,
0,
0,
120,0,
258,1091,0,
782,0,
464,578,0,
0,
0,
0,
0,
236,221,0,
0,
154,0,
0,
524,0,
310,0,
67,341,0,
114,327,0,
383,0,
0,
530,0,
1013,0,
0,
0,
0,
726,0,
0,
664,1098,0,
545,222,0,
0,
946,5,783,0,
379,0,
641,43,0,
812,0,
765,0,
146,0,
1020,0,
0,
616,694,0,
0,
226,0,
191,69,543,0,
25,0,
420,0,
1031,0,
850,0,
439,0,
0,
587,923,0,
552,0,
0,
170,0,
1069,0,
1157,0,
1032,692,470,0,
0,
304,630,622,0,
0,
404,0,
433,0,
1160,0,
0,
385,580,0,
1121,0,
0,
261,0,
713,0,
961,562,603,828,638,0,
907,0,
518,0,
0,
184,657,101,0,
250,0,
53,0,
0,
936,0,
384,0,
618,0,
202,0,
413,463,0,
760,984,0,
0,
408,599,743,0,
1154,402,0,
0,
81,0,
913,0,
840,255,0,
862,0,
1066,0,
0,
224,0,
0,
794,197,0,
0,
841,0,
130,564,0,
0,
164,0,
768,892,0,
0,
466,0,
675,293,0,
970,0,
0,
988,0,
0,
442,1102,0,
213,0,
0,
1033,174,0,
809,235,871,0,
0,
303,0,
312,813,0,
212,0,
956,0,
423,0,
0,
0,
0,
665,44,0,
269,0,
217,684,0,
822,0,
0,
0,
0,
592,0,
139,0,
131,534,519,0,
0,
584,0,
0,
115,396,0,
647,0,
0,
0,
1168,0,
1060,0,
377,0,
148,0,
569,0,
0,
695,0,
0,
811,0,
0,
0,
815,0,
837,0,
0,
0,
89,0,
492,0,
1053,0,
1161,995,0,
0,
0,
0,
0,
260,0,
133,0,
1043,0,
0,
896,0,
0,
689,0,
1097,771,0,
0,
0,
1072,61,750,0,
24,113,986,686,0,
829,0,
0,
0,
0,
0,
997,0,
504,74,0,
182,0,
283,0,
0,
252,790,759,0,
405,0,
624,619,0,
0,
451,0,
953,386,1014,0,
0,
1148,1142,0,
0,
1041,0,
1021,0,
1093,0,
0,
320,435,270,0,
1146,0,
141,0,
65,666,0,
0,
0,
764,0,
166,359,0,
710,0,
775,0,
981,82,781,902,0,
610,1158,0,
0,
18,0,
98,906,0,
0,
852,262,0,
0,
395,0,
0,
406,0,
0,
0,
454,0,
791,0,
458,621,0,
0,
329,1061,0,
129,0,
625,531,0,
0,
1163,702,486,0,
0,
663,0,
0,
0,
952,118,0,
1002,211,0,
382,0,
334,0,
889,0,
993,0,
780,0,
839,0,
0,
0,
526,0,
218,0,
0,
219,0,
597,0,
575,0,
480,635,333,0,
0,
851,1011,0,
0,
243,0,
168,1023,0,
200,1049,47,0,
0,
167,0,
0,
177,0,
696,358,0,
521,1090,0,
0,
963,0,
456,0,
1029,0,
392,1150,207,0,
662,0,
0,
925,0,
0,
1009,983,279,0,
0,
0,
0,
0,
0,
322,478,0,
0,
1096,0,
0,
0,
313,0,
560,0,
0,
440,0,
0,
738,0,
288,306,0,
268,935,0,
474,397,903,0,
634,583,0,
117,0,
416,718,0,
661,0,
0,
496,0,
0,
0,
1122,263,0,
0,
0,
388,0,
0,
538,0,
151,0,
887,0,
445,0,
0,
0,
0,
0,
187,940,0,
1034,0,
0,
884,0,
233,1164,246,0,
76,0,
602,0,
490,494,0,
0,
767,0,
556,0,
161,231,0,
472,0,
0,
0,
71,0,
280,194,0,
649,0,
1068,0,
0,
0,
0,
0,
802,190,63,0,
608,0,
756,0,
1007,0,
58,987,628,0,
425,572,0,
1144,195,0,
77,0,
0,
0,
301,0,
626,319,0,
730,10,667,0,
551,0,
0,
978,894,0,
762,0,
1100,0,
652,0,
1025,772,159,0,
278,0,
0,
0,
966,318,0,
324,853,0,
731,0,
0,
571,485,0,
709,0,
378,947,0,
0,
0,
465,0,
805,0,
785,747,982,0,
0,
1048,1045,0,
0,
352,29,147,869,0,
0,
0,
0,
0,
736,876,0,
0,
939,0,
0,
0,
137,0,
0,
0,
0,
0,
0,
801,0,
912,134,1039,0,
0,
0,
529,0,
870,0,
1128,110,0,
135,0,
720,128,1139,901,0,
0,
541,0,
1040,0,
0,
192,0,
0,
264,180,0,
0,
0,
0,
0,
698,506,0,
0,
654,0,
0,
937,637,0,
0,
296,0,
316,0,
0,
179,0,
0,
699,0,
0,
0,
0,
0,
0,
0,
0,
817,0,
1083,0,
1056,910,78,7,0,
0,
248,0,
0,
0,
823,0,
954,0,
427,863,0,
1026,620,1046,0,
0,
305,1127,0,
591,0,
381,0,
41,459,766,55,0,
0,
787,0,
985,284,0,
0,
0,
0,
948,0,
99,835,0,
432,1143,0,
717,0,
693,0,
834,0,
1110,0,
300,21,0,
0,
0,
611,549,342,0,
1004,0,
1070,0,
52,0,
0,
596,0,
0,
0,
867,1059,0,
705,0,
849,321,460,0,
145,436,0,
368,1073,0,
350,0,
1080,0,
410,0,
0,
979,0,
744,0,
965,735,0,
1074,292,0,
900,237,0,
0,
1044,1095,0,
715,0,
51,0,
0,
0,
0,
0,
498,1055,0,
355,62,0,
827,0,
344,0,
0,
0,
881,0,
346,444,0,
797,919,0,
1116,806,0,
0,
97,1077,0,
0,
810,429,0,
994,0,
0,
241,0,
0,
0,
238,0,
441,0,
1065,676,0,
1134,0,
0,
733,206,0,
915,431,0,
605,0,
0,
457,0,
1036,517,0,
930,989,639,0,
895,0,
722,586,0,
0,
124,0,
295,0,
0,
91,991,0,
0,
0,
56,136,462,719,0,
88,0,
323,0,
0,
897,0,
173,0,
0,
0,
376,175,20,407,0,
0,
1017,1109,0,
1008,996,821,22,0,
1120,0,
1050,0,
17,467,0,
0,
0,
149,0,
0,
0,
824,497,934,0,
1005,877,0,
1089,1162,0,
607,0,
421,0,
27,636,566,0,
868,1058,172,0,
0,
1155,68,0,
1,259,158,0,
1042,727,0,
0,
0,
0,
1152,0,
928,282,1037,0,
0,
138,0,
66,0,
150,0,
0,
672,0,
95,0,
0,
833,893,0,
0,
0,
784,178,391,0,
291,535,0,
683,0,
1016,0,
330,215,0,
0,
546,924,0,
1112,0,
0,
648,0,
0,
0,
0,
944,0,
0,
479,0,
274,1012,1117,0,
701,0,
1113,449,678,0,
703,0,
957,0,
0,
0,
643,0,
370,205,0,
734,0,
0,
400,0,
532,0,
393,830,0,
0,
905,363,0,
0,
0,
609,0,
0,
272,0,
773,1103,0,
520,80,542,0,
914,655,0,
820,0,
196,0,
590,0,
825,228,0,
774,0,
818,0,
860,0,
1119,0,
64,1118,286,0,
0,
1135,0,
614,0,
422,0,
567,0,
424,706,0,
356,349,0,
40,281,1075,49,0,
193,0,
0,
0,
0,
0,
0,
0,
253,909,0,
601,0,
354,0,
777,162,631,0,
372,0,
816,0,
770,969,143,1104,861,0,
1038,0,
0,
890,0,
0,
0,
353,495,0,
0,
412,0,
0,
0,
598,0,
931,0,
976,0,
428,0,
266,0,
223,0,
176,0,
0,
729,941,0,
239,0,
528,789,0,
0,
0,
1137,186,0,
0,
1024,265,437,951,0,
0,
0,
251,0,
945,685,39,0,
700,0,
0,
475,613,0,
0,
875,94,0,
335,0,
84,0,
933,0,
249,742,0,
267,814,0,
0,
1101,0,
0,
326,0,
59,0,
0,
0,
880,0,
857,0,
568,0,
574,0,
0,
0,
0,
0,
0,
522,0,
481,0,
106,0,
0,
1107,1051,414,0,
507,0,
0,
127,0,
577,0,
848,0,
633,0,
502,0,
761,0,
482,0,
748,645,0,
489,1115,0,
716,373,0,
0,
360,347,0,
898,0,
199,0,
932,1151,911,0,
751,0,
109,0,
0,
0,
299,0,
96,0,
682,285,642,0,
297,646,0,
371,0,
740,0,
0,
0,
