416,33,615,822,631,1018,0,
178,522,0,
0,
306,1094,0,
351,0,
135,0,
1062,0,
0,
1041,913,3,0,
919,0,
0,
0,
889,965,253,237,0,
0,
657,1099,0,
792,1148,917,0,
534,0,
467,0,
1155,0,
16,18,0,
854,0,
640,537,0,
1060,0,
290,614,1119,455,0,
915,532,990,0,
752,1111,0,
341,460,301,0,
426,0,
279,0,
0,
277,0,
0,
521,0,
12,592,23,857,921,0,
347,442,763,0,
864,0,
714,0,
517,863,0,
926,0,
758,0,
0,
0,
843,0,
850,1101,0,
404,0,
593,0,
8,794,756,407,0,
0,
888,0,
0,
581,549,0,
0,
363,942,0,
160,928,543,0,
305,964,0,
127,0,
0,
748,0,
529,457,0,
982,0,
316,0,
0,
487,0,
962,0,
364,0,
575,0,
0,
312,852,0,
767,0,
222,0,
202,0,
139,0,
0,
501,477,0,
1123,0,
144,0,
152,633,0,
1042,0,
553,1021,0,
1166,0,
770,494,0,
834,333,0,
853,0,
0,
0,
721,0,
0,
0,
1048,0,
504,284,150,0,
182,815,0,
0,
1113,943,0,
696,971,0,
0,
776,177,0,
0,
824,991,0,
226,0,
0,
0,
0,
937,70,0,
0,
1013,0,
299,773,78,0,
0,
379,0,
5,0,
0,
405,0,
0,
956,559,0,
0,
0,
1006,0,
0,
165,0,
0,
1073,0,
1017,0,
0,
1008,0,
760,444,908,0,
1080,254,0,
231,31,0,
604,0,
0,
0,
1024,618,0,
0,
192,108,654,0,
0,
385,679,0,
328,0,
0,
910,0,
0,
0,
0,
484,0,
595,1159,0,
0,
508,0,
0,
0,
0,
168,939,0,
267,1038,0,
448,0,
1090,270,431,0,
1161,0,
382,0,
189,911,0,
0,
0,
711,0,
0,
872,217,0,
642,0,
944,218,0,
0,
357,0,
281,245,390,0,
0,
0,
353,0,
882,1036,0,
1035,0,
630,0,
0,
653,0,
0,
813,0,
954,0,
74,637,471,0,
831,0,
434,0,
72,6,0,
0,
0,
423,0,
472,0,
808,0,
0,
970,334,0,
639,0,
0,
0,
664,0,
1088,662,0,
0,
722,298,0,
0,
45,0,
0,
0,
249,19,1007,0,
603,0,
0,
381,0,
841,0,
733,0,
425,0,
0,
207,0,
0,
0,
323,0,
507,0,
0,
0,
0,
360,650,903,0,
809,185,1001,0,
583,0,
340,0,
193,0,
695,0,
1096,0,
0,
432,1026,515,0,
0,
821,21,805,197,0,
860,317,548,0,
1092,525,0,
42,0,
0,
0,
0,
412,0,
0,
0,
0,
0,
0,
0,
984,1046,0,
0,
0,
0,
0,
0,
0,
98,0,
602,0,
0,
0,
0,
57,1074,0,
0,
496,0,
0,
4,461,95,0,
0,
950,0,
728,0,
0,
851,0,
718,0,
478,0,
949,0,
56,0,
931,244,0,
58,1156,533,0,
802,958,0,
408,0,
658,1098,0,
900,0,
832,0,
401,259,0,
0,
998,0,
0,
186,1146,124,0,
0,
29,0,
1104,0,
452,365,0,
0,
48,1147,0,
989,1093,0,
897,119,0,
118,0,
67,403,645,0,
475,0,
563,0,
480,987,0,
0,
0,
562,1163,1151,0,
402,0,
169,0,
451,422,0,
0,
1000,799,0,
0,
9,327,0,
0,
818,483,0,
260,0,
424,833,0,
738,0,
0,
0,
0,
1120,858,0,
0,
0,
0,
0,
0,
817,0,
873,0,
847,0,
94,0,
0,
417,0,
0,
0,
0,
88,495,0,
86,0,
790,0,
0,
91,727,0,
113,0,
104,0,
0,
392,946,261,0,
1039,0,
120,622,0,
187,0,
132,0,
1045,0,
531,1067,0,
904,0,
1114,0,
361,314,0,
0,
220,0,
64,643,0,
0,
0,
877,0,
336,1125,0,
810,0,
874,778,0,
744,0,
1084,0,
720,205,0,
0,
493,0,
0,
376,0,
554,0,
238,0,
539,0,
963,0,
0,
137,17,0,
827,0,
343,0,
1051,0,
0,
111,0,
0,
194,293,0,
626,599,0,
1122,0,
0,
0,
0,
0,
0,
0,
0,
512,0,
0,
0,
215,0,
0,
0,
271,0,
0,
230,0,
601,0,
0,
485,0,
800,0,
292,694,287,0,
952,0,
869,565,0,
420,765,0,
1160,535,0,
0,
0,
736,338,30,0,
1019,0,
0,
685,0,
155,0,
0,
605,0,
0,
250,0,
0,
153,102,647,0,
0,
1025,0,
227,0,
96,0,
0,
1082,0,
568,27,0,
0,
0,
453,0,
0,
0,
438,0,
325,887,0,
234,0,
0,
569,0,
0,
0,
0,
275,0,
555,173,0,
0,
219,669,0,
835,830,0,
247,0,
836,0,
663,0,
576,782,0,
354,735,0,
649,0,
1136,1070,0,
624,329,429,0,
0,
81,757,1087,0,
1066,934,0,
899,676,0,
1027,0,
737,346,0,
811,771,1020,0,
0,
369,803,0,
641,0,
0,
1128,0,
0,
520,0,
166,54,983,0,
719,0,
0,
693,0,
723,1063,0,
891,55,0,
97,1158,0,
386,0,
612,0,
0,
167,1002,587,751,0,
816,1,846,959,0,
0,
1083,893,0,
0,
92,509,414,0,
578,0,
589,0,
651,0,
0,
953,0,
523,0,
988,0,
0,
1153,0,
1023,0,
600,890,0,
375,0,
914,527,0,
0,
0,
567,0,
0,
0,
490,0,
0,
0,
330,0,
0,
342,551,0,
878,0,
0,
239,0,
754,0,
0,
359,0,
1142,0,
13,181,0,
545,945,0,
977,258,0,
60,0,
886,0,
0,
0,
344,162,0,
0,
0,
0,
304,201,0,
255,0,
203,196,0,
611,435,0,
373,0,
0,
0,
0,
0,
1057,935,0,
0,
395,0,
0,
1141,397,447,0,
552,0,
706,439,0,
366,0,
0,
387,0,
713,66,0,
648,1030,0,
0,
291,741,0,
309,0,
1050,22,0,
0,
0,
0,
34,123,806,0,
1081,0,
580,1015,0,
0,
550,0,
0,
961,819,0,
755,0,
491,0,
0,
308,0,
318,0,
68,462,0,
0,
362,0,
497,0,
206,0,
0,
674,0,
0,
1095,383,0,
582,0,
0,
0,
212,0,
920,677,158,0,
0,
732,0,
0,
0,
968,463,0,
1003,358,0,
488,0,
787,916,125,0,
0,
518,0,
972,0,
0,
367,574,175,0,
0,
157,0,
0,
0,
0,
1121,450,0,
546,151,0,
697,393,156,0,
378,0,
0,
0,
840,437,0,
688,26,885,918,0,
0,
993,0,
473,777,0,
474,0,
922,0,
933,0,
0,
11,0,
0,
929,0,
0,
161,0,
103,0,
690,0,
692,0,
171,0,
513,413,0,
0,
116,0,
0,
121,0,
1028,350,0,
46,89,526,15,0,
932,0,
0,
1079,0,
0,
41,0,
0,
469,0,
476,0,
1129,468,0,
0,
1086,0,
505,702,0,
396,0,
427,0,
0,
865,579,940,855,1145,0,
1029,1047,0,
784,0,
1152,53,566,0,
0,
0,
745,0,
584,0,
902,0,
82,0,
0,
0,
83,0,
859,701,0,
486,687,0,
0,
322,707,0,
0,
0,
814,39,0,
0,
789,678,183,0,
0,
36,0,
0,
0,
0,
324,0,
761,0,
0,
883,0,
399,0,
1130,0,
1005,0,
1056,443,0,
445,0,
433,506,0,
1165,0,
339,0,
441,0,
172,0,
938,0,
300,981,0,
0,
0,
251,837,0,
1124,671,0,
798,0,
856,608,0,
199,0,
573,0,
838,0,
992,276,0,
176,753,0,
0,
0,
0,
280,768,388,0,
586,0,
0,
0,
0,
0,
947,159,0,
0,
936,1014,0,
377,661,0,
1135,0,
179,0,
941,0,
65,243,0,
0,
660,0,
0,
1105,0,
458,866,0,
635,0,
356,0,
839,0,
228,0,
0,
285,0,
49,0,
0,
0,
0,
823,0,
0,
0,
788,0,
195,0,
1117,0,
248,0,
632,93,0,
646,0,
786,762,0,
1085,0,
704,0,
1097,716,0,
0,
538,0,
0,
0,
613,0,
204,0,
524,69,0,
1033,0,
675,0,
409,446,0,
629,0,
0,
0,
1139,0,
749,0,
0,
99,0,
170,0,
0,
0,
0,
848,684,1118,0,
1054,0,
232,0,
0,
0,
297,571,148,0,
332,174,0,
0,
0,
256,1016,0,
0,
240,0,
572,1109,0,
0,
1071,0,
0,
142,0,
269,47,0,
0,
209,820,0,
498,797,0,
0,
1131,1059,997,0,
0,
725,38,0,
948,510,0,
0,
717,0,
0,
331,1053,63,0,
1072,0,
191,0,
742,0,
1091,0,
296,588,0,
384,0,
901,0,
0,
200,0,
0,
0,
35,597,775,0,
0,
585,907,52,0,
464,0,
449,122,0,
311,0,
0,
180,268,0,
0,
0,
188,0,
0,
235,1031,0,
785,978,502,0,
955,1140,133,0,
668,101,0,
0,
1068,117,0,
0,
1168,708,0,
511,0,
0,
313,0,
670,0,
712,681,0,
0,
698,79,0,
957,0,
0,
25,995,951,0,
1058,105,465,1149,1055,0,
0,
0,
0,
656,0,
0,
795,310,0,
528,896,879,0,
84,0,
0,
61,0,
617,0,
294,0,
319,0,
0,
1044,0,
0,
0,
730,898,0,
0,
62,479,0,
0,
0,
107,198,0,
842,547,0,
0,
680,71,0,
1107,0,
974,0,
774,0,
482,0,
0,
0,
960,264,1078,881,0,
145,0,
24,274,131,1064,0,
544,0,
337,109,0,
620,0,
0,
596,0,
0,
705,0,
880,994,652,1116,0,
0,
0,
0,
418,0,
0,
875,0,
0,
0,
315,0,
0,
241,0,
0,
0,
781,895,0,
594,380,0,
216,659,0,
283,326,0,
0,
233,0,
481,724,796,0,
0,
876,0,
0,
673,90,973,0,
1167,0,
229,0,
0,
619,0,
143,0,
454,0,
1144,0,
0,
257,0,
134,0,
750,0,
0,
0,
666,7,0,
372,0,
0,
0,
556,606,0,
112,1061,0,
321,428,1132,0,
0,
1100,0,
590,0,
672,699,0,
999,0,
766,0,
51,0,
456,700,1012,0,
740,807,0,
0,
400,0,
609,1115,470,0,
75,0,
0,
37,503,0,
826,0,
0,
0,
272,0,
0,
410,1103,0,
500,925,0,
923,0,
0,
1164,0,
0,
0,
560,0,
0,
764,0,
394,516,591,0,
0,
320,0,
867,0,
0,
1102,0,
812,0,
0,
288,0,
636,0,
0,
419,0,
0,
0,
779,0,
421,278,0,
975,0,
0,
0,
912,265,115,0,
1126,710,0,
0,
303,0,
1076,0,
0,
348,1052,0,
224,263,141,1143,0,
540,0,
861,0,
772,0,
0,
759,0,
0,
536,0,
0,
0,
0,
85,0,
100,0,
1037,0,
307,0,
114,0,
1004,0,
570,0,
927,0,
0,
1075,979,0,
655,0,
0,
349,1134,0,
252,1150,0,
715,0,
130,0,
0,
411,884,190,0,
59,734,0,
154,20,0,
2,0,
0,
246,0,
1108,844,0,
1069,709,0,
1034,1077,726,0,
1089,0,
0,
0,
1065,0,
616,894,0,
1040,0,
0,
801,0,
286,0,
40,0,
0,
0,
621,0,
398,0,
0,
966,466,541,1022,223,0,
0,
682,967,0,
136,862,0,
665,1106,924,0,
0,
374,0,
564,0,
77,607,0,
0,
352,542,0,
87,0,
985,0,
625,0,
0,
0,
140,430,0,
0,
628,783,0,
0,
743,0,
0,
0,
345,667,0,
0,
557,0,
0,
499,0,
406,0,
769,0,
0,
242,0,
0,
0,
747,0,
1011,804,0,
0,
440,634,163,0,
871,0,
558,0,
80,829,909,214,0,
514,492,0,
0,
969,1110,0,
0,
870,0,
43,627,262,0,
0,
906,0,
1138,0,
415,0,
1009,0,
686,0,
146,0,
273,0,
0,
32,0,
0,
0,
1112,266,0,
561,930,1043,0,
0,
0,
0,
164,0,
0,
0,
0,
0,
138,0,
0,
791,0,
1032,0,
0,
0,
746,0,
1157,110,0,
370,0,
0,
1137,0,
0,
211,0,
0,
0,
0,
184,0,
0,
0,
225,996,302,0,
0,
1127,0,
638,623,0,
0,
1010,0,
0,
731,0,
0,
1154,845,0,
368,459,0,
0,
849,0,
282,147,0,
905,0,
10,0,
0,
0,
691,0,
106,0,
44,0,
0,
0,
793,703,0,
0,
73,126,0,
355,391,0,
868,0,
0,
128,0,
0,
0,
210,0,
0,
689,335,0,
729,50,0,
0,
208,76,0,
0,
739,644,213,0,
489,0,
28,0,
683,14,0,
1162,780,221,295,0,
530,0,
1049,519,0,
436,828,0,
0,
825,980,0,
0,
577,0,
371,236,0,
389,0,
892,0,
289,1133,0,
0,
129,986,0,
976,149,0,
0,
0,
0,
610,0,
598,0,
