257,133,294,27,602,1083,0,
977,479,0,
664,995,1133,0,
0,
217,0,
1112,316,0,
0,
105,0,
92,47,0,
0,
152,0,
0,
0,
238,0,
936,862,0,
964,589,0,
164,0,
944,143,695,0,
0,
0,
628,0,
1163,149,0,
0,
0,
714,85,0,
1089,559,0,
0,
237,157,502,1084,605,0,
181,0,
173,694,0,
744,44,0,
409,370,0,
491,1020,0,
26,0,
70,284,158,0,
0,
0,
1004,0,
0,
809,302,0,
635,342,0,
0,
276,0,
842,779,0,
808,0,
0,
0,
751,0,
537,971,0,
0,
360,33,667,0,
0,
0,
630,511,0,
98,13,0,
6,0,
0,
1086,423,0,
1113,902,0,
478,0,
394,147,0,
670,383,0,
416,0,
404,991,0,
267,0,
310,0,
743,0,
752,0,
24,938,540,1031,0,
0,
477,1151,0,
37,0,
205,0,
0,
0,
46,0,
617,924,933,0,
120,514,983,0,
1006,0,
0,
352,75,0,
1065,0,
0,
0,
0,
1168,0,
0,
207,0,
848,1096,0,
444,0,
472,0,
0,
437,0,
346,780,0,
74,917,0,
446,335,0,
0,
138,1003,900,0,
23,0,
123,0,
873,0,
0,
372,1143,0,
65,438,0,
593,18,0,
402,0,
110,0,
114,0,
281,353,1159,0,
843,659,0,
829,0,
0,
925,0,
0,
0,
910,0,
0,
463,0,
0,
0,
520,914,0,
590,0,
730,1131,645,903,0,
0,
567,0,
1139,763,0,
987,0,
1144,1033,0,
177,803,0,
407,0,
0,
1116,0,
764,0,
771,196,901,711,1162,0,
59,357,0,
769,427,0,
0,
0,
193,269,0,
1005,0,
0,
0,
742,0,
550,0,
1161,251,881,0,
1032,713,662,0,
129,642,0,
0,
581,0,
292,0,
0,
0,
0,
336,948,60,0,
953,153,830,863,0,
541,0,
467,0,
560,34,517,102,0,
954,684,0,
4,757,0,
49,1155,0,
0,
1093,389,0,
485,0,
0,
195,0,
0,
1050,892,822,0,
888,0,
1015,927,0,
273,660,0,
0,
0,
700,0,
754,453,0,
1152,658,531,0,
464,0,
794,0,
216,587,0,
856,0,
0,
0,
980,535,0,
556,870,0,
0,
877,0,
0,
1066,0,
36,0,
1108,0,
1002,0,
0,
772,103,0,
1082,0,
765,142,0,
0,
824,170,282,486,0,
0,
137,0,
784,287,0,
0,
323,844,0,
0,
733,0,
724,0,
0,
929,0,
0,
374,886,0,
190,1134,0,
215,0,
0,
272,1122,0,
795,0,
0,
708,0,
982,0,
0,
81,786,0,
0,
0,
0,
1017,1167,0,
0,
214,0,
1090,626,0,
512,0,
0,
297,0,
128,345,457,0,
0,
481,0,
0,
0,
0,
264,0,
90,0,
915,677,222,0,
0,
393,382,0,
0,
586,0,
311,0,
0,
657,610,802,0,
1016,0,
1153,0,
0,
162,852,1125,0,
139,1109,0,
425,221,0,
72,0,
0,
171,0,
258,0,
0,
0,
1030,167,296,527,122,0,
0,
0,
0,
629,0,
433,0,
0,
408,0,
0,
594,0,
0,
326,0,
691,0,
0,
1049,523,0,
598,0,
226,686,0,
572,911,0,
0,
0,
0,
344,0,
0,
0,
1044,951,0,
611,571,341,0,
347,174,63,0,
1052,1023,0,
0,
950,0,
354,231,0,
576,0,
0,
0,
0,
719,0,
0,
68,458,621,979,1149,0,
69,0,
144,378,1095,0,
420,0,
676,0,
0,
643,0,
78,773,54,0,
608,0,
384,343,0,
290,0,
0,
241,548,0,
42,20,0,
476,0,
1148,156,0,
0,
0,
421,94,413,0,
942,0,
807,0,
0,
500,0,
0,
0,
1097,0,
682,874,0,
254,0,
533,0,
83,0,
0,
0,
1128,0,
574,0,
1064,0,
0,
259,0,
434,306,422,0,
0,
0,
672,985,0,
475,0,
376,0,
0,
904,57,1141,0,
470,0,
160,1132,573,0,
736,356,0,
41,0,
595,0,
0,
864,880,0,
539,0,
627,668,0,
0,
482,0,
0,
0,
315,0,
712,398,0,
375,0,
854,0,
288,0,
834,0,
897,813,0,
0,
1145,198,0,
0,
146,762,134,0,
838,0,
634,0,
0,
0,
141,0,
0,
0,
1157,0,
480,0,
64,887,0,
0,
0,
0,
280,0,
411,0,
466,109,29,0,
161,0,
603,0,
0,
1001,0,
0,
426,0,
913,671,0,
827,0,
0,
776,790,0,
791,0,
0,
934,0,
528,1164,0,
965,0,
136,0,
0,
1107,0,
0,
197,0,
601,212,0,
1024,0,
1018,388,703,0,
0,
0,
678,0,
0,
1056,385,498,0,
0,
0,
101,0,
0,
1088,0,
0,
293,0,
0,
32,379,31,0,
0,
557,0,
419,452,0,
150,0,
0,
990,0,
339,235,0,
455,0,
0,
414,0,
256,0,
417,0,
0,
1040,923,0,
0,
841,0,
337,0,
0,
442,349,0,
0,
961,681,0,
0,
223,0,
0,
0,
1000,0,
186,0,
1124,0,
738,0,
0,
367,0,
0,
119,0,
0,
392,883,0,
0,
699,0,
673,0,
636,919,0,
0,
0,
386,0,
544,697,244,558,0,
0,
1137,0,
58,1102,1079,0,
0,
0,
0,
440,0,
304,242,0,
0,
872,0,
0,
941,0,
400,0,
0,
0,
532,0,
928,0,
0,
116,0,
0,
0,
816,0,
0,
0,
218,623,0,
690,1123,0,
0,
997,61,974,0,
0,
0,
957,0,
0,
395,0,
0,
0,
289,0,
0,
493,373,0,
632,0,
760,546,0,
777,0,
648,0,
607,0,
97,283,1038,159,0,
87,0,
0,
1072,0,
1120,0,
728,0,
317,0,
0,
0,
865,666,0,
0,
796,0,
529,1081,0,
692,0,
988,0,
889,14,71,0,
698,717,0,
0,
351,0,
371,380,0,
1012,0,
82,0,
405,0,
0,
429,1078,1103,0,
5,949,334,0,
0,
91,0,
0,
932,0,
0,
640,0,
148,588,0,
661,0,
0,
0,
609,1061,0,
1041,0,
194,538,125,0,
0,
0,
1154,0,
1043,755,524,0,
0,
495,0,
986,468,0,
130,0,
688,0,
35,0,
0,
857,846,0,
331,715,93,0,
236,0,
1057,0,
584,0,
0,
1042,1036,503,0,
669,0,
274,702,618,0,
818,0,
1067,0,
0,
0,
895,0,
0,
0,
220,0,
10,262,0,
837,0,
432,204,0,
275,0,
612,0,
0,
849,0,
0,
0,
1051,459,0,
0,
210,853,0,
0,
0,
192,993,95,0,
0,
0,
545,0,
1062,0,
756,0,
11,0,
614,0,
169,955,0,
0,
0,
0,
0,
0,
0,
0,
0,
1156,0,
845,0,
832,583,553,1077,154,0,
0,
328,106,0,
2,108,958,415,0,
0,
0,
0,
403,0,
783,0,
501,38,0,
0,
637,0,
0,
0,
882,0,
96,962,0,
758,0,
0,
0,
1009,43,1127,0,
325,0,
674,798,0,
521,721,604,0,
243,0,
0,
801,0,
0,
0,
202,0,
994,0,
0,
625,613,0,
0,
716,0,
931,0,
0,
474,0,
1,836,39,0,
0,
720,431,0,
800,0,
0,
814,0,
355,131,0,
401,362,145,199,0,
0,
0,
0,
1060,0,
926,0,
0,
0,
0,
165,0,
0,
168,745,0,
746,487,0,
369,0,
449,246,0,
0,
891,67,0,
84,0,
969,878,0,
1029,278,0,
0,
313,683,0,
649,0,
0,
981,0,
804,0,
825,963,0,
0,
620,0,
1010,0,
0,
723,436,0,
0,
1147,52,0,
656,966,0,
0,
390,0,
233,0,
707,0,
0,
140,0,
225,319,0,
0,
40,66,680,0,
893,0,
0,
430,0,
0,
968,0,
439,263,0,
0,
321,250,0,
305,0,
0,
0,
1160,732,0,
568,976,0,
1034,940,0,
115,0,
0,
0,
0,
0,
785,0,
0,
624,248,301,77,0,
0,
443,860,0,
1025,0,
358,815,0,
0,
778,0,
575,0,
0,
565,0,
906,709,0,
0,
56,0,
0,
113,0,
45,494,0,
333,0,
759,0,
0,
840,631,135,0,
0,
359,0,
0,
0,
0,
499,0,
255,0,
0,
0,
585,867,0,
599,0,
884,0,
0,
0,
0,
0,
0,
488,0,
0,
0,
0,
696,0,
249,726,303,0,
943,0,
978,28,0,
1111,0,
519,0,
0,
0,
922,0,
0,
638,894,0,
945,0,
761,0,
1101,0,
665,701,0,
0,
185,725,0,
410,0,
0,
835,461,406,483,0,
905,0,
562,1068,0,
871,0,
0,
799,0,
0,
0,
126,0,
1092,111,0,
552,377,847,0,
314,675,0,
805,0,
718,1135,0,
0,
348,0,
1028,0,
0,
792,0,
0,
0,
710,0,
0,
0,
1126,0,
0,
554,547,1117,0,
234,0,
0,
0,
0,
522,0,
749,0,
551,0,
0,
504,0,
734,0,
0,
490,0,
1129,1150,0,
0,
0,
513,0,
0,
363,515,0,
0,
0,
0,
989,0,
0,
564,0,
465,789,0,
361,0,
569,1013,182,0,
775,0,
265,0,
0,
397,0,
0,
104,578,15,0,
0,
17,450,918,0,
1118,0,
0,
201,484,580,0,
737,107,0,
0,
0,
124,7,0,
89,663,0,
0,
858,0,
318,0,
291,0,
0,
1071,0,
300,823,0,
424,0,
0,
600,121,0,
166,0,
507,516,0,
543,0,
542,0,
508,471,0,
0,
510,0,
0,
912,899,76,839,0,
1070,0,
1053,0,
0,
768,907,127,0,
1105,0,
0,
0,
324,0,
497,445,0,
1039,0,
0,
652,0,
0,
0,
530,0,
770,0,
687,534,591,0,
0,
260,0,
615,0,
536,0,
1059,1011,0,
1115,0,
561,727,0,
0,
203,972,0,
232,0,
180,0,
0,
441,79,0,
967,0,
100,0,
132,774,0,
729,0,
828,0,
0,
0,
327,0,
563,0,
644,309,999,0,
298,819,0,
992,781,229,0,
412,0,
868,183,0,
984,748,0,
0,
224,0,
650,253,0,
788,0,
387,0,
0,
381,0,
890,869,1094,0,
622,0,
1138,0,
330,909,0,
462,0,
0,
920,418,454,0,
0,
1140,1045,0,
1166,0,
0,
1035,0,
1119,0,
0,
0,
647,0,
0,
0,
0,
0,
0,
1099,308,0,
1037,0,
739,0,
252,0,
806,0,
1073,506,855,0,
247,0,
0,
0,
0,
0,
55,0,
1063,0,
0,
0,
826,3,0,
1080,286,0,
706,0,
619,0,
0,
213,30,239,0,
435,0,
505,0,
525,0,
0,
973,206,0,
722,0,
0,
0,
240,0,
1019,0,
0,
0,
0,
451,0,
0,
0,
0,
831,0,
270,0,
735,0,
1085,1055,0,
570,0,
51,0,
279,0,
750,0,
850,782,766,0,
0,
0,
820,0,
616,787,0,
329,0,
62,959,0,
0,
0,
896,0,
0,
0,
428,0,
48,209,704,0,
885,975,0,
1022,0,
566,0,
812,0,
861,0,
1114,0,
12,117,0,
0,
0,
0,
935,295,0,
0,
0,
0,
0,
1048,0,
1058,1130,0,
592,0,
952,0,
0,
606,1054,0,
391,0,
947,0,
350,0,
19,0,
1136,0,
0,
172,0,
685,0,
0,
579,0,
0,
0,
9,0,
285,0,
0,
277,0,
641,797,526,1046,0,
1098,1100,0,
1007,0,
811,0,
577,0,
0,
998,0,
0,
320,8,518,0,
0,
956,0,
0,
322,1069,0,
268,0,
946,0,
230,0,
208,496,0,
368,0,
0,
509,0,
245,655,0,
200,0,
73,0,
0,
118,0,
0,
448,937,0,
0,
916,0,
930,0,
0,
460,0,
473,0,
0,
0,
0,
0,
0,
693,0,
1158,0,
0,
0,
0,
176,939,0,
0,
80,88,396,0,
364,365,0,
810,53,175,0,
1047,0,
582,0,
651,0,
0,
0,
1106,859,876,646,0,
312,178,50,0,
151,0,
184,0,
0,
0,
1146,0,
731,0,
1142,0,
654,0,
960,0,
492,0,
307,271,0,
0,
1074,0,
155,767,0,
86,0,
741,0,
0,
187,228,0,
1008,833,0,
0,
0,
689,1075,21,399,0,
266,0,
0,
1121,0,
1026,821,679,0,
0,
875,0,
0,
596,0,
0,
0,
469,549,0,
0,
0,
817,0,
0,
211,0,
793,447,0,
653,0,
921,179,0,
0,
25,1076,1014,0,
0,
866,1021,0,
705,189,0,
1091,740,0,
299,0,
489,22,0,
219,0,
555,0,
332,0,
0,
0,
1027,0,
1104,0,
99,163,0,
0,
112,188,0,
191,0,
1165,0,
0,
0,
0,
753,633,639,0,
851,0,
456,0,
908,996,0,
0,
0,
970,0,
227,0,
0,
747,0,
1087,0,
366,0,
16,261,0,
338,340,1110,0,
898,0,
879,0,
0,
0,
597,0,
0,
