9,335,887,823,764,0,
473,626,86,0,
433,0,
101,14,0,
58,518,0,
218,498,594,410,0,
132,0,
1051,917,167,0,
19,1093,0,
1029,869,13,432,503,0,
674,0,
0,
0,
1097,145,1,967,0,
282,0,
12,0,
731,0,
868,629,879,0,
0,
0,
0,
865,1034,655,0,
265,0,
524,1092,0,
690,1077,0,
316,774,0,
401,787,0,
544,458,0,
617,0,
545,0,
27,46,567,0,
0,
574,0,
930,371,1053,0,
36,326,0,
0,
246,0,
0,
113,923,100,0,
169,0,
934,0,
73,491,0,
853,239,0,
1143,0,
681,391,0,
621,0,
234,669,0,
661,0,
802,782,0,
429,526,0,
24,912,181,0,
905,274,0,
345,662,0,
0,
0,
233,0,
568,0,
604,727,0,
106,0,
759,0,
0,
855,0,
0,
647,0,
0,
1140,470,0,
156,15,0,
994,0,
354,308,0,
305,1111,0,
1079,0,
272,183,0,
676,0,
0,
0,
0,
0,
656,898,0,
0,
98,0,
0,
1148,159,0,
969,406,0,
0,
0,
352,0,
792,347,0,
0,
296,0,
0,
642,0,
566,0,
472,511,0,
0,
990,0,
779,0,
0,
0,
0,
0,
713,718,0,
0,
906,573,0,
1027,0,
149,0,
839,0,
0,
561,59,0,
903,0,
692,0,
392,0,
0,
94,0,
399,711,0,
1049,133,0,
390,0,
579,0,
0,
824,92,1046,0,
0,
111,0,
315,0,
225,0,
105,767,0,
0,
364,0,
344,1105,762,118,0,
756,998,0,
507,0,
0,
921,0,
494,791,0,
0,
825,0,
671,0,
1073,827,69,0,
1013,0,
804,0,
298,0,
428,79,0,
35,0,
0,
0,
313,1078,0,
0,
715,131,295,0,
602,0,
0,
627,0,
0,
0,
901,0,
708,214,0,
83,0,
0,
0,
0,
1165,1102,0,
0,
78,0,
1161,1156,0,
0,
706,0,
205,0,
0,
1121,957,0,
416,0,
312,523,342,0,
197,0,
0,
299,0,
0,
0,
777,0,
481,0,
0,
1146,0,
0,
1016,945,638,0,
150,0,
697,314,0,
16,833,0,
0,
28,0,
0,
11,0,
571,748,0,
497,598,0,
0,
1090,0,
0,
504,633,0,
455,0,
1048,0,
0,
0,
0,
0,
146,1118,0,
286,0,
875,0,
0,
0,
0,
75,0,
981,0,
0,
65,25,34,0,
204,0,
0,
0,
1007,0,
152,722,302,0,
0,
532,0,
64,925,0,
0,
712,0,
1104,257,297,0,
0,
609,0,
324,0,
815,0,
72,725,0,
0,
465,0,
1149,0,
808,0,
593,380,0,
0,
832,0,
0,
0,
40,0,
247,0,
936,334,0,
1154,339,55,0,
1098,0,
0,
158,0,
0,
0,
0,
951,33,135,0,
616,0,
0,
252,0,
0,
0,
203,0,
479,0,
516,0,
907,0,
1114,462,0,
213,0,
358,0,
0,
104,785,0,
607,0,
976,0,
0,
851,0,
0,
340,0,
0,
0,
0,
600,29,0,
1160,835,0,
0,
0,
288,0,
689,0,
0,
442,0,
501,21,17,871,0,
209,0,
403,0,
0,
0,
0,
76,0,
0,
530,0,
0,
0,
278,0,
273,0,
0,
457,821,0,
0,
0,
0,
369,587,0,
705,1147,0,
847,255,0,
0,
771,550,0,
0,
0,
514,487,0,
259,534,0,
103,663,0,
673,51,740,0,
365,0,
260,0,
1067,0,
0,
608,0,
0,
758,0,
728,0,
813,822,0,
528,56,0,
151,0,
0,
582,0,
665,0,
182,0,
0,
0,
448,1030,0,
264,778,0,
485,0,
0,
1050,0,
172,221,0,
408,666,880,0,
0,
0,
0,
846,0,
0,
784,966,0,
270,0,
856,860,5,126,0,
0,
890,0,
356,0,
857,10,0,
0,
490,0,
128,1132,0,
258,0,
520,388,44,0,
614,0,
562,0,
62,0,
852,287,0,
861,0,
1039,0,
963,0,
0,
960,328,0,
948,0,
556,0,
0,
889,0,
0,
0,
919,0,
0,
0,
418,0,
378,0,
0,
0,
121,0,
760,1047,0,
873,0,
0,
834,0,
695,0,
1054,983,0,
749,199,0,
592,0,
0,
867,620,1085,0,
0,
49,769,0,
1031,0,
529,0,
0,
922,549,0,
0,
226,343,0,
153,423,0,
1100,654,0,
67,110,0,
0,
0,
1126,0,
0,
0,
0,
885,0,
986,0,
195,0,
505,0,
201,0,
496,212,781,160,0,
394,0,
539,995,0,
0,
965,686,0,
543,0,
0,
0,
1019,589,0,
914,996,0,
48,538,1135,0,
0,
1122,253,0,
552,311,0,
1106,0,
0,
882,0,
377,828,773,0,
0,
849,441,0,
8,1142,982,0,
0,
112,322,0,
1082,0,
341,45,0,
1131,271,0,
795,0,
41,643,191,0,
765,0,
238,0,
0,
0,
657,420,1141,446,0,
0,
645,0,
0,
952,0,
1072,0,
1020,0,
625,333,373,0,
0,
597,0,
0,
0,
0,
0,
859,413,575,0,
0,
240,0,
1026,108,0,
565,0,
0,
0,
569,878,0,
1117,0,
0,
0,
972,814,0,
659,0,
993,0,
0,
0,
1000,0,
688,737,701,0,
515,1012,0,
0,
0,
548,606,0,
0,
0,
750,943,0,
1125,0,
525,0,
699,211,0,
93,0,
1089,0,
0,
194,0,
0,
0,
96,0,
0,
687,0,
588,0,
1096,0,
744,0,
0,
0,
0,
0,
0,
486,0,
961,1041,0,
0,
279,0,
0,
540,1037,374,0,
307,0,
1129,26,125,0,
724,1101,0,
811,323,0,
81,170,223,0,
0,
1157,613,38,327,0,
0,
0,
0,
0,
90,0,
60,0,
1009,63,0,
1144,0,
920,0,
175,0,
202,646,0,
581,0,
0,
763,0,
120,0,
0,
483,644,0,
0,
0,
256,250,0,
913,0,
0,
0,
696,0,
1005,0,
893,0,
0,
0,
0,
0,
0,
0,
0,
1116,0,
438,263,0,
1080,0,
217,350,0,
241,220,0,
232,0,
0,
216,0,
0,
1136,0,
0,
0,
971,0,
336,0,
231,0,
1070,0,
88,39,0,
1064,0,
0,
1115,0,
1056,1166,0,
1164,949,0,
168,47,0,
50,1015,1119,0,
451,0,
0,
437,0,
1128,953,1138,422,0,
0,
745,0,
576,1133,0,
0,
229,0,
0,
797,0,
0,
863,0,
0,
136,0,
117,0,
18,0,
242,0,
0,
0,
0,
1108,0,
0,
430,0,
743,0,
82,563,0,
436,0,
0,
883,0,
370,0,
937,1123,0,
0,
838,0,
793,964,927,0,
709,0,
0,
0,
734,0,
924,590,0,
31,0,
786,0,
0,
300,23,71,0,
0,
805,0,
359,0,
0,
618,0,
0,
0,
171,0,
177,43,0,
872,386,187,0,
0,
1134,0,
0,
0,
0,
0,
730,0,
0,
831,0,
703,0,
899,0,
985,997,0,
32,577,0,
0,
1001,0,
1099,357,0,
653,0,
0,
254,0,
196,0,
447,0,
984,947,664,0,
601,0,
0,
419,780,0,
142,0,
6,95,0,
0,
0,
648,0,
0,
0,
738,0,
0,
1055,0,
0,
155,0,
0,
700,0,
0,
931,0,
325,0,
474,0,
249,1036,0,
0,
0,
800,4,1151,0,
0,
0,
806,0,
480,91,0,
0,
929,426,0,
415,0,
330,0,
468,0,
1153,0,
0,
1168,1088,0,
434,318,0,
0,
685,0,
0,
0,
0,
1068,0,
0,
80,0,
285,0,
735,0,
918,0,
0,
810,0,
819,0,
1084,453,0,
0,
461,0,
87,0,
0,
1003,367,0,
269,0,
0,
0,
1021,0,
283,0,
362,0,
0,
956,950,0,
509,0,
0,
789,0,
0,
775,0,
0,
1025,0,
0,
0,
338,0,
0,
407,0,
866,0,
116,622,0,
0,
809,165,693,0,
714,0,
291,0,
896,61,0,
0,
310,799,0,
173,0,
1024,0,
1130,0,
1095,0,
0,
0,
304,222,0,
1045,0,
0,
1150,0,
0,
0,
0,
680,0,
987,854,0,
0,
3,267,0,
719,0,
0,
489,0,
0,
0,
0,
1065,0,
228,301,22,0,
580,0,
329,0,
248,0,
0,
193,541,0,
0,
320,0,
0,
460,0,
0,
0,
0,
331,0,
678,0,
186,877,198,0,
0,
178,243,895,7,0,
0,
0,
570,0,
137,1074,0,
999,0,
753,0,
741,0,
1017,0,
841,1011,0,
989,0,
0,
0,
0,
531,0,
0,
381,958,0,
916,500,383,0,
837,0,
0,
772,0,
533,0,
0,
641,0,
578,0,
0,
844,0,
733,0,
85,0,
512,0,
450,261,0,
0,
0,
0,
635,739,303,0,
970,0,
1057,42,0,
640,77,127,0,
522,0,
0,
0,
0,
0,
471,0,
0,
57,492,1109,0,
850,0,
585,0,
0,
97,0,
477,0,
0,
293,268,157,0,
0,
794,1127,0,
0,
0,
1060,909,0,
421,0,
417,968,884,564,798,0,
876,277,0,
0,
729,978,215,0,
1112,37,0,
122,348,559,0,
244,0,
0,
0,
0,
74,0,
280,0,
466,0,
443,0,
0,
144,0,
0,
0,
1059,251,0,
0,
0,
0,
349,0,
0,
1076,0,
0,
1110,0,
206,0,
0,
506,0,
1010,0,
281,0,
0,
368,818,412,0,
89,0,
0,
411,1159,0,
1035,747,30,0,
0,
508,414,0,
0,
910,0,
992,134,0,
0,
162,829,0,
2,1162,0,
1120,946,1043,0,
0,
321,955,0,
632,630,0,
0,
0,
0,
164,0,
351,0,
262,0,
306,1094,0,
624,1113,0,
1152,207,603,463,0,
0,
0,
1139,938,427,0,
0,
721,0,
717,560,881,400,275,0,
755,189,0,
0,
0,
469,0,
942,0,
0,
0,
826,1163,68,439,0,
726,1023,0,
192,944,0,
309,0,
0,
376,0,
979,0,
0,
0,
836,0,
817,0,
84,0,
0,
682,941,0,
161,0,
0,
521,0,
140,1014,0,
495,0,
939,0,
864,0,
360,683,0,
464,908,558,0,
519,0,
610,0,
0,
0,
926,0,
148,807,0,
812,0,
440,0,
796,0,
584,115,0,
842,0,
1158,0,
517,70,0,
0,
746,0,
0,
0,
553,355,0,
974,0,
176,0,
66,174,0,
0,
547,0,
190,0,
0,
0,
668,119,0,
537,1006,599,0,
107,52,557,0,
397,790,0,
431,0,
389,0,
634,0,
628,788,1022,0,
0,
915,612,1167,0,
0,
1042,0,
179,0,
435,0,
445,0,
0,
210,0,
478,0,
742,0,
0,
138,891,0,
405,0,
1061,0,
208,1081,0,
897,660,236,801,0,
0,
0,
902,0,
332,0,
0,
0,
459,694,0,
0,
631,0,
651,0,
0,
317,0,
0,
382,375,0,
677,0,
398,670,0,
959,0,
0,
456,0,
637,0,
219,0,
0,
707,0,
555,0,
0,
0,
710,0,
384,0,
583,0,
1075,0,
933,0,
0,
366,0,
0,
130,0,
0,
0,
611,691,0,
0,
0,
870,0,
0,
723,542,0,
54,0,
266,0,
658,0,
353,482,0,
888,385,0,
0,
754,667,0,
124,0,
0,
900,0,
475,1063,0,
0,
0,
0,
1058,0,
154,0,
1004,0,
752,289,816,720,0,
184,0,
0,
0,
977,911,0,
1028,535,0,
768,1071,0,
484,0,
163,1124,0,
0,
0,
649,0,
639,0,
0,
409,402,975,0,
1091,0,
0,
346,675,0,
393,650,0,
290,0,
141,0,
0,
698,499,294,0,
766,0,
1040,109,0,
147,0,
0,
1002,0,
886,551,0,
0,
761,0,
444,0,
803,0,
0,
843,0,
716,0,
1008,0,
820,0,
0,
0,
0,
0,
1137,513,0,
0,
1083,991,0,
783,0,
840,0,
0,
20,0,
1155,0,
0,
0,
361,284,0,
224,0,
848,0,
623,0,
595,940,0,
185,276,0,
636,396,0,
904,928,0,
0,
0,
0,
892,0,
476,0,
1069,0,
0,
0,
546,166,0,
0,
757,0,
188,0,
0,
452,0,
0,
227,237,0,
1018,123,114,0,
0,
493,0,
0,
337,372,0,
0,
0,
776,0,
954,0,
99,0,
874,0,
129,0,
572,0,
615,0,
1033,702,0,
962,554,139,0,
973,0,
363,0,
1066,0,
736,0,
0,
0,
652,1044,0,
672,379,932,0,
395,527,0,
0,
0,
502,0,
0,
0,
605,230,0,
488,0,
1103,0,
425,1087,0,
424,1145,1086,0,
200,679,0,
449,387,235,0,
704,0,
0,
0,
1032,1052,0,
596,0,
0,
894,0,
619,0,
1062,0,
454,510,0,
935,862,591,0,
0,
684,988,0,
245,0,
980,845,0,
180,404,143,0,
319,0,
858,0,
1107,0,
770,732,0,
1038,0,
586,102,0,
536,0,
751,0,
830,0,
467,292,0,
53,0,
