1121,163,939,910,125,0,
650,2,0,
0,
1083,1309,0,
386,0,
0,
0,
645,0,
1092,0,
931,0,
0,
1324,271,0,
593,97,0,
731,308,0,
240,717,0,
1138,0,
1288,0,
48,1316,550,0,
1157,0,
1272,196,606,0,
0,
706,1010,1058,0,
136,19,1128,557,0,
400,570,0,
339,0,
207,0,
437,247,0,
497,683,0,
482,27,277,0,
908,0,
387,100,451,0,
0,
186,532,389,0,
767,627,1015,0,
720,0,
0,
1170,1165,399,0,
929,370,573,0,
330,0,
960,789,1103,0,
0,
263,0,
23,439,0,
1238,0,
1034,0,
438,0,
357,934,0,
103,0,
676,0,
411,0,
388,0,
955,0,
0,
290,0,
1033,0,
0,
909,0,
0,
0,
9,1101,0,
1027,462,1159,0,
64,242,548,0,
0,
0,
1069,933,0,
864,0,
228,0,
0,
176,11,14,0,
0,
404,0,
773,0,
0,
496,0,
1262,0,
92,0,
976,1294,0,
34,0,
0,
144,1274,37,0,
35,1286,0,
194,356,0,
343,0,
231,0,
0,
1218,204,774,0,
0,
0,
0,
0,
0,
0,
0,
618,182,0,
128,446,407,0,
906,0,
729,340,0,
56,0,
311,0,
0,
1171,1095,0,
0,
1139,0,
0,
0,
1249,0,
0,
0,
631,0,
693,0,
588,0,
961,0,
447,0,
670,0,
0,
808,617,0,
815,0,
741,0,
322,796,0,
0,
1093,0,
712,0,
0,
0,
259,980,21,1174,0,
611,202,747,364,748,0,
556,0,
0,
1298,806,0,
0,
914,0,
213,0,
0,
762,0,
0,
665,427,0,
1208,8,26,0,
0,
702,0,
0,
1310,0,
218,1110,0,
0,
0,
130,565,0,
232,0,
274,0,
612,517,0,
703,0,
413,0,
925,0,
0,
620,1253,0,
346,1007,0,
0,
626,0,
970,836,922,0,
0,
540,0,
1098,917,0,
0,
129,554,0,
1077,0,
1064,873,586,22,701,0,
0,
765,166,0,
809,0,
422,0,
0,
0,
295,535,0,
0,
952,725,0,
0,
203,823,0,
0,
1012,804,0,
0,
57,508,0,
0,
1150,0,
600,0,
539,0,
1312,0,
248,0,
0,
120,135,0,
200,0,
0,
592,0,
0,
360,347,0,
0,
0,
1004,935,0,
0,
649,1226,0,
0,
564,989,638,0,
713,226,1230,0,
659,0,
0,
1102,938,68,558,0,
162,0,
877,0,
0,
0,
0,
0,
122,0,
512,1025,0,
885,1029,0,
1232,0,
0,
1023,0,
0,
478,0,
0,
656,0,
173,0,
648,0,
258,614,0,
239,0,
757,0,
1120,746,0,
0,
188,1213,0,
635,0,
279,0,
0,
17,42,244,1281,0,
0,
0,
419,0,
1293,574,0,
43,77,0,
0,
170,147,677,0,
0,
0,
691,0,
0,
636,373,0,
405,0,
888,642,0,
362,303,423,0,
0,
0,
0,
1320,292,0,
379,0,
0,
1306,599,0,
0,
0,
819,1100,1149,0,
0,
0,
316,0,
944,480,492,0,
153,579,350,0,
220,838,0,
1019,0,
0,
0,
376,0,
1271,0,
0,
0,
1256,735,999,39,0,
0,
1108,0,
553,140,0,
0,
788,0,
310,0,
0,
215,0,
0,
0,
285,0,
466,1173,0,
0,
0,
268,0,
0,
475,534,0,
0,
824,1175,0,
0,
0,
20,222,0,
412,0,
1089,814,0,
802,0,
945,75,0,
0,
1307,0,
305,262,0,
527,0,
707,0,
0,
1129,485,0,
1003,1068,0,
689,1285,174,0,
359,0,
246,0,
424,0,
760,568,0,
352,12,0,
1032,0,
417,0,
0,
267,0,
193,0,
1013,0,
371,0,
0,
880,0,
700,1086,0,
1200,0,
41,988,0,
1308,0,
178,1131,0,
1002,235,1231,0,
994,149,0,
1001,927,0,
0,
745,812,526,0,
0,
90,0,
0,
16,839,0,
500,0,
538,0,
0,
794,0,
175,519,0,
0,
0,
502,0,
0,
78,214,0,
0,
740,1223,0,
0,
0,
1061,0,
0,
1266,0,
531,0,
0,
1220,95,0,
1291,0,
674,709,0,
597,0,
937,0,
829,0,
514,0,
0,
1192,0,
524,0,
1267,718,0,
280,0,
1073,930,156,36,0,
0,
151,0,
0,
101,0,
278,0,
121,420,0,
0,
0,
875,0,
518,0,
0,
0,
826,0,
680,682,0,
0,
776,0,
889,342,0,
956,0,
403,0,
1229,991,0,
0,
0,
25,469,0,
0,
24,223,0,
0,
1,291,38,0,
1245,0,
704,0,
250,0,
685,0,
1116,0,
0,
569,383,0,
1305,99,0,
454,0,
0,
821,0,
679,0,
0,
0,
0,
145,299,0,
0,
341,0,
0,
160,0,
133,0,
1276,0,
759,0,
31,0,
965,830,0,
0,
0,
0,
1221,0,
513,901,0,
0,
666,150,0,
0,
0,
1151,0,
584,0,
1169,0,
0,
0,
0,
229,0,
314,189,0,
40,0,
881,1196,0,
0,
0,
0,
464,1318,0,
1041,0,
208,0,
0,
1075,0,
1063,0,
0,
148,663,0,
0,
710,1094,0,
610,0,
1263,0,
1283,0,
421,495,0,
844,0,
0,
843,1300,0,
541,0,
0,
253,0,
63,0,
0,
426,394,0,
860,0,
442,0,
0,
1237,0,
0,
0,
300,0,
865,0,
0,
632,1313,309,0,
67,1117,0,
681,781,0,
0,
0,
216,732,0,
1248,382,286,0,
0,
1178,0,
490,982,0,
998,0,
1292,0,
375,0,
0,
0,
0,
655,0,
283,0,
0,
1222,0,
430,0,
115,598,0,
0,
1016,1233,0,
297,116,0,
736,0,
995,0,
0,
273,0,
0,
0,
0,
0,
664,846,0,
772,0,
0,
0,
168,0,
0,
780,0,
0,
652,0,
940,0,
0,
1047,0,
795,0,
786,1054,0,
0,
792,0,
481,0,
142,0,
544,249,354,1062,0,
0,
0,
958,0,
1282,0,
641,0,
1097,0,
134,0,
0,
0,
761,363,0,
0,
985,0,
1080,834,0,
954,1022,0,
0,
408,0,
0,
0,
0,
13,211,1036,61,0,
0,
224,882,0,
1153,0,
429,0,
894,1302,742,0,
608,183,0,
1074,463,0,
770,91,0,
738,0,
1215,0,
251,0,
859,0,
803,1123,876,0,
0,
76,1045,0,
536,897,118,0,
661,871,0,
932,0,
0,
0,
119,0,
1224,181,0,
591,0,
730,0,
0,
1030,0,
654,0,
0,
0,
951,0,
74,117,0,
0,
616,1216,0,
0,
190,0,
320,47,0,
294,0,
0,
1126,0,
0,
0,
0,
1209,0,
1279,575,79,0,
1140,0,
0,
453,366,0,
1182,0,
1014,0,
0,
800,0,
0,
697,915,0,
560,907,0,
0,
993,348,0,
660,0,
977,0,
0,
546,0,
0,
0,
0,
1144,0,
0,
858,0,
975,0,
744,0,
1314,771,1205,1239,0,
1270,766,0,
818,3,381,0,
465,0,
0,
261,15,0,
0,
0,
89,572,0,
0,
0,
763,0,
460,0,
0,
0,
0,
458,327,0,
849,444,0,
0,
576,0,
0,
817,71,0,
842,0,
431,0,
0,
307,0,
785,1055,0,
983,783,0,
0,
0,
0,
441,164,0,
528,764,0,
0,
0,
0,
0,
0,
790,0,
0,
0,
0,
0,
0,
0,
365,0,
0,
895,0,
0,
317,0,
0,
545,0,
270,0,
1160,0,
1321,0,
1142,0,
515,639,0,
1225,658,1189,0,
1037,0,
0,
137,0,
374,1254,0,
390,0,
583,0,
209,0,
0,
1146,378,0,
1137,0,
0,
1188,0,
132,0,
723,0,
0,
521,0,
0,
1258,0,
883,0,
392,108,0,
609,1046,0,
1009,533,0,
651,0,
157,0,
0,
0,
0,
688,974,0,
1244,981,0,
1035,623,0,
0,
158,0,
832,1265,595,452,0,
0,
0,
0,
397,0,
212,1087,0,
0,
0,
1242,0,
0,
0,
0,
979,0,
1210,0,
0,
0,
443,0,
942,0,
916,0,
0,
306,1204,0,
0,
0,
941,0,
457,18,0,
0,
217,0,
180,1317,0,
511,0,
0,
1193,966,0,
345,0,
123,0,
0,
321,1028,7,0,
0,
962,0,
0,
0,
110,0,
0,
1264,49,0,
0,
0,
577,195,0,
1143,0,
328,1060,696,791,0,
968,668,260,1198,0,
355,671,0,
0,
1179,0,
146,302,0,
66,293,0,
0,
529,4,0,
1177,1127,0,
1057,0,
672,637,0,
418,0,
820,0,
737,358,0,
0,
0,
0,
810,0,
855,0,
105,0,
126,0,
0,
816,0,
275,996,805,0,
0,
0,
1268,0,
0,
0,
0,
523,0,
0,
0,
1315,0,
561,0,
380,1038,0,
0,
58,0,
827,0,
1323,0,
0,
1090,1118,0,
0,
472,559,0,
0,
1011,919,0,
0,
0,
1130,0,
0,
1145,613,94,0,
138,918,0,
0,
0,
0,
848,714,0,
822,0,
633,84,0,
1042,0,
509,0,
1322,0,
69,0,
257,0,
0,
1059,0,
964,0,
0,
0,
0,
1161,0,
1052,53,0,
425,867,0,
241,0,
1176,0,
197,0,
1227,0,
52,0,
1106,0,
629,0,
0,
296,0,
0,
0,
93,870,0,
1048,1119,0,
684,902,0,
769,0,
0,
1148,349,0,
87,0,
1234,0,
313,0,
0,
1066,0,
0,
0,
615,0,
890,0,
0,
65,1252,0,
266,0,
1207,0,
159,1180,60,199,0,
1240,1163,111,0,
0,
0,
1040,461,949,0,
0,
0,
0,
0,
0,
1135,0,
72,0,
0,
0,
127,0,
0,
396,0,
372,0,
1194,0,
0,
673,946,0,
647,0,
853,0,
1186,323,758,319,0,
449,1319,0,
0,
1141,566,0,
506,0,
1018,0,
0,
0,
754,0,
866,1079,0,
0,
113,571,0,
488,131,0,
0,
304,81,1039,0,
1113,335,0,
86,0,
0,
601,0,
367,0,
0,
520,585,0,
1049,0,
0,
969,450,0,
312,0,
699,167,0,
621,0,
1111,0,
264,479,0,
722,0,
0,
1026,0,
225,0,
912,0,
967,0,
0,
928,1155,230,850,471,0,
0,
0,
384,753,165,0,
256,0,
622,510,0,
0,
1250,487,0,
507,0,
686,0,
0,
1020,0,
155,0,
580,0,
1273,0,
139,0,
840,0,
0,
1072,555,854,0,
581,0,
337,643,0,
0,
0,
590,0,
543,0,
567,0,
0,
88,0,
332,589,0,
1284,269,798,1243,990,0,
779,0,
0,
0,
695,0,
1056,690,0,
957,0,
0,
516,0,
0,
73,947,0,
484,1005,0,
0,
837,1287,0,
0,
856,0,
0,
0,
0,
936,0,
775,0,
1181,0,
201,0,
0,
505,493,0,
179,0,
282,0,
1084,0,
0,
1187,468,0,
289,0,
336,678,0,
1067,675,0,
0,
234,326,1311,0,
368,959,0,
0,
743,0,
0,
1228,0,
0,
141,398,847,0,
0,
1031,0,
489,878,0,
0,
0,
82,0,
1296,0,
0,
152,963,0,
32,324,245,1191,0,
184,778,0,
0,
948,0,
112,44,0,
0,
1024,0,
1053,903,0,
0,
473,1154,1260,0,
863,0,
0,
1000,1278,0,
1301,0,
287,0,
0,
0,
711,0,
694,0,
797,0,
265,455,0,
377,756,0,
563,0,
0,
0,
705,106,0,
898,0,
594,0,
0,
0,
0,
243,1261,0,
551,0,
0,
0,
338,0,
0,
1071,0,
62,0,
872,1082,0,
0,
1190,0,
0,
503,0,
0,
924,0,
997,1206,799,0,
331,0,
0,
728,298,1219,0,
393,751,0,
0,
467,0,
1185,727,0,
1088,835,0,
787,459,0,
1247,0,
0,
409,845,0,
0,
0,
0,
1235,0,
1290,0,
169,0,
1299,0,
739,692,0,
0,
102,1295,0,
852,0,
272,884,0,
0,
698,971,252,0,
0,
33,172,973,30,0,
0,
0,
1214,0,
896,0,
634,0,
986,414,0,
582,0,
1133,1197,494,0,
80,602,619,0,
719,0,
0,
185,0,
0,
0,
0,
276,0,
0,
1078,0,
1259,0,
1201,0,
0,
114,861,0,
456,0,
1112,0,
498,0,
0,
0,
0,
869,0,
55,0,
1114,0,
221,749,1070,0,
0,
921,1241,0,
406,0,
716,0,
857,0,
1275,943,0,
315,0,
755,950,987,0,
0,
0,
801,0,
811,0,
219,813,0,
474,0,
0,
0,
715,0,
0,
0,
0,
401,0,
1122,0,
920,841,0,
0,
1158,522,1195,124,542,0,
0,
416,281,0,
0,
0,
0,
657,0,
1109,54,0,
646,0,
0,
624,825,0,
0,
733,0,
0,
0,
768,29,0,
0,
0,
410,0,
0,
1085,0,
1091,0,
0,
734,0,
721,210,628,0,
828,318,0,
607,0,
254,0,
491,0,
0,
143,0,
227,782,0,
0,
10,428,0,
96,833,28,85,0,
926,0,
0,
1096,547,1136,198,0,
1211,0,
0,
0,
0,
177,395,0,
0,
992,0,
1115,0,
0,
630,0,
501,0,
777,284,0,
0,
653,0,
886,0,
344,1212,831,0,
1134,0,
0,
604,0,
0,
0,
448,361,667,0,
0,
0,
0,
238,0,
0,
435,1303,0,
978,1162,0,
0,
351,0,
0,
1152,1217,874,0,
0,
900,0,
0,
913,237,887,0,
1065,0,
483,525,0,
476,191,0,
1236,0,
0,
0,
104,0,
109,0,
784,0,
899,1255,0,
432,369,0,
953,0,
499,644,0,
862,0,
0,
0,
434,1156,0,
6,0,
530,0,
385,0,
1008,807,0,
1202,687,0,
1164,1166,0,
905,333,0,
51,0,
0,
1183,0,
1246,0,
107,0,
171,436,0,
0,
0,
0,
1251,0,
724,0,
552,402,0,
236,0,
1304,0,
0,
0,
0,
0,
625,0,
1017,98,1043,0,
233,0,
1006,0,
1105,0,
288,851,477,255,0,
329,0,
0,
1277,0,
0,
50,726,0,
0,
1124,0,
893,0,
1147,0,
911,0,
1125,0,
83,70,0,
187,1172,662,0,
0,
750,0,
0,
868,669,0,
1132,0,
0,
879,0,
1289,0,
504,923,1044,0,
0,
1199,0,
537,0,
0,
984,0,
0,
5,415,0,
0,
578,334,0,
562,0,
0,
0,
891,0,
752,325,0,
0,
1168,1021,0,
1167,0,
1269,0,
1104,433,793,391,0,
353,587,0,
640,0,
192,0,
301,0,
0,
0,
0,
0,
0,
904,0,
603,0,
1081,0,
1280,0,
445,0,
0,
206,0,
205,0,
161,596,0,
1051,892,0,
708,0,
440,0,
1297,0,
0,
1050,0,
1257,0,
0,
1184,154,0,
0,
59,549,0,
1203,46,0,
0,
1107,1076,0,
470,0,
486,0,
972,605,0,
45,0,
0,
0,
0,
1099,0,
