103,903,52,921,349,0,
10,1299,60,0,
193,181,0,
1171,0,
241,1087,0,
16,377,133,0,
27,0,
50,1164,0,
1274,708,0,
776,0,
965,423,0,
0,
0,
239,0,
296,1154,0,
0,
393,1034,0,
131,0,
995,543,0,
0,
542,0,
44,502,1063,0,
1049,0,
1257,835,1053,0,
0,
1272,348,0,
869,0,
0,
904,795,0,
656,1242,98,0,
595,101,927,0,
1039,167,0,
0,
257,1324,910,0,
841,929,26,0,
0,
362,787,236,1195,0,
314,0,
437,0,
408,1238,0,
322,1282,68,130,0,
886,0,
87,0,
0,
401,0,
704,0,
320,0,
1163,518,0,
725,0,
975,0,
365,0,
0,
717,657,433,23,633,0,
779,0,
698,0,
0,
0,
962,0,
617,598,0,
940,283,1260,0,
233,0,
1176,166,0,
1074,0,
739,0,
0,
19,172,0,
683,0,
0,
9,966,1319,0,
740,0,
0,
642,0,
0,
1250,1084,1270,0,
816,137,0,
749,0,
1027,124,0,
160,856,0,
0,
1068,0,
1030,1303,0,
868,0,
0,
1,876,1110,33,0,
0,
175,0,
0,
0,
0,
1041,1090,318,0,
194,0,
0,
1258,0,
277,1174,0,
0,
106,0,
0,
924,0,
24,0,
1300,0,
0,
161,11,0,
686,0,
640,1004,721,817,1149,0,
145,0,
504,0,
0,
0,
0,
0,
770,491,941,0,
1065,930,0,
0,
592,0,
386,0,
771,0,
460,0,
258,0,
1032,0,
1178,533,0,
1168,0,
424,713,0,
477,0,
485,0,
321,0,
1037,0,
826,823,0,
845,0,
0,
180,0,
18,1067,415,0,
0,
275,695,0,
1008,1197,0,
376,0,
0,
894,0,
854,0,
104,223,0,
0,
593,0,
215,0,
570,0,
785,0,
0,
0,
268,0,
0,
311,0,
0,
1175,490,666,0,
498,0,
1000,497,0,
1128,0,
0,
1206,0,
184,1096,950,0,
0,
0,
1191,0,
0,
0,
624,42,0,
1105,366,0,
0,
295,287,0,
1136,582,0,
571,0,
853,0,
0,
1139,759,0,
0,
0,
451,0,
0,
1054,0,
96,0,
270,0,
187,0,
1223,1315,188,815,0,
0,
472,445,0,
537,0,
0,
426,0,
0,
57,501,1222,0,
630,0,
832,755,0,
458,653,0,
227,0,
0,
505,803,0,
153,1028,0,
0,
0,
192,48,152,0,
0,
767,631,0,
514,0,
1198,0,
1251,0,
585,0,
0,
0,
1228,0,
0,
147,0,
64,0,
183,0,
1304,0,
0,
1011,0,
0,
92,85,0,
213,0,
811,0,
0,
912,334,960,0,
0,
0,
1184,407,0,
1161,221,1014,0,
562,0,
1010,1071,0,
0,
946,971,0,
0,
736,446,0,
837,325,0,
0,
862,0,
1256,105,0,
265,0,
0,
523,0,
49,129,0,
0,
0,
0,
0,
35,0,
0,
0,
0,
206,0,
508,0,
964,0,
1077,581,0,
1166,0,
0,
0,
0,
1013,814,0,
945,0,
0,
352,0,
1180,645,0,
0,
141,1271,0,
276,455,0,
360,0,
0,
0,
1029,1183,0,
0,
290,987,0,
0,
56,0,
896,0,
0,
450,0,
0,
0,
1016,586,0,
1098,0,
499,0,
1189,0,
866,0,
610,748,614,0,
557,1165,0,
0,
204,0,
580,0,
162,189,638,0,
78,0,
840,1129,0,
1310,0,
782,0,
1322,0,
545,0,
511,0,
540,0,
0,
0,
1200,0,
442,0,
0,
70,0,
879,0,
88,0,
91,0,
999,623,0,
0,
51,316,0,
249,943,0,
288,761,0,
225,0,
0,
905,0,
0,
0,
344,0,
0,
0,
1201,0,
108,0,
632,0,
756,0,
0,
0,
0,
34,1237,574,0,
0,
0,
333,0,
406,0,
0,
620,0,
435,0,
1253,0,
0,
0,
0,
465,212,0,
0,
0,
1193,0,
0,
1233,0,
0,
0,
644,0,
1044,1262,0,
0,
387,0,
0,
744,139,0,
1298,556,0,
935,40,553,83,634,0,
1288,111,0,
263,0,
0,
529,0,
0,
0,
805,0,
1072,898,6,0,
0,
0,
0,
380,0,
1035,382,0,
0,
0,
720,0,
1289,0,
1215,0,
860,0,
857,37,0,
766,0,
1021,0,
238,0,
1261,0,
0,
938,578,0,
0,
304,681,0,
1033,909,0,
0,
0,
0,
1064,0,
0,
882,0,
0,
0,
0,
1059,0,
0,
0,
90,0,
243,0,
454,0,
0,
848,0,
1264,0,
261,0,
0,
923,0,
146,367,0,
660,0,
738,259,1316,0,
12,0,
1070,302,1295,0,
0,
0,
551,0,
203,0,
0,
0,
31,718,775,0,
1144,1312,403,0,
76,93,39,0,
0,
372,0,
1177,763,0,
963,726,0,
336,0,
747,949,878,0,
0,
128,0,
0,
875,0,
202,541,0,
0,
711,0,
310,0,
0,
0,
0,
0,
503,0,
1249,404,1221,0,
0,
0,
1248,849,0,
0,
0,
0,
0,
0,
0,
1113,495,0,
0,
394,0,
774,719,0,
957,0,
1273,780,0,
0,
0,
0,
0,
363,0,
327,0,
846,0,
0,
1207,0,
618,0,
237,0,
0,
43,0,
0,
1209,0,
0,
191,0,
0,
0,
0,
292,799,0,
762,1211,0,
429,0,
1111,0,
867,0,
473,741,0,
0,
0,
1276,0,
0,
0,
331,0,
252,0,
1156,0,
474,1220,1150,0,
481,663,0,
0,
673,0,
1056,0,
0,
906,0,
922,732,0,
342,1046,0,
1216,931,0,
0,
79,0,
1307,0,
0,
1097,0,
0,
0,
353,895,0,
370,0,
459,1019,0,
0,
0,
0,
668,0,
335,0,
0,
697,0,
305,548,7,0,
0,
791,0,
968,156,1062,0,
0,
1057,947,0,
884,527,0,
476,0,
216,694,0,
992,0,
427,0,
696,143,0,
796,0,
0,
983,0,
809,0,
0,
0,
385,0,
0,
400,819,1267,0,
636,487,0,
649,0,
0,
441,0,
0,
0,
980,0,
0,
264,1146,229,470,0,
0,
0,
0,
839,0,
824,4,0,
0,
0,
0,
692,1094,0,
177,210,0,
988,1285,0,
0,
1138,731,0,
1017,1158,343,0,
1169,0,
0,
682,0,
715,0,
579,0,
0,
1247,0,
240,0,
0,
1023,0,
374,0,
0,
337,993,1159,0,
888,0,
0,
294,0,
0,
0,
100,0,
0,
786,1293,0,
0,
984,1162,1252,0,
1245,0,
178,558,0,
1140,0,
169,0,
1127,0,
246,0,
0,
0,
0,
737,0,
0,
1133,0,
601,0,
0,
0,
0,
0,
392,512,0,
707,0,
122,1108,0,
0,
820,0,
0,
0,
583,0,
1009,0,
0,
1118,0,
242,1259,0,
1061,0,
0,
0,
669,0,
979,757,0,
1187,0,
0,
0,
821,0,
1317,0,
0,
743,0,
0,
0,
0,
0,
958,0,
678,0,
358,0,
1024,690,544,2,0,
313,0,
1124,69,0,
280,411,806,279,0,
176,0,
0,
746,0,
1043,0,
218,843,863,639,0,
89,1145,228,797,0,
1297,0,
1083,0,
0,
880,1006,0,
531,828,1007,0,
1025,1170,179,402,0,
1112,1115,844,0,
659,0,
0,
0,
1151,0,
0,
0,
0,
0,
0,
883,0,
421,190,0,
603,0,
0,
480,509,0,
664,522,0,
73,21,357,1305,0,
201,1266,231,0,
0,
0,
32,626,0,
332,15,0,
621,0,
0,
723,148,0,
395,1179,0,
0,
0,
0,
513,1212,25,998,0,
914,0,
0,
0,
699,0,
84,0,
0,
0,
1134,0,
1281,447,0,
0,
528,981,0,
0,
0,
75,0,
650,0,
0,
0,
425,0,
1045,1142,0,
627,751,0,
973,0,
982,0,
0,
164,0,
606,0,
496,519,0,
0,
0,
0,
0,
444,0,
1012,0,
432,55,0,
643,0,
0,
688,0,
0,
1002,0,
0,
1210,59,284,750,0,
0,
409,0,
293,1173,0,
0,
144,0,
0,
920,902,222,758,0,
561,271,0,
1060,0,
0,
412,596,350,0,
0,
197,0,
0,
0,
734,0,
1314,589,0,
616,0,
158,0,
0,
1078,0,
1265,0,
0,
0,
0,
1188,1213,0,
0,
520,1217,1102,0,
0,
468,0,
572,0,
1123,22,0,
0,
171,0,
0,
925,0,
1240,917,0,
994,702,0,
0,
986,306,38,0,
801,790,0,
112,0,
728,254,0,
0,
135,0,
555,0,
813,0,
1104,205,0,
355,0,
1137,0,
693,0,
671,0,
985,54,0,
0,
0,
0,
312,0,
1185,0,
0,
345,897,0,
0,
0,
0,
1239,0,
1218,829,0,
340,0,
716,0,
0,
0,
1015,0,
536,0,
0,
944,926,0,
0,
0,
637,0,
808,802,1269,0,
0,
1125,1263,0,
838,0,
354,0,
0,
0,
315,1055,0,
675,13,0,
0,
970,861,0,
371,0,
559,0,
1122,118,0,
1038,0,
526,0,
0,
0,
565,0,
1278,65,369,0,
908,0,
452,0,
977,0,
384,1196,0,
0,
132,198,14,0,
0,
834,0,
1182,0,
430,0,
110,150,1279,0,
1243,0,
77,102,701,0,
0,
0,
1066,807,0,
575,0,
422,486,0,
300,0,
769,0,
646,0,
1082,1275,0,
619,0,
199,0,
1202,0,
560,1126,0,
285,662,0,
0,
170,810,245,0,
793,0,
892,0,
1306,0,
0,
381,0,
479,0,
390,0,
163,260,1116,0,
818,0,
0,
0,
466,0,
0,
209,0,
535,0,
532,0,
939,0,
0,
0,
0,
0,
0,
1235,0,
154,0,
0,
45,605,0,
0,
121,165,942,0,
712,0,
375,61,47,0,
0,
0,
0,
0,
1236,0,
1203,5,510,0,
0,
0,
1018,812,413,0,
0,
974,399,0,
0,
1076,590,0,
125,0,
0,
0,
0,
0,
211,0,
0,
0,
0,
0,
0,
329,338,0,
0,
0,
0,
0,
765,0,
0,
1080,0,
114,0,
730,0,
1099,516,119,0,
1246,0,
232,299,214,0,
865,871,874,1230,625,0,
629,831,0,
0,
0,
267,0,
0,
781,0,
173,351,0,
0,
1287,567,0,
677,0,
0,
1286,0,
613,0,
0,
244,0,
833,71,0,
753,972,822,0,
576,710,936,628,670,0,
1190,0,
887,0,
0,
0,
913,0,
534,0,
0,
368,0,
298,0,
0,
0,
672,0,
0,
1040,641,483,900,0,
186,28,919,0,
584,0,
208,524,0,
0,
752,1311,0,
760,1227,0,
489,117,0,
1101,0,
142,0,
0,
20,0,
1107,0,
0,
934,0,
1047,0,
405,0,
0,
0,
0,
991,0,
0,
1048,0,
0,
168,1318,0,
611,397,0,
0,
891,0,
0,
0,
0,
745,893,0,
41,0,
482,0,
383,0,
825,1181,0,
1232,0,
651,901,0,
319,0,
907,0,
0,
568,0,
0,
1153,0,
0,
0,
0,
0,
467,0,
58,989,0,
456,0,
953,46,0,
1214,0,
996,0,
604,1031,0,
396,95,0,
0,
0,
569,1277,0,
1121,0,
1135,0,
855,0,
956,0,
1091,684,391,0,
1001,0,
0,
0,
792,0,
62,0,
530,539,36,1103,0,
754,0,
428,0,
525,1079,0,
1148,0,
0,
431,0,
0,
0,
107,0,
517,870,0,
0,
414,0,
248,661,0,
800,742,0,
255,0,
0,
0,
1092,0,
0,
417,484,959,0,
658,196,594,0,
309,0,
554,0,
952,0,
859,0,
877,0,
434,66,0,
0,
0,
63,0,
82,0,
1291,0,
0,
0,
359,0,
665,286,0,
564,0,
109,0,
0,
588,772,0,
1155,0,
1268,0,
0,
0,
0,
1229,0,
827,622,0,
1132,0,
794,500,550,0,
0,
577,0,
0,
1290,0,
449,0,
0,
0,
0,
297,250,0,
81,330,0,
0,
0,
667,0,
328,113,0,
0,
969,954,0,
182,1086,0,
932,0,
1114,918,0,
0,
0,
851,99,0,
1095,0,
680,0,
0,
609,0,
0,
0,
1204,0,
475,0,
602,951,0,
1130,0,
654,0,
323,0,
438,1167,0,
439,0,
600,1302,0,
457,836,0,
872,0,
1323,0,
134,0,
0,
1284,0,
0,
273,0,
282,1005,0,
364,0,
1244,0,
768,1020,0,
1194,443,53,0,
714,1172,0,
272,587,0,
0,
217,0,
506,915,0,
0,
1224,727,0,
0,
440,1073,0,
709,0,
607,0,
1058,0,
361,978,0,
3,0,
0,
948,0,
0,
0,
0,
873,0,
0,
1119,0,
0,
0,
0,
251,0,
0,
685,1022,0,
1292,0,
0,
0,
546,0,
1208,0,
0,
324,0,
1321,0,
0,
676,0,
0,
729,889,0,
67,1254,0,
706,1052,798,0,
703,247,0,
97,0,
94,0,
1280,419,1301,566,0,
136,0,
0,
0,
0,
1241,0,
0,
0,
648,0,
1050,1117,0,
115,151,0,
373,326,0,
842,0,
1160,74,549,0,
17,289,0,
1085,0,
563,955,0,
410,0,
1109,0,
0,
0,
80,1003,1143,0,
0,
961,0,
493,0,
307,0,
269,0,
471,207,0,
1042,724,0,
976,0,
478,0,
346,0,
784,612,0,
0,
464,0,
463,0,
0,
591,0,
0,
303,0,
195,0,
0,
0,
0,
597,0,
850,1157,0,
356,1093,0,
230,0,
547,0,
0,
155,1205,0,
0,
0,
608,0,
226,515,1255,0,
881,0,
140,0,
149,0,
0,
0,
0,
347,317,967,0,
647,0,
378,492,0,
72,0,
773,0,
1081,0,
899,733,0,
157,0,
804,0,
722,0,
1026,830,0,
655,436,679,0,
928,0,
864,1147,0,
691,933,0,
0,
0,
705,0,
488,0,
234,0,
416,8,29,30,0,
573,0,
185,0,
0,
219,0,
0,
0,
453,997,0,
1120,0,
462,0,
0,
0,
1309,0,
0,
0,
0,
0,
0,
858,0,
1320,1131,789,0,
674,0,
0,
1296,138,126,0,
0,
538,0,
278,0,
1313,0,
1075,1051,783,0,
0,
885,0,
200,235,0,
0,
116,0,
847,0,
0,
0,
1089,123,0,
448,652,0,
0,
700,159,0,
1186,916,0,
256,0,
291,262,0,
788,0,
341,1141,0,
174,0,
0,
778,0,
635,301,0,
521,469,0,
120,274,890,0,
389,0,
552,266,253,0,
764,687,0,
0,
1036,0,
0,
308,0,
1234,1308,0,
0,
599,0,
0,
0,
86,0,
420,0,
1219,911,0,
777,937,0,
0,
0,
1192,1106,0,
1152,0,
689,1100,494,0,
0,
1294,0,
0,
990,1199,0,
0,
735,0,
220,0,
0,
281,0,
0,
388,852,0,
0,
1231,0,
1283,1069,615,0,
224,418,1088,0,
0,
398,0,
379,461,0,
339,127,0,
0,
0,
1225,0,
1226,507,0,
