1127,1100,1048,890,27,1148,0,
491,92,110,0,
360,762,675,629,0,
1075,1166,167,0,
0,
1322,111,0,
0,
50,723,1302,527,0,
1154,966,0,
1151,245,1238,319,0,
0,
1306,127,0,
0,
481,44,0,
256,0,
1179,0,
184,48,591,0,
1146,0,
197,958,0,
0,
0,
689,1153,883,484,0,
1320,346,11,0,
974,0,
0,
247,0,
176,1035,342,483,0,
166,358,1266,885,123,0,
1030,1063,0,
0,
1080,258,0,
568,0,
0,
0,
1175,0,
945,620,1055,0,
401,155,0,
0,
799,990,583,0,
760,0,
474,173,0,
803,221,0,
335,0,
626,67,0,
1232,820,0,
1254,1257,1090,550,0,
961,587,0,
1004,0,
239,0,
686,0,
1000,648,1246,0,
720,573,0,
888,732,0,
0,
0,
320,0,
300,605,0,
421,767,0,
1305,55,0,
905,1027,0,
1060,502,0,
0,
1139,71,0,
74,900,0,
889,139,0,
0,
0,
122,0,
0,
1020,0,
555,0,
266,0,
0,
0,
1236,0,
0,
877,0,
0,
1310,0,
0,
112,370,1046,0,
714,493,0,
88,751,0,
0,
381,0,
0,
1245,0,
0,
337,0,
853,382,0,
411,0,
0,
960,601,0,
0,
1297,116,638,855,0,
872,1218,0,
61,0,
897,217,0,
765,709,0,
1034,51,235,0,
0,
361,1308,0,
0,
0,
0,
577,1132,0,
0,
0,
310,0,
444,943,0,
1013,830,0,
348,0,
338,1052,0,
645,0,
307,1213,0,
829,0,
973,325,0,
0,
1267,0,
272,0,
677,0,
868,0,
0,
576,1033,1050,151,0,
1126,1247,0,
978,0,
725,6,0,
0,
0,
387,0,
0,
178,0,
0,
1274,23,0,
168,5,1157,0,
1105,0,
0,
0,
901,0,
908,0,
0,
535,0,
0,
726,0,
932,0,
1277,0,
0,
467,158,0,
418,717,0,
0,
977,0,
600,98,1260,0,
1303,951,0,
0,
739,0,
1321,0,
593,1210,231,817,0,
186,78,0,
323,0,
1062,0,
1040,506,653,0,
676,0,
0,
824,0,
499,0,
914,363,0,
1120,1081,777,0,
1315,0,
451,679,0,
0,
240,394,0,
1219,0,
773,0,
179,0,
0,
0,
504,1129,949,0,
0,
0,
0,
794,684,1261,0,
0,
0,
0,
692,892,0,
906,1099,0,
1003,0,
282,147,101,0,
752,1115,1159,0,
907,0,
510,0,
403,0,
129,971,0,
1071,0,
0,
592,0,
1112,759,0,
1117,0,
232,1131,0,
0,
705,578,0,
376,0,
406,0,
1265,0,
289,0,
0,
0,
616,0,
119,0,
1140,41,3,1108,0,
0,
0,
0,
1096,695,0,
1197,0,
386,0,
0,
766,0,
1211,0,
0,
0,
479,0,
244,0,
16,1256,134,22,0,
0,
0,
0,
422,0,
12,711,0,
350,0,
0,
536,713,0,
1207,0,
0,
0,
333,214,0,
0,
409,0,
0,
0,
0,
1152,0,
0,
0,
0,
1312,874,1010,46,0,
488,0,
1059,0,
798,0,
0,
865,0,
106,0,
778,549,0,
955,0,
0,
707,0,
791,0,
674,980,812,0,
1271,0,
0,
1064,946,215,0,
0,
426,881,138,0,
627,0,
1239,0,
0,
0,
218,131,0,
0,
745,0,
0,
835,0,
0,
1073,0,
0,
0,
1045,414,0,
0,
1125,174,0,
159,0,
1074,0,
32,205,0,
1242,154,0,
1156,343,0,
169,0,
539,68,0,
273,0,
0,
83,0,
0,
427,0,
840,0,
0,
0,
511,0,
837,0,
744,40,487,0,
965,1007,0,
423,0,
1017,0,
0,
402,1181,0,
0,
0,
0,
0,
876,0,
366,0,
996,0,
0,
0,
710,271,0,
0,
566,0,
0,
734,1022,0,
93,0,
529,0,
1230,0,
891,1292,693,0,
500,0,
810,0,
1009,0,
782,0,
774,0,
298,1309,0,
163,1006,0,
1012,0,
972,47,0,
292,0,
0,
0,
0,
0,
788,1085,0,
0,
0,
512,0,
1164,0,
637,0,
911,0,
982,0,
896,1272,1005,0,
367,0,
0,
1083,0,
270,0,
162,0,
0,
1061,0,
0,
142,0,
857,0,
1121,572,0,
613,0,
0,
0,
657,1029,1014,0,
1209,213,486,518,0,
469,0,
228,895,0,
234,0,
0,
1228,0,
557,0,
685,0,
0,
0,
599,0,
1128,790,0,
859,869,0,
304,449,0,
0,
453,0,
0,
893,0,
0,
0,
0,
0,
368,1263,0,
0,
899,0,
0,
0,
524,0,
259,0,
0,
0,
400,267,399,0,
0,
0,
0,
230,0,
805,0,
0,
0,
146,0,
844,0,
420,0,
34,1095,0,
768,1225,0,
236,0,
0,
377,1068,0,
736,682,0,
332,0,
590,0,
392,0,
181,0,
0,
548,0,
748,0,
992,796,0,
1032,0,
0,
0,
0,
1217,0,
1250,580,1149,903,0,
775,0,
207,0,
0,
635,0,
0,
1188,0,
19,0,
0,
0,
0,
1198,0,
0,
0,
925,0,
79,0,
0,
921,702,0,
85,0,
0,
496,0,
299,190,0,
373,1215,0,
175,0,
0,
0,
621,0,
0,
121,0,
1137,0,
651,0,
1180,0,
104,0,
290,694,598,0,
0,
0,
432,0,
216,0,
473,927,0,
0,
0,
1165,0,
416,0,
0,
103,0,
0,
0,
296,1251,988,38,0,
497,0,
0,
362,0,
1015,0,
0,
659,670,0,
1192,0,
249,0,
0,
482,0,
0,
148,743,0,
979,0,
308,0,
347,0,
0,
1290,339,1092,0,
721,1018,0,
1069,0,
25,1093,661,0,
1001,708,0,
0,
0,
1177,124,804,0,
898,341,0,
0,
756,0,
318,0,
783,0,
0,
0,
0,
0,
870,0,
0,
1084,0,
0,
164,959,0,
177,541,0,
534,639,0,
1169,733,0,
0,
241,1019,0,
1067,0,
0,
0,
0,
875,0,
1114,0,
498,0,
954,0,
1281,1294,0,
0,
20,0,
879,0,
0,
0,
130,0,
633,0,
861,0,
1193,770,0,
646,39,0,
570,0,
1288,0,
737,0,
0,
120,321,0,
821,0,
0,
757,0,
1296,1241,1307,0,
0,
415,0,
0,
1155,0,
275,0,
0,
0,
459,0,
0,
0,
0,
701,0,
97,722,0,
963,0,
586,0,
277,0,
0,
0,
513,0,
0,
345,364,0,
4,0,
0,
941,0,
0,
0,
475,0,
962,1189,0,
0,
1262,0,
0,
195,1110,0,
0,
938,0,
1216,0,
666,0,
0,
0,
328,165,30,0,
0,
654,0,
0,
917,1174,1199,0,
741,0,
1065,0,
306,1116,0,
1053,0,
1273,0,
0,
942,0,
832,1113,188,920,0,
0,
0,
923,255,0,
0,
1253,1167,0,
73,0,
1123,0,
303,0,
0,
848,680,0,
0,
90,291,0,
1224,0,
523,0,
1089,0,
0,
410,0,
1226,564,0,
1186,1203,1318,0,
137,0,
0,
1324,1231,0,
17,397,0,
571,0,
916,0,
198,327,0,
1291,276,0,
0,
1051,671,0,
602,0,
819,0,
644,967,0,
0,
0,
779,0,
822,0,
1078,0,
1135,0,
1026,0,
1119,0,
105,43,0,
699,0,
735,0,
0,
987,0,
1205,1118,0,
0,
1130,0,
344,0,
208,260,13,0,
1183,0,
1097,0,
445,0,
201,0,
37,838,0,
981,0,
0,
1102,0,
0,
1200,393,0,
1136,0,
715,0,
0,
579,0,
398,359,0,
0,
690,0,
1028,0,
608,665,0,
0,
309,0,
989,461,0,
948,31,0,
0,
0,
472,507,0,
0,
0,
0,
0,
544,975,0,
683,0,
1103,0,
1268,0,
852,0,
1178,413,0,
947,691,227,0,
0,
952,0,
519,0,
199,0,
0,
0,
1176,0,
0,
993,33,0,
226,0,
0,
108,0,
0,
956,1039,0,
0,
144,862,0,
0,
152,352,0,
933,0,
1187,926,0,
0,
0,
460,0,
0,
0,
0,
1280,0,
102,0,
183,0,
211,0,
0,
0,
1076,0,
287,703,0,
0,
86,0,
0,
929,0,
738,0,
0,
492,0,
1190,0,
0,
0,
203,0,
545,970,0,
764,1284,0,
640,596,0,
10,0,
0,
0,
390,0,
930,0,
843,0,
0,
0,
1313,0,
233,0,
314,0,
0,
846,0,
696,0,
0,
841,0,
435,517,0,
0,
57,834,99,615,0,
1243,813,0,
250,182,0,
0,
1289,135,0,
673,285,0,
0,
603,126,0,
0,
656,0,
429,0,
0,
0,
242,0,
0,
0,
297,18,353,0,
140,0,
0,
77,0,
317,998,0,
0,
476,0,
268,1311,0,
0,
1264,847,0,
0,
780,0,
884,0,
0,
0,
772,0,
0,
0,
185,1323,612,0,
842,36,0,
697,0,
0,
0,
0,
0,
575,0,
454,0,
750,0,
115,1276,0,
356,0,
912,0,
1196,934,0,
87,0,
0,
668,0,
731,0,
515,0,
1259,0,
728,0,
81,643,910,0,
0,
1016,143,0,
957,0,
448,887,0,
0,
845,0,
172,0,
0,
0,
547,0,
80,1107,187,814,0,
619,15,0,
0,
878,286,0,
528,1300,0,
462,0,
192,42,380,0,
0,
1091,371,118,0,
553,49,0,
0,
70,0,
0,
0,
0,
0,
0,
0,
0,
617,441,0,
563,0,
1233,0,
425,0,
1298,0,
1170,237,919,0,
0,
1182,740,1270,0,
0,
1066,0,
0,
424,0,
815,0,
0,
0,
383,0,
0,
293,0,
833,0,
0,
562,0,
0,
1141,0,
718,0,
0,
53,0,
1223,0,
0,
1008,357,375,0,
0,
825,0,
647,0,
1042,0,
986,60,58,0,
0,
0,
530,542,0,
546,0,
0,
1244,0,
698,1237,0,
0,
1285,0,
0,
0,
238,0,
0,
556,455,0,
0,
224,0,
302,0,
264,0,
0,
0,
439,655,0,
0,
200,8,611,0,
609,0,
811,827,749,0,
0,
0,
261,0,
1206,0,
1088,466,21,953,922,0,
456,251,0,
1058,0,
964,0,
632,0,
96,0,
1161,1041,0,
806,0,
704,0,
0,
0,
0,
667,559,0,
521,628,0,
75,0,
540,0,
107,0,
0,
0,
939,0,
29,0,
0,
0,
0,
458,0,
438,0,
0,
465,0,
0,
219,516,0,
202,642,0,
0,
809,746,28,1173,0,
384,0,
849,0,
0,
0,
54,0,
0,
0,
0,
1275,0,
0,
0,
785,652,0,
0,
0,
1145,149,0,
0,
0,
1094,0,
0,
1235,0,
662,0,
278,494,0,
1185,1106,0,
437,0,
850,1150,0,
417,0,
1037,807,0,
0,
0,
0,
1056,490,180,860,0,
0,
0,
222,0,
0,
254,0,
802,0,
636,0,
1282,0,
508,0,
0,
0,
792,0,
538,0,
0,
379,0,
468,0,
880,0,
688,0,
388,0,
994,567,0,
0,
65,0,
0,
0,
0,
0,
56,62,0,
0,
678,0,
1258,0,
864,150,0,
0,
385,1109,0,
0,
1283,1124,447,0,
940,0,
1072,193,0,
604,0,
0,
72,0,
1171,0,
160,776,816,789,0,
0,
69,663,0,
125,0,
968,0,
204,871,0,
561,0,
839,0,
0,
0,
161,551,0,
1240,0,
1222,0,
480,801,354,0,
818,0,
1087,1295,0,
501,0,
0,
800,0,
355,0,
0,
212,0,
0,
407,1079,0,
313,0,
0,
664,452,1044,0,
128,0,
936,0,
100,284,0,
589,0,
0,
408,0,
0,
1023,0,
649,0,
622,0,
0,
1163,558,747,0,
1286,623,0,
82,157,1038,0,
0,
658,0,
585,349,0,
1249,0,
229,0,
0,
0,
730,0,
660,786,252,0,
1036,0,
153,0,
330,630,0,
2,808,9,1195,1021,0,
0,
369,133,606,0,
1184,0,
584,0,
0,
0,
1202,0,
944,1316,63,0,
443,0,
0,
0,
681,0,
0,
0,
145,0,
700,0,
0,
0,
0,
0,
0,
265,0,
753,0,
1278,0,
0,
336,0,
520,0,
0,
514,471,0,
0,
1104,0,
464,0,
283,52,0,
0,
331,0,
0,
1142,0,
0,
66,0,
867,565,35,797,0,
0,
1002,795,0,
727,999,0,
141,1191,0,
442,1299,0,
0,
1234,0,
836,485,0,
0,
1214,1031,0,
0,
1,995,742,588,26,0,
0,
0,
0,
0,
543,0,
136,0,
89,769,569,0,
440,196,326,0,
928,0,
706,0,
1082,0,
0,
1248,505,405,0,
0,
280,1144,0,
430,0,
0,
1293,0,
312,0,
340,351,0,
719,0,
851,84,0,
0,
595,1212,0,
0,
532,0,
156,45,94,1279,0,
761,574,0,
618,246,0,
0,
1133,0,
0,
0,
248,391,0,
0,
0,
0,
0,
771,0,
1098,1077,1221,0,
0,
0,
0,
1208,0,
489,0,
0,
712,0,
257,419,7,209,223,0,
114,263,0,
1086,0,
1160,64,533,0,
0,
113,404,997,0,
0,
0,
91,0,
1111,0,
0,
1057,495,0,
76,463,0,
882,0,
288,0,
828,109,0,
0,
0,
24,724,0,
191,0,
1172,95,0,
225,0,
793,950,0,
0,
924,294,0,
625,14,311,0,
894,0,
0,
0,
937,436,0,
433,274,0,
0,
0,
1049,0,
1025,0,
0,
0,
0,
594,412,0,
372,0,
0,
976,0,
913,0,
243,0,
0,
503,0,
0,
537,634,509,614,0,
329,1147,0,
0,
0,
450,716,0,
0,
305,0,
206,0,
784,279,0,
560,0,
1314,0,
220,0,
0,
1158,0,
457,1319,863,0,
316,269,0,
0,
396,0,
1220,0,
189,0,
477,0,
0,
0,
194,0,
0,
0,
525,365,0,
0,
0,
1194,0,
1269,0,
446,0,
1255,0,
856,0,
428,0,
0,
873,0,
0,
0,
0,
0,
0,
672,0,
1227,1287,0,
0,
0,
470,0,
1204,0,
1011,0,
0,
0,
1143,0,
969,0,
1054,0,
1317,0,
641,59,334,0,
170,983,1047,0,
0,
1101,0,
1162,315,0,
1138,0,
1024,1201,0,
984,610,301,0,
0,
0,
1122,669,0,
918,0,
0,
1252,0,
395,0,
0,
389,758,607,0,
781,0,
0,
0,
729,931,0,
0,
554,0,
0,
985,0,
0,
631,0,
0,
0,
1168,478,262,0,
0,
854,0,
522,0,
763,0,
1304,0,
117,0,
374,0,
552,935,0,
0,
171,0,
1043,755,0,
210,787,0,
434,0,
0,
597,0,
823,0,
1229,295,0,
1134,902,687,0,
0,
431,0,
858,531,0,
826,0,
281,1070,0,
0,
0,
991,0,
886,0,
132,0,
754,831,0,
909,0,
0,
0,
322,253,0,
0,
0,
0,
904,324,0,
0,
650,866,0,
624,582,0,
378,526,0,
0,
0,
915,581,0,
1301,0,
