1,740,5,630,439,1310,0,
450,1197,912,1172,443,0,
1256,422,0,
114,1299,454,0,
88,1145,700,0,
297,305,723,983,799,0,
9,1308,0,
1324,1317,0,
1138,0,
980,0,
0,
1311,0,
1280,0,
624,0,
273,0,
85,0,
0,
1235,103,0,
0,
725,343,455,0,
43,0,
0,
580,0,
0,
0,
304,294,1054,0,
562,0,
0,
480,954,86,0,
18,678,0,
1056,540,1285,807,0,
371,0,
528,121,0,
1249,113,0,
0,
29,509,1007,0,
0,
0,
79,0,
0,
845,31,0,
64,0,
0,
0,
0,
888,65,782,329,0,
385,0,
0,
161,0,
0,
1109,0,
0,
979,0,
0,
0,
0,
0,
0,
1034,0,
986,875,66,0,
0,
1073,570,0,
0,
0,
0,
274,307,751,0,
459,124,0,
917,0,
973,0,
0,
0,
27,0,
544,1049,867,0,
0,
1141,0,
0,
344,1060,0,
1062,494,0,
879,0,
0,
1115,0,
0,
386,0,
1224,900,96,0,
961,0,
0,
1272,1001,0,
182,975,0,
858,895,0,
668,179,659,0,
299,387,0,
0,
0,
904,761,0,
162,0,
349,0,
834,0,
1176,0,
256,0,
0,
237,173,0,
0,
130,331,0,
1028,0,
277,887,0,
393,506,0,
0,
0,
1243,734,0,
377,1099,0,
434,243,0,
995,0,
0,
518,0,
1222,863,0,
750,0,
181,0,
279,0,
556,0,
447,215,0,
457,0,
1304,0,
417,0,
812,0,
1226,0,
206,0,
848,0,
1215,0,
852,0,
1118,0,
531,0,
0,
140,0,
617,853,0,
0,
896,0,
0,
192,0,
0,
0,
0,
541,0,
0,
0,
106,0,
1020,574,847,0,
60,1071,0,
1258,1293,0,
1227,126,0,
35,763,28,326,0,
792,929,0,
337,0,
0,
757,0,
0,
362,0,
985,0,
176,0,
783,0,
881,523,61,0,
272,230,0,
0,
0,
0,
473,861,0,
0,
0,
0,
0,
1003,0,
0,
1104,188,0,
553,0,
155,1005,0,
479,0,
0,
0,
310,0,
0,
1156,374,0,
174,0,
0,
1124,0,
1047,0,
0,
876,1182,0,
819,0,
0,
946,0,
513,0,
170,0,
266,731,1006,0,
0,
125,0,
1105,401,0,
388,0,
0,
0,
0,
154,0,
0,
1279,0,
0,
365,94,0,
1323,0,
0,
0,
134,0,
1318,0,
1259,0,
0,
793,0,
1154,0,
1312,1167,0,
608,1018,0,
974,0,
654,0,
838,0,
627,197,0,
808,368,791,0,
897,193,0,
1150,0,
686,0,
1309,0,
676,0,
226,0,
0,
376,0,
0,
0,
62,0,
538,363,647,0,
579,0,
1218,0,
0,
0,
1120,0,
0,
139,0,
1239,0,
51,0,
769,293,0,
1213,0,
282,0,
0,
16,0,
1321,0,
0,
42,0,
0,
0,
0,
0,
998,0,
561,0,
350,0,
0,
0,
1067,87,0,
0,
0,
1162,0,
0,
1283,0,
0,
0,
345,441,0,
1273,242,1277,0,
1305,1098,0,
336,2,669,0,
0,
0,
0,
0,
107,0,
1320,923,0,
941,0,
0,
604,0,
0,
0,
738,0,
0,
497,634,0,
0,
0,
295,0,
994,0,
0,
0,
1315,0,
1016,147,404,0,
593,0,
827,165,0,
629,542,0,
0,
0,
1083,1171,966,219,0,
1053,0,
922,0,
0,
0,
25,258,291,964,0,
1077,0,
224,615,0,
794,795,1188,735,0,
1133,0,
464,1214,0,
1238,0,
699,0,
0,
0,
921,567,0,
0,
0,
0,
936,620,0,
739,0,
744,0,
0,
0,
0,
204,406,0,
547,821,0,
992,1042,0,
268,607,0,
353,466,90,0,
0,
0,
442,322,1246,0,
747,0,
1046,0,
0,
285,0,
1192,862,0,
0,
705,774,0,
0,
578,437,0,
0,
568,0,
225,507,0,
0,
249,0,
775,0,
143,0,
330,614,0,
189,470,0,
816,551,0,
0,
0,
1301,1165,0,
517,0,
1225,892,0,
0,
490,156,0,
0,
0,
0,
0,
1179,0,
826,0,
0,
448,1004,0,
762,0,
623,0,
0,
452,0,
309,0,
0,
840,1119,0,
0,
663,0,
1069,0,
138,0,
0,
0,
1082,0,
0,
55,0,
0,
0,
860,334,0,
0,
465,0,
0,
0,
70,0,
0,
612,732,0,
320,0,
0,
483,0,
872,0,
1129,0,
0,
0,
0,
722,0,
436,0,
136,0,
777,0,
281,172,1316,0,
1059,0,
1136,474,0,
427,0,
1196,0,
1127,0,
270,0,
152,0,
0,
1026,835,0,
633,0,
0,
0,
586,828,0,
54,0,
0,
952,1044,590,0,
315,0,
906,0,
264,0,
742,0,
1297,0,
1057,1268,0,
0,
889,666,0,
0,
0,
115,0,
311,0,
358,0,
275,1205,1102,351,0,
1146,1116,110,0,
613,0,
1160,0,
0,
425,0,
34,0,
771,646,622,149,1085,0,
1230,0,
1011,0,
874,211,0,
1072,148,1158,0,
199,0,
232,1261,0,
0,
1203,0,
1237,0,
882,1051,0,
498,635,581,325,0,
0,
0,
0,
207,0,
564,46,0,
1153,0,
0,
0,
512,0,
898,1262,0,
240,631,0,
144,0,
0,
0,
0,
948,813,0,
0,
1090,0,
496,0,
0,
706,194,212,0,
1253,830,0,
680,0,
891,0,
446,14,0,
0,
0,
210,0,
0,
491,0,
902,0,
488,361,0,
0,
1092,0,
0,
0,
938,0,
990,0,
0,
672,0,
543,0,
184,0,
682,1306,0,
1282,0,
1080,33,1093,0,
535,0,
1281,403,0,
283,963,0,
286,0,
0,
987,1276,0,
1242,842,1117,0,
0,
1180,445,1254,767,0,
0,
1173,0,
1074,0,
0,
1041,333,0,
0,
0,
0,
0,
287,0,
0,
753,347,108,0,
0,
0,
914,0,
0,
0,
920,145,4,701,0,
41,245,0,
958,0,
0,
0,
0,
335,0,
0,
704,0,
0,
0,
0,
217,619,0,
0,
1269,0,
719,0,
741,1101,0,
15,0,
1250,429,0,
0,
0,
0,
416,137,0,
1019,0,
859,1181,0,
396,788,0,
0,
0,
0,
510,0,
0,
1021,0,
0,
481,1130,0,
0,
0,
0,
419,435,0,
0,
0,
0,
0,
690,0,
10,0,
17,203,655,0,
1128,0,
868,0,
965,0,
600,0,
1144,0,
0,
832,0,
967,0,
0,
0,
0,
1043,0,
677,0,
0,
32,1068,7,0,
40,482,1078,0,
1216,0,
0,
0,
260,0,
0,
451,0,
0,
976,1303,0,
202,0,
0,
0,
745,346,0,
0,
357,0,
702,263,0,
301,0,
656,0,
0,
0,
0,
69,0,
0,
592,0,
0,
886,367,0,
0,
428,0,
0,
112,0,
851,0,
0,
23,0,
200,0,
146,1100,806,0,
383,0,
0,
0,
1022,0,
1065,0,
433,19,910,0,
0,
0,
824,0,
238,519,0,
0,
800,1017,1187,0,
508,0,
418,231,1161,522,45,0,
1189,0,
673,438,0,
0,
754,0,
185,164,814,0,
300,0,
569,250,0,
0,
0,
984,685,0,
290,1244,0,
1137,621,0,
0,
0,
440,1223,0,
616,72,1014,191,0,
1217,539,652,0,
0,
0,
105,1052,382,0,
0,
836,0,
163,0,
0,
545,141,0,
0,
0,
1094,254,0,
552,306,0,
1152,195,0,
711,0,
476,0,
0,
493,223,0,
328,0,
554,364,0,
369,0,
1296,201,0,
1289,1313,0,
681,993,109,0,
779,0,
0,
168,0,
573,95,0,
1148,0,
0,
0,
0,
796,926,0,
0,
708,1286,0,
843,0,
956,0,
67,398,0,
1212,0,
381,0,
0,
1300,0,
0,
0,
733,0,
0,
0,
1234,0,
1107,787,0,
0,
899,940,0,
0,
0,
1096,0,
667,1220,0,
1287,0,
262,0,
925,0,
235,0,
709,0,
1151,0,
671,0,
1159,0,
0,
0,
785,810,684,0,
0,
37,303,0,
463,0,
0,
0,
0,
0,
160,1087,0,
662,111,0,
0,
426,931,324,269,0,
221,829,0,
595,588,0,
0,
1050,292,0,
0,
248,0,
603,52,0,
703,911,0,
599,0,
1064,0,
1089,0,
1240,323,944,0,
758,0,
618,0,
1032,0,
0,
1252,1292,432,1114,670,0,
1288,850,0,
0,
0,
0,
132,12,0,
770,0,
0,
91,0,
0,
167,0,
244,0,
947,0,
227,0,
81,0,
175,0,
0,
0,
1291,0,
408,430,0,
0,
585,0,
0,
730,674,597,0,
1125,0,
99,0,
760,960,0,
1219,487,0,
978,340,0,
715,0,
0,
3,1251,628,640,0,
675,0,
776,150,0,
529,0,
0,
360,0,
0,
0,
716,0,
977,0,
0,
1008,765,214,0,
0,
694,0,
915,870,0,
0,
713,0,
689,0,
414,0,
0,
864,399,0,
0,
0,
1097,773,901,0,
312,721,894,0,
101,0,
0,
234,0,
1314,83,885,0,
1264,1186,0,
0,
0,
0,
449,822,935,0,
0,
26,118,0,
461,583,1015,0,
857,916,0,
530,348,127,0,
1274,278,0,
665,0,
0,
869,0,
469,183,0,
1232,0,
0,
63,0,
1112,1079,0,
0,
252,0,
601,1002,0,
584,0,
0,
0,
0,
0,
1211,0,
0,
421,0,
698,0,
1170,0,
0,
384,0,
1013,0,
410,0,
0,
0,
0,
1208,0,
820,717,0,
0,
1155,0,
0,
0,
0,
177,817,0,
905,0,
0,
0,
589,0,
1191,0,
1236,0,
378,0,
953,0,
0,
0,
803,0,
0,
453,0,
1058,0,
1201,0,
327,0,
924,0,
1055,0,
0,
515,0,
82,74,0,
0,
0,
1260,0,
0,
0,
0,
576,0,
216,1166,0,
1322,0,
648,0,
0,
489,0,
259,0,
209,878,0,
57,0,
467,0,
339,0,
1106,645,0,
1233,0,
0,
169,157,0,
359,839,0,
104,133,1278,0,
0,
696,0,
1184,0,
1113,97,0,
643,0,
0,
1063,0,
571,0,
638,0,
456,1066,0,
444,815,0,
0,
737,0,
548,0,
0,
1210,0,
0,
563,0,
0,
660,637,102,0,
526,0,
809,1177,502,1271,0,
1209,308,0,
0,
505,0,
123,0,
251,0,
1175,0,
20,71,0,
626,1010,0,
158,0,
0,
116,1135,0,
0,
0,
73,0,
849,0,
400,500,0,
0,
919,555,1231,0,
546,846,6,0,
0,
1134,0,
0,
1040,68,0,
649,0,
402,724,100,890,0,
296,0,
0,
728,0,
332,0,
187,0,
1036,222,1174,0,
945,218,0,
261,0,
0,
0,
56,0,
0,
0,
950,0,
729,341,0,
0,
1139,653,0,
1024,0,
0,
606,0,
0,
651,0,
0,
525,0,
288,0,
1190,0,
499,971,0,
0,
928,772,0,
0,
909,0,
1147,0,
0,
1275,0,
533,0,
0,
0,
366,0,
790,0,
0,
764,0,
0,
0,
884,598,0,
373,0,
720,1194,594,495,0,
186,391,0,
0,
1307,412,0,
392,0,
0,
692,0,
0,
609,58,0,
780,0,
746,1037,0,
0,
0,
0,
48,390,0,
0,
0,
0,
749,0,
802,0,
0,
550,0,
0,
352,117,0,
1075,1023,0,
611,558,0,
318,255,0,
798,1103,0,
0,
0,
0,
1164,78,76,0,
989,1247,0,
743,0,
129,748,0,
0,
999,0,
532,837,0,
0,
0,
996,0,
0,
0,
0,
693,0,
0,
756,0,
1033,233,0,
11,22,0,
0,
951,0,
0,
0,
893,1086,0,
1200,0,
0,
0,
321,0,
644,0,
726,0,
0,
636,478,0,
205,0,
477,0,
131,0,
0,
1122,492,0,
0,
575,0,
1185,1163,0,
0,
1081,854,0,
0,
642,1298,253,0,
44,0,
778,0,
0,
520,0,
0,
0,
1142,0,
0,
0,
53,0,
1266,239,0,
50,0,
0,
688,972,0,
39,0,
424,982,727,0,
36,0,
0,
797,0,
0,
0,
560,661,0,
871,0,
317,918,0,
877,0,
0,
472,220,559,0,
679,171,1031,0,
930,59,1084,804,0,
1076,0,
409,537,0,
712,1241,93,0,
988,0,
0,
1131,13,0,
0,
298,565,0,
844,0,
485,0,
0,
736,213,0,
873,0,
420,0,
98,1029,0,
1168,0,
955,1198,0,
639,0,
521,0,
657,0,
236,942,0,
602,0,
0,
0,
591,0,
0,
907,0,
354,0,
241,1123,1157,0,
142,0,
1025,122,0,
605,959,0,
0,
1202,0,
0,
786,379,0,
610,0,
468,77,0,
856,0,
0,
0,
0,
247,0,
503,0,
1257,0,
484,0,
0,
0,
0,
587,0,
21,0,
577,0,
0,
0,
0,
0,
0,
313,0,
0,
880,755,0,
514,38,0,
0,
0,
475,1206,0,
855,0,
228,0,
1193,0,
0,
1038,0,
1169,0,
153,0,
625,405,0,
128,394,0,
0,
0,
89,516,1295,0,
0,
486,0,
908,190,0,
1294,0,
687,0,
825,0,
0,
0,
0,
632,1030,0,
943,1149,981,759,0,
198,0,
1267,1255,0,
0,
0,
818,316,0,
768,501,0,
0,
536,411,84,0,
0,
1048,0,
1199,0,
0,
380,0,
314,0,
120,0,
968,370,460,0,
0,
1012,0,
0,
0,
0,
1009,997,1110,0,
0,
0,
1270,650,566,159,0,
710,0,
0,
319,0,
0,
265,0,
0,
691,534,0,
969,151,0,
962,1183,0,
939,0,
0,
372,0,
0,
0,
1319,0,
932,0,
1108,0,
0,
75,0,
1229,789,0,
1221,0,
1207,0,
135,0,
0,
0,
458,0,
276,957,0,
572,0,
0,
934,0,
766,927,0,
0,
0,
683,431,0,
229,0,
0,
0,
92,0,
0,
0,
801,0,
257,0,
833,1263,0,
883,462,0,
180,1095,0,
1045,0,
781,0,
397,0,
752,0,
1126,0,
0,
24,0,
707,0,
1204,1228,1070,0,
913,1178,582,0,
1000,0,
338,596,903,0,
284,0,
1248,0,
0,
0,
0,
0,
208,0,
246,0,
407,0,
342,0,
831,423,0,
549,0,
1061,0,
0,
1140,0,
658,1091,991,0,
641,355,695,0,
0,
524,1245,0,
413,0,
166,0,
1027,0,
805,0,
866,0,
970,0,
0,
356,0,
0,
0,
865,0,
1121,811,933,0,
784,0,
0,
511,0,
49,0,
375,0,
0,
664,267,389,471,0,
1039,0,
178,0,
714,119,1143,0,
841,0,
0,
280,1290,0,
289,1302,0,
0,
415,0,
47,0,
718,0,
0,
527,0,
1195,0,
1132,0,
395,0,
271,0,
1088,937,302,504,30,0,
0,
0,
949,0,
80,1265,697,0,
0,
557,1111,0,
196,0,
0,
0,
8,1284,0,
0,
1035,0,
0,
823,0,
