706,1033,409,731,990,1151,0,
488,1174,0,
1137,988,28,0,
931,1079,0,
883,718,1143,0,
746,1082,1042,1036,0,
1136,1324,0,
741,0,
152,0,
1244,0,
1019,366,0,
597,0,
8,244,0,
0,
504,0,
999,0,
51,212,46,0,
0,
1234,362,0,
0,
924,853,0,
89,1154,124,0,
0,
421,975,0,
43,236,1126,503,0,
897,586,0,
289,1027,1031,0,
1304,170,1259,271,0,
145,0,
163,0,
517,1317,61,0,
1285,1023,0,
762,0,
849,0,
799,0,
548,0,
617,1181,0,
83,0,
0,
715,0,
0,
3,580,0,
448,1256,0,
896,515,0,
909,0,
1040,985,498,1152,0,
840,65,0,
175,0,
0,
628,0,
451,0,
589,1189,0,
420,815,0,
1240,0,
193,0,
1029,1318,0,
217,0,
0,
779,1155,0,
1200,218,0,
352,1291,0,
817,945,0,
0,
15,551,0,
1092,0,
978,1219,0,
575,7,0,
964,1223,0,
0,
0,
1257,0,
424,110,0,
874,1013,0,
97,1026,0,
373,0,
42,627,0,
69,0,
969,0,
0,
146,258,0,
510,0,
483,0,
0,
0,
0,
1288,380,0,
0,
479,0,
475,0,
933,751,0,
116,0,
554,308,0,
0,
0,
0,
802,1276,0,
0,
825,0,
18,1034,159,0,
0,
0,
637,0,
0,
1296,41,621,0,
361,68,0,
250,213,0,
1106,0,
34,660,0,
563,954,987,0,
986,0,
848,0,
584,230,0,
1232,279,0,
674,90,0,
761,0,
94,0,
0,
604,1302,0,
890,0,
0,
648,1202,613,0,
525,0,
299,0,
487,0,
743,0,
266,828,0,
0,
458,1125,0,
713,29,0,
385,0,
0,
0,
1320,1275,0,
0,
537,681,0,
530,923,0,
0,
1161,0,
0,
1017,666,714,0,
0,
171,1236,963,0,
1252,0,
6,71,135,0,
0,
0,
491,0,
1088,0,
0,
758,0,
78,0,
905,0,
0,
0,
0,
313,0,
809,437,0,
395,388,1077,0,
538,0,
786,0,
0,
0,
778,0,
0,
0,
0,
334,0,
497,0,
0,
0,
74,10,1058,0,
889,918,1073,0,
729,0,
0,
0,
0,
705,676,76,0,
620,0,
0,
0,
144,0,
0,
138,0,
1196,261,0,
686,0,
0,
878,0,
0,
0,
490,0,
1081,0,
733,0,
769,292,0,
0,
0,
1067,0,
1209,1020,141,183,0,
435,0,
0,
0,
0,
430,0,
0,
877,0,
0,
722,0,
727,0,
0,
1051,708,0,
747,0,
312,0,
0,
696,79,0,
576,0,
296,1227,0,
178,0,
1172,0,
0,
339,0,
979,0,
0,
1310,0,
126,0,
1273,0,
0,
646,0,
1165,0,
1280,0,
272,0,
512,1066,886,0,
469,0,
572,0,
565,0,
1118,0,
0,
0,
330,125,285,0,
0,
0,
471,0,
956,596,0,
37,511,0,
1128,0,
154,0,
821,0,
1198,0,
1074,0,
0,
834,36,0,
0,
1089,0,
1217,870,0,
0,
368,205,0,
496,75,493,653,0,
0,
0,
0,
619,0,
0,
113,1083,303,0,
665,791,0,
478,695,0,
392,842,0,
0,
355,756,0,
165,0,
201,1179,0,
0,
443,541,0,
771,0,
128,1323,1300,0,
0,
0,
882,0,
0,
0,
1024,203,0,
721,947,0,
856,0,
570,47,0,
624,0,
19,0,
0,
204,0,
1052,485,0,
0,
0,
1072,968,0,
1114,934,679,0,
0,
0,
885,0,
0,
845,1039,0,
937,1242,349,0,
1290,0,
1218,0,
0,
0,
0,
0,
480,186,166,0,
1080,432,0,
0,
0,
107,31,967,0,
0,
521,1307,0,
0,
602,123,0,
777,370,929,971,0,
0,
319,0,
952,1305,1185,0,
754,0,
1279,0,
594,114,0,
139,1211,1159,0,
0,
0,
601,353,1251,0,
981,0,
0,
1170,372,0,
0,
0,
0,
0,
928,0,
800,750,0,
1086,0,
298,0,
763,1262,0,
0,
381,0,
0,
374,823,0,
1176,265,66,0,
0,
953,4,302,855,0,
137,508,0,
0,
0,
0,
0,
235,0,
950,0,
1099,1299,0,
904,859,463,0,
864,0,
0,
893,0,
970,155,0,
826,0,
121,0,
941,0,
0,
1065,1298,0,
357,0,
0,
658,0,
0,
0,
506,0,
0,
0,
0,
568,0,
0,
482,892,1102,0,
0,
697,0,
820,0,
789,0,
489,0,
966,0,
787,0,
476,0,
811,0,
1206,0,
0,
22,0,
360,0,
0,
0,
0,
0,
202,0,
0,
1164,1270,0,
0,
369,0,
0,
529,0,
1100,583,0,
343,0,
0,
0,
671,0,
1035,836,0,
1297,0,
557,245,0,
843,0,
0,
88,618,0,
704,623,0,
48,0,
0,
295,850,1110,571,30,0,
248,1062,416,0,
1250,356,0,
598,0,
0,
631,0,
188,0,
134,63,0,
0,
426,0,
0,
957,0,
106,0,
336,0,
0,
234,0,
748,0,
0,
776,682,52,701,0,
0,
1286,111,0,
0,
0,
663,0,
304,0,
172,703,0,
0,
574,0,
562,0,
1289,925,0,
0,
0,
0,
0,
182,702,0,
274,911,0,
0,
0,
452,0,
906,0,
0,
1194,0,
0,
0,
0,
0,
0,
1016,1008,314,468,0,
752,876,0,
867,1190,0,
0,
0,
375,0,
902,0,
1141,190,0,
0,
0,
0,
899,0,
44,622,0,
0,
0,
0,
1021,0,
1148,655,0,
542,0,
0,
0,
0,
133,0,
0,
17,227,0,
54,1038,0,
1097,677,0,
0,
755,807,0,
549,0,
384,0,
0,
428,0,
0,
255,0,
0,
0,
72,317,766,0,
992,472,0,
84,0,
105,606,887,0,
0,
908,277,0,
531,0,
115,983,0,
1246,0,
916,775,0,
402,484,1084,0,
0,
1120,210,0,
0,
0,
440,0,
1160,0,
408,0,
0,
861,53,0,
774,0,
0,
915,534,0,
98,997,23,0,
560,835,0,
0,
1212,0,
0,
0,
434,1030,0,
371,0,
73,59,429,0,
0,
0,
552,579,812,0,
0,
1309,0,
1166,0,
0,
723,0,
1188,0,
325,0,
599,0,
280,1028,348,0,
449,0,
0,
535,335,0,
1314,0,
1000,712,0,
1096,0,
760,0,
1053,0,
0,
561,403,0,
0,
445,0,
0,
0,
829,0,
275,231,0,
0,
486,0,
991,0,
1144,241,0,
514,0,
0,
0,
209,0,
0,
0,
216,1009,0,
413,0,
0,
818,1229,0,
0,
0,
0,
1195,0,
16,338,1263,847,0,
0,
0,
0,
173,0,
0,
422,206,0,
0,
784,0,
151,0,
0,
322,462,0,
1168,0,
0,
0,
1059,0,
1002,732,0,
223,0,
329,1116,0,
768,0,
1018,725,0,
641,0,
608,269,95,0,
806,0,
321,910,1228,1094,0,
187,0,
439,0,
0,
0,
0,
315,871,0,
224,0,
1311,0,
320,0,
795,1005,0,
875,805,0,
363,0,
1090,390,0,
1121,0,
0,
857,412,0,
0,
865,473,0,
119,0,
545,0,
0,
0,
38,0,
0,
0,
294,587,214,0,
1101,215,0,
1048,0,
868,0,
351,0,
0,
177,0,
0,
391,0,
993,0,
0,
0,
80,1,1268,0,
0,
0,
518,0,
0,
0,
382,0,
0,
0,
699,926,0,
1238,0,
0,
0,
0,
0,
481,20,0,
858,0,
0,
936,0,
0,
208,156,1060,0,
1107,0,
569,0,
293,0,
1248,1046,0,
0,
592,0,
810,0,
0,
0,
0,
0,
0,
297,1061,0,
798,0,
513,0,
290,1006,0,
942,0,
528,0,
0,
474,1162,0,
1146,0,
0,
638,1007,0,
131,0,
0,
316,564,0,
921,0,
0,
184,822,0,
711,0,
625,377,0,
0,
0,
644,0,
880,0,
300,0,
0,
685,0,
672,0,
0,
305,0,
994,0,
808,49,0,
0,
833,101,0,
635,0,
0,
364,804,1037,0,
664,0,
367,0,
431,0,
873,649,0,
516,108,45,24,26,0,
100,0,
1069,0,
1321,0,
860,332,0,
398,0,
1245,0,
1093,0,
1112,117,0,
464,0,
898,0,
781,0,
194,0,
0,
0,
1047,0,
0,
0,
344,1064,0,
301,0,
0,
785,0,
0,
0,
0,
1003,948,989,318,0,
844,0,
0,
0,
337,932,0,
0,
64,378,0,
419,0,
0,
226,0,
0,
1133,0,
0,
136,0,
912,651,0,
1225,396,0,
0,
0,
185,0,
454,0,
1049,0,
1220,0,
1224,0,
1303,0,
879,0,
692,0,
1171,0,
0,
0,
0,
0,
0,
700,0,
965,0,
281,639,0,
901,846,0,
0,
174,0,
466,0,
460,0,
0,
0,
287,0,
0,
661,0,
668,716,0,
411,333,1197,0,
0,
1199,0,
0,
0,
0,
0,
1204,0,
0,
0,
0,
1014,0,
0,
0,
1241,0,
268,0,
652,0,
158,1095,0,
913,0,
1230,0,
1147,670,0,
0,
0,
612,0,
0,
1192,228,0,
0,
1032,645,0,
1210,0,
0,
1282,0,
57,0,
307,0,
0,
690,0,
982,0,
465,0,
0,
796,0,
0,
282,0,
962,0,
0,
0,
0,
270,0,
1156,0,
40,0,
943,0,
0,
0,
1045,0,
0,
168,0,
1091,0,
345,0,
734,0,
540,838,0,
284,0,
247,0,
888,0,
62,0,
803,0,
347,331,0,
33,764,0,
832,0,
0,
0,
839,0,
827,0,
938,794,0,
0,
819,0,
229,556,527,1208,120,0,
1233,0,
0,
0,
1301,0,
1272,310,222,0,
0,
423,0,
0,
233,998,0,
1191,0,
99,0,
1281,0,
407,0,
0,
667,1150,0,
169,0,
578,0,
0,
0,
160,0,
995,0,
996,0,
790,0,
1205,0,
1180,0,
739,0,
0,
0,
0,
0,
1012,0,
0,
636,1261,0,
0,
0,
221,830,0,
1267,1231,0,
973,0,
0,
0,
1056,0,
603,691,0,
0,
252,0,
341,502,0,
441,533,0,
643,0,
1139,0,
0,
801,0,
1207,0,
0,
495,687,0,
477,0,
0,
0,
922,0,
415,919,0,
974,0,
1312,698,251,0,
81,0,
814,0,
0,
1153,260,21,1214,0,
0,
92,0,
283,0,
273,0,
1243,0,
129,654,0,
0,
640,0,
688,0,
1103,0,
0,
1015,0,
0,
0,
642,1131,837,0,
1313,0,
130,0,
225,425,0,
1193,0,
793,1247,0,
499,1221,0,
0,
11,438,0,
1044,0,
0,
257,0,
0,
0,
0,
0,
50,0,
0,
728,0,
1041,1043,903,0,
720,0,
0,
324,1055,0,
32,189,0,
657,358,0,
505,1050,0,
1271,0,
616,0,
1138,0,
0,
359,0,
237,0,
220,0,
0,
1203,1255,0,
958,1135,0,
179,0,
0,
148,854,0,
656,0,
0,
346,0,
457,278,0,
386,0,
0,
0,
600,1076,0,
0,
394,900,0,
455,0,
0,
976,0,
249,0,
0,
0,
442,0,
25,1277,0,
0,
546,500,0,
242,180,0,
522,127,735,0,
196,524,1068,593,340,0,
0,
1182,0,
585,0,
0,
559,0,
0,
501,1054,0,
0,
0,
1098,0,
851,980,0,
433,0,
1295,263,143,0,
1249,149,0,
1085,0,
1187,0,
852,0,
112,737,405,0,
1266,0,
0,
0,
0,
553,0,
0,
0,
240,12,1127,0,
683,1149,0,
327,0,
647,0,
401,590,0,
0,
142,863,0,
198,0,
492,0,
0,
77,0,
1260,1237,710,0,
467,543,0,
1105,0,
907,0,
192,684,605,0,
693,0,
103,914,595,311,254,0,
1129,0,
675,0,
243,167,0,
1283,13,0,
0,
717,0,
1216,745,539,0,
1184,577,0,
1104,862,0,
680,669,0,
286,0,
0,
199,0,
0,
0,
0,
881,955,0,
1178,0,
759,0,
0,
93,0,
961,949,0,
0,
118,14,0,
1122,555,0,
719,0,
709,0,
309,1158,0,
797,1294,0,
104,1292,0,
869,0,
387,0,
930,1215,0,
558,0,
176,67,157,0,
0,
633,2,765,951,0,
0,
354,0,
446,0,
0,
56,0,
1235,0,
1123,1134,0,
0,
453,0,
397,0,
0,
461,383,0,
960,940,0,
1186,0,
0,
0,
526,0,
0,
0,
9,447,0,
0,
0,
0,
1274,444,60,0,
0,
0,
393,0,
0,
550,0,
767,0,
1119,0,
884,749,0,
0,
831,0,
0,
0,
0,
153,0,
96,0,
5,306,1239,536,895,0,
0,
824,0,
0,
792,757,0,
0,
389,0,
0,
0,
0,
417,0,
0,
246,0,
783,0,
0,
609,162,0,
1306,267,740,0,
944,0,
0,
82,0,
0,
523,436,0,
207,0,
0,
1011,0,
1113,0,
1316,0,
744,414,0,
0,
0,
0,
0,
581,0,
1025,0,
1315,350,0,
736,0,
0,
0,
0,
1258,0,
520,0,
456,427,1070,410,27,0,
379,972,0,
977,1004,1063,0,
1145,1142,0,
1115,0,
0,
0,
259,0,
400,673,582,0,
0,
470,0,
788,0,
1308,0,
1132,0,
0,
650,0,
0,
0,
1124,0,
323,0,
0,
0,
0,
0,
1265,1253,0,
35,1163,0,
0,
0,
634,0,
0,
326,0,
0,
0,
946,0,
588,630,0,
0,
507,0,
0,
70,87,0,
1078,0,
0,
547,0,
0,
0,
0,
211,615,0,
376,1287,0,
0,
662,0,
544,0,
532,0,
195,959,0,
140,0,
0,
0,
0,
0,
753,659,724,0,
232,509,1269,0,
0,
841,91,132,0,
0,
678,0,
494,566,55,0,
632,0,
694,519,0,
816,0,
328,0,
0,
0,
1130,0,
866,573,0,
770,0,
0,
626,0,
1157,0,
1010,0,
1001,262,591,0,
200,0,
0,
459,0,
772,0,
782,0,
0,
0,
219,813,0,
738,1254,0,
0,
1057,122,1222,0,
0,
0,
288,406,935,0,
0,
0,
0,
1278,0,
730,0,
0,
161,0,
86,0,
1322,607,0,
0,
291,0,
567,0,
726,0,
0,
0,
0,
1108,399,0,
276,1213,0,
0,
102,0,
1201,253,1022,0,
256,0,
0,
164,0,
1173,0,
1177,150,0,
891,1071,0,
1167,0,
0,
418,238,0,
0,
450,1293,0,
181,742,0,
917,894,0,
39,0,
0,
0,
0,
0,
0,
0,
404,0,
342,0,
629,0,
264,0,
1087,0,
1140,0,
1117,0,
780,0,
109,0,
610,0,
197,0,
984,239,0,
58,85,0,
939,0,
0,
1183,0,
365,0,
0,
0,
0,
1075,707,1175,0,
1169,0,
1264,147,0,
1111,0,
1319,0,
0,
0,
0,
1109,773,0,
0,
0,
1226,0,
0,
920,611,0,
927,0,
0,
689,0,
0,
872,0,
1284,191,0,
614,0,
