39,719,369,499,759,0,
461,0,
1279,0,
0,
986,146,0,
481,613,259,453,0,
1202,314,0,
654,0,
1200,0,
701,157,0,
77,0,
0,
26,618,0,
288,681,70,0,
1242,515,0,
0,
706,0,
0,
872,161,0,
1171,0,
38,796,870,0,
409,0,
373,0,
249,0,
799,0,
761,0,
966,0,
1297,900,0,
0,
0,
0,
844,0,
696,1067,1219,0,
0,
644,1253,14,0,
0,
0,
1144,625,4,0,
731,620,0,
1035,1068,655,596,798,0,
605,437,0,
760,0,
104,44,0,
0,
542,0,
1299,1007,0,
866,339,0,
246,0,
813,789,0,
2,439,0,
360,634,1240,839,0,
9,610,893,0,
1243,901,0,
0,
1296,0,
0,
829,188,1213,1286,0,
173,0,
0,
200,0,
0,
971,247,0,
58,0,
1292,357,0,
864,0,
0,
0,
0,
0,
0,
762,0,
650,0,
129,0,
0,
0,
1256,514,20,821,0,
905,0,
0,
493,0,
0,
243,908,0,
0,
822,0,
411,85,0,
53,0,
1204,0,
186,886,270,874,0,
0,
0,
607,0,
0,
694,0,
376,0,
1191,0,
786,0,
265,18,1302,1294,0,
333,935,0,
329,0,
0,
858,0,
0,
28,0,
152,690,80,0,
0,
0,
0,
1059,0,
1175,0,
1265,979,0,
0,
0,
0,
444,0,
0,
833,1131,1180,1239,0,
149,0,
153,0,
0,
1261,0,
0,
0,
401,1060,0,
933,0,
307,0,
0,
0,
87,0,
0,
1129,1154,0,
0,
1216,0,
632,708,501,510,0,
0,
0,
0,
0,
776,1146,0,
413,0,
306,0,
724,0,
0,
0,
622,0,
97,0,
0,
1272,0,
1113,0,
337,0,
857,755,1022,0,
0,
0,
432,0,
491,396,0,
0,
1315,0,
178,942,0,
0,
244,0,
957,854,0,
112,636,0,
805,0,
1208,573,0,
382,199,0,
367,0,
0,
909,0,
0,
0,
1308,0,
0,
592,777,102,1024,0,
1074,0,
0,
67,0,
0,
204,967,0,
0,
920,0,
1010,0,
0,
715,0,
0,
0,
0,
536,832,0,
1259,0,
993,1174,623,0,
895,0,
814,261,678,0,
0,
1043,0,
1140,0,
449,331,0,
0,
497,1052,0,
941,1047,0,
809,0,
0,
0,
555,0,
0,
1179,923,0,
0,
963,0,
167,0,
0,
954,999,0,
0,
1006,0,
0,
338,1267,0,
349,0,
575,0,
0,
60,0,
0,
1099,0,
0,
1042,0,
1090,0,
0,
495,823,0,
154,0,
0,
179,0,
665,0,
24,867,0,
487,0,
0,
371,0,
0,
1194,0,
0,
151,0,
891,390,0,
1207,0,
980,734,0,
0,
1111,0,
568,293,0,
1051,0,
778,0,
298,0,
840,0,
541,0,
913,0,
0,
616,277,0,
976,0,
0,
0,
0,
0,
952,308,0,
0,
207,0,
0,
92,391,0,
0,
1058,1027,1116,0,
304,0,
196,255,0,
0,
549,438,0,
0,
912,995,1317,0,
0,
0,
1274,955,46,0,
0,
386,1078,1119,0,
1004,0,
216,881,0,
673,0,
16,946,0,
227,1036,0,
0,
0,
400,0,
525,0,
205,0,
1312,0,
1264,0,
0,
838,0,
0,
164,0,
0,
747,399,0,
0,
0,
0,
552,0,
554,956,0,
0,
0,
0,
460,0,
0,
0,
0,
0,
417,767,0,
297,898,0,
0,
749,0,
0,
0,
316,0,
1305,467,0,
135,0,
0,
0,
0,
3,0,
1163,0,
825,0,
274,226,1229,0,
619,0,
0,
0,
0,
431,0,
1105,305,0,
0,
0,
0,
0,
125,0,
0,
0,
103,0,
779,0,
904,0,
828,0,
224,691,0,
0,
0,
1189,0,
594,318,0,
1151,0,
0,
757,0,
633,588,0,
0,
996,0,
987,0,
1236,0,
1223,0,
0,
894,1310,0,
608,0,
716,0,
410,84,0,
142,271,0,
341,0,
0,
0,
0,
1166,0,
353,108,961,0,
577,649,302,0,
0,
284,750,0,
0,
118,1247,0,
0,
0,
849,116,0,
5,423,114,695,1019,0,
1248,143,0,
0,
254,0,
0,
0,
0,
0,
960,0,
144,0,
998,0,
1322,0,
0,
642,0,
519,0,
0,
1311,0,
480,837,0,
807,0,
177,702,0,
0,
598,0,
783,0,
327,0,
0,
0,
934,0,
824,0,
0,
0,
230,0,
0,
978,0,
0,
668,1215,0,
534,0,
0,
1176,115,0,
471,0,
0,
0,
1249,0,
892,0,
427,1063,0,
0,
859,0,
57,1231,0,
0,
181,0,
0,
0,
0,
145,756,0,
0,
587,45,350,0,
0,
0,
601,430,0,
982,0,
69,0,
289,0,
517,0,
500,0,
0,
384,25,0,
1003,0,
213,0,
0,
260,0,
1138,0,
1212,0,
352,0,
0,
0,
658,402,0,
0,
245,1258,1141,0,
0,
442,0,
422,0,
834,0,
602,0,
1220,0,
0,
379,902,663,0,
1056,1193,0,
0,
1197,47,0,
0,
1196,0,
0,
599,0,
0,
953,0,
424,0,
336,347,0,
1320,523,0,
603,0,
769,0,
921,0,
0,
1186,0,
0,
1280,381,0,
229,0,
0,
928,235,0,
726,0,
1080,0,
560,0,
788,1020,37,445,0,
117,559,0,
737,482,309,0,
89,187,0,
197,0,
753,221,590,0,
419,0,
0,
330,0,
416,646,0,
0,
0,
0,
393,0,
0,
294,0,
0,
141,0,
474,0,
0,
170,1135,1103,50,479,0,
0,
48,257,739,0,
1082,0,
0,
0,
0,
0,
0,
0,
1104,926,0,
12,1285,1318,0,
1016,450,0,
0,
545,0,
1120,1102,0,
679,0,
74,0,
0,
970,0,
1049,0,
1160,0,
123,0,
1162,0,
43,0,
0,
0,
595,754,163,0,
0,
0,
667,0,
36,0,
0,
0,
0,
0,
1301,0,
291,0,
208,1233,0,
0,
0,
0,
0,
0,
714,0,
1268,0,
0,
1114,0,
0,
0,
664,0,
1096,0,
1306,604,0,
1075,0,
513,231,0,
1290,0,
0,
548,0,
440,275,195,0,
113,0,
0,
0,
0,
189,0,
0,
0,
851,0,
110,0,
944,661,703,0,
780,925,0,
502,0,
686,0,
1155,476,0,
0,
78,0,
1178,0,
0,
0,
1097,494,0,
1011,1205,0,
1050,0,
0,
0,
1227,509,335,0,
553,991,0,
0,
717,1319,0,
771,470,0,
992,1158,0,
538,0,
0,
741,0,
323,852,159,0,
488,6,790,0,
372,0,
1172,0,
269,0,
897,34,819,873,0,
1188,0,
0,
0,
441,0,
0,
0,
0,
707,0,
242,0,
614,0,
0,
0,
0,
1048,31,0,
140,0,
0,
1098,1235,303,0,
0,
0,
0,
537,475,1251,0,
105,0,
0,
256,0,
0,
0,
219,940,0,
0,
1093,22,0,
468,527,0,
332,1149,0,
1232,392,0,
0,
183,0,
328,1023,0,
763,1173,511,0,
250,0,
201,939,567,0,
1195,1159,0,
1228,0,
1288,675,915,0,
0,
0,
374,0,
505,0,
0,
0,
1070,887,0,
0,
531,0,
0,
1237,0,
458,1269,0,
223,0,
281,463,0,
795,7,0,
433,42,0,
0,
1112,730,1324,317,0,
0,
0,
0,
936,0,
169,0,
276,0,
30,0,
611,0,
0,
0,
1084,1086,0,
0,
1121,0,
0,
1263,0,
1255,0,
1081,628,0,
0,
0,
848,218,0,
0,
561,0,
938,962,0,
0,
0,
722,82,0,
657,0,
0,
989,0,
875,868,0,
0,
1032,0,
647,0,
0,
629,0,
319,0,
451,950,0,
626,878,0,
0,
1025,1134,836,582,0,
483,0,
0,
1071,0,
0,
320,0,
969,530,0,
211,0,
109,0,
1148,0,
0,
394,0,
0,
801,162,631,0,
735,0,
15,0,
1321,0,
326,0,
404,0,
0,
0,
375,0,
1012,0,
751,671,0,
929,75,86,766,95,0,
436,0,
670,383,0,
0,
0,
0,
889,93,0,
0,
1295,0,
0,
137,643,0,
1110,403,718,0,
0,
880,518,0,
0,
185,0,
539,0,
134,0,
172,630,0,
1156,429,0,
19,782,0,
0,
220,0,
520,1085,0,
1137,378,0,
280,175,0,
528,0,
313,0,
0,
283,660,0,
0,
656,0,
90,0,
700,0,
215,0,
835,1198,0,
1139,171,0,
286,0,
0,
653,693,0,
131,268,1230,1300,56,0,
0,
0,
0,
792,565,0,
1008,485,0,
1101,0,
729,486,687,0,
1118,0,
0,
0,
156,0,
1309,0,
0,
0,
890,0,
699,0,
1260,0,
1,659,343,0,
612,0,
0,
522,772,0,
917,606,0,
540,0,
0,
529,447,0,
1184,412,0,
937,0,
1001,0,
748,63,0,
1073,0,
1241,0,
0,
564,0,
0,
225,0,
847,0,
477,94,0,
174,0,
672,121,850,0,
0,
680,0,
380,556,0,
1169,1028,1055,0,
301,0,
364,0,
0,
459,0,
1304,0,
0,
0,
784,685,222,0,
974,0,
194,1087,1015,0,
958,0,
558,775,0,
0,
377,1254,0,
803,863,0,
576,0,
640,709,0,
1077,0,
456,1128,406,0,
0,
455,0,
0,
0,
1013,0,
1206,0,
0,
738,869,781,0,
0,
52,61,860,0,
0,
465,1211,1271,0,
0,
0,
977,1142,0,
397,0,
252,0,
652,725,911,0,
0,
0,
0,
0,
0,
0,
532,1095,0,
0,
584,0,
624,0,
240,975,0,
0,
106,1106,0,
11,0,
845,0,
797,0,
262,0,
712,1122,0,
0,
0,
76,1079,0,
0,
888,787,0,
266,0,
830,0,
1161,0,
395,1021,0,
340,0,
973,0,
1270,903,0,
466,1183,0,
0,
704,0,
1168,49,1157,0,
922,363,1061,0,
581,0,
356,0,
217,1127,0,
504,41,0,
570,0,
0,
0,
346,490,0,
96,1009,354,0,
0,
0,
192,388,368,0,
0,
124,0,
420,0,
0,
841,0,
0,
496,770,0,
1244,0,
0,
997,0,
800,1002,27,0,
1181,0,
572,0,
425,0,
1277,0,
1072,865,0,
0,
0,
0,
1201,1278,0,
111,0,
1185,0,
81,0,
512,0,
853,0,
1234,234,0,
0,
418,0,
1167,0,
0,
0,
0,
547,0,
251,0,
0,
1224,804,0,
0,
203,1030,0,
984,0,
0,
521,855,0,
324,0,
361,1026,557,831,0,
1117,1238,263,0,
233,550,0,
421,1069,927,0,
0,
0,
669,0,
264,0,
0,
299,0,
907,0,
127,0,
811,0,
861,0,
0,
362,0,
0,
489,1034,0,
0,
1257,0,
0,
0,
1209,1273,0,
1094,0,
0,
348,0,
136,370,0,
0,
1276,0,
0,
29,0,
0,
10,21,0,
815,0,
0,
0,
469,0,
452,0,
0,
0,
0,
0,
389,0,
237,0,
0,
0,
101,182,0,
0,
746,959,0,
1054,0,
533,0,
1107,0,
0,
0,
597,0,
209,0,
190,543,0,
0,
0,
0,
0,
0,
914,147,0,
130,1199,0,
600,727,0,
366,0,
906,551,0,
398,0,
408,0,
1145,0,
871,0,
0,
0,
544,1136,0,
0,
0,
579,1190,0,
0,
59,191,0,
918,0,
698,1031,0,
0,
916,0,
0,
0,
122,765,0,
720,1284,0,
981,0,
0,
285,0,
32,883,758,591,0,
184,241,1143,0,
311,0,
827,0,
312,0,
236,253,1287,0,
1040,1217,692,0,
764,365,1014,0,
1177,0,
965,1109,0,
138,972,0,
705,0,
1303,0,
0,
639,0,
1147,0,
617,931,484,526,0,
492,0,
0,
72,919,0,
0,
682,91,0,
448,315,0,
0,
0,
773,0,
745,385,0,
1044,0,
774,0,
662,0,
0,
0,
65,0,
728,0,
345,1133,1214,0,
0,
351,23,0,
0,
334,0,
73,562,0,
0,
457,0,
736,355,0,
856,645,0,
0,
615,0,
290,0,
0,
1262,278,0,
810,637,13,239,0,
54,983,0,
1164,0,
0,
0,
0,
0,
0,
0,
0,
426,711,0,
843,0,
344,0,
273,899,0,
0,
507,0,
1088,1266,0,
0,
248,876,0,
688,310,0,
198,0,
210,155,651,0,
0,
1170,0,
0,
1132,0,
35,0,
0,
228,0,
1037,0,
160,472,0,
0,
119,0,
0,
322,387,0,
583,1246,415,0,
791,0,
1313,0,
1182,0,
0,
120,0,
884,0,
1314,879,0,
508,0,
586,1018,546,0,
0,
0,
0,
1203,820,0,
342,535,0,
0,
443,846,0,
292,165,0,
0,
132,0,
17,0,
1281,1046,0,
949,0,
768,0,
287,0,
150,0,
325,0,
83,924,951,0,
414,1307,1062,0,
0,
910,407,0,
1150,742,0,
1250,148,1053,0,
405,0,
723,0,
0,
990,0,
0,
994,676,0,
435,1108,0,
62,55,0,
321,267,0,
0,
710,0,
0,
0,
943,0,
258,1100,0,
0,
107,1283,0,
446,295,0,
1289,0,
68,0,
88,0,
641,1210,0,
8,428,0,
964,0,
0,
0,
0,
0,
0,
0,
0,
33,0,
1245,0,
1192,473,0,
79,0,
232,0,
0,
212,359,0,
648,826,0,
0,
1115,0,
808,0,
674,0,
1076,0,
464,1218,882,0,
506,0,
0,
0,
1017,0,
0,
0,
100,0,
0,
0,
0,
0,
683,0,
638,0,
0,
0,
0,
66,0,
0,
296,0,
0,
609,0,
689,0,
0,
0,
1092,0,
0,
0,
202,0,
947,0,
0,
968,589,0,
0,
785,206,817,0,
282,1221,0,
1066,0,
0,
498,0,
166,0,
99,1252,0,
0,
0,
896,238,0,
0,
793,0,
794,621,0,
0,
684,0,
0,
877,574,0,
932,666,51,812,0,
806,0,
193,0,
0,
214,0,
752,713,0,
0,
0,
818,1291,0,
569,635,139,0,
128,1225,721,0,
0,
733,0,
300,0,
1039,0,
176,0,
1153,454,0,
885,0,
580,0,
0,
1029,862,0,
168,434,0,
1298,0,
1091,462,0,
98,0,
0,
585,571,1222,0,
0,
1123,677,0,
0,
0,
0,
524,0,
0,
0,
503,0,
1323,0,
126,0,
0,
1282,0,
988,0,
593,1057,0,
358,0,
697,0,
1152,743,0,
0,
0,
0,
1226,0,
0,
842,0,
1125,0,
0,
1275,0,
1165,0,
1065,1187,0,
744,985,1124,0,
64,71,0,
516,566,0,
0,
0,
133,0,
1000,0,
0,
40,627,158,0,
0,
945,0,
1293,0,
0,
1033,0,
930,1089,1130,802,0,
0,
816,1005,1045,0,
0,
0,
740,0,
0,
948,1316,0,
0,
0,
1083,0,
0,
0,
0,
180,0,
0,
0,
272,1041,1064,0,
478,1126,0,
563,0,
279,0,
0,
0,
0,
578,732,1038,0,
