1187,421,1191,42,847,58,0,
283,1125,430,0,
829,0,
329,213,0,
328,939,0,
33,572,0,
0,
640,654,0,
0,
1296,17,987,268,0,
74,0,
0,
304,0,
0,
227,1190,0,
1180,894,0,
0,
1394,29,134,0,
515,1351,0,
0,
0,
0,
0,
0,
868,0,
614,0,
0,
1216,90,0,
0,
962,0,
0,
1115,1211,0,
755,1063,0,
1159,0,
1055,0,
1355,1341,0,
0,
0,
0,
330,84,0,
0,
13,0,
1029,237,851,667,1119,0,
0,
0,
611,0,
178,0,
1130,546,0,
1090,165,0,
857,1430,0,
0,
1382,951,0,
0,
598,0,
777,1018,599,0,
139,0,
810,59,1173,0,
235,0,
554,291,876,836,0,
106,190,0,
0,
929,0,
220,0,
1456,370,637,0,
571,0,
0,
0,
258,0,
0,
110,95,0,
1028,0,
693,0,
214,1263,0,
1440,1155,324,0,
0,
786,0,
943,0,
0,
403,1203,0,
406,0,
0,
0,
0,
0,
0,
0,
511,0,
780,0,
0,
0,
0,
265,0,
1328,0,
1209,347,1221,0,
865,0,
0,
576,715,0,
0,
0,
1059,475,0,
280,0,
272,0,
512,408,0,
686,0,
0,
1073,0,
1259,647,0,
226,0,
681,1331,0,
501,0,
530,0,
0,
0,
0,
395,0,
616,1260,0,
788,0,
1315,886,0,
0,
30,0,
1281,287,0,
116,348,0,
652,807,0,
1100,981,0,
248,271,911,0,
0,
320,0,
1460,0,
1158,0,
19,0,
0,
1088,1473,0,
973,0,
340,0,
312,835,0,
0,
218,0,
0,
1067,0,
0,
26,0,
282,0,
0,
266,1461,0,
1452,71,0,
0,
889,0,
129,433,1471,0,
0,
310,0,
0,
0,
754,0,
0,
671,0,
0,
683,0,
118,0,
0,
0,
0,
0,
1174,0,
0,
1274,0,
438,0,
1305,0,
0,
1186,228,0,
838,0,
653,0,
745,2,0,
40,0,
1431,0,
317,0,
0,
0,
497,0,
0,
0,
1139,0,
998,0,
1376,1405,0,
0,
548,790,0,
739,0,
0,
1433,0,
0,
77,0,
971,181,0,
0,
65,0,
0,
0,
985,708,0,
574,199,0,
57,1326,0,
208,533,0,
0,
115,182,1479,0,
1466,0,
0,
0,
0,
0,
1348,358,0,
0,
1310,0,
0,
1094,0,
0,
412,1268,0,
0,
68,0,
0,
1133,319,0,
136,1112,0,
0,
0,
0,
477,0,
0,
0,
0,
1225,206,0,
494,0,
597,0,
1219,0,
658,0,
535,0,
1375,0,
0,
0,
423,0,
0,
817,0,
702,1109,542,0,
0,
0,
736,300,0,
0,
918,119,0,
0,
1432,908,0,
1448,0,
1429,359,0,
0,
192,941,0,
713,117,749,0,
336,451,996,0,
1072,411,0,
0,
0,
634,0,
1121,0,
1289,1212,0,
555,167,0,
0,
0,
0,
481,0,
431,0,
188,0,
130,0,
1458,0,
534,0,
974,0,
1168,906,0,
316,0,
420,276,550,0,
1156,903,0,
0,
860,1317,0,
1101,0,
1254,0,
254,0,
1069,0,
0,
0,
0,
522,972,0,
305,0,
1010,255,0,
1008,267,0,
1056,760,1407,0,
689,307,455,0,
1084,0,
215,0,
193,0,
0,
1032,457,725,1038,0,
444,0,
1199,0,
262,0,
0,
0,
1396,1309,0,
830,0,
0,
625,685,0,
122,123,934,0,
8,0,
0,
0,
0,
536,76,0,
10,1395,0,
0,
0,
0,
873,0,
615,0,
1246,0,
0,
976,1474,822,0,
0,
0,
1330,687,0,
930,0,
0,
0,
0,
578,1182,0,
362,0,
0,
645,0,
691,628,0,
990,0,
0,
950,0,
0,
0,
1455,503,0,
904,0,
999,0,
1304,461,0,
140,1214,0,
331,0,
0,
632,0,
1065,169,0,
940,79,0,
1276,0,
0,
1441,959,0,
763,0,
1421,335,0,
369,0,
1151,0,
224,0,
1404,0,
0,
0,
1162,0,
0,
984,0,
0,
209,0,
1106,0,
1217,0,
1123,0,
901,0,
0,
1087,0,
592,1301,0,
172,493,0,
601,957,0,
577,1188,0,
0,
556,183,0,
0,
549,758,0,
240,784,1323,757,0,
0,
260,0,
1392,0,
626,0,
175,0,
905,1342,0,
0,
0,
0,
1265,642,909,0,
0,
1390,0,
649,0,
1160,0,
921,378,0,
1097,0,
0,
0,
1360,16,0,
746,541,1383,0,
0,
0,
1267,1013,0,
0,
1444,813,926,63,0,
0,
1233,0,
382,0,
191,0,
159,0,
0,
0,
0,
0,
0,
0,
174,791,0,
899,0,
1086,0,
164,573,0,
0,
0,
1035,0,
0,
1042,0,
1127,0,
321,0,
9,1166,1103,977,1083,0,
1027,0,
0,
0,
0,
0,
738,0,
1374,0,
104,0,
1229,0,
0,
0,
582,0,
955,311,0,
0,
1249,162,0,
82,0,
0,
0,
81,0,
768,730,0,
1288,0,
0,
0,
1194,893,0,
0,
1012,0,
0,
0,
553,236,231,0,
920,500,0,
0,
1445,126,0,
1226,1469,958,0,
177,1170,0,
482,0,
579,365,15,0,
0,
1327,0,
0,
1412,0,
0,
64,418,0,
724,0,
0,
800,1313,144,0,
0,
1126,0,
390,0,
0,
0,
3,27,624,0,
617,1293,1085,0,
0,
1002,0,
0,
0,
0,
1089,523,0,
290,0,
0,
0,
0,
0,
0,
278,0,
0,
1172,0,
0,
0,
0,
673,0,
949,0,
0,
170,207,0,
594,922,0,
0,
0,
0,
1204,0,
0,
0,
1464,0,
0,
0,
1361,1257,0,
0,
416,1316,0,
150,0,
0,
0,
1409,0,
0,
0,
1232,0,
1250,630,0,
0,
1398,0,
0,
0,
603,0,
502,0,
869,0,
151,0,
811,1253,0,
0,
344,0,
0,
1020,0,
0,
0,
1242,244,0,
384,0,
0,
565,0,
21,0,
952,0,
234,103,0,
701,662,0,
0,
350,879,0,
345,581,389,0,
399,0,
727,0,
0,
552,0,
0,
1237,0,
954,0,
1362,700,0,
600,468,0,
0,
867,419,0,
849,1058,1266,801,0,
1365,0,
465,0,
1478,0,
1385,212,230,0,
0,
1105,0,
380,0,
0,
0,
128,1076,0,
0,
0,
0,
0,
627,318,463,0,
379,4,551,0,
0,
1363,0,
870,0,
0,
483,0,
1102,0,
1334,0,
718,0,
34,1357,0,
0,
850,875,0,
0,
881,1047,0,
0,
0,
0,
580,0,
0,
0,
891,0,
792,839,0,
1423,0,
0,
355,0,
1428,564,5,0,
0,
0,
0,
1457,882,0,
247,0,
1039,0,
1402,0,
0,
154,975,0,
586,0,
0,
257,1057,0,
385,0,
897,1427,0,
1271,1015,0,
0,
945,221,0,
361,516,0,
756,0,
0,
137,0,
1241,0,
1299,0,
0,
0,
834,0,
648,1023,0,
526,0,
474,741,0,
0,
83,0,
517,0,
400,409,0,
1286,0,
794,0,
132,0,
0,
1388,1269,0,
0,
85,0,
923,0,
1080,674,0,
1107,0,
490,0,
902,0,
0,
529,1467,0,
0,
0,
1132,0,
229,0,
937,0,
1210,0,
0,
1164,0,
0,
1262,0,
0,
152,314,0,
697,0,
491,0,
0,
0,
0,
0,
0,
1197,0,
471,0,
1377,775,0,
1026,799,0,
0,
1,315,1462,825,0,
1264,0,
0,
852,0,
0,
0,
0,
60,0,
776,0,
0,
0,
1472,1129,1290,93,0,
0,
387,0,
1450,0,
798,0,
0,
0,
299,0,
0,
1438,0,
0,
946,62,0,
1408,0,
1251,0,
0,
0,
539,341,782,0,
712,0,
863,0,
0,
1207,0,
1181,0,
160,0,
88,0,
120,168,0,
0,
0,
0,
293,1230,0,
194,0,
204,695,0,
456,1077,0,
0,
1224,771,0,
0,
1227,750,0,
184,131,392,0,
89,0,
1294,0,
0,
0,
0,
0,
1419,0,
1256,0,
489,0,
0,
297,609,1145,0,
0,
0,
1332,0,
0,
1302,0,
0,
0,
978,284,47,0,
277,935,0,
912,1031,0,
769,0,
242,874,1135,0,
0,
0,
797,0,
22,0,
0,
0,
0,
0,
1128,1234,0,
1449,887,0,
0,
0,
910,0,
1465,171,269,0,
0,
0,
0,
942,0,
0,
401,747,0,
499,0,
864,734,1303,0,
947,509,0,
0,
0,
0,
405,0,
0,
1048,1179,0,
0,
765,0,
1033,0,
0,
205,0,
0,
753,0,
1019,396,141,0,
1178,0,
0,
699,133,0,
1169,0,
1349,429,0,
0,
426,0,
948,487,0,
462,0,
138,668,0,
0,
0,
848,1104,0,
0,
0,
710,0,
518,0,
449,0,
121,1325,0,
0,
1273,279,0,
0,
0,
0,
1206,0,
818,0,
1014,655,0,
531,0,
514,0,
1336,452,0,
0,
112,0,
544,545,0,
855,0,
394,0,
289,195,1443,0,
488,748,0,
1016,0,
560,1138,0,
1239,0,
896,1425,333,0,
650,991,0,
643,0,
703,0,
0,
504,261,0,
1282,55,0,
1378,635,0,
484,0,
0,
294,495,0,
0,
0,
70,86,0,
0,
0,
0,
354,0,
37,0,
968,0,
1333,0,
1064,1354,54,1167,0,
185,1415,0,
0,
1411,0,
1185,0,
833,1041,0,
919,0,
1339,0,
0,
841,18,1052,0,
381,0,
1220,398,1366,56,895,0,
439,0,
938,1346,366,0,
1379,1447,0,
73,124,1318,1215,0,
1183,0,
111,0,
43,0,
0,
892,0,
219,0,
49,1074,108,0,
682,1099,0,
1261,0,
690,1340,0,
1343,0,
0,
840,114,0,
0,
28,0,
1436,0,
0,
0,
0,
91,1195,196,0,
0,
0,
803,965,0,
666,0,
793,714,733,0,
1218,907,1252,0,
1244,1292,102,0,
1380,0,
397,0,
590,846,0,
513,0,
743,0,
593,0,
1193,434,1093,0,
729,0,
1066,0,
353,0,
0,
0,
0,
0,
0,
1202,0,
570,285,1397,1006,0,
1400,0,
967,0,
296,0,
0,
0,
0,
322,0,
0,
0,
38,0,
537,346,0,
656,447,0,
0,
898,1356,0,
0,
561,308,0,
374,0,
507,0,
0,
0,
1389,0,
1098,0,
719,0,
113,0,
844,0,
0,
0,
1321,0,
0,
0,
787,1297,1131,0,
496,372,0,
0,
0,
0,
0,
1480,970,0,
0,
386,766,0,
470,0,
885,1475,877,1278,0,
521,0,
1044,39,0,
404,0,
584,0,
6,0,
0,
0,
1319,0,
831,0,
732,0,
432,0,
485,0,
0,
0,
44,0,
0,
0,
0,
332,0,
585,0,
995,0,
956,716,0,
928,884,0,
684,0,
476,0,
0,
1144,557,0,
1373,422,0,
1140,0,
0,
0,
0,
1068,0,
520,0,
1403,0,
0,
0,
0,
796,0,
1049,1279,0,
1463,147,31,751,0,
783,0,
24,146,0,
989,0,
651,0,
1235,612,198,0,
721,1111,0,
0,
1417,669,0,
843,356,0,
41,1171,388,0,
446,0,
0,
0,
566,0,
1243,334,0,
1426,0,
0,
0,
698,917,0,
1060,0,
0,
1414,0,
492,1213,0,
0,
0,
1046,527,0,
0,
245,1007,0,
1000,1307,779,0,
480,0,
1184,0,
966,0,
0,
812,1021,0,
0,
0,
960,0,
417,0,
0,
915,1406,0,
993,1143,0,
888,0,
0,
498,0,
821,621,0,
1410,0,
187,853,735,0,
547,0,
448,0,
1280,0,
0,
558,1222,1022,0,
0,
0,
96,35,1399,0,
202,0,
1275,0,
752,0,
1231,0,
0,
992,816,983,0,
0,
832,659,0,
259,0,
0,
292,343,0,
1208,0,
722,1277,0,
0,
1082,1367,0,
0,
223,0,
360,53,0,
203,0,
524,263,0,
563,575,0,
149,46,0,
0,
92,1198,0,
52,61,0,
51,1476,453,0,
1001,0,
0,
0,
778,351,0,
0,
538,99,837,0,
692,0,
0,
0,
0,
0,
944,0,
0,
720,0,
0,
437,0,
568,0,
789,0,
657,0,
459,0,
1061,0,
988,0,
1320,173,0,
1435,0,
737,1347,595,878,0,
0,
376,883,0,
0,
0,
589,0,
1437,0,
914,0,
393,466,246,1439,0,
1189,933,0,
1163,1422,0,
0,
740,0,
1344,0,
0,
0,
50,0,
1205,0,
0,
0,
249,858,270,7,0,
363,0,
809,0,
211,0,
0,
1386,1371,0,
1393,508,479,0,
0,
435,0,
744,0,
0,
0,
402,0,
1314,1005,1054,0,
142,0,
819,0,
604,845,1359,0,
707,1092,445,0,
0,
450,982,583,0,
0,
264,0,
1148,0,
0,
0,
826,0,
665,1050,1238,0,
519,0,
709,1078,0,
0,
528,1134,0,
352,0,
180,1287,0,
309,0,
0,
629,0,
0,
0,
0,
467,0,
785,0,
925,0,
189,1142,0,
458,0,
163,0,
1114,0,
0,
0,
1369,0,
1141,166,0,
979,14,251,0,
0,
1177,0,
424,0,
1192,0,
0,
0,
0,
1335,0,
0,
767,0,
0,
505,0,
472,1153,286,871,0,
48,1081,622,0,
1401,1358,0,
0,
705,0,
1034,540,0,
0,
364,1418,964,0,
0,
225,367,927,0,
1152,441,0,
0,
0,
176,0,
890,0,
186,0,
357,0,
0,
0,
0,
567,0,
1122,1091,1196,373,1270,0,
588,0,
158,0,
1300,0,
678,936,1451,1236,1368,0,
0,
210,1036,0,
0,
1146,155,0,
1384,569,473,0,
0,
1470,0,
0,
0,
618,0,
0,
1372,0,
0,
0,
0,
0,
0,
1161,675,0,
253,0,
274,0,
559,0,
1345,0,
391,0,
32,143,0,
222,0,
0,
608,1165,0,
0,
532,525,774,815,0,
670,486,0,
706,804,631,0,
961,275,0,
233,179,0,
827,0,
349,1053,0,
125,0,
0,
606,0,
1004,0,
0,
0,
0,
704,0,
469,0,
200,1116,301,454,0,
0,
1291,1311,0,
252,0,
425,0,
0,
156,0,
1298,0,
105,663,0,
0,
0,
0,
428,932,197,0,
1009,0,
723,0,
1370,0,
1025,442,0,
67,127,0,
0,
770,0,
0,
605,415,0,
0,
313,0,
872,0,
0,
953,0,
0,
913,0,
1255,0,
1329,986,1062,0,
761,0,
0,
994,0,
1176,1248,1120,607,0,
0,
0,
0,
0,
0,
0,
0,
664,859,1223,0,
0,
0,
66,0,
931,0,
969,1070,0,
25,795,1045,0,
371,0,
679,0,
23,0,
0,
407,0,
217,410,591,0,
1030,0,
856,854,0,
339,375,0,
0,
0,
256,828,342,0,
368,1454,0,
0,
0,
0,
0,
0,
298,1118,0,
620,0,
0,
440,0,
464,109,0,
0,
1353,0,
0,
1136,639,0,
0,
157,806,0,
326,646,0,
661,0,
1434,0,
1364,0,
1201,1003,823,0,
0,
1295,0,
0,
772,0,
506,45,613,0,
100,12,0,
1459,1157,0,
0,
0,
0,
75,980,0,
0,
97,0,
0,
0,
0,
0,
0,
1468,0,
0,
805,0,
0,
672,0,
0,
0,
676,0,
0,
880,1416,0,
281,610,1324,0,
619,0,
153,0,
0,
36,0,
0,
0,
302,1017,78,0,
1446,0,
596,0,
660,0,
148,0,
1040,323,1043,0,
241,0,
478,1079,0,
900,0,
0,
0,
303,0,
1024,1284,383,0,
98,0,
1175,250,694,759,0,
0,
0,
1154,0,
0,
1477,0,
1338,0,
1113,0,
135,0,
414,0,
644,0,
1150,0,
0,
1337,773,0,
1258,0,
288,0,
1442,436,820,0,
587,101,0,
924,0,
0,
243,0,
1352,0,
0,
764,638,0,
0,
1247,0,
762,781,0,
20,0,
1272,0,
1124,273,916,0,
0,
1306,1117,0,
1387,0,
1149,0,
731,0,
325,0,
0,
1228,0,
726,0,
1322,338,0,
0,
0,
0,
0,
460,0,
0,
0,
1350,0,
562,0,
1137,0,
1096,602,0,
0,
1424,0,
728,0,
1110,0,
0,
1037,0,
80,862,0,
0,
688,0,
201,1075,0,
87,0,
742,0,
0,
232,0,
238,0,
0,
0,
0,
0,
0,
1381,107,413,0,
1200,866,0,
802,0,
239,0,
680,814,0,
711,1285,327,0,
717,0,
0,
0,
443,0,
641,0,
0,
337,306,1391,0,
1245,0,
696,510,0,
997,0,
824,0,
808,1051,0,
1071,0,
0,
1308,0,
0,
161,0,
72,377,0,
216,1108,1095,0,
0,
1147,1413,0,
0,
295,0,
0,
1420,861,0,
0,
11,94,0,
1283,633,963,0,
145,0,
427,543,0,
1011,69,1453,0,
1240,623,0,
677,0,
0,
842,636,0,
1312,0,
