218,211,212,74,0,
112,125,0,
180,15,0,
219,0,
134,0,
38,0,
62,230,0,
60,0,
0,
0,
0,
22,7,0,
0,
0,
29,39,0,
83,0,
168,36,14,0,
0,
41,0,
4,77,0,
0,
13,0,
56,0,
97,0,
31,0,
208,225,144,0,
0,
182,191,0,
159,0,
172,0,
203,0,
0,
82,190,0,
0,
20,0,
89,0,
34,59,0,
67,0,
12,0,
119,0,
117,0,
0,
17,0,
94,199,0,
0,
140,0,
0,
85,0,
156,84,0,
18,133,0,
0,
221,0,
158,0,
0,
136,201,35,0,
0,
0,
0,
216,228,0,
55,0,
0,
107,0,
229,0,
64,70,0,
142,0,
0,
0,
217,0,
5,0,
78,0,
126,0,
0,
50,0,
0,
105,163,76,0,
9,3,0,
48,68,150,0,
71,0,
0,
101,0,
21,30,0,
0,
143,0,
0,
145,0,
0,
116,0,
213,0,
0,
90,0,
0,
93,0,
110,0,
175,0,
0,
0,
177,207,0,
185,0,
154,173,0,
32,178,118,0,
132,0,
0,
0,
176,0,
171,127,0,
120,91,0,
102,0,
46,0,
0,
0,
0,
0,
28,0,
128,130,63,0,
0,
44,0,
0,
0,
193,106,0,
0,
194,0,
0,
197,0,
72,162,0,
0,
37,0,
109,0,
149,0,
99,61,0,
0,
51,183,0,
210,0,
214,0,
148,0,
0,
0,
42,0,
0,
164,0,
0,
0,
137,0,
95,0,
0,
104,27,0,
0,
184,0,
170,198,0,
0,
0,
227,0,
80,103,0,
0,
79,0,
121,0,
0,
114,0,
152,0,
0,
10,0,
0,
33,0,
124,0,
200,223,0,
222,0,
86,0,
92,0,
0,
24,122,0,
189,0,
131,174,0,
66,0,
88,0,
0,
139,0,
179,0,
0,
202,0,
220,141,0,
0,
8,0,
206,0,
45,0,
49,186,123,0,
129,0,
0,
47,0,
138,52,0,
98,43,0,
161,0,
65,0,
0,
6,23,0,
108,0,
226,0,
196,0,
0,
0,
115,205,0,
0,
167,0,
209,100,0,
181,165,0,
160,0,
0,
26,0,
157,0,
153,215,0,
166,87,0,
0,
53,0,
25,54,231,0,
224,113,188,1,0,
155,0,
0,
73,69,0,
2,75,0,
0,
96,58,187,0,
81,0,
204,0,
40,0,
0,
195,0,
169,146,0,
232,0,
0,
57,0,
11,19,0,
0,
135,0,
192,16,147,151,0,
111,0,
