210,59,84,167,0,
0,
197,0,
144,0,
54,62,0,
110,22,79,0,
0,
38,0,
103,0,
0,
0,
0,
202,155,0,
93,0,
29,0,
0,
130,0,
0,
0,
227,0,
65,0,
6,0,
56,41,0,
0,
0,
40,0,
3,117,0,
107,0,
8,142,0,
126,0,
2,0,
11,52,0,
58,188,221,30,0,
0,
82,37,0,
55,0,
156,0,
0,
48,0,
206,0,
207,0,
120,69,0,
0,
121,0,
151,0,
0,
128,213,0,
0,
0,
0,
169,0,
179,0,
187,0,
217,0,
1,0,
73,0,
162,102,0,
0,
224,122,21,0,
137,76,5,0,
132,53,0,
148,149,0,
203,116,0,
0,
100,0,
0,
27,0,
0,
78,0,
67,0,
0,
0,
160,0,
157,0,
77,0,
47,0,
98,163,191,0,
0,
200,0,
158,0,
196,228,0,
147,141,0,
220,0,
0,
32,113,60,174,0,
0,
146,0,
64,0,
18,0,
0,
171,36,0,
152,87,0,
0,
70,0,
186,0,
111,0,
173,190,0,
0,
140,230,0,
51,181,231,0,
0,
170,0,
0,
0,
124,0,
16,0,
83,0,
0,
92,0,
7,214,31,0,
134,0,
0,
119,0,
26,109,159,0,
168,138,61,0,
180,94,0,
219,0,
23,0,
0,
0,
0,
63,0,
10,0,
15,0,
0,
232,185,0,
0,
0,
135,0,
212,0,
0,
0,
24,0,
106,68,0,
104,205,0,
195,0,
0,
80,96,133,0,
172,0,
0,
49,33,0,
225,0,
14,0,
81,42,0,
0,
0,
136,0,
0,
154,0,
74,118,0,
112,209,0,
17,0,
0,
201,161,0,
45,0,
194,91,0,
0,
0,
0,
44,150,0,
0,
184,0,
183,0,
50,86,0,
0,
0,
85,0,
115,99,222,0,
0,
0,
215,0,
139,0,
127,0,
108,0,
176,143,0,
145,0,
34,166,0,
20,0,
0,
0,
204,101,0,
57,0,
43,13,0,
0,
178,0,
164,0,
199,0,
0,
105,0,
216,0,
75,95,0,
90,66,0,
211,0,
189,0,
129,39,0,
0,
72,175,0,
0,
229,0,
0,
0,
192,0,
153,46,0,
97,0,
165,0,
89,0,
0,
0,
0,
226,0,
114,4,12,28,0,
0,
0,
131,0,
88,19,0,
208,0,
0,
0,
0,
0,
0,
177,182,0,
25,35,0,
71,0,
9,0,
0,
0,
0,
198,223,0,
0,
123,0,
193,125,0,
218,0,
