10,2,132,13,0,
195,77,127,0,
153,75,103,0,
178,29,0,
17,0,
0,
143,204,135,0,
0,
0,
8,0,
44,228,206,39,0,
0,
0,
152,3,78,47,0,
0,
222,0,
82,181,0,
107,0,
11,0,
0,
5,0,
0,
0,
218,0,
0,
14,0,
23,71,0,
0,
97,18,0,
169,139,0,
108,126,0,
0,
186,0,
0,
0,
86,0,
0,
0,
177,0,
229,30,0,
90,45,0,
7,0,
111,0,
0,
48,38,46,0,
162,0,
147,0,
210,26,20,0,
226,163,0,
0,
0,
96,0,
154,69,0,
0,
146,133,0,
122,219,0,
50,0,
0,
0,
64,0,
0,
116,0,
24,0,
113,0,
0,
199,0,
89,34,0,
161,0,
0,
202,101,0,
19,0,
51,0,
0,
208,134,0,
87,0,
40,156,0,
142,151,0,
9,25,0,
105,114,84,0,
0,
164,0,
224,0,
185,0,
42,0,
136,33,0,
165,0,
49,0,
0,
0,
117,0,
200,0,
0,
36,0,
0,
0,
0,
0,
0,
129,0,
191,0,
70,0,
141,0,
159,0,
52,213,0,
0,
192,12,0,
211,0,
216,0,
53,0,
79,0,
209,0,
0,
56,0,
179,0,
214,0,
124,0,
0,
0,
0,
0,
176,112,4,0,
0,
95,0,
182,174,0,
0,
0,
109,0,
92,149,0,
0,
0,
0,
59,102,0,
120,1,155,6,0,
115,157,0,
205,0,
180,190,0,
140,0,
37,0,
73,203,0,
98,0,
0,
0,
158,0,
232,0,
31,0,
128,0,
198,175,0,
0,
94,0,
217,0,
193,0,
183,0,
170,188,0,
16,172,221,0,
88,0,
99,28,0,
187,0,
145,0,
173,0,
0,
0,
57,0,
0,
167,0,
0,
0,
43,0,
60,0,
194,0,
61,0,
212,110,0,
0,
83,0,
0,
0,
196,0,
41,62,0,
72,0,
144,63,0,
0,
58,0,
0,
215,0,
0,
0,
0,
0,
168,220,0,
27,231,0,
0,
160,85,0,
197,0,
121,0,
171,0,
230,0,
138,148,0,
0,
123,223,0,
93,0,
118,0,
0,
0,
130,0,
80,0,
32,67,0,
225,0,
66,131,76,0,
0,
227,150,0,
91,0,
166,54,0,
207,0,
0,
81,137,0,
15,0,
0,
0,
106,0,
0,
21,0,
189,119,0,
104,22,0,
0,
184,0,
0,
0,
68,0,
201,0,
65,100,55,0,
35,0,
0,
125,0,
74,0,
