1,3,4,309,57,0,
374,243,182,270,0,
340,55,318,246,0,
144,183,45,15,0,
217,359,207,0,
0,
283,13,0,
267,0,
0,
51,387,0,
0,
320,0,
68,0,
235,0,
368,315,0,
17,98,279,0,
22,0,
326,190,0,
123,0,
281,93,0,
303,0,
307,31,167,0,
0,
178,347,0,
89,0,
361,0,
186,30,0,
24,293,0,
0,
0,
86,0,
191,0,
0,
181,271,0,
311,0,
216,173,0,
10,0,
166,0,
272,121,0,
193,180,0,
118,0,
127,287,0,
8,0,
0,
0,
265,19,230,6,0,
372,175,0,
0,
91,0,
348,0,
71,0,
97,155,0,
58,0,
151,0,
0,
145,308,0,
263,0,
2,99,317,14,0,
0,
164,0,
0,
194,0,
352,0,
132,285,0,
49,165,0,
0,
54,0,
96,238,0,
0,
117,0,
200,213,0,
345,0,
0,
0,
142,0,
280,70,375,0,
341,103,0,
110,0,
0,
44,0,
0,
337,0,
61,0,
0,
0,
84,0,
0,
205,0,
0,
242,0,
152,257,0,
0,
220,0,
300,0,
332,0,
0,
302,0,
187,0,
259,276,0,
9,101,39,0,
125,0,
56,261,0,
0,
120,0,
0,
102,0,
0,
273,306,0,
0,
0,
0,
342,0,
225,0,
0,
154,143,0,
140,0,
313,161,0,
0,
0,
0,
0,
43,0,
128,362,0,
0,
0,
0,
258,0,
379,0,
0,
388,0,
0,
168,0,
248,88,0,
130,0,
322,0,
356,0,
325,0,
212,0,
115,196,0,
0,
0,
330,0,
0,
383,0,
162,274,195,0,
20,0,
0,
126,134,0,
250,50,0,
0,
0,
0,
113,0,
0,
0,
81,0,
0,
0,
384,0,
251,0,
0,
62,0,
41,133,0,
59,53,0,
0,
338,0,
169,0,
16,160,0,
236,0,
0,
0,
163,46,23,0,
376,80,0,
150,0,
256,0,
386,131,0,
34,0,
215,0,
48,74,0,
0,
358,0,
92,245,0,
138,147,76,0,
114,37,366,0,
360,0,
249,262,0,
0,
0,
0,
60,0,
184,0,
28,0,
204,334,0,
135,0,
0,
296,349,0,
370,0,
232,298,0,
221,87,0,
0,
278,0,
292,0,
312,371,0,
254,0,
100,0,
0,
247,0,
233,27,148,0,
67,286,63,0,
226,0,
231,0,
290,174,0,
0,
319,0,
323,197,0,
0,
343,0,
116,33,324,0,
240,0,
105,0,
0,
365,0,
0,
0,
0,
0,
0,
104,0,
0,
156,0,
42,36,0,
0,
0,
40,202,0,
0,
336,0,
0,
0,
373,0,
237,0,
0,
0,
0,
289,172,38,0,
141,0,
188,0,
176,305,0,
228,0,
268,0,
335,0,
314,95,0,
0,
0,
329,0,
0,
353,381,0,
0,
153,0,
351,0,
210,0,
333,0,
277,0,
316,0,
146,0,
339,0,
380,94,0,
0,
0,
0,
109,0,
64,11,0,
377,199,0,
32,0,
222,0,
282,367,0,
136,269,0,
301,0,
209,0,
0,
321,211,0,
201,0,
364,0,
108,0,
294,0,
354,0,
77,0,
107,284,244,0,
111,0,
0,
291,189,0,
0,
119,0,
0,
355,0,
252,0,
224,260,0,
47,0,
0,
0,
239,0,
328,0,
0,
382,0,
0,
122,219,0,
253,0,
234,0,
78,7,0,
18,0,
208,385,171,21,0,
378,82,0,
0,
0,
112,0,
266,0,
137,203,0,
0,
26,90,275,0,
177,159,0,
0,
73,0,
129,229,0,
288,0,
66,206,0,
363,295,0,
0,
264,0,
346,0,
0,
0,
0,
0,
0,
0,
327,0,
0,
0,
0,
331,0,
0,
79,255,0,
350,0,
0,
139,0,
0,
0,
0,
85,0,
0,
72,0,
0,
0,
0,
0,
0,
149,0,
369,0,
5,0,
0,
304,192,0,
0,
0,
29,0,
218,158,0,
241,0,
0,
124,357,0,
185,299,0,
227,12,0,
0,
297,0,
106,0,
52,69,0,
344,0,
35,198,0,
170,0,
179,0,
0,
65,0,
223,0,
157,0,
0,
0,
0,
0,
310,75,214,0,
83,0,
25,0,
0,
