10,235,213,38,0,
0,
19,0,
293,0,
251,270,7,0,
0,
32,0,
3,12,0,
9,94,0,
0,
346,188,333,79,0,
61,263,0,
0,
0,
240,0,
0,
0,
332,0,
218,122,0,
0,
0,
0,
0,
88,0,
0,
23,0,
0,
0,
0,
351,0,
280,296,0,
24,89,0,
204,0,
0,
249,31,0,
85,0,
27,0,
0,
234,99,181,223,0,
0,
0,
0,
0,
51,76,0,
16,0,
0,
0,
0,
361,13,0,
131,124,0,
0,
92,0,
298,0,
0,
153,0,
53,0,
72,382,0,
8,385,11,0,
183,0,
162,359,0,
46,0,
0,
81,0,
0,
275,0,
113,0,
211,0,
205,0,
380,62,0,
0,
137,302,0,
258,0,
376,0,
179,0,
177,0,
378,363,292,0,
0,
301,0,
103,0,
345,163,277,0,
95,311,0,
0,
318,0,
386,6,0,
49,197,222,0,
0,
0,
0,
0,
0,
0,
0,
0,
0,
306,0,
168,0,
170,347,246,0,
294,0,
331,71,0,
314,299,203,0,
0,
171,140,0,
336,65,0,
0,
63,0,
0,
120,0,
245,182,0,
0,
282,0,
335,0,
0,
221,0,
287,0,
370,286,0,
207,0,
130,147,0,
0,
0,
315,0,
0,
320,101,0,
242,228,0,
48,98,150,0,
118,0,
248,365,0,
39,0,
97,0,
132,0,
0,
40,0,
326,0,
0,
198,0,
0,
136,115,0,
55,0,
139,0,
323,148,0,
0,
164,0,
377,283,0,
0,
350,0,
0,
0,
0,
0,
206,0,
0,
58,14,0,
45,0,
254,0,
388,0,
0,
74,75,0,
0,
64,166,0,
0,
144,0,
106,0,
264,110,0,
0,
17,54,0,
0,
369,0,
285,0,
0,
129,0,
35,236,0,
114,83,36,0,
0,
156,60,0,
167,0,
0,
195,276,0,
199,0,
0,
348,0,
37,0,
173,159,0,
308,237,0,
366,0,
20,0,
90,0,
191,0,
0,
73,274,0,
260,29,295,0,
68,340,0,
186,0,
111,0,
146,0,
247,0,
0,
255,0,
200,143,0,
70,310,0,
0,
0,
338,0,
192,67,0,
0,
18,187,30,0,
0,
0,
297,0,
105,0,
0,
374,0,
0,
272,0,
261,0,
337,123,244,319,0,
0,
0,
339,0,
42,0,
300,0,
93,0,
257,383,0,
325,0,
266,307,0,
291,141,0,
26,0,
0,
59,252,0,
0,
0,
316,0,
193,243,0,
47,0,
305,0,
387,125,0,
233,138,157,0,
96,57,84,4,0,
313,0,
180,367,0,
0,
25,116,0,
259,0,
190,0,
0,
343,0,
107,155,268,0,
317,0,
160,34,0,
0,
327,0,
321,0,
232,0,
169,265,135,0,
219,0,
349,279,0,
0,
0,
91,127,0,
145,0,
227,0,
0,
1,238,0,
0,
0,
2,0,
225,0,
142,0,
119,0,
0,
360,271,0,
154,0,
128,44,0,
184,328,0,
0,
0,
304,0,
0,
375,0,
196,230,0,
0,
334,0,
104,0,
341,0,
0,
355,0,
381,0,
0,
52,0,
0,
0,
0,
0,
66,269,0,
174,0,
0,
0,
33,0,
384,0,
0,
0,
82,220,284,0,
149,0,
151,0,
158,0,
250,0,
86,0,
0,
290,0,
126,0,
161,209,175,0,
215,0,
216,281,0,
172,229,0,
56,202,0,
0,
329,21,0,
0,
0,
372,0,
210,0,
256,178,312,0,
379,0,
5,0,
288,0,
371,0,
0,
0,
0,
0,
133,0,
152,0,
214,0,
309,0,
0,
362,342,0,
0,
0,
0,
368,43,77,0,
0,
0,
224,0,
100,0,
241,165,0,
278,0,
354,0,
353,22,0,
356,102,0,
121,239,0,
87,0,
324,0,
0,
0,
50,0,
109,78,0,
0,
262,0,
364,253,0,
0,
0,
0,
185,303,0,
0,
201,0,
289,330,0,
212,0,
217,0,
194,0,
373,0,
352,0,
108,0,
28,358,0,
208,0,
0,
267,0,
344,0,
0,
0,
112,0,
231,0,
15,0,
273,117,0,
41,0,
357,0,
134,0,
69,0,
80,226,189,0,
176,0,
322,0,
0,
