3,111,112,377,218,0,
2,11,0,
267,0,
356,186,114,252,0,
82,0,
206,0,
172,36,0,
303,0,
20,0,
138,0,
93,0,
0,
289,7,0,
25,0,
17,219,260,0,
64,317,0,
44,31,0,
226,0,
332,189,0,
102,0,
0,
240,0,
117,0,
216,129,0,
1,362,181,0,
388,0,
95,0,
77,23,0,
0,
201,0,
283,179,0,
0,
0,
185,242,290,0,
42,0,
200,131,0,
360,0,
98,381,0,
302,0,
386,0,
0,
0,
339,0,
324,254,0,
152,0,
0,
0,
0,
39,0,
0,
231,0,
0,
235,0,
80,0,
344,299,0,
0,
16,26,0,
292,0,
245,0,
13,348,125,0,
309,0,
0,
8,47,0,
279,239,0,
0,
262,167,0,
0,
282,0,
336,34,0,
84,0,
0,
70,0,
0,
91,14,0,
45,0,
0,
18,204,0,
383,0,
214,310,0,
154,0,
28,0,
79,0,
0,
312,71,0,
0,
314,0,
0,
149,0,
65,30,0,
203,0,
273,0,
81,43,0,
340,263,0,
0,
0,
323,0,
106,347,0,
364,0,
0,
345,366,0,
0,
280,0,
0,
19,4,159,0,
35,230,0,
163,0,
329,311,0,
192,153,308,0,
0,
142,0,
321,0,
59,107,341,171,0,
355,15,0,
176,38,0,
104,250,374,0,
246,0,
0,
0,
0,
0,
297,359,0,
272,196,190,0,
155,0,
275,294,0,
48,0,
334,270,0,
0,
0,
52,0,
61,0,
180,0,
198,0,
0,
0,
338,237,0,
236,0,
0,
0,
0,
0,
53,0,
318,0,
0,
363,0,
60,151,0,
328,0,
0,
150,0,
67,0,
0,
0,
174,0,
0,
233,177,134,0,
288,0,
0,
191,0,
326,0,
0,
69,0,
0,
287,0,
0,
0,
148,12,197,0,
0,
0,
301,0,
0,
108,0,
265,188,0,
27,63,0,
195,0,
370,99,78,0,
361,0,
378,0,
248,0,
367,0,
276,0,
349,0,
0,
213,0,
0,
0,
0,
215,199,0,
96,224,88,0,
346,0,
372,0,
182,0,
89,0,
0,
187,37,0,
0,
0,
184,0,
266,0,
286,0,
0,
373,0,
296,0,
0,
0,
212,0,
175,0,
243,156,0,
100,0,
0,
49,0,
85,87,0,
217,0,
281,306,0,
0,
268,0,
127,0,
116,0,
320,0,
0,
73,241,164,375,0,
29,0,
128,369,76,0,
291,0,
376,0,
0,
249,319,0,
139,0,
300,0,
0,
368,0,
0,
222,0,
274,0,
0,
178,0,
101,335,0,
72,0,
0,
207,0,
158,0,
137,322,0,
0,
234,92,358,0,
122,342,0,
379,0,
333,62,141,0,
380,0,
285,0,
162,0,
0,
58,271,0,
170,331,0,
0,
144,256,56,0,
257,0,
261,0,
166,0,
50,123,0,
229,0,
0,
330,0,
194,0,
337,0,
0,
259,0,
0,
55,0,
0,
0,
0,
0,
183,0,
147,325,0,
160,0,
0,
0,
46,0,
0,
0,
41,0,
21,0,
146,0,
32,0,
304,0,
0,
0,
0,
277,0,
0,
0,
168,94,0,
225,143,0,
0,
258,0,
385,209,0,
86,0,
0,
0,
105,350,0,
253,0,
0,
0,
0,
0,
0,
0,
140,68,351,0,
251,0,
57,211,0,
298,54,0,
232,0,
169,0,
132,0,
193,0,
66,0,
0,
0,
0,
9,0,
371,0,
365,22,0,
0,
0,
136,0,
0,
0,
269,0,
0,
83,205,382,0,
0,
0,
0,
353,0,
0,
161,313,0,
157,0,
109,0,
90,0,
0,
284,0,
0,
165,0,
124,6,343,0,
202,0,
387,221,0,
0,
315,0,
0,
74,118,0,
110,0,
295,0,
126,0,
208,97,0,
0,
0,
51,0,
33,173,327,0,
307,293,103,0,
264,0,
210,255,0,
223,0,
75,0,
0,
115,5,0,
119,0,
0,
247,0,
133,0,
227,0,
40,0,
316,357,0,
130,238,0,
0,
0,
0,
113,10,228,0,
120,121,0,
0,
24,305,220,244,0,
0,
0,
0,
0,
354,135,0,
384,145,0,
0,
278,0,
0,
0,
352,0,
