388,250,4,255,0,
34,19,0,
0,
2,0,
62,8,333,30,0,
128,245,0,
293,15,0,
11,110,0,
192,225,273,0,
133,206,0,
162,127,23,0,
24,0,
25,338,223,0,
146,0,
212,29,0,
119,0,
168,17,9,0,
140,325,0,
314,180,254,0,
58,0,
236,38,0,
234,0,
0,
362,59,0,
0,
27,0,
83,0,
189,0,
159,175,0,
304,0,
201,129,271,0,
344,0,
214,0,
50,0,
219,0,
67,0,
259,0,
288,0,
65,0,
120,0,
306,109,0,
117,0,
264,122,0,
42,287,0,
0,
0,
361,35,63,0,
0,
276,0,
269,0,
0,
181,0,
353,239,0,
163,71,0,
384,89,300,0,
0,
0,
138,0,
229,0,
100,0,
193,70,0,
157,0,
312,355,261,0,
113,51,0,
160,0,
118,0,
0,
0,
54,12,190,182,0,
249,172,0,
232,97,0,
286,0,
385,0,
124,0,
207,0,
55,0,
247,0,
295,0,
135,0,
115,187,381,0,
0,
0,
297,0,
0,
274,107,0,
211,0,
92,0,
345,0,
86,0,
382,374,0,
174,0,
335,0,
0,
114,0,
141,0,
281,0,
252,0,
0,
0,
173,0,
0,
0,
76,222,0,
200,283,0,
0,
339,0,
0,
342,0,
0,
0,
87,0,
166,0,
0,
0,
0,
72,148,0,
313,0,
322,0,
0,
0,
0,
106,0,
80,386,0,
0,
0,
0,
144,0,
152,186,0,
82,0,
194,0,
74,0,
116,151,0,
196,197,327,0,
0,
22,0,
0,
0,
0,
142,0,
357,0,
349,0,
0,
0,
0,
155,0,
123,0,
0,
356,43,260,0,
319,0,
371,0,
0,
317,0,
332,367,0,
0,
318,0,
0,
209,0,
0,
315,28,84,0,
360,0,
0,
169,195,0,
352,380,0,
112,0,
0,
0,
0,
0,
176,278,0,
328,203,0,
167,0,
365,0,
290,0,
0,
0,
368,0,
164,0,
373,0,
191,0,
0,
220,85,0,
0,
330,307,14,0,
198,0,
228,0,
156,0,
329,0,
224,369,0,
57,366,0,
0,
26,6,0,
0,
130,31,0,
170,341,0,
199,0,
310,0,
296,230,0,
145,75,0,
44,0,
101,0,
0,
184,81,0,
0,
303,0,
0,
268,61,0,
0,
0,
0,
0,
0,
0,
98,0,
0,
153,0,
0,
202,0,
311,0,
347,323,0,
0,
256,0,
0,
0,
337,78,0,
149,126,0,
321,3,0,
0,
0,
0,
0,
346,301,0,
0,
376,0,
0,
0,
363,326,0,
90,0,
298,52,60,0,
208,0,
185,375,0,
171,0,
0,
45,0,
1,10,5,0,
213,0,
305,0,
0,
0,
253,0,
0,
16,18,158,383,0,
387,0,
316,0,
204,0,
248,53,0,
331,132,46,79,0,
340,0,
0,
358,0,
0,
88,267,131,0,
91,238,0,
0,
0,
56,0,
266,0,
0,
235,364,0,
291,0,
179,0,
216,73,0,
95,0,
262,0,
348,21,0,
265,0,
227,0,
0,
105,0,
0,
0,
66,0,
0,
0,
282,0,
0,
379,0,
0,
33,165,0,
0,
320,0,
0,
299,0,
108,0,
257,0,
258,0,
99,0,
354,0,
233,0,
77,134,0,
0,
40,37,183,0,
370,0,
284,0,
0,
0,
0,
215,0,
102,0,
150,0,
0,
285,0,
0,
41,324,0,
377,0,
240,372,0,
336,154,0,
0,
0,
0,
0,
0,
143,0,
359,0,
178,0,
251,0,
0,
0,
308,39,0,
226,0,
0,
32,275,0,
161,188,205,0,
104,0,
218,270,103,0,
280,94,0,
231,0,
210,0,
351,0,
36,350,0,
0,
0,
378,0,
263,0,
292,0,
0,
0,
241,0,
217,0,
0,
0,
0,
0,
272,0,
96,294,0,
309,0,
49,0,
111,343,0,
0,
0,
0,
0,
242,0,
289,0,
279,0,
302,0,
0,
277,0,
0,
137,0,
121,0,
221,0,
0,
177,244,0,
0,
139,47,0,
125,0,
0,
0,
0,
0,
246,0,
13,93,0,
64,0,
20,69,7,0,
48,334,0,
136,0,
0,
0,
147,68,237,243,0,
