169,301,21,117,221,0,
0,
206,0,
0,
208,88,237,0,
326,0,
173,0,
0,
194,0,
10,355,0,
256,57,0,
226,5,0,
64,9,136,0,
0,
25,0,
71,0,
0,
0,
0,
0,
200,191,0,
4,124,12,207,0,
0,
347,0,
374,0,
0,
0,
150,0,
0,
0,
7,0,
0,
114,90,293,0,
0,
0,
137,37,0,
34,0,
54,0,
242,30,0,
345,243,0,
133,0,
386,0,
0,
0,
0,
120,218,0,
337,108,0,
220,0,
0,
0,
344,0,
105,82,0,
216,261,247,0,
76,239,0,
0,
342,0,
27,205,0,
170,0,
258,0,
44,0,
0,
309,0,
78,0,
0,
35,45,55,0,
346,0,
0,
0,
28,0,
0,
158,0,
0,
318,0,
147,101,0,
161,0,
0,
260,373,0,
377,51,383,0,
0,
40,43,0,
139,0,
0,
190,0,
0,
0,
196,284,0,
251,0,
187,61,0,
264,182,0,
152,126,0,
104,0,
31,0,
0,
24,91,0,
112,0,
132,0,
46,0,
273,314,100,230,0,
62,0,
0,
129,385,334,0,
18,0,
353,181,0,
73,93,333,0,
322,0,
0,
0,
231,0,
159,0,
387,0,
236,0,
172,0,
0,
38,174,0,
192,151,0,
0,
278,0,
180,381,222,0,
203,0,
0,
75,0,
0,
288,58,0,
0,
184,11,143,0,
119,0,
367,0,
299,0,
361,316,311,0,
357,0,
0,
0,
0,
0,
131,0,
201,0,
280,16,39,0,
193,0,
0,
0,
0,
267,0,
106,0,
211,308,0,
0,
0,
300,0,
331,0,
36,0,
244,223,0,
0,
145,14,0,
175,0,
0,
0,
128,332,87,0,
0,
382,0,
0,
0,
166,0,
0,
0,
324,0,
0,
0,
164,0,
0,
341,86,359,0,
32,363,155,53,0,
229,0,
0,
0,
0,
232,275,0,
358,0,
0,
168,98,52,0,
0,
0,
202,219,0,
235,69,0,
50,0,
0,
6,79,0,
26,0,
0,
325,366,0,
0,
240,157,0,
0,
372,23,0,
320,60,0,
0,
0,
210,0,
356,0,
0,
0,
0,
8,238,0,
0,
328,122,141,0,
0,
249,142,0,
80,48,0,
0,
89,85,102,0,
371,277,0,
0,
183,0,
42,0,
0,
0,
96,77,0,
209,0,
343,0,
13,0,
362,0,
224,349,0,
0,
289,20,214,113,0,
56,204,348,0,
0,
254,0,
130,0,
81,0,
0,
140,92,0,
0,
272,149,0,
0,
154,286,0,
0,
0,
0,
0,
148,292,0,
0,
41,257,0,
74,0,
3,15,0,
17,0,
144,271,0,
290,0,
0,
248,0,
118,167,0,
266,0,
283,0,
0,
66,0,
178,0,
186,0,
336,0,
296,265,0,
110,0,
364,198,0,
0,
2,134,0,
65,0,
67,0,
310,0,
313,380,0,
233,63,0,
127,135,0,
123,0,
162,0,
304,0,
0,
0,
156,0,
329,94,0,
262,263,0,
0,
70,0,
0,
107,0,
171,0,
0,
378,47,0,
217,109,0,
0,
0,
195,116,0,
305,0,
0,
213,0,
49,0,
259,388,189,0,
0,
302,0,
185,0,
297,354,0,
29,0,
0,
215,0,
274,269,0,
0,
0,
0,
97,177,103,0,
0,
121,0,
197,0,
0,
291,163,0,
306,253,0,
19,0,
115,0,
199,0,
160,0,
188,0,
245,0,
338,228,0,
0,
323,351,0,
0,
0,
339,0,
315,0,
0,
212,0,
176,0,
179,0,
317,0,
0,
352,0,
252,0,
340,0,
282,0,
0,
294,281,369,0,
1,59,0,
165,0,
376,0,
0,
0,
335,0,
0,
0,
384,250,0,
0,
0,
0,
84,0,
0,
0,
68,111,0,
375,0,
0,
298,0,
0,
279,0,
368,138,0,
303,287,0,
153,0,
0,
0,
350,0,
0,
330,125,0,
0,
241,246,319,0,
0,
321,0,
285,0,
365,0,
234,0,
312,83,0,
0,
146,22,0,
0,
379,0,
0,
0,
0,
72,0,
33,0,
270,0,
370,0,
307,268,255,0,
0,
99,95,0,
295,0,
225,0,
360,0,
276,0,
227,327,0,
