485,262,392,182,223,0,
468,228,358,0,
24,17,197,0,
8,169,230,0,
0,
322,478,31,0,
494,0,
544,0,
86,0,
307,0,
62,0,
96,27,294,0,
0,
0,
0,
292,61,0,
48,0,
232,486,0,
286,0,
220,0,
181,366,0,
13,0,
349,0,
427,0,
458,0,
399,0,
25,471,0,
18,0,
393,6,0,
386,469,0,
0,
350,0,
470,0,
0,
0,
315,36,0,
523,84,0,
257,42,0,
44,0,
0,
219,0,
0,
424,0,
462,0,
421,0,
0,
0,
118,22,0,
0,
170,110,0,
0,
400,534,0,
0,
0,
123,0,
0,
69,0,
384,524,0,
0,
0,
370,332,0,
473,0,
19,436,0,
0,
0,
111,0,
0,
423,0,
0,
43,0,
215,0,
0,
225,0,
0,
274,99,406,0,
539,0,
198,0,
481,250,0,
0,
14,0,
461,0,
304,92,0,
0,
0,
41,0,
465,30,0,
245,0,
0,
136,83,0,
0,
240,0,
210,325,206,0,
122,0,
0,
0,
338,511,0,
186,0,
285,0,
58,0,
515,0,
450,347,0,
237,359,0,
50,0,
282,0,
167,0,
537,267,199,0,
290,0,
0,
482,101,157,0,
0,
456,147,0,
0,
88,26,443,5,0,
0,
137,9,0,
0,
0,
0,
352,0,
0,
0,
418,154,0,
152,0,
0,
0,
218,0,
161,509,0,
0,
0,
87,0,
148,0,
168,0,
334,231,0,
0,
78,0,
305,335,0,
438,0,
249,0,
0,
46,0,
0,
0,
368,193,403,0,
0,
54,0,
532,0,
433,0,
212,0,
0,
0,
226,404,0,
196,0,
0,
447,74,271,0,
213,479,0,
0,
344,0,
331,365,0,
0,
0,
0,
173,0,
0,
0,
342,0,
0,
191,0,
0,
0,
391,0,
390,247,0,
0,
496,401,252,0,
0,
314,0,
383,0,
0,
45,0,
16,85,0,
40,0,
0,
67,493,0,
453,172,236,112,351,0,
0,
72,452,0,
144,514,251,0,
64,0,
0,
411,492,0,
457,0,
0,
0,
133,0,
296,472,0,
297,0,
353,387,49,0,
0,
540,0,
0,
372,517,0,
0,
0,
176,0,
0,
336,178,269,519,0,
327,0,
280,135,0,
0,
164,238,0,
439,0,
272,328,208,0,
0,
489,0,
0,
0,
0,
259,188,0,
299,0,
0,
0,
308,0,
0,
378,0,
248,153,195,108,0,
11,35,3,255,0,
159,0,
289,0,
141,0,
414,0,
0,
527,0,
0,
0,
0,
0,
533,0,
242,114,51,0,
140,0,
0,
500,0,
190,0,
200,0,
209,90,0,
419,0,
0,
0,
0,
300,0,
216,81,382,0,
234,0,
116,0,
63,0,
279,503,0,
33,0,
313,291,0,
416,483,175,0,
507,543,0,
488,0,
0,
306,318,0,
138,0,
420,0,
224,204,497,498,506,0,
66,0,
183,0,
160,0,
525,0,
531,174,0,
376,28,518,0,
356,405,0,
0,
474,37,0,
377,235,0,
278,0,
145,229,0,
0,
0,
348,0,
0,
459,93,0,
264,0,
0,
0,
128,0,
70,0,
124,0,
0,
0,
281,0,
0,
0,
516,0,
321,0,
288,0,
287,0,
0,
260,0,
0,
373,0,
0,
0,
146,0,
158,0,
357,0,
434,0,
276,0,
374,0,
162,0,
0,
449,163,0,
409,0,
4,0,
380,0,
0,
0,
422,0,
512,412,0,
129,508,0,
354,0,
0,
177,0,
495,0,
194,0,
119,0,
0,
273,277,0,
227,0,
0,
323,375,0,
0,
180,0,
65,0,
371,0,
363,0,
211,0,
389,0,
298,130,0,
113,0,
521,501,0,
143,0,
201,0,
106,0,
0,
0,
0,
310,0,
0,
171,0,
0,
0,
0,
184,1,410,0,
0,
97,254,0,
343,0,
530,0,
202,98,0,
0,
480,165,0,
80,0,
379,77,38,0,
460,0,
34,397,0,
0,
0,
207,0,
529,155,0,
320,126,0,
435,463,0,
0,
504,0,
187,0,
329,0,
364,0,
395,0,
445,0,
541,102,0,
522,0,
0,
440,355,0,
0,
528,0,
402,132,0,
467,0,
23,454,15,0,
0,
0,
408,442,317,0,
499,302,0,
0,
295,0,
0,
105,91,268,142,0,
430,0,
0,
0,
337,76,0,
346,0,
100,388,396,0,
0,
542,0,
464,341,0,
125,415,0,
60,239,0,
381,0,
263,303,0,
104,339,0,
0,
217,189,0,
0,
451,156,0,
0,
265,75,0,
0,
0,
0,
12,0,
283,21,0,
385,502,0,
0,
0,
0,
214,0,
0,
0,
0,
0,
340,0,
362,0,
0,
0,
115,0,
0,
0,
233,0,
326,0,
487,0,
243,151,0,
0,
258,0,
55,0,
0,
261,0,
312,311,0,
203,0,
0,
0,
32,361,0,
0,
441,0,
270,0,
0,
241,0,
360,476,95,0,
444,301,0,
0,
455,0,
484,0,
0,
109,0,
0,
0,
275,0,
394,0,
149,166,0,
0,
52,0,
0,
68,0,
0,
0,
426,0,
513,0,
446,0,
205,0,
120,0,
179,333,0,
56,10,0,
536,0,
94,0,
0,
510,0,
29,7,0,
538,0,
0,
57,417,477,0,
0,
319,0,
0,
0,
82,134,0,
0,
266,0,
0,
0,
0,
127,79,0,
505,20,150,0,
185,398,367,0,
407,0,
324,0,
117,0,
429,0,
73,139,0,
0,
309,535,0,
121,2,316,47,0,
89,0,
59,0,
369,0,
0,
466,475,0,
192,448,0,
526,0,
330,131,0,
246,0,
0,
431,0,
345,428,0,
490,103,0,
284,437,0,
107,0,
0,
53,0,
520,256,0,
0,
0,
221,0,
0,
413,0,
0,
253,0,
0,
0,
491,0,
39,0,
0,
293,222,0,
244,0,
0,
0,
71,0,
0,
432,0,
425,0,
