353,449,257,36,136,0,
314,0,
514,478,14,0,
443,317,0,
312,404,0,
227,0,
360,11,260,0,
0,
0,
0,
0,
137,508,0,
0,
470,0,
489,239,0,
0,
0,
468,0,
264,300,540,0,
366,0,
395,486,0,
256,0,
166,0,
369,363,326,231,0,
168,178,0,
133,0,
0,
504,0,
494,0,
0,
187,0,
0,
33,210,541,370,0,
505,35,0,
523,71,0,
309,0,
18,413,502,154,0,
281,0,
100,0,
0,
217,290,0,
31,0,
75,0,
48,258,0,
9,0,
143,0,
0,
544,305,0,
56,0,
120,534,0,
0,
0,
0,
192,373,0,
0,
0,
0,
234,12,0,
396,0,
0,
69,0,
142,503,0,
0,
493,127,0,
16,0,
466,70,0,
146,0,
55,0,
0,
0,
356,0,
86,0,
130,0,
68,0,
0,
0,
0,
0,
225,453,0,
262,0,
383,0,
0,
414,0,
147,429,455,0,
0,
0,
474,0,
0,
0,
0,
0,
0,
215,0,
0,
0,
54,0,
0,
0,
0,
185,0,
0,
77,0,
0,
458,284,325,399,0,
113,236,197,510,0,
0,
194,0,
497,0,
0,
428,475,452,0,
74,0,
161,0,
162,0,
139,365,0,
339,0,
337,0,
357,0,
102,0,
0,
415,0,
483,0,
344,0,
402,0,
202,459,0,
439,0,
0,
82,203,0,
72,310,0,
0,
0,
352,0,
512,279,0,
303,0,
0,
398,0,
0,
109,277,6,23,0,
88,0,
447,0,
435,0,
26,427,0,
496,116,0,
84,0,
0,
0,
229,0,
0,
500,532,0,
134,0,
0,
156,0,
473,374,431,0,
230,0,
448,7,0,
296,220,351,0,
111,0,
292,0,
0,
394,367,0,
379,0,
0,
0,
0,
0,
355,148,0,
0,
0,
0,
138,318,183,0,
520,480,386,0,
372,0,
276,0,
542,0,
482,0,
85,0,
25,378,397,0,
99,0,
516,46,0,
79,0,
406,0,
1,114,0,
302,0,
376,0,
208,0,
336,0,
0,
0,
0,
0,
169,218,412,0,
105,0,
29,0,
0,
153,47,0,
301,0,
0,
0,
243,252,53,0,
145,0,
426,0,
0,
163,0,
115,0,
328,0,
0,
0,
450,0,
42,28,0,
0,
0,
521,61,0,
0,
0,
354,39,0,
0,
0,
0,
173,0,
184,513,484,0,
38,190,0,
446,254,0,
0,
0,
49,334,271,0,
37,487,0,
348,0,
211,0,
0,
289,27,0,
0,
375,0,
316,95,0,
15,0,
246,0,
91,0,
216,0,
177,490,0,
511,0,
41,5,0,
60,0,
0,
22,0,
0,
242,0,
0,
0,
0,
0,
393,0,
97,0,
371,0,
118,0,
338,524,0,
0,
319,0,
0,
0,
2,307,332,469,0,
62,0,
164,3,4,175,0,
340,295,0,
0,
0,
0,
65,420,126,0,
0,
0,
245,0,
434,0,
13,150,0,
0,
288,498,0,
320,522,0,
98,0,
419,0,
0,
0,
529,362,180,0,
456,0,
128,0,
0,
94,0,
0,
0,
58,228,0,
0,
0,
313,0,
525,0,
0,
416,0,
0,
0,
0,
87,0,
214,0,
8,57,444,0,
0,
368,233,0,
0,
306,155,0,
0,
390,0,
0,
410,0,
108,0,
172,0,
40,123,131,207,0,
0,
200,0,
159,0,
0,
232,0,
0,
0,
0,
247,0,
527,0,
476,0,
10,0,
171,0,
195,0,
125,0,
0,
0,
433,181,0,
19,140,21,0,
81,0,
222,0,
212,0,
0,
0,
193,346,350,238,0,
536,0,
107,174,251,0,
471,0,
0,
0,
445,0,
0,
331,0,
0,
0,
34,298,158,63,0,
0,
0,
304,101,0,
0,
0,
330,0,
349,198,0,
66,45,0,
0,
32,259,343,103,0,
244,0,
30,0,
408,0,
270,0,
299,0,
537,361,0,
129,59,0,
323,0,
479,0,
206,423,0,
501,0,
51,0,
263,0,
124,278,0,
0,
80,517,0,
267,358,0,
0,
0,
377,0,
400,286,0,
0,
165,0,
0,
226,0,
0,
273,0,
0,
268,421,0,
0,
464,0,
409,117,0,
488,0,
17,0,
285,0,
266,0,
0,
188,0,
481,122,0,
0,
179,391,0,
121,467,0,
240,0,
73,0,
0,
43,182,0,
204,0,
335,0,
347,0,
0,
539,0,
205,0,
293,0,
0,
0,
237,0,
160,0,
90,0,
201,213,0,
441,437,78,0,
0,
0,
311,0,
93,0,
0,
0,
76,191,0,
341,0,
0,
388,0,
170,0,
477,0,
0,
0,
176,44,0,
519,0,
249,0,
436,149,0,
0,
462,0,
0,
0,
515,0,
152,442,0,
528,0,
0,
499,0,
241,359,0,
389,0,
291,333,0,
274,0,
0,
144,0,
0,
275,0,
104,507,189,223,0,
535,0,
0,
248,405,0,
440,380,0,
530,0,
342,0,
0,
50,0,
424,492,0,
403,0,
0,
0,
422,0,
157,0,
0,
0,
0,
92,0,
0,
224,219,269,0,
315,0,
0,
411,167,0,
518,0,
0,
64,329,0,
0,
0,
430,495,0,
0,
364,0,
294,0,
0,
308,0,
280,287,0,
0,
438,327,0,
96,0,
485,0,
425,110,0,
282,132,0,
381,454,0,
538,0,
106,0,
0,
52,0,
432,221,0,
461,0,
463,199,0,
465,0,
89,0,
0,
24,20,543,0,
255,0,
0,
112,0,
186,253,0,
392,141,382,151,0,
509,0,
0,
401,387,526,0,
0,
209,0,
297,0,
472,119,0,
0,
418,0,
250,0,
0,
265,0,
261,0,
531,0,
0,
322,0,
451,0,
460,0,
417,407,0,
0,
345,0,
457,67,0,
0,
196,0,
0,
0,
235,324,0,
283,0,
0,
321,0,
0,
0,
272,83,0,
506,491,0,
135,0,
384,385,0,
533,0,
