35,453,466,146,25,0,
0,
127,0,
436,324,407,0,
0,
145,0,
328,169,0,
0,
0,
158,423,0,
0,
81,129,472,0,
0,
538,221,0,
178,172,422,430,0,
51,0,
0,
136,0,
230,0,
210,427,0,
102,191,0,
0,
0,
80,266,517,447,0,
496,346,284,0,
193,11,28,276,0,
88,69,101,0,
0,
297,325,231,0,
0,
71,0,
174,0,
0,
124,89,20,0,
299,0,
96,14,431,310,24,0,
374,0,
521,228,0,
500,0,
8,515,36,0,
236,47,0,
195,0,
12,0,
537,0,
0,
399,0,
0,
0,
0,
540,0,
0,
0,
27,0,
376,0,
196,0,
332,0,
0,
433,261,0,
126,0,
0,
529,0,
408,16,0,
105,0,
0,
394,0,
0,
0,
253,0,
444,0,
287,0,
331,326,0,
244,0,
0,
243,0,
462,0,
252,0,
32,0,
118,0,
0,
0,
73,267,0,
40,41,64,0,
22,0,
425,0,
0,
0,
528,0,
0,
488,498,0,
339,173,0,
0,
45,277,0,
417,511,0,
482,0,
238,0,
43,76,0,
524,460,349,0,
202,0,
0,
372,381,95,0,
256,348,0,
338,139,0,
322,0,
0,
380,0,
508,0,
65,0,
0,
265,0,
434,363,133,0,
0,
60,0,
543,247,0,
415,0,
384,82,0,
85,0,
0,
141,0,
0,
507,0,
0,
0,
135,0,
396,0,
249,61,0,
0,
0,
330,0,
165,0,
532,342,0,
177,323,0,
120,0,
0,
104,469,0,
388,0,
0,
0,
190,0,
454,0,
418,0,
333,0,
0,
0,
0,
514,0,
0,
161,99,109,340,446,0,
0,
0,
321,239,0,
354,0,
218,0,
75,52,0,
0,
0,
87,0,
343,0,
489,207,0,
536,509,0,
432,0,
168,0,
426,397,70,0,
0,
0,
0,
184,0,
223,0,
505,465,0,
0,
439,0,
0,
347,0,
19,30,0,
262,0,
0,
0,
420,0,
0,
38,183,0,
475,68,0,
18,42,0,
522,0,
474,54,0,
473,0,
0,
103,279,0,
468,13,255,0,
368,257,0,
213,0,
110,0,
0,
224,0,
389,0,
114,179,214,0,
294,0,
443,0,
0,
371,254,0,
0,
479,0,
57,306,157,0,
409,0,
0,
0,
0,
250,212,0,
336,525,0,
410,0,
0,
492,0,
0,
0,
153,0,
0,
258,309,0,
0,
0,
315,182,263,0,
0,
320,0,
0,
459,0,
0,
0,
0,
285,0,
270,0,
440,278,0,
293,0,
0,
0,
115,541,398,0,
510,0,
9,26,92,0,
304,351,0,
467,0,
0,
487,0,
0,
10,0,
0,
185,491,0,
442,237,0,
0,
518,0,
0,
144,232,0,
0,
0,
282,0,
300,0,
302,0,
0,
0,
416,0,
17,235,0,
526,0,
29,0,
531,0,
283,0,
463,0,
97,311,0,
424,0,
62,383,0,
0,
438,0,
187,478,0,
113,0,
176,93,0,
0,
0,
289,0,
203,0,
370,0,
497,0,
56,0,
241,37,295,0,
192,0,
31,0,
0,
0,
175,0,
77,0,
269,0,
155,535,0,
0,
0,
0,
0,
0,
377,0,
108,111,0,
501,0,
379,0,
313,0,
490,495,0,
0,
392,34,477,0,
290,367,0,
0,
0,
0,
46,0,
288,401,0,
209,502,0,
503,0,
122,0,
390,0,
0,
341,0,
242,6,39,0,
520,0,
452,0,
0,
0,
67,0,
0,
480,334,0,
355,0,
0,
0,
362,0,
0,
359,0,
364,15,0,
86,303,0,
292,0,
208,0,
98,125,0,
327,0,
0,
138,159,0,
0,
0,
0,
448,0,
66,0,
229,0,
248,0,
312,55,0,
484,180,149,0,
259,0,
523,317,0,
0,
0,
164,0,
421,271,0,
0,
308,0,
307,206,0,
240,0,
245,0,
0,
0,
84,0,
519,0,
1,4,0,
0,
464,274,0,
0,
0,
0,
0,
140,0,
151,0,
353,0,
0,
0,
162,0,
366,0,
0,
286,0,
2,74,0,
0,
0,
456,0,
0,
0,
216,0,
0,
226,0,
171,404,0,
100,527,0,
50,0,
516,0,
160,0,
481,0,
163,0,
0,
506,0,
419,0,
0,
260,119,0,
375,0,
7,0,
280,0,
0,
512,205,0,
72,476,0,
316,0,
44,0,
201,147,0,
0,
483,0,
400,0,
544,412,0,
414,0,
513,539,0,
116,0,
485,0,
0,
154,0,
21,198,0,
222,199,0,
0,
0,
504,0,
181,0,
0,
0,
0,
273,373,0,
117,350,0,
393,318,0,
0,
391,0,
365,0,
435,0,
471,0,
234,499,167,0,
121,5,0,
152,91,405,0,
0,
441,470,0,
457,0,
0,
112,437,0,
63,0,
493,0,
449,0,
170,0,
345,0,
123,0,
0,
486,0,
291,382,227,0,
329,268,0,
251,461,0,
533,0,
0,
58,0,
0,
0,
217,233,3,445,0,
0,
78,0,
215,0,
451,0,
0,
0,
298,246,0,
148,0,
301,0,
0,
352,0,
305,0,
33,200,429,23,186,0,
0,
275,156,0,
385,542,0,
0,
360,0,
450,150,0,
0,
378,0,
79,0,
0,
48,0,
131,189,0,
0,
211,0,
0,
220,0,
94,0,
49,106,0,
0,
0,
0,
143,0,
225,534,0,
314,0,
296,0,
0,
0,
264,0,
90,395,0,
197,335,0,
0,
188,0,
83,403,0,
0,
0,
344,0,
402,0,
0,
369,142,0,
0,
530,0,
0,
357,0,
0,
137,413,0,
337,494,0,
53,0,
0,
458,0,
0,
387,406,0,
0,
0,
0,
128,281,0,
0,
411,0,
272,219,356,0,
204,0,
0,
134,358,0,
132,0,
0,
0,
0,
194,130,0,
0,
361,0,
59,0,
455,0,
0,
107,0,
166,0,
0,
319,0,
386,0,
0,
428,0,
