418,173,50,22,29,0,
271,14,223,0,
10,134,0,
457,236,0,
489,5,0,
356,0,
91,451,0,
467,46,0,
425,6,0,
190,439,0,
40,0,
276,0,
299,159,0,
305,59,12,0,
202,27,0,
448,473,0,
26,0,
145,242,0,
493,0,
297,0,
89,330,341,0,
0,
234,274,397,413,0,
231,0,
0,
189,0,
0,
56,42,0,
0,
537,100,69,415,0,
251,0,
296,83,0,
0,
0,
250,30,0,
355,286,0,
0,
207,0,
480,0,
129,0,
0,
80,0,
71,0,
65,92,0,
155,244,0,
0,
143,0,
0,
484,0,
0,
248,498,214,386,0,
84,0,
0,
0,
0,
528,383,0,
538,0,
268,0,
338,0,
324,279,0,
76,543,0,
0,
104,17,243,0,
298,0,
478,319,0,
0,
54,0,
187,0,
336,0,
313,43,0,
0,
0,
0,
0,
188,117,0,
0,
531,254,0,
385,0,
387,0,
0,
0,
530,0,
203,0,
407,463,0,
0,
112,39,0,
502,0,
0,
16,499,0,
11,175,0,
513,411,0,
81,0,
151,0,
122,0,
0,
21,446,0,
0,
93,431,0,
148,0,
0,
2,4,74,0,
273,0,
0,
267,0,
185,501,0,
354,340,0,
301,0,
0,
75,0,
465,0,
272,0,
412,285,62,0,
419,316,0,
0,
0,
138,0,
469,0,
307,420,0,
192,514,0,
0,
515,461,0,
496,308,0,
0,
0,
358,0,
0,
0,
0,
0,
115,0,
459,0,
0,
0,
470,63,0,
24,0,
539,0,
373,0,
426,0,
0,
0,
289,101,0,
0,
370,0,
0,
444,0,
492,0,
169,0,
0,
0,
445,0,
423,0,
392,0,
217,0,
314,181,0,
0,
371,0,
57,0,
0,
522,19,0,
468,0,
0,
0,
113,0,
0,
266,0,
25,503,0,
0,
216,0,
0,
291,0,
511,0,
144,167,0,
142,0,
1,339,475,20,0,
360,0,
123,0,
347,79,0,
0,
0,
0,
0,
87,0,
208,0,
0,
0,
126,0,
322,0,
0,
525,0,
311,0,
434,0,
141,0,
194,0,
437,0,
0,
379,0,
349,0,
0,
0,
146,68,0,
176,485,0,
191,487,0,
109,389,0,
377,0,
0,
0,
0,
536,0,
0,
0,
351,0,
70,0,
226,245,0,
0,
520,105,15,0,
263,0,
0,
0,
78,494,0,
376,0,
0,
332,37,422,0,
0,
453,325,0,
440,98,0,
51,0,
516,0,
0,
315,135,0,
438,0,
0,
0,
0,
504,0,
64,90,303,0,
429,0,
184,447,0,
102,0,
353,0,
381,174,0,
257,0,
424,359,0,
532,0,
464,306,0,
401,0,
0,
166,0,
0,
265,283,526,0,
211,495,0,
168,0,
154,0,
318,0,
128,0,
0,
456,0,
282,110,0,
0,
49,0,
0,
500,0,
428,132,0,
0,
0,
326,0,
474,395,0,
0,
295,0,
0,
45,0,
460,108,0,
171,388,0,
73,0,
0,
200,323,60,0,
0,
0,
147,0,
0,
52,0,
0,
0,
488,210,0,
97,497,0,
0,
505,506,334,0,
213,0,
0,
0,
0,
0,
0,
507,524,0,
0,
0,
0,
139,367,0,
72,0,
0,
246,0,
430,0,
0,
0,
233,350,0,
0,
348,327,0,
32,0,
0,
404,0,
114,0,
0,
0,
491,0,
462,390,0,
0,
535,0,
477,0,
490,95,0,
0,
18,0,
406,0,
261,86,0,
197,0,
153,409,0,
230,0,
541,0,
0,
177,0,
0,
361,0,
472,345,0,
512,0,
394,277,0,
0,
137,255,0,
0,
0,
290,0,
0,
201,380,270,0,
41,0,
240,450,0,
0,
369,0,
262,0,
258,0,
471,0,
253,0,
284,0,
0,
157,0,
368,0,
0,
179,0,
293,0,
220,0,
0,
363,0,
205,0,
329,521,0,
352,0,
304,0,
331,365,0,
0,
99,0,
442,0,
0,
400,0,
0,
0,
259,0,
0,
0,
0,
0,
458,53,0,
204,229,0,
0,
124,238,0,
0,
38,0,
396,0,
357,103,0,
0,
198,0,
264,0,
482,165,382,0,
227,0,
384,0,
0,
149,0,
161,0,
0,
0,
280,0,
417,399,0,
0,
218,35,403,292,0,
0,
288,0,
0,
0,
0,
449,466,0,
0,
61,0,
0,
0,
0,
82,0,
212,510,0,
275,0,
172,542,0,
529,34,7,410,0,
416,0,
120,362,85,0,
0,
0,
452,517,8,427,111,0,
302,0,
408,0,
0,
136,119,0,
178,0,
481,476,0,
378,0,
0,
221,321,13,0,
0,
0,
483,0,
0,
0,
333,0,
96,0,
58,0,
0,
0,
0,
421,0,
540,0,
0,
0,
163,0,
0,
0,
335,0,
300,0,
232,164,0,
28,0,
131,180,0,
0,
224,121,31,0,
235,0,
247,0,
281,405,0,
0,
116,77,0,
374,0,
432,0,
66,0,
23,0,
443,0,
398,0,
170,372,0,
125,0,
278,0,
215,0,
0,
160,0,
518,0,
206,0,
152,0,
433,94,0,
309,391,0,
544,241,533,0,
252,0,
0,
479,0,
0,
0,
337,0,
260,269,0,
0,
0,
162,107,0,
0,
287,0,
193,0,
33,0,
414,0,
393,0,
0,
0,
519,0,
47,0,
130,342,0,
454,0,
88,256,534,0,
127,0,
209,0,
486,0,
0,
156,0,
0,
344,67,0,
106,343,0,
196,0,
36,0,
0,
222,0,
527,0,
0,
237,0,
364,0,
225,150,0,
0,
199,158,118,239,0,
0,
0,
55,375,0,
183,0,
436,0,
195,0,
310,0,
366,0,
44,133,0,
0,
402,0,
435,140,455,0,
0,
441,0,
0,
523,219,0,
249,508,9,0,
328,0,
0,
3,228,317,0,
294,0,
509,0,
0,
0,
48,186,0,
320,182,0,
312,346,0,
