417,483,227,7,409,0,
10,0,
456,65,9,0,
0,
286,0,
319,0,
182,0,
425,202,347,525,0,
5,255,0,
273,0,
0,
4,486,0,
475,0,
0,
496,0,
308,349,0,
0,
47,39,0,
0,
214,198,0,
437,511,0,
25,0,
0,
338,235,0,
41,0,
0,
0,
0,
225,52,0,
373,0,
0,
395,0,
465,195,244,0,
0,
0,
0,
420,0,
394,491,0,
457,529,55,0,
106,100,0,
116,0,
0,
490,469,150,0,
528,243,0,
0,
524,0,
538,123,0,
44,398,0,
523,0,
187,0,
218,0,
354,0,
222,270,0,
0,
436,237,0,
377,54,0,
302,0,
0,
0,
352,211,389,0,
466,0,
458,0,
261,358,0,
479,0,
99,533,0,
57,0,
332,333,0,
34,0,
0,
461,0,
368,0,
516,0,
407,0,
144,341,0,
0,
201,0,
130,431,0,
0,
0,
476,0,
68,0,
504,204,0,
287,0,
0,
0,
0,
0,
0,
90,0,
82,117,383,0,
0,
53,69,0,
301,0,
67,119,0,
426,0,
0,
118,0,
468,0,
128,258,12,0,
152,540,0,
0,
78,0,
186,507,508,397,0,
0,
240,356,0,
413,0,
213,0,
155,518,0,
0,
84,309,0,
219,0,
141,199,0,
0,
408,0,
0,
0,
0,
131,0,
0,
74,0,
0,
260,0,
0,
279,0,
0,
105,379,0,
1,318,0,
369,0,
73,236,0,
13,0,
443,0,
0,
449,121,0,
0,
0,
422,0,
146,0,
0,
0,
149,0,
0,
312,0,
539,63,0,
85,0,
448,0,
412,0,
0,
0,
229,0,
0,
64,91,0,
0,
534,0,
488,0,
120,0,
179,0,
0,
386,482,0,
532,0,
0,
272,0,
0,
0,
0,
0,
0,
158,135,0,
321,0,
317,0,
512,0,
43,492,126,0,
343,0,
233,357,0,
0,
0,
478,0,
0,
0,
506,0,
385,0,
284,0,
173,0,
0,
0,
359,0,
251,0,
72,364,0,
0,
108,0,
0,
0,
0,
325,334,0,
178,101,0,
335,175,0,
207,0,
416,371,0,
147,0,
208,0,
162,0,
290,28,303,0,
0,
402,172,295,0,
0,
96,0,
0,
0,
0,
0,
419,0,
285,0,
305,0,
485,0,
0,
330,0,
293,0,
418,254,0,
48,274,0,
0,
310,0,
0,
0,
0,
86,0,
363,0,
256,276,0,
134,430,0,
376,170,515,102,0,
80,24,129,0,
221,0,
541,239,0,
0,
467,414,0,
439,0,
445,0,
0,
517,0,
351,0,
138,0,
453,0,
246,0,
0,
0,
56,0,
380,495,0,
188,166,0,
0,
497,0,
23,111,0,
259,0,
0,
0,
224,0,
382,0,
429,0,
399,0,
0,
0,
434,283,0,
0,
375,0,
159,0,
95,0,
184,132,0,
0,
103,0,
346,0,
27,14,0,
0,
405,0,
340,0,
45,6,0,
460,0,
0,
322,0,
264,0,
58,0,
136,22,0,
125,238,0,
0,
298,0,
248,441,228,0,
387,0,
514,510,0,
0,
0,
0,
0,
0,
337,31,0,
360,447,543,0,
249,226,470,0,
203,0,
0,
169,365,0,
493,446,0,
114,0,
265,0,
0,
374,79,0,
0,
0,
0,
336,193,71,0,
0,
406,0,
300,0,
404,0,
35,0,
88,0,
0,
481,196,0,
140,0,
0,
165,0,
20,94,0,
500,0,
0,
451,0,
0,
423,0,
0,
472,0,
0,
0,
462,0,
0,
145,0,
0,
487,0,
0,
501,0,
530,0,
0,
275,0,
33,0,
232,148,0,
223,0,
509,0,
153,0,
484,0,
137,0,
440,0,
0,
205,0,
0,
0,
216,531,46,0,
75,127,0,
26,0,
331,0,
304,0,
177,0,
477,278,421,0,
0,
194,157,503,0,
97,292,0,
183,0,
16,0,
0,
143,327,0,
299,19,76,0,
464,444,0,
0,
241,0,
212,0,
40,0,
433,2,62,289,0,
0,
257,0,
410,381,311,0,
0,
209,342,0,
0,
519,0,
0,
104,8,11,0,
49,0,
0,
0,
0,
66,107,0,
498,0,
323,435,0,
480,339,0,
0,
432,0,
473,0,
0,
87,0,
427,0,
0,
306,180,0,
0,
288,522,0,
189,0,
384,59,494,0,
234,471,0,
535,0,
0,
113,0,
0,
296,0,
191,0,
0,
0,
0,
0,
0,
355,42,396,438,281,0,
513,350,0,
0,
0,
0,
313,0,
344,70,0,
268,0,
536,353,370,200,0,
505,0,
326,0,
388,0,
247,463,0,
0,
0,
0,
315,348,415,0,
29,0,
0,
217,15,0,
0,
115,0,
176,0,
0,
320,154,0,
139,0,
0,
489,0,
411,0,
474,142,98,0,
537,0,
0,
36,366,0,
450,197,0,
0,
51,0,
452,0,
122,0,
83,0,
161,0,
231,0,
156,0,
242,0,
0,
0,
424,0,
378,0,
544,3,0,
252,526,0,
0,
393,0,
328,0,
324,0,
390,0,
459,0,
77,0,
297,92,253,0,
0,
0,
0,
109,245,0,
124,60,0,
133,0,
0,
0,
267,110,0,
0,
0,
329,282,0,
0,
0,
61,0,
215,0,
401,0,
38,361,542,367,0,
0,
0,
18,0,
0,
0,
112,0,
81,263,0,
50,0,
160,277,0,
220,0,
314,502,0,
527,0,
0,
250,0,
0,
400,171,0,
391,0,
0,
163,0,
210,266,0,
280,0,
0,
0,
21,499,37,0,
17,291,0,
206,0,
0,
0,
0,
307,0,
174,0,
32,362,271,0,
0,
181,0,
521,0,
520,0,
0,
0,
164,0,
0,
0,
392,89,192,0,
316,0,
0,
151,0,
168,185,0,
0,
454,262,0,
0,
0,
0,
0,
294,442,230,0,
0,
190,0,
345,0,
269,0,
167,455,0,
372,428,93,0,
403,30,0,
0,
