101,142,531,438,156,0,
522,67,0,
140,0,
424,0,
335,0,
0,
152,528,381,0,
483,0,
369,0,
4,0,
0,
108,308,0,
285,62,0,
433,517,1,0,
392,3,0,
328,7,0,
27,0,
240,537,0,
184,41,29,0,
0,
30,23,0,
105,459,0,
94,0,
0,
0,
0,
0,
0,
0,
138,291,175,0,
218,0,
64,103,0,
66,11,188,0,
91,542,0,
0,
511,0,
178,139,0,
418,338,0,
345,147,0,
251,124,0,
300,0,
157,150,383,0,
320,0,
0,
539,411,111,0,
529,476,0,
0,
92,525,0,
336,321,37,0,
437,543,0,
450,84,294,0,
0,
0,
0,
448,73,0,
331,371,350,0,
0,
0,
0,
68,0,
0,
479,0,
356,0,
176,258,527,0,
0,
0,
35,316,0,
21,0,
53,0,
401,0,
5,133,0,
0,
0,
203,0,
0,
274,0,
77,373,0,
228,247,0,
104,0,
0,
323,292,0,
293,0,
0,
186,0,
252,421,0,
0,
0,
75,471,0,
144,0,
0,
0,
544,0,
201,0,
0,
0,
368,0,
0,
265,28,0,
24,0,
0,
278,0,
121,50,365,455,0,
533,0,
0,
0,
0,
0,
272,0,
51,0,
340,318,0,
0,
8,98,0,
26,0,
82,0,
467,0,
33,12,446,14,0,
206,0,
0,
102,0,
299,0,
0,
516,532,55,0,
500,0,
420,502,0,
332,0,
0,
123,364,0,
509,279,0,
0,
380,0,
477,0,
405,0,
120,0,
439,0,
246,351,0,
0,
0,
530,0,
264,195,0,
22,0,
0,
312,0,
212,445,158,63,0,
0,
0,
268,0,
80,409,15,0,
314,0,
465,0,
0,
132,324,0,
384,524,0,
17,153,199,0,
25,0,
0,
512,379,36,0,
44,13,526,6,0,
249,0,
45,222,127,0,
0,
0,
443,0,
275,0,
434,0,
229,0,
179,204,0,
19,0,
34,0,
391,0,
481,52,0,
408,0,
0,
0,
0,
0,
88,148,0,
185,109,0,
0,
322,0,
523,374,0,
0,
280,0,
460,399,0,
0,
200,422,39,0,
398,0,
0,
0,
344,61,0,
0,
0,
172,0,
513,0,
347,0,
217,0,
214,0,
496,0,
363,0,
162,0,
385,0,
100,303,0,
93,0,
388,0,
171,0,
0,
0,
0,
0,
0,
506,330,263,0,
191,0,
0,
38,362,430,0,
333,0,
0,
417,0,
0,
0,
0,
0,
387,0,
0,
220,309,0,
311,0,
0,
0,
428,0,
112,87,0,
534,0,
0,
232,283,0,
297,0,
432,0,
250,0,
296,0,
505,0,
0,
0,
466,0,
386,0,
520,0,
400,319,0,
0,
378,253,415,0,
0,
480,468,470,0,
72,238,0,
0,
389,0,
352,0,
0,
414,0,
128,196,0,
337,343,0,
376,0,
0,
429,262,0,
504,0,
131,372,0,
145,174,0,
177,0,
426,406,114,0,
486,0,
96,0,
540,0,
402,0,
0,
0,
207,0,
0,
143,0,
0,
0,
209,261,245,0,
0,
0,
0,
452,0,
0,
210,0,
0,
0,
106,0,
298,0,
0,
317,0,
0,
0,
0,
441,0,
58,0,
164,0,
290,187,0,
0,
456,370,0,
0,
85,0,
0,
0,
0,
0,
135,0,
270,0,
494,0,
65,0,
99,0,
0,
423,0,
117,0,
313,0,
0,
57,0,
0,
0,
0,
10,0,
244,0,
0,
130,501,0,
167,327,0,
0,
20,487,0,
0,
281,0,
462,0,
0,
510,0,
239,0,
499,0,
286,0,
349,0,
122,0,
0,
0,
419,0,
0,
16,473,0,
59,0,
325,0,
354,0,
425,0,
0,
282,260,0,
431,0,
173,0,
267,0,
521,194,0,
0,
89,0,
216,0,
81,83,0,
248,0,
0,
444,0,
46,0,
0,
0,
306,0,
0,
97,342,0,
208,0,
0,
137,403,0,
266,0,
353,0,
453,54,151,0,
435,125,0,
412,0,
0,
0,
256,0,
536,0,
78,0,
288,495,0,
149,0,
0,
189,0,
440,0,
259,396,0,
277,447,0,
0,
227,126,0,
497,118,119,0,
255,0,
427,0,
0,
0,
410,0,
0,
0,
136,0,
475,0,
213,0,
276,0,
0,
90,0,
397,0,
0,
367,0,
235,0,
198,0,
0,
407,0,
193,0,
358,0,
472,0,
329,190,0,
0,
394,0,
339,302,0,
0,
377,226,0,
0,
224,0,
0,
289,404,0,
9,315,0,
518,0,
86,0,
0,
0,
508,334,0,
197,463,0,
0,
0,
0,
42,95,0,
341,0,
0,
0,
541,215,0,
451,0,
0,
233,134,0,
0,
393,0,
507,0,
464,60,0,
32,485,18,146,115,0,
0,
0,
0,
0,
0,
0,
49,76,535,0,
163,141,0,
219,0,
56,0,
43,0,
346,519,0,
0,
0,
181,366,0,
310,0,
241,493,478,0,
116,0,
0,
449,225,0,
183,0,
237,271,0,
488,0,
269,0,
305,0,
0,
0,
0,
514,0,
69,357,0,
0,
492,0,
457,0,
0,
180,0,
242,390,0,
0,
442,0,
0,
489,454,0,
0,
161,503,0,
205,0,
307,0,
0,
515,47,0,
382,182,230,0,
0,
375,0,
0,
295,0,
301,0,
223,31,0,
361,0,
326,231,0,
0,
154,0,
0,
110,166,0,
0,
0,
0,
79,0,
211,0,
538,0,
0,
0,
436,254,0,
0,
160,0,
107,0,
71,0,
0,
474,165,0,
257,0,
0,
490,0,
458,482,0,
192,491,0,
0,
159,0,
469,0,
0,
202,0,
287,0,
355,221,0,
113,0,
416,484,359,0,
170,348,0,
40,2,0,
284,0,
236,0,
48,273,243,155,0,
129,70,0,
0,
0,
169,234,0,
74,0,
360,0,
0,
168,461,0,
0,
304,0,
395,0,
498,413,0,
0,
