169,461,304,500,31,0,
0,
0,
370,0,
0,
43,0,
0,
61,0,
0,
6,0,
0,
240,174,0,
0,
184,0,
0,
403,477,0,
442,514,0,
0,
73,82,0,
388,350,0,
398,0,
286,7,0,
0,
109,91,389,0,
255,0,
441,484,213,33,0,
253,79,0,
473,351,0,
16,77,15,0,
4,0,
489,0,
522,508,237,526,0,
0,
118,158,511,0,
0,
123,0,
331,0,
48,518,0,
0,
424,347,543,0,
242,363,0,
120,230,0,
106,0,
54,0,
3,404,0,
321,459,149,0,
233,0,
443,0,
537,0,
0,
98,0,
261,0,
157,0,
457,0,
0,
451,486,0,
0,
89,349,0,
271,0,
74,0,
0,
0,
0,
236,30,0,
0,
516,0,
0,
435,0,
0,
116,0,
502,0,
0,
485,0,
0,
0,
143,0,
495,0,
29,0,
427,470,0,
207,0,
199,0,
541,62,0,
0,
507,70,0,
334,278,0,
99,187,431,0,
0,
378,139,0,
132,365,0,
407,0,
307,428,0,
216,387,0,
0,
0,
97,0,
0,
281,0,
0,
0,
144,245,71,0,
221,0,
0,
467,0,
392,386,0,
0,
505,0,
355,0,
377,364,0,
209,0,
463,0,
0,
0,
105,134,0,
181,0,
297,0,
0,
0,
292,367,0,
14,0,
177,0,
100,0,
356,341,0,
17,0,
0,
0,
12,0,
256,0,
480,0,
0,
69,0,
0,
312,13,0,
481,0,
0,
510,0,
0,
0,
0,
8,0,
10,0,
0,
35,0,
163,0,
0,
483,374,0,
0,
0,
432,160,0,
0,
186,523,0,
288,277,0,
289,0,
64,0,
328,433,254,0,
0,
536,0,
531,0,
0,
338,300,0,
282,0,
0,
0,
342,0,
0,
444,501,0,
92,0,
335,0,
411,0,
0,
419,268,270,55,0,
241,275,0,
528,0,
512,0,
0,
490,0,
319,0,
344,51,238,0,
0,
202,0,
0,
0,
0,
544,0,
0,
0,
272,0,
425,0,
27,397,491,0,
148,0,
0,
219,0,
65,0,
475,0,
393,325,0,
348,0,
413,383,0,
294,0,
0,
391,0,
0,
449,0,
279,0,
0,
0,
0,
306,0,
533,0,
0,
285,46,0,
243,0,
0,
0,
353,0,
129,308,453,0,
0,
72,519,0,
280,0,
0,
0,
0,
42,438,287,0,
0,
38,0,
454,0,
147,76,231,0,
496,314,0,
189,0,
170,103,0,
57,506,198,0,
180,0,
119,0,
311,0,
448,0,
0,
415,0,
0,
296,0,
458,44,21,150,0,
498,0,
324,0,
32,0,
452,0,
36,0,
0,
0,
539,165,0,
179,0,
0,
0,
0,
0,
111,0,
466,0,
67,133,0,
450,315,0,
0,
0,
0,
95,0,
309,0,
399,0,
0,
530,284,0,
0,
203,0,
0,
183,0,
446,0,
194,172,429,0,
50,0,
107,405,227,0,
0,
0,
146,0,
357,0,
497,0,
0,
192,0,
110,0,
248,0,
0,
290,0,
0,
68,0,
249,0,
460,0,
104,0,
162,493,0,
327,0,
436,0,
0,
499,0,
0,
161,0,
0,
0,
0,
0,
329,164,47,0,
0,
250,0,
80,0,
474,0,
0,
305,85,25,479,0,
361,298,540,39,0,
0,
232,482,0,
145,127,0,
0,
394,0,
0,
455,0,
190,0,
0,
266,0,
0,
239,0,
390,0,
0,
464,273,0,
81,291,0,
229,0,
0,
532,0,
529,0,
354,0,
0,
88,37,0,
521,301,0,
412,0,
0,
371,0,
360,0,
343,0,
218,0,
138,0,
379,0,
247,0,
274,191,0,
0,
468,22,0,
0,
0,
18,258,0,
0,
197,462,0,
212,333,0,
257,0,
235,0,
0,
316,0,
126,0,
0,
0,
0,
293,375,0,
265,0,
320,260,208,0,
0,
173,0,
102,252,262,0,
513,205,0,
437,0,
206,0,
384,0,
0,
0,
0,
0,
0,
0,
151,0,
86,0,
263,0,
471,0,
251,0,
155,0,
20,0,
0,
122,171,0,
0,
362,525,0,
259,0,
0,
527,0,
368,0,
128,0,
0,
267,223,0,
137,0,
0,
244,0,
60,0,
330,0,
340,0,
0,
185,0,
0,
214,0,
0,
0,
439,131,87,0,
124,0,
381,0,
317,246,0,
59,0,
0,
303,0,
0,
1,0,
0,
0,
188,0,
447,0,
0,
168,0,
369,0,
0,
41,228,382,0,
295,0,
440,58,0,
0,
94,534,0,
211,269,0,
445,0,
0,
542,0,
313,0,
346,492,0,
196,52,0,
225,406,215,0,
66,0,
352,385,0,
0,
204,0,
0,
135,0,
515,175,0,
322,5,0,
366,0,
193,141,478,0,
2,0,
417,142,0,
264,56,0,
0,
0,
0,
422,0,
0,
75,302,0,
226,0,
0,
113,130,0,
0,
0,
276,0,
0,
376,117,0,
201,234,0,
0,
358,45,402,153,28,0,
396,0,
0,
524,0,
0,
487,0,
154,0,
299,0,
336,410,0,
414,0,
0,
409,0,
217,0,
426,0,
0,
9,125,0,
136,0,
166,0,
220,517,23,0,
323,0,
0,
472,0,
520,0,
11,430,63,0,
0,
167,0,
0,
359,0,
0,
0,
416,0,
200,0,
538,0,
456,0,
434,0,
34,0,
0,
182,0,
93,0,
176,90,503,535,0,
408,373,0,
0,
40,339,469,0,
0,
332,0,
152,96,0,
345,0,
380,372,421,0,
114,222,0,
0,
337,395,0,
108,0,
0,
101,0,
210,0,
401,0,
19,83,84,0,
283,53,0,
140,0,
0,
488,420,0,
121,509,423,0,
115,0,
418,0,
156,494,0,
112,224,195,476,0,
400,0,
178,0,
0,
0,
0,
0,
0,
24,0,
78,26,318,0,
0,
0,
0,
465,0,
310,159,0,
0,
504,0,
49,326,0,
0,
