584,10,660,24,509,0,
410,0,
0,
274,638,0,
609,459,193,334,0,
532,0,
352,478,582,0,
365,0,
497,639,0,
145,637,0,
139,592,17,563,378,0,
0,
156,0,
400,0,
418,612,0,
647,14,22,623,0,
577,0,
515,369,427,302,0,
529,0,
0,
45,0,
0,
50,85,253,0,
328,580,237,0,
451,261,213,150,26,0,
168,151,0,
546,387,362,0,
690,122,0,
47,0,
394,0,
666,275,516,70,0,
0,
97,178,483,0,
379,493,0,
514,0,
0,
247,0,
0,
0,
0,
495,0,
0,
357,0,
553,314,3,0,
35,0,
0,
221,63,0,
0,
87,0,
476,0,
667,0,
0,
375,0,
0,
373,0,
0,
111,0,
0,
0,
19,0,
0,
59,492,0,
0,
304,383,0,
370,0,
669,0,
297,291,0,
698,119,0,
0,
523,0,
336,368,13,0,
0,
530,391,0,
424,211,141,0,
280,0,
25,610,589,0,
555,0,
189,278,0,
281,0,
0,
0,
0,
0,
71,0,
644,0,
543,0,
76,78,0,
473,0,
60,0,
571,0,
0,
181,0,
406,0,
240,0,
210,0,
41,0,
0,
306,348,650,0,
407,0,
152,0,
0,
590,0,
398,0,
0,
272,0,
413,0,
0,
699,583,0,
354,0,
195,0,
252,0,
0,
149,0,
0,
585,0,
399,0,
310,0,
0,
0,
186,541,0,
458,0,
359,0,
235,0,
419,164,0,
0,
564,0,
496,468,0,
0,
0,
69,542,0,
62,0,
0,
0,
0,
0,
191,75,9,575,0,
0,
267,0,
0,
504,67,645,0,
0,
600,499,0,
113,0,
344,0,
320,0,
55,199,0,
0,
0,
80,0,
486,0,
616,268,271,0,
228,0,
79,0,
587,0,
0,
224,0,
0,
361,0,
27,171,231,0,
0,
0,
34,259,0,
0,
0,
53,0,
0,
0,
0,
288,0,
160,102,0,
0,
561,0,
0,
0,
640,179,0,
0,
547,381,207,0,
233,0,
595,355,430,0,
481,0,
550,0,
0,
0,
0,
0,
143,0,
0,
0,
653,0,
239,0,
0,
605,77,389,0,
0,
384,482,422,0,
232,0,
444,0,
202,396,0,
0,
0,
693,0,
0,
404,0,
374,0,
447,0,
415,0,
0,
626,109,0,
462,0,
448,668,0,
0,
0,
432,230,0,
140,0,
456,251,86,0,
136,0,
628,286,0,
0,
244,622,0,
125,0,
0,
165,0,
241,0,
0,
0,
0,
0,
203,0,
117,0,
0,
0,
322,287,0,
513,54,0,
0,
380,0,
0,
0,
464,0,
556,0,
443,0,
0,
0,
106,0,
0,
173,0,
484,0,
90,0,
395,84,0,
0,
142,679,0,
531,549,0,
0,
12,341,0,
608,0,
397,318,0,
0,
0,
148,0,
687,0,
0,
576,0,
658,0,
512,665,429,501,0,
0,
455,0,
114,0,
0,
100,0,
0,
33,527,0,
0,
208,129,349,494,0,
649,155,0,
0,
420,0,
225,0,
435,670,663,0,
175,0,
0,
187,0,
58,0,
0,
0,
0,
351,0,
0,
0,
309,0,
128,0,
0,
0,
539,0,
317,93,0,
656,0,
242,0,
366,0,
635,0,
0,
104,619,0,
153,0,
177,498,0,
229,0,
254,0,
64,372,0,
246,215,0,
188,0,
428,0,
442,0,
0,
0,
0,
0,
194,0,
537,0,
421,0,
89,1,0,
72,123,367,0,
0,
465,0,
81,0,
159,0,
0,
452,0,
200,0,
688,0,
0,
559,0,
682,0,
0,
279,0,
392,414,0,
0,
219,0,
700,0,
620,0,
648,169,661,0,
307,0,
74,573,0,
603,0,
0,
0,
118,0,
182,0,
599,0,
0,
0,
0,
510,0,
345,0,
137,0,
107,126,615,0,
540,0,
0,
441,42,0,
606,0,
0,
305,0,
0,
138,0,
266,0,
0,
0,
0,
522,101,0,
0,
0,
0,
0,
337,526,0,
643,431,0,
120,475,453,0,
0,
0,
57,0,
0,
312,0,
0,
439,0,
249,217,206,0,
664,574,66,176,0,
0,
0,
265,591,0,
536,0,
506,0,
198,0,
0,
0,
256,311,0,
0,
11,0,
83,0,
154,0,
96,0,
255,0,
0,
617,0,
16,0,
0,
0,
0,
0,
212,95,0,
488,0,
0,
0,
0,
624,0,
0,
0,
0,
0,
331,0,
572,0,
0,
284,0,
651,0,
565,0,
0,
385,0,
277,0,
568,0,
517,0,
283,0,
65,273,0,
697,594,0,
479,0,
0,
347,36,551,0,
0,
204,350,0,
201,68,0,
684,0,
528,294,0,
485,0,
360,0,
500,325,0,
21,0,
489,0,
436,5,0,
0,
618,0,
405,0,
474,0,
236,0,
607,0,
289,0,
0,
0,
694,0,
692,0,
0,
524,629,23,0,
0,
363,0,
449,0,
0,
673,301,0,
446,0,
0,
408,0,
116,0,
209,0,
223,0,
675,0,
0,
0,
0,
469,157,0,
342,0,
282,0,
0,
0,
0,
0,
0,
672,0,
604,0,
505,0,
18,402,0,
511,0,
0,
0,
335,0,
313,390,0,
258,0,
124,0,
0,
285,0,
471,0,
0,
0,
353,437,0,
250,0,
163,0,
248,681,552,0,
184,0,
633,0,
39,0,
162,0,
691,662,0,
103,0,
105,29,0,
0,
192,108,0,
226,91,290,0,
0,
0,
332,31,0,
0,
32,73,4,270,0,
0,
0,
425,466,652,0,
470,0,
0,
593,382,0,
161,7,0,
0,
0,
393,0,
508,0,
0,
463,0,
0,
657,581,358,0,
146,2,0,
654,0,
625,0,
597,0,
0,
147,0,
292,319,0,
0,
642,586,0,
323,460,0,
340,0,
216,0,
0,
416,0,
0,
190,0,
472,0,
502,0,
409,0,
371,0,
166,0,
621,685,0,
569,567,0,
133,0,
295,0,
0,
316,0,
112,0,
218,52,0,
0,
0,
339,0,
490,260,0,
0,
0,
37,0,
683,0,
0,
8,401,491,0,
596,0,
0,
134,0,
579,0,
0,
450,0,
0,
0,
403,0,
234,0,
634,557,0,
627,659,110,0,
0,
0,
433,525,0,
0,
417,324,0,
262,0,
257,130,0,
0,
613,614,43,15,315,0,
0,
0,
0,
0,
92,20,0,
167,0,
0,
196,61,534,0,
548,0,
696,457,0,
38,0,
0,
0,
445,0,
338,0,
538,676,0,
507,467,238,0,
0,
521,0,
0,
330,0,
343,0,
0,
0,
326,503,0,
461,214,0,
0,
518,0,
632,299,438,0,
329,674,578,0,
144,566,0,
598,695,0,
0,
0,
689,0,
0,
545,346,0,
51,0,
440,298,0,
0,
269,0,
170,519,0,
630,94,0,
308,0,
533,677,0,
641,0,
423,46,303,0,
48,655,0,
356,0,
434,245,0,
0,
132,183,0,
560,411,0,
686,0,
131,0,
0,
0,
386,0,
222,0,
0,
99,535,0,
127,0,
49,174,0,
426,115,0,
487,0,
570,0,
0,
56,480,0,
0,
0,
243,0,
205,0,
376,0,
0,
544,28,0,
680,631,30,135,0,
477,0,
520,0,
121,263,0,
636,300,44,0,
40,98,0,
180,333,0,
0,
321,276,0,
678,0,
562,0,
0,
588,0,
172,0,
264,185,0,
0,
554,0,
88,327,0,
0,
0,
601,377,158,6,0,
412,454,0,
364,0,
671,0,
0,
227,0,
0,
296,0,
0,
0,
0,
388,0,
0,
197,0,
558,0,
646,0,
611,0,
220,0,
82,293,0,
602,0,
0,
