2,5,8,686,241,0,
0,
4,425,142,306,441,0,
0,
457,314,33,0,
616,384,125,46,0,
530,398,0,
0,
132,689,19,660,571,0,
0,
352,0,
666,188,54,0,
82,0,
0,
7,0,
632,18,0,
0,
154,267,0,
652,0,
697,594,511,0,
544,0,
651,0,
0,
28,0,
414,0,
499,0,
617,52,0,
51,63,0,
0,
242,0,
0,
0,
156,412,0,
460,375,0,
174,0,
0,
153,22,0,
690,459,0,
458,77,0,
71,469,550,695,0,
0,
592,180,0,
356,0,
0,
424,218,579,0,
0,
220,358,207,0,
57,588,533,0,
0,
370,0,
0,
532,0,
191,0,
10,0,
385,394,0,
0,
372,478,0,
446,279,0,
0,
549,0,
396,0,
365,0,
0,
80,0,
0,
0,
498,0,
0,
0,
0,
0,
155,388,0,
383,0,
491,324,0,
290,0,
133,0,
106,14,0,
117,0,
536,0,
288,0,
0,
0,
195,0,
609,0,
0,
0,
390,0,
381,0,
0,
543,0,
497,0,
0,
531,0,
276,0,
0,
647,0,
0,
291,0,
337,671,0,
629,0,
61,0,
312,0,
233,545,0,
3,0,
0,
0,
612,0,
351,0,
0,
600,346,484,0,
0,
88,0,
0,
0,
426,0,
210,0,
699,0,
0,
34,20,0,
566,247,0,
0,
186,0,
257,0,
0,
454,0,
546,333,47,0,
0,
0,
184,0,
0,
69,0,
0,
152,380,630,0,
0,
143,0,
680,0,
634,0,
227,0,
0,
443,367,0,
363,0,
108,0,
344,537,15,0,
0,
316,439,0,
13,0,
0,
282,0,
107,263,0,
639,0,
205,0,
0,
584,683,239,0,
572,0,
67,0,
480,177,104,0,
0,
0,
123,0,
627,0,
0,
176,636,0,
262,295,0,
622,0,
670,0,
524,0,
65,0,
688,297,0,
0,
376,53,0,
618,0,
0,
264,502,119,0,
287,0,
615,0,
395,0,
299,244,0,
386,0,
0,
308,95,0,
563,0,
541,0,
298,0,
0,
0,
105,0,
284,0,
506,0,
449,25,590,0,
200,557,0,
0,
589,0,
0,
208,467,0,
0,
0,
0,
669,0,
91,0,
120,0,
662,574,0,
0,
562,196,0,
597,0,
514,0,
393,0,
0,
360,121,0,
283,509,0,
377,0,
0,
450,140,0,
640,568,0,
0,
0,
0,
96,0,
0,
693,0,
0,
281,539,0,
611,0,
0,
305,166,0,
30,0,
0,
643,0,
654,0,
0,
0,
229,0,
0,
0,
209,0,
0,
0,
0,
145,0,
561,587,0,
481,452,0,
217,0,
248,289,434,39,0,
0,
538,0,
687,0,
378,0,
349,0,
339,0,
408,161,659,391,0,
213,0,
0,
0,
277,0,
214,0,
159,0,
150,327,0,
0,
0,
0,
0,
0,
16,0,
309,0,
675,0,
649,406,0,
0,
0,
400,0,
99,325,0,
341,0,
456,586,0,
183,0,
221,430,0,
0,
322,0,
85,0,
0,
0,
235,0,
129,0,
0,
472,510,0,
304,0,
75,565,0,
0,
364,0,
0,
0,
0,
610,495,519,0,
274,0,
0,
122,389,0,
0,
9,0,
496,0,
0,
168,0,
0,
206,0,
421,271,0,
523,0,
0,
354,0,
0,
347,0,
0,
0,
585,41,0,
0,
0,
199,0,
0,
259,0,
212,319,455,0,
232,0,
90,0,
256,0,
353,0,
485,167,0,
505,45,0,
0,
0,
94,0,
224,149,0,
638,0,
0,
503,575,0,
24,158,0,
0,
428,0,
128,673,0,
228,0,
521,463,0,
0,
0,
0,
605,0,
0,
0,
0,
0,
192,0,
160,0,
435,487,0,
278,0,
317,198,0,
0,
0,
0,
113,0,
0,
0,
422,0,
0,
0,
0,
628,173,0,
554,23,0,
655,0,
442,468,0,
656,691,0,
260,0,
0,
453,0,
0,
60,0,
403,374,0,
0,
0,
326,0,
126,0,
0,
175,0,
329,0,
36,559,0,
366,0,
0,
0,
146,0,
698,211,0,
674,0,
0,
0,
642,148,653,0,
243,0,
0,
648,216,0,
621,518,0,
440,420,0,
0,
682,237,0,
336,0,
0,
418,0,
0,
0,
31,0,
614,0,
138,0,
0,
293,0,
103,311,0,
436,0,
187,0,
692,0,
504,0,
258,0,
202,404,261,0,
0,
307,0,
637,501,0,
151,0,
0,
40,0,
0,
265,0,
0,
0,
193,139,292,0,
35,0,
0,
0,
474,268,493,0,
42,0,
328,598,26,238,0,
0,
392,479,0,
0,
560,593,0,
48,0,
508,0,
0,
494,0,
73,172,189,423,0,
631,583,0,
338,0,
332,135,0,
664,427,0,
513,269,0,
413,0,
602,59,580,0,
234,0,
251,0,
0,
416,56,0,
0,
0,
0,
397,382,0,
0,
64,0,
607,0,
0,
286,0,
285,644,437,0,
68,0,
464,625,542,0,
0,
171,0,
116,300,0,
222,0,
272,361,357,0,
345,115,0,
516,678,0,
0,
0,
92,0,
685,0,
520,500,445,0,
444,0,
489,0,
72,399,0,
21,0,
315,0,
0,
620,86,0,
672,0,
81,0,
0,
165,0,
335,0,
448,55,0,
0,
44,567,0,
635,407,0,
0,
236,0,
466,0,
409,0,
0,
373,471,0,
157,0,
576,482,0,
0,
410,254,0,
0,
280,0,
0,
0,
465,313,0,
577,0,
320,431,0,
0,
321,0,
178,0,
0,
0,
0,
676,0,
432,93,0,
619,203,0,
570,0,
553,0,
0,
334,0,
266,0,
0,
650,547,0,
624,429,0,
556,301,0,
147,12,0,
0,
225,0,
0,
302,0,
194,0,
204,343,0,
515,0,
170,114,0,
110,0,
0,
0,
89,599,0,
0,
0,
0,
473,596,0,
0,
124,100,0,
0,
665,0,
548,303,0,
0,
348,0,
447,0,
595,451,6,0,
0,
658,0,
368,0,
529,331,476,0,
573,182,0,
0,
417,0,
66,359,0,
127,0,
323,0,
240,535,0,
525,0,
330,226,0,
694,0,
112,111,0,
340,0,
0,
0,
0,
645,0,
32,679,0,
641,371,0,
0,
0,
162,603,255,0,
0,
696,0,
78,0,
517,0,
215,0,
0,
136,0,
591,0,
98,181,0,
0,
470,0,
130,0,
606,0,
252,0,
564,0,
246,0,
369,646,0,
0,
528,0,
475,0,
604,0,
362,43,0,
38,223,0,
318,0,
294,0,
0,
379,667,0,
350,0,
17,411,0,
461,0,
601,477,0,
197,663,0,
0,
0,
296,0,
0,
250,0,
70,0,
163,438,0,
623,0,
164,0,
62,0,
626,0,
0,
144,661,551,0,
97,613,0,
0,
0,
522,0,
342,0,
0,
0,
527,87,0,
401,0,
0,
0,
657,0,
0,
49,137,0,
540,0,
79,0,
29,0,
0,
415,0,
700,141,0,
569,0,
0,
273,0,
488,253,0,
0,
608,578,0,
0,
405,0,
0,
552,0,
0,
677,0,
507,0,
0,
231,0,
58,0,
74,526,0,
0,
0,
275,0,
0,
0,
684,582,0,
169,179,118,0,
668,230,0,
0,
433,0,
534,0,
0,
633,83,0,
581,0,
219,0,
310,0,
0,
0,
0,
249,50,0,
0,
1,0,
0,
0,
134,0,
555,0,
0,
512,0,
490,0,
492,0,
185,245,0,
0,
109,11,419,462,0,
0,
201,0,
402,76,102,0,
355,0,
190,0,
0,
486,0,
84,0,
681,387,270,0,
0,
27,37,558,0,
483,101,0,
131,0,
0,
