32,5,326,81,93,0,
454,0,
41,647,0,
657,551,0,
0,
622,497,600,602,443,0,
128,397,0,
0,
0,
339,603,0,
0,
380,0,
10,0,
0,
0,
247,0,
298,0,
38,0,
194,0,
688,585,0,
675,516,638,207,0,
317,359,0,
588,0,
628,0,
558,0,
0,
0,
331,0,
89,314,0,
64,257,28,0,
0,
8,0,
273,634,700,29,574,0,
77,0,
0,
0,
292,0,
379,396,0,
0,
283,0,
633,382,494,0,
131,0,
559,0,
87,0,
409,668,0,
0,
608,236,0,
310,0,
308,606,0,
26,0,
0,
524,0,
0,
100,677,0,
237,47,0,
0,
0,
0,
46,263,0,
0,
640,642,0,
114,0,
122,0,
210,0,
80,545,0,
125,190,22,0,
499,0,
0,
489,644,0,
671,0,
433,158,79,0,
387,196,0,
99,365,0,
592,101,0,
59,0,
576,609,493,0,
0,
0,
0,
180,367,0,
218,348,0,
453,378,165,254,0,
563,0,
288,407,0,
272,289,0,
0,
344,347,0,
0,
0,
18,0,
0,
648,364,0,
0,
616,610,20,238,0,
0,
0,
130,399,0,
0,
465,0,
0,
268,0,
352,0,
368,0,
0,
0,
60,469,214,0,
0,
0,
363,0,
0,
0,
0,
49,69,0,
300,0,
0,
0,
102,0,
0,
580,0,
200,296,0,
0,
594,455,0,
0,
464,139,452,0,
126,0,
447,0,
0,
209,37,53,0,
0,
343,0,
337,0,
0,
632,82,0,
410,562,0,
224,302,0,
277,0,
665,0,
176,543,0,
0,
336,441,0,
0,
0,
0,
393,0,
234,0,
435,0,
473,414,0,
0,
0,
0,
0,
252,0,
161,0,
0,
0,
316,0,
658,693,279,0,
0,
34,597,0,
0,
0,
0,
0,
544,0,
666,0,
506,123,533,0,
0,
329,0,
7,0,
0,
663,631,0,
625,66,129,0,
0,
0,
14,0,
0,
0,
204,0,
394,486,0,
0,
0,
0,
33,503,0,
220,255,0,
154,0,
0,
0,
550,0,
0,
0,
35,0,
0,
198,0,
457,187,0,
0,
291,0,
45,0,
0,
466,0,
560,0,
621,0,
0,
360,156,21,350,0,
0,
0,
0,
520,411,0,
323,659,0,
276,0,
142,0,
0,
228,134,527,0,
0,
483,0,
611,629,0,
274,564,23,0,
0,
0,
599,0,
0,
172,0,
472,0,
120,0,
0,
201,0,
691,0,
690,322,0,
0,
492,151,0,
0,
0,
0,
24,68,6,0,
613,0,
0,
192,482,319,0,
0,
140,0,
48,70,278,0,
0,
369,587,0,
0,
0,
217,246,0,
0,
377,0,
138,0,
0,
335,0,
496,54,118,0,
144,213,0,
0,
0,
589,0,
531,561,235,0,
147,0,
513,0,
641,673,0,
670,0,
583,479,0,
51,253,0,
0,
539,199,0,
419,0,
0,
546,0,
188,0,
141,0,
0,
0,
376,500,0,
0,
95,0,
2,446,183,0,
676,0,
0,
627,0,
475,0,
514,164,287,0,
56,0,
0,
643,195,0,
241,0,
0,
212,0,
203,0,
615,0,
186,661,0,
175,0,
575,0,
423,0,
0,
0,
0,
401,174,598,0,
163,311,0,
686,0,
136,537,699,0,
0,
293,0,
662,0,
346,0,
358,0,
0,
0,
0,
373,0,
639,0,
231,0,
0,
305,0,
526,0,
280,0,
530,0,
567,0,
0,
0,
426,0,
0,
242,404,0,
570,0,
245,0,
225,374,0,
509,0,
153,0,
565,0,
40,202,75,338,505,0,
313,155,0,
181,0,
0,
0,
0,
0,
0,
170,566,146,0,
0,
498,0,
0,
556,508,678,0,
0,
0,
547,0,
0,
0,
695,0,
115,0,
0,
312,0,
0,
0,
113,285,0,
9,428,270,0,
333,0,
591,0,
0,
529,623,0,
320,265,0,
488,0,
0,
117,0,
328,553,0,
0,
0,
0,
538,307,0,
430,0,
168,177,0,
107,0,
0,
519,0,
405,0,
178,451,438,0,
429,0,
0,
0,
0,
427,0,
0,
552,249,351,0,
109,0,
0,
0,
384,684,0,
0,
521,0,
664,697,0,
0,
0,
233,0,
440,221,0,
0,
421,327,0,
345,258,0,
361,0,
0,
0,
0,
0,
620,0,
0,
355,84,406,0,
27,55,0,
78,0,
62,542,0,
619,0,
0,
299,0,
568,442,0,
0,
110,0,
325,0,
290,229,0,
0,
0,
386,0,
42,431,0,
449,43,511,0,
395,0,
261,581,0,
0,
0,
342,0,
491,0,
0,
0,
227,0,
150,0,
160,0,
612,630,0,
0,
0,
471,0,
0,
94,0,
11,116,0,
0,
577,0,
696,106,0,
534,0,
0,
340,61,0,
330,0,
0,
232,481,211,415,0,
111,0,
74,0,
12,357,0,
0,
689,97,0,
269,0,
349,0,
515,108,0,
189,0,
476,694,334,0,
0,
179,0,
67,0,
103,0,
0,
208,467,0,
0,
0,
85,470,0,
0,
667,572,0,
303,0,
0,
166,0,
353,341,0,
601,0,
0,
0,
264,0,
618,0,
362,0,
0,
649,459,0,
0,
0,
532,0,
626,98,0,
672,502,135,0,
39,0,
0,
230,0,
0,
461,0,
121,250,660,0,
0,
197,0,
0,
0,
271,0,
184,15,0,
425,698,0,
522,132,391,0,
635,243,604,0,
3,571,366,0,
0,
0,
104,674,0,
0,
266,614,0,
0,
0,
259,557,206,0,
44,133,462,0,
413,0,
402,548,0,
251,0,
463,0,
244,0,
0,
0,
460,692,0,
0,
16,0,
0,
0,
148,0,
256,0,
0,
656,295,0,
281,682,0,
0,
549,0,
0,
507,36,0,
517,0,
0,
0,
137,182,582,0,
354,0,
434,554,448,0,
0,
0,
63,0,
679,0,
573,0,
590,0,
149,0,
390,286,0,
381,0,
420,0,
490,0,
636,0,
0,
0,
474,0,
0,
0,
57,0,
72,171,596,0,
535,0,
624,332,0,
0,
422,143,0,
96,541,0,
0,
0,
0,
321,58,260,0,
518,0,
0,
586,0,
0,
370,324,0,
412,0,
275,0,
25,0,
0,
1,31,0,
0,
0,
19,226,83,0,
0,
282,525,0,
0,
88,0,
0,
162,607,0,
477,0,
478,222,0,
169,0,
605,0,
306,0,
685,0,
152,0,
0,
0,
0,
0,
17,0,
0,
432,0,
528,0,
456,437,687,0,
0,
248,0,
0,
400,495,112,487,0,
0,
371,683,403,294,0,
157,0,
219,0,
0,
284,0,
0,
0,
436,540,0,
73,193,389,0,
0,
408,0,
0,
485,0,
0,
240,480,523,0,
315,0,
0,
90,0,
0,
318,0,
105,215,127,0,
30,0,
637,0,
383,0,
484,0,
0,
145,0,
216,653,0,
4,0,
173,0,
512,0,
569,595,445,0,
416,91,356,392,0,
501,0,
458,0,
0,
654,71,0,
0,
578,555,0,
309,0,
646,0,
655,0,
0,
0,
0,
579,0,
444,510,0,
681,0,
0,
0,
504,375,0,
0,
191,0,
0,
301,0,
13,0,
50,0,
76,0,
267,0,
0,
0,
159,0,
593,0,
0,
0,
424,0,
669,0,
0,
0,
0,
372,223,0,
239,0,
185,0,
536,652,0,
0,
398,0,
680,417,0,
0,
205,0,
52,0,
617,0,
385,418,262,0,
124,0,
0,
0,
584,0,
450,0,
439,0,
167,0,
0,
0,
651,0,
388,468,119,0,
0,
92,0,
304,0,
645,0,
650,0,
65,86,297,0,
