32,2,680,553,79,0,
232,434,0,
163,675,141,694,0,
0,
18,0,
10,7,0,
695,0,
605,0,
0,
0,
641,661,0,
352,318,0,
664,181,558,0,
574,14,0,
597,653,0,
682,0,
0,
0,
0,
89,309,0,
166,0,
0,
0,
385,41,0,
663,71,0,
502,0,
383,0,
220,0,
432,384,0,
462,0,
458,0,
689,177,87,0,
106,238,691,693,569,0,
0,
222,0,
173,463,0,
400,0,
469,39,0,
0,
68,0,
504,225,63,0,
0,
0,
0,
224,0,
233,0,
270,0,
66,125,0,
0,
247,0,
46,0,
452,0,
237,0,
85,598,0,
0,
371,301,0,
536,0,
33,0,
515,0,
478,0,
629,23,0,
259,0,
256,267,445,0,
441,420,0,
144,269,0,
625,0,
568,635,0,
0,
0,
100,258,492,28,0,
654,0,
343,0,
22,255,0,
491,0,
0,
185,11,0,
148,0,
0,
473,186,0,
130,500,374,509,31,0,
0,
545,0,
0,
436,94,0,
221,78,0,
448,0,
0,
552,290,0,
0,
401,369,0,
191,0,
593,668,62,652,0,
226,0,
337,0,
0,
0,
113,649,358,447,0,
429,0,
0,
380,0,
57,4,0,
59,0,
587,0,
102,206,0,
67,0,
9,0,
601,666,277,0,
557,0,
339,0,
433,180,0,
608,0,
0,
0,
460,564,0,
529,571,0,
0,
0,
0,
565,0,
283,0,
0,
0,
0,
297,0,
554,0,
581,0,
281,0,
418,0,
81,427,0,
424,615,0,
619,109,438,0,
0,
0,
342,0,
0,
510,0,
147,110,0,
104,65,0,
278,0,
642,211,0,
366,223,0,
274,412,5,0,
319,0,
0,
317,0,
146,308,0,
609,0,
0,
0,
0,
592,0,
416,205,0,
235,0,
298,0,
0,
257,219,0,
0,
517,0,
0,
489,254,0,
576,0,
240,520,483,0,
184,362,0,
415,12,431,0,
611,0,
0,
131,0,
449,0,
0,
0,
0,
333,0,
537,0,
36,0,
0,
0,
197,157,0,
584,532,0,
455,0,
636,0,
596,0,
602,403,0,
314,0,
408,0,
544,696,0,
526,199,0,
590,0,
388,0,
0,
0,
0,
0,
0,
0,
0,
444,0,
285,0,
0,
195,485,0,
364,0,
128,474,0,
393,386,406,0,
525,0,
586,61,0,
570,0,
632,179,0,
124,0,
0,
187,0,
0,
268,0,
189,0,
0,
0,
229,0,
40,162,303,0,
286,0,
0,
0,
495,0,
142,0,
482,0,
0,
0,
54,0,
359,0,
372,0,
548,0,
0,
0,
457,370,0,
0,
43,0,
190,0,
0,
442,0,
75,13,423,0,
0,
657,530,533,0,
594,347,0,
282,155,325,0,
684,645,0,
507,0,
218,0,
0,
0,
367,623,0,
626,0,
158,0,
0,
0,
0,
486,0,
501,302,0,
264,0,
341,0,
121,0,
531,0,
83,413,118,0,
0,
0,
0,
610,0,
643,0,
0,
0,
273,0,
627,0,
0,
275,0,
0,
0,
249,335,0,
0,
25,101,0,
295,0,
0,
575,167,0,
0,
677,0,
419,0,
0,
464,294,0,
662,0,
0,
170,0,
0,
284,0,
0,
82,172,0,
16,0,
0,
692,0,
0,
0,
0,
266,70,0,
154,0,
0,
0,
76,228,0,
481,0,
685,0,
243,669,0,
306,331,0,
402,0,
430,182,0,
0,
508,0,
17,119,0,
556,0,
0,
0,
0,
0,
566,0,
0,
699,0,
551,0,
0,
425,150,0,
216,563,0,
126,582,0,
0,
648,353,0,
92,0,
0,
0,
697,0,
0,
0,
451,572,0,
630,0,
0,
287,0,
122,0,
365,0,
0,
156,0,
0,
634,44,0,
0,
0,
0,
0,
0,
77,0,
0,
0,
192,0,
93,0,
80,0,
595,0,
516,0,
292,263,0,
0,
272,454,6,0,
426,35,246,103,0,
202,541,0,
262,0,
414,646,0,
0,
394,606,0,
0,
0,
111,0,
620,0,
647,0,
453,0,
0,
0,
133,0,
0,
336,196,0,
1,658,340,0,
0,
138,45,0,
42,0,
0,
650,0,
0,
0,
638,0,
613,0,
368,0,
260,0,
175,0,
209,0,
0,
311,0,
589,0,
480,555,0,
0,
74,0,
655,0,
435,0,
617,0,
234,351,0,
471,0,
631,0,
0,
459,660,0,
624,0,
466,0,
0,
0,
392,0,
168,0,
0,
0,
0,
0,
673,300,0,
98,0,
194,0,
24,50,198,0,
153,399,0,
0,
0,
312,0,
0,
488,676,0,
0,
296,239,0,
0,
0,
672,687,487,0,
212,0,
34,667,0,
523,0,
0,
674,350,55,0,
58,38,0,
665,0,
377,0,
583,0,
0,
513,0,
332,37,0,
437,0,
670,0,
411,0,
0,
382,0,
0,
244,0,
188,0,
176,136,0,
0,
120,0,
0,
0,
671,0,
0,
514,95,0,
0,
0,
681,0,
134,0,
217,0,
99,518,0,
0,
0,
115,579,0,
440,0,
0,
0,
391,484,151,0,
0,
0,
512,0,
0,
528,114,203,0,
644,0,
497,0,
560,73,0,
288,0,
0,
207,0,
0,
540,127,0,
261,0,
550,0,
328,538,0,
152,204,0,
378,0,
0,
496,251,0,
450,0,
381,0,
349,0,
561,0,
573,397,0,
546,0,
0,
117,0,
307,0,
313,0,
683,0,
599,0,
304,549,511,0,
659,0,
0,
338,0,
580,534,0,
607,0,
0,
0,
0,
354,475,47,0,
465,0,
56,490,0,
461,0,
0,
409,0,
0,
276,0,
0,
0,
477,0,
200,60,0,
0,
116,396,0,
0,
0,
468,0,
616,0,
0,
280,51,0,
498,443,0,
656,588,0,
0,
129,193,0,
446,535,0,
519,0,
330,0,
299,0,
0,
140,0,
26,230,0,
132,0,
493,0,
0,
0,
621,0,
0,
0,
0,
639,0,
123,334,0,
265,0,
0,
178,0,
69,357,236,467,472,0,
0,
346,547,0,
0,
0,
612,29,0,
90,0,
315,0,
0,
0,
494,0,
505,0,
363,0,
0,
376,137,289,0,
344,0,
201,373,241,0,
213,0,
395,470,0,
688,0,
86,0,
52,30,0,
48,0,
112,0,
21,0,
0,
245,0,
562,379,0,
231,0,
345,0,
0,
698,0,
0,
88,0,
506,0,
139,0,
0,
0,
361,0,
0,
439,135,0,
375,0,
165,0,
250,0,
0,
0,
0,
591,0,
20,15,0,
242,0,
64,145,321,0,
0,
499,0,
637,0,
0,
0,
678,0,
0,
0,
578,0,
0,
577,105,0,
329,0,
0,
0,
143,0,
522,398,686,0,
0,
0,
149,0,
476,0,
0,
0,
0,
0,
305,53,0,
0,
0,
0,
355,0,
0,
3,0,
422,0,
0,
291,0,
0,
0,
0,
107,0,
0,
0,
410,0,
387,0,
169,0,
316,0,
252,0,
49,503,0,
0,
700,253,0,
208,164,0,
542,0,
0,
524,0,
214,0,
27,559,0,
72,324,0,
0,
327,0,
479,0,
0,
174,0,
160,622,0,
417,0,
97,227,0,
8,326,0,
618,108,0,
293,0,
0,
456,0,
521,0,
360,171,0,
248,310,0,
19,651,356,0,
527,0,
0,
0,
320,322,421,0,
96,161,91,215,0,
323,0,
604,0,
633,0,
640,389,0,
0,
210,404,0,
405,390,0,
0,
600,690,407,0,
279,0,
428,614,159,0,
585,0,
628,539,84,0,
603,567,679,0,
0,
271,0,
543,0,
0,
0,
348,183,0,
