389,458,138,372,447,0,
8,43,0,
553,0,
112,521,0,
9,574,0,
282,0,
2,0,
3,125,0,
523,0,
320,358,0,
161,363,0,
643,0,
120,349,0,
23,0,
153,0,
608,0,
527,0,
468,0,
673,13,567,0,
295,0,
145,0,
518,0,
472,650,207,0,
204,0,
609,0,
467,69,535,0,
87,0,
189,0,
636,279,0,
19,0,
426,6,0,
508,0,
58,340,0,
617,565,685,0,
0,
86,0,
322,0,
75,0,
0,
318,550,416,0,
244,0,
168,35,0,
0,
116,0,
0,
266,0,
326,0,
428,0,
601,1,205,0,
0,
0,
64,0,
0,
0,
464,337,0,
181,0,
0,
178,260,0,
662,0,
603,220,367,0,
0,
0,
681,66,108,0,
190,0,
0,
188,420,0,
195,316,0,
0,
0,
440,474,540,0,
680,222,0,
402,455,0,
460,0,
0,
561,91,0,
0,
0,
156,151,0,
513,0,
218,0,
4,94,0,
0,
0,
203,0,
0,
42,0,
0,
0,
140,0,
0,
616,0,
46,0,
253,0,
238,0,
671,687,0,
387,443,0,
689,0,
583,95,0,
626,639,0,
568,522,0,
0,
566,0,
291,0,
170,582,0,
0,
271,0,
121,635,0,
0,
36,557,0,
324,0,
0,
284,0,
212,0,
104,0,
240,350,0,
276,0,
690,0,
0,
478,0,
392,199,0,
413,47,0,
73,134,0,
214,0,
453,0,
219,0,
674,0,
374,0,
144,642,0,
175,0,
163,0,
0,
395,0,
0,
0,
0,
196,0,
0,
0,
549,262,360,25,59,0,
0,
0,
0,
470,0,
217,606,0,
227,0,
232,0,
0,
90,311,0,
498,158,0,
49,0,
576,657,45,0,
0,
487,0,
431,0,
0,
280,0,
471,0,
499,0,
649,0,
485,0,
0,
424,0,
245,85,0,
72,0,
0,
645,0,
570,0,
644,0,
354,0,
488,0,
184,0,
345,427,564,0,
0,
462,0,
699,332,198,0,
0,
0,
593,146,0,
122,479,0,
686,0,
0,
0,
666,215,0,
0,
269,0,
128,0,
255,0,
230,0,
325,0,
180,0,
0,
450,0,
0,
288,16,655,0,
177,604,293,0,
418,0,
0,
305,194,148,97,0,
530,463,0,
555,0,
0,
0,
265,0,
289,0,
0,
41,10,0,
246,0,
562,92,0,
306,0,
44,0,
548,221,0,
0,
0,
166,0,
0,
333,0,
0,
274,0,
0,
0,
542,407,0,
510,0,
592,0,
0,
0,
676,0,
0,
0,
154,0,
272,534,0,
0,
78,31,0,
130,0,
110,0,
449,213,0,
667,612,0,
507,0,
415,0,
0,
406,0,
494,0,
469,0,
0,
287,0,
160,0,
26,14,0,
0,
688,539,0,
0,
0,
590,0,
0,
303,0,
0,
405,0,
585,0,
0,
0,
321,0,
0,
296,486,0,
162,292,519,0,
640,243,381,0,
0,
0,
0,
0,
0,
183,0,
0,
400,0,
502,0,
342,0,
0,
0,
517,0,
211,0,
202,0,
0,
0,
356,0,
216,0,
0,
40,83,0,
0,
579,0,
652,597,0,
572,294,0,
365,383,0,
0,
625,0,
0,
248,241,0,
136,51,0,
546,0,
0,
257,0,
264,0,
133,0,
0,
80,261,286,0,
581,0,
369,630,0,
0,
0,
29,229,634,0,
0,
351,0,
0,
390,0,
0,
259,0,
436,0,
476,0,
0,
654,0,
529,0,
417,0,
17,118,0,
429,0,
558,0,
0,
335,0,
273,0,
0,
0,
0,
0,
142,0,
0,
0,
52,0,
152,206,0,
0,
532,0,
0,
81,0,
524,0,
459,0,
497,0,
0,
0,
0,
310,0,
589,0,
297,93,0,
254,0,
615,0,
624,0,
556,0,
401,0,
0,
0,
329,0,
68,0,
0,
0,
586,0,
89,0,
339,0,
396,182,127,0,
0,
0,
173,0,
664,33,18,614,0,
490,0,
595,0,
277,359,0,
563,397,0,
176,0,
341,0,
0,
382,489,22,30,62,0,
380,0,
0,
544,509,0,
0,
0,
115,307,0,
0,
0,
560,157,0,
456,65,143,0,
0,
584,538,0,
0,
347,301,0,
352,0,
0,
633,658,364,588,0,
107,0,
299,0,
627,0,
571,503,505,375,0,
0,
598,0,
670,694,0,
559,0,
0,
0,
285,0,
0,
610,0,
355,0,
0,
0,
0,
61,0,
577,0,
0,
621,0,
0,
677,55,0,
0,
0,
0,
446,7,0,
0,
0,
516,0,
452,0,
0,
511,0,
169,0,
135,0,
0,
0,
531,366,0,
0,
377,0,
201,0,
0,
587,28,0,
0,
441,0,
660,0,
308,0,
678,0,
0,
0,
131,155,0,
53,0,
336,113,0,
117,0,
109,695,0,
493,0,
60,0,
39,393,174,629,541,0,
114,331,0,
682,0,
0,
0,
481,0,
0,
0,
167,0,
88,208,0,
0,
48,618,300,197,0,
475,0,
0,
537,0,
0,
165,0,
594,533,0,
0,
547,0,
275,103,0,
0,
0,
0,
0,
210,378,0,
611,0,
552,344,0,
0,
137,0,
0,
67,0,
304,0,
24,628,0,
0,
466,290,0,
419,0,
0,
0,
314,0,
0,
0,
186,231,247,0,
0,
675,0,
0,
0,
0,
399,0,
580,0,
0,
225,0,
0,
209,602,0,
0,
545,0,
384,697,444,0,
82,0,
298,647,0,
0,
0,
0,
129,442,0,
223,0,
0,
0,
0,
0,
105,309,0,
0,
512,0,
0,
480,185,0,
473,0,
0,
451,0,
38,0,
164,0,
149,334,0,
0,
76,0,
323,422,0,
0,
267,0,
669,0,
0,
327,0,
0,
234,515,0,
0,
0,
651,0,
439,0,
353,348,0,
368,70,71,0,
569,0,
578,0,
74,631,0,
0,
361,0,
0,
543,0,
147,525,302,0,
672,32,77,0,
388,0,
278,0,
0,
270,623,0,
656,0,
0,
394,0,
0,
526,0,
483,495,0,
56,0,
646,0,
371,0,
696,313,0,
637,0,
0,
249,391,0,
411,0,
0,
0,
600,99,0,
484,0,
328,281,0,
268,343,0,
496,250,0,
251,0,
514,0,
0,
0,
465,0,
385,0,
492,0,
362,124,0,
123,0,
0,
256,0,
691,638,0,
528,57,150,0,
330,0,
0,
0,
425,0,
457,0,
454,0,
0,
482,491,0,
683,605,0,
0,
520,435,0,
434,106,0,
659,679,0,
370,0,
338,63,0,
34,79,0,
408,187,0,
414,0,
622,0,
0,
0,
409,0,
0,
613,373,0,
192,0,
412,575,0,
653,0,
0,
100,5,0,
193,171,596,235,0,
591,0,
0,
258,0,
668,0,
379,0,
693,0,
0,
172,0,
620,0,
50,0,
632,554,700,0,
20,0,
84,0,
619,437,0,
386,500,357,0,
504,0,
111,0,
477,0,
0,
0,
252,0,
607,239,0,
445,0,
433,0,
421,0,
0,
0,
242,0,
692,0,
139,0,
237,0,
98,599,0,
404,0,
283,11,0,
0,
0,
101,126,0,
0,
376,0,
448,698,54,0,
432,12,0,
226,0,
0,
0,
501,0,
317,430,0,
224,0,
663,0,
96,233,0,
0,
0,
438,0,
27,423,0,
684,37,0,
665,191,0,
0,
661,0,
0,
200,236,0,
0,
403,0,
263,0,
346,159,0,
0,
641,228,0,
0,
536,21,0,
0,
102,15,0,
315,0,
0,
132,0,
506,0,
141,0,
0,
648,461,0,
398,0,
551,0,
0,
573,119,0,
312,319,0,
410,179,0,
