646,11,364,333,628,0,
0,
104,81,0,
844,0,
718,854,0,
744,0,
444,69,445,0,
64,0,
0,
0,
43,0,
291,567,301,596,183,0,
648,0,
0,
848,3,0,
177,0,
0,
80,0,
338,0,
708,0,
487,0,
700,0,
394,0,
438,815,0,
57,621,397,0,
0,
25,0,
488,554,0,
0,
586,21,0,
749,350,0,
0,
0,
686,0,
0,
0,
722,0,
29,654,0,
40,778,576,0,
0,
582,0,
142,0,
0,
0,
404,0,
147,0,
425,583,0,
0,
233,198,0,
832,230,0,
605,0,
0,
0,
0,
788,0,
682,507,319,0,
343,0,
140,823,0,
653,158,0,
90,543,0,
0,
0,
401,27,302,246,0,
792,33,356,0,
0,
0,
0,
0,
255,0,
675,92,0,
0,
0,
0,
537,0,
49,75,460,0,
325,0,
508,0,
738,0,
0,
688,202,0,
0,
560,0,
361,674,0,
849,787,0,
515,166,79,0,
0,
245,0,
0,
371,716,20,0,
0,
0,
723,733,0,
127,0,
0,
0,
138,0,
0,
0,
224,0,
0,
257,0,
256,110,0,
48,530,38,175,0,
0,
697,0,
630,0,
0,
433,727,437,63,0,
0,
553,317,678,0,
544,569,0,
0,
0,
779,0,
0,
742,0,
0,
392,0,
0,
0,
370,0,
0,
363,0,
518,0,
611,0,
0,
0,
422,0,
330,0,
0,
0,
657,0,
0,
479,0,
0,
305,0,
649,339,91,0,
0,
384,0,
0,
254,0,
52,453,0,
767,0,
0,
353,0,
730,707,0,
652,0,
0,
270,0,
345,0,
796,0,
607,0,
0,
0,
610,655,0,
232,683,0,
0,
0,
651,0,
506,61,0,
0,
0,
0,
0,
376,169,0,
0,
505,141,0,
0,
0,
344,326,0,
696,639,743,0,
434,0,
786,0,
679,0,
321,0,
19,54,0,
5,813,14,0,
85,0,
82,228,0,
627,0,
124,822,0,
211,469,0,
380,805,0,
704,755,37,0,
782,0,
0,
71,0,
485,0,
0,
608,490,0,
0,
0,
752,545,791,0,
146,534,0,
285,0,
112,0,
0,
536,261,0,
106,383,0,
724,471,0,
0,
1,0,
267,549,0,
12,604,0,
0,
827,0,
139,0,
0,
0,
0,
0,
851,126,0,
591,0,
0,
121,0,
725,0,
0,
0,
190,0,
793,324,836,0,
45,501,0,
0,
513,0,
694,477,526,0,
152,0,
0,
763,0,
563,212,0,
499,0,
580,236,373,663,0,
17,0,
334,0,
0,
842,0,
13,0,
204,0,
768,595,454,0,
801,0,
558,0,
304,0,
0,
0,
400,0,
0,
0,
0,
187,159,0,
0,
475,0,
0,
0,
775,0,
0,
828,0,
0,
0,
771,238,0,
0,
579,668,262,0,
428,0,
548,0,
0,
186,638,0,
726,0,
335,367,0,
0,
0,
0,
698,162,0,
249,0,
0,
0,
114,0,
566,0,
265,0,
96,0,
0,
705,308,0,
812,557,0,
289,0,
799,0,
504,0,
88,258,4,637,0,
97,0,
0,
0,
105,789,0,
0,
642,731,711,0,
0,
781,0,
136,331,539,6,0,
0,
396,0,
0,
0,
494,0,
609,412,0,
710,0,
217,0,
0,
692,101,348,309,0,
589,597,0,
0,
0,
0,
804,0,
0,
568,122,0,
154,268,199,0,
153,0,
427,0,
0,
0,
819,0,
800,100,0,
0,
172,0,
0,
226,44,0,
247,0,
0,
0,
225,0,
272,492,0,
525,0,
0,
375,0,
465,0,
108,0,
0,
214,510,0,
636,0,
794,170,219,84,0,
0,
0,
323,0,
137,562,0,
0,
352,0,
191,0,
0,
0,
436,0,
78,0,
0,
523,0,
116,0,
466,220,388,0,
276,0,
0,
0,
0,
0,
0,
0,
120,0,
0,
0,
312,0,
0,
478,0,
93,0,
0,
102,432,24,62,702,0,
0,
0,
287,0,
431,0,
0,
0,
329,423,0,
366,0,
281,540,631,0,
0,
0,
739,0,
473,0,
468,95,0,
359,0,
785,0,
656,260,0,
0,
0,
369,0,
489,0,
713,0,
712,481,635,728,0,
275,0,
0,
689,629,0,
132,0,
0,
0,
0,
820,0,
402,0,
547,598,0,
0,
0,
0,
680,810,395,0,
0,
279,0,
0,
524,0,
252,0,
0,
0,
0,
578,0,
299,0,
144,751,0,
691,0,
838,0,
0,
379,222,559,0,
777,451,0,
699,0,
47,0,
0,
0,
0,
280,0,
634,0,
16,0,
633,0,
461,0,
0,
209,0,
593,0,
0,
666,164,695,0,
577,602,0,
644,0,
163,0,
129,0,
601,594,59,0,
111,0,
239,0,
592,0,
684,406,0,
0,
131,0,
36,118,0,
171,22,0,
757,0,
0,
600,660,0,
284,0,
410,0,
0,
337,155,0,
825,0,
235,687,0,
761,405,0,
0,
0,
665,0,
340,0,
150,0,
0,
0,
709,615,0,
53,0,
715,0,
411,0,
512,0,
603,327,0,
429,0,
0,
457,0,
0,
168,0,
0,
0,
346,0,
133,430,0,
0,
0,
0,
73,385,0,
328,459,541,0,
780,703,0,
522,0,
0,
664,242,0,
0,
303,0,
0,
772,0,
0,
824,0,
806,0,
0,
65,0,
297,746,670,55,0,
0,
0,
0,
421,0,
850,0,
474,0,
393,0,
374,0,
67,293,0,
290,0,
721,0,
266,0,
0,
28,0,
0,
0,
759,0,
201,195,0,
180,517,0,
0,
336,754,0,
0,
0,
399,0,
770,0,
0,
0,
758,0,
0,
690,98,0,
0,
0,
208,0,
184,834,693,0,
185,0,
0,
729,403,0,
188,0,
458,662,0,
472,0,
0,
68,60,0,
56,315,189,0,
667,215,0,
119,0,
0,
619,0,
426,148,0,
552,853,0,
455,452,463,0,
26,773,0,
0,
816,0,
157,0,
273,447,0,
130,0,
491,173,0,
161,0,
449,0,
626,0,
753,484,0,
0,
377,839,0,
0,
0,
0,
856,0,
0,
200,251,0,
0,
74,802,790,0,
94,0,
310,0,
0,
766,0,
776,0,
0,
0,
0,
509,0,
500,677,0,
0,
643,495,0,
565,855,0,
498,0,
354,0,
456,0,
313,0,
0,
123,0,
357,0,
556,15,0,
194,0,
521,645,0,
811,0,
616,0,
0,
585,807,0,
231,735,0,
736,145,109,181,0,
574,0,
564,0,
360,89,0,
134,0,
34,0,
818,676,0,
218,0,
606,0,
0,
0,
0,
50,0,
732,0,
32,0,
294,0,
342,0,
493,0,
830,0,
292,0,
0,
0,
7,0,
0,
0,
417,76,0,
0,
125,0,
0,
0,
622,0,
0,
288,546,282,701,671,0,
240,0,
0,
624,386,0,
0,
167,0,
0,
581,503,0,
0,
448,227,286,0,
156,0,
843,117,278,0,
0,
764,263,0,
809,538,174,0,
661,0,
0,
165,0,
387,229,107,496,176,0,
0,
0,
672,0,
0,
0,
0,
407,0,
833,0,
179,0,
511,0,
0,
415,0,
561,0,
382,0,
0,
762,0,
714,765,590,0,
632,0,
0,
443,77,0,
783,0,
424,613,0,
706,31,0,
641,381,685,0,
840,784,2,46,0,
389,0,
0,
210,0,
206,0,
795,0,
35,0,
532,502,0,
0,
341,0,
0,
584,18,0,
0,
531,0,
300,0,
0,
0,
408,151,0,
0,
550,0,
0,
178,83,588,0,
216,0,
250,0,
741,551,0,
197,486,23,0,
0,
0,
0,
527,0,
514,203,829,0,
482,797,378,750,0,
420,0,
347,372,0,
128,0,
295,0,
760,747,0,
0,
362,0,
673,0,
717,311,0,
720,737,756,0,
0,
274,435,0,
398,0,
418,115,0,
51,659,0,
70,0,
0,
769,298,0,
587,0,
0,
409,0,
72,0,
0,
0,
193,571,476,0,
10,623,0,
640,0,
248,821,0,
234,669,831,0,
719,0,
0,
0,
462,0,
390,846,599,0,
440,450,0,
0,
351,0,
575,0,
803,542,0,
0,
441,58,483,0,
42,0,
307,0,
439,533,535,0,
0,
283,0,
0,
264,41,0,
0,
99,0,
0,
296,0,
277,182,0,
464,8,0,
734,0,
0,
519,0,
365,0,
467,0,
0,
0,
681,0,
442,306,0,
625,0,
0,
368,614,0,
244,0,
0,
320,0,
87,0,
0,
0,
0,
0,
852,0,
414,0,
196,0,
529,0,
0,
470,0,
0,
419,748,0,
647,0,
0,
391,0,
0,
845,0,
826,835,0,
149,86,0,
103,0,
808,837,0,
416,223,192,0,
0,
0,
314,847,0,
316,0,
0,
570,0,
0,
618,572,30,0,
243,0,
0,
135,0,
0,
528,0,
573,0,
650,66,0,
413,0,
0,
497,814,0,
516,0,
318,0,
0,
0,
774,0,
39,0,
0,
143,0,
0,
349,0,
520,0,
0,
0,
269,0,
0,
207,0,
745,237,0,
0,
612,798,0,
322,0,
817,0,
841,0,
480,332,0,
555,446,0,
259,0,
0,
617,0,
113,740,0,
271,0,
358,0,
620,253,0,
0,
355,0,
160,658,0,
213,0,
0,
221,0,
0,
0,
0,
241,0,
9,0,
205,0,
0,
