2.5,2.5
2.3236375578866957,2.8859687929513904
1.4243541317783504,3.3137356882202735
1.9403627363652602,4.038960890842651
1.711325555341937,2.565160830602866
2.785336231999041,3.804529993429877
2.8141780482290573,2.8119734014940763
1.707290910690607,1.7137996016260426
1.1254907399402763,1.2030680279858736
0.9049452532543811,3.6418367359536514
0.8738777449756768,1.468824748602191
1.7185110738102956,3.2949114071265386
1.1976672696866948,2.004753874790484
3.296834235279162,4.0124743538470184
0.12181928244044737,3.873094672182538
2.9829069010079627,4.545251648103903
1.0071250054554926,3.4382889988903993
2.0305106665241315,0.8514564816206122
1.1184393760469735,1.3411360918871962
0.5465156381217973,4.303522146121917
3.626070916782079,4.5922602489911375
2.4596358015650797,2.6763350305462215
3.2812879715093626,4.19020476403937
0.4083177746860722,4.763472272407783
0.8944638241331215,1.7827518873392767
1.8769665322948992,3.1464324488708515
1.5302224955494015,3.8507386604444998
2.8004515798976835,2.6940002547903825
1.671125917889984,2.7481003501131314
0.05637073928712488,4.368192476938847
1.3554431424134483,0.6363786205453992
0.617687409492863,4.626715510643006
1.392461383030958,0.2911413820654868
0.7291976435574893,3.4417867850736696
4.238789917962176,3.681326327106321
2.646074891002448,2.9433088796603437
3.542391941994638,3.1515657422374623
0.11199025133445673,2.002784684058931
4.526783436110491,2.9675493083062516
3.6663999059194197,3.0222582248217784
3.9729666586276515,3.9115857195064163
2.1779694833791647,0.665638697555766
3.337466785188448,3.1484422074027036
0.74450935821822,2.8506798918312706
4.590669900483305,3.9294431891277064
4.654695710777387,3.8210378985788602
2.931214947368643,4.27907748895762
4.859226826109111,3.809014641929271
2.954789582700885,4.495685211164836
3.5762367114293947,2.1289896325988034
0.771832054234764,1.239740736998118
1.8826963076792662,3.3171741603826876
0.9850316679686077,1.4919626700781974
0.983917368022858,1.649360702742893
1.395088298942662,4.2054905947299766
3.580085712194486,1.3232411249808544
0.4437371458486783,3.138125998607519
3.407138456045894,3.569697173895957
0.1362839052900061,0.7134518668442313
3.7279205578118075,4.792435148176065
0.14451176321593429,2.581778661031429
0.7495446841025277,3.7340472483877063
2.2972429204027316,2.034775462291721
2.62682021762654,3.1639633746206997
3.540899239701951,2.512084486760812
2.2049714073098214,1.0222993915308538
4.4267220308026385,2.8239063316561044
3.8989024370913663,3.5831037089504774
3.4049238959581936,4.1409201580026025
1.3044601735628962,0.3138518005759927
1.5164717216674157,3.3042973133231346
0.7419275641182926,4.218399080574615
1.879595477497649,4.489998564748668
3.5772900683364632,0.8199203402921651
2.7965494065821437,1.091846102563669
2.1783289419541423,0.8746171179492412
1.0956953623909382,4.631967897470878
2.324533415359892,1.8072792479591842
1.0899506533502086,1.2016225425524518
0.5508267866125127,0.6185715022304372
4.012474218099476,0.39171617141581794
4.094780894186114,4.063422703378271
2.1483625330400664,3.46114978026548
0.9662382447908741,4.5378855910252796
4.514359651038872,2.022117473209576
0.7939206424863959,0.3528844821651067
2.649752018207143,0.47245629280971146
4.365994022176783,3.7907408673467984
3.5208221925486183,3.68410897203489
4.964799155569875,3.069470736612616
0.25951515402561076,2.7222954821742955
2.540392357058596,0.3208232386511223
3.998433043055005,3.1694377385843326
2.631133855213392,2.0254164731639452
2.5297590079619448,3.465723221582713
1.6092954790428733,0.5034552213570048
4.414426998766623,1.726536480443062
4.398745131177208,4.538658789912984
2.9160747742080995,4.383896139663694
4.934770351549861,1.5590211052733705
1.6919771875672658,4.778576409270141
2.9457022566725137,2.496259245836732
4.153044373877871,1.2830462004634302
4.060422005751502,3.9301131984564837
4.589537540923602,4.130750242009008
0.9934694918240261,2.935957050709159
2.993551640298751,3.111661859295263
4.279250761117587,2.1379445945059317
0.9013853586041454,2.162584508614373
3.958659793382149,3.574134495707568
4.6442647861733235,1.0883398289505763
0.1265002238256685,2.598581413998991
1.2712968801591307,1.0747837447550779
4.090010911877845,2.566512870045179
2.3048540877160195,4.210379060710726
3.439523370668675,0.23035837049963648
4.015836307956121,0.2777724832725764
3.0411763038268442,3.1688600745491584
1.5283950638609156,3.9563047817715935
