2.5,2.5
2.3999314579121456,2.0560968493889593
1.8460457014587655,1.9148885740587474
1.7390583019614336,1.1956810118663523
2.2090912476152913,2.977544536766594
2.822969112596624,3.128889866751991
3.063362832743328,1.793036886996453
3.513089648860311,1.039989345490061
3.477276284760003,2.471974828247472
3.6797548682612495,3.5343185601899023
2.8391804140261123,3.4612466017026113
3.6746862752850165,1.6072440445080156
2.0958209685551035,0.4618935135008251
2.775551700358986,0.24832470018339603
4.529509169148021,1.5301105119042528
4.332868731704737,1.6703504605275983
2.0075461752056185,2.9187887035264017
1.9881245542347104,1.5474074295436964
3.6573173438596225,1.5859279988920831
2.9070761516231602,3.113020820488205
2.226446762197443,1.261127692469477
1.8307830827647447,3.1896569494130715
3.9525717753459384,2.8579948443627705
1.7517683081050257,3.69964265597054
0.9981534929124725,3.394214217111543
1.6099970166918298,0.017157503442540856
1.9623715673864084,3.59279301073318
2.3873664612629613,0.46641679609806086
2.973540744407774,0.05427094244367103
4.475220383978772,2.1865535429489498
1.307590805967644,0.9562150512127854
1.2638381042450693,2.274268514308851
1.1437809724992825,3.6207414564214533
2.15657548331395,1.8566819197707902
1.1370516475342778,4.232416302503215
4.5469861806602445,2.1415820728933728
3.1169705132282415,0.42263154508838274
2.4943186178040664,3.475757864637247
2.972044760663927,4.19447895581343
3.201717133139213,1.981263642128435
1.793534794841396,0.6748777851994298
1.469444128604227,1.2992510841877758
4.246367375871164,1.9859499404377319
2.7170026747657845,3.769597250737956
3.0846085084548207,3.1636476864730563
3.8827948120850486,2.3019887262750767
4.08149715328703,1.8779687147779174
4.922313441611324,1.3310337931203402
4.28168797338129,1.677505909502559
1.8972927543453926,0.8141646026263
1.8855112882970315,1.273233470152118
2.7535628578162474,2.8204030551351096
0.6341564649461118,2.0168952817187416
3.459576586418931,1.6541257457861414
2.421931899187215,1.1242208505139706
1.4480248702930227,0.4462530730509068
2.1060331865662647,0.5315767129246024
3.8438854923130354,1.486438248499255
4.982291606478998,0.784811849219712
0.7925094733671195,4.028868507754594
4.504087217768349,1.4505688678178907
1.0072808798115802,4.998678879891758
4.093806597262581,1.3934819896487487
3.264062417420648,2.310296628873796
0.4403181417466473,2.8221281501667015
0.397669532842842,2.5333305291162356
4.045452832079831,2.770501532456394
3.184834178928754,1.161230767900886
1.0456368372947815,2.2115831348902217
2.9327764631231696,2.336124288031367
2.8321386687183168,0.8015812655699284
1.898459763490818,0.6335185445664415
3.2526072911994417,3.4424695125476
3.5282491249858525,1.5938123872395005
0.02545500333568984,1.9112526881556613
1.711443837411556,3.929347562527903
1.5472341583165494,0.6953914831624042
2.4146309769852436,2.203166912577186
0.1694308257982413,3.6550929103973444
3.9691753516314106,0.9539797108195874
3.013172761689107,0.23203620424169957
1.921414542375353,3.421802676822501
1.2019550120529372,0.14377874968740045
1.8851098322625293,0.5079262015240954
3.247535762224159,2.566888342667324
2.0792455328259987,2.579632859267991
2.2173477627405047,0.02195758890029209
1.5175662326689099,4.655857369713379
4.4639247066151375,3.9190014748707287
1.7833368263019844,3.9837611386010963
3.48315712024966,0.22902830865752122
0.30697725563749667,3.319156130728631
4.70936410504353,2.299265727879604
2.0662945185797033,3.9192714167531273
0.41275287380395764,4.860339251323172
2.5279673465784662,4.892840570143527
4.0739351485602295,0.18174996376836616
2.725268817073641,3.4773345955656705
4.829781353079885,3.640000704531348
1.1369073344533076,0.9681337627321707
1.2372787538937642,1.0553538632703603
1.7479215540470143,4.386669642550391
1.1936367722175674,2.6197911736585153
4.55467669689318,2.325511519534771
2.8302728265913353,0.9736492499135319
3.119707435200216,4.691615606522458
1.7871884957469715,2.5636061399124683
3.0595101535944784,1.716230573197659
2.4203493005921777,4.640581731678549
3.7982835887203885,0.11435581099060399
1.9141890638730912,0.5414356416318367
1.783205307439799,0.9711323401168137
0.8028719953560132,2.4112060627257668
3.0966307054785425,4.71337117617376
2.4360254769174476,1.5304524799262142
3.972149656005905,1.2119175966268907
2.686456095399325,4.341575529758438
4.707486898226815,0.26175057291296155
2.4288012517604063,2.2872196443315636
