2.5,2.5
2.7846530423116898,3.3622322326702045
3.5955592355650206,3.138193307034987
3.3101506057333516,3.2020456177243632
1.9254973571155904,2.381343259713498
4.01451467119416,3.741528486246812
2.6979405810463493,3.035753572530982
3.860394289690718,3.921051658077213
2.2259757378811744,1.4928760516099582
2.889909067434353,4.2249451834674705
3.4323159792146023,3.05980991643588
2.6722886166857274,4.2005225226972795
2.981491941687721,4.680441293861684
1.3445055364651604,1.3674511460281713
3.66021708330293,2.3094416672107814
2.3503204519671597,1.9491488510892556
2.753498781356904,1.0510113123418052
4.414975479011456,1.8648958352923013
2.958471050835361,3.497011720282846
2.7409711685541813,2.590676751648431
3.038832474831005,0.6443749179410907
1.9647914736057526,0.692986606697284
3.8953585698982502,0.9993866454590633
4.2981726896405865,2.136831973066629
1.300986703723535,0.35092725382010304
1.8717328826807496,0.6084045455317733
2.485300235521697,4.177433812716581
4.5362415273986025,0.5221924907512804
1.89043508382289,4.134848155628187
4.711834253272026,3.713394950692524
1.1400473567143514,3.5585291421807153
0.4824802461412542,3.21189655666275
2.695412353791335,1.4508168296274704
3.6165273293336506,4.47996948838958
2.8729972464263565,2.5759055255163164
0.802231639524843,3.8805361072173716
4.036457113577596,1.6968062116250338
0.24962655353785057,4.6770233601000815
1.460319894540743,4.875218337144998
1.2156147708616638,4.237797472832642
3.212649752174122,1.2082319952823695
0.9228792706982614,1.0151123793088612
3.427100159417983,1.4399512544483688
1.2899542436232692,3.094937707180091
0.8186063058216975,2.50781657018568
2.64159836978364,2.2933091908890084
4.356242345630343,4.360330905711443
0.11787198109692698,3.1982066020871436
4.2195420308986655,3.2242827481299074
1.1001604018514122,1.9006586158287115
4.5319692243476855,4.662834875312807
3.0746007036724587,3.639197942754555
3.2633061314972824,4.355441546099388
4.614699542518161,1.3657942436910087
3.486262021288748,3.77312982573299
3.216193339985015,0.748746144820614
3.806244559032021,2.180774056234042
4.046633347029073,0.8153531590206958
4.911854992364556,4.034901063702694
0.11738228231137182,2.23156630011239
0.011323130496523337,1.5640544994324452
4.050449747435268,3.806618257078015
4.732600771437296,0.9135411049792713
3.5817028786844296,1.8063561214998758
1.8065754801629637,3.438630446566726
4.14818376005157,1.6945370377202824
2.7484301854309057,0.8723438478375745
0.7934506268102837,1.1823751865887773
2.434412187449884,0.9494686568403476
2.804638145860464,3.09050659350317
1.4787065014066418,1.5939305188216442
1.5428845996293656,1.738368465595711
3.7133950003957397,4.828526263606046
4.264066120556035,4.982568050438559
1.70086249983754,3.5609863149349663
3.6704759770997697,0.24951798896949595
1.8036942319876537,3.287387449665151
1.698336379233033,3.1804808934214446
1.993833502861292,3.0706465075272007
2.429563865042076,1.1927549251248108
2.6863435150753756,0.5578153215753495
0.976830329036138,1.6920682504675189
4.313305414566536,1.251459719176926
0.8183329854788596,3.7904366793636735
0.8667911314185012,1.7050518687890837
4.7648395114187725,2.3023841934588622
1.7984490940423377,1.934663837764825
2.7499683834063884,1.2243707341638888
2.7769283469205415,4.096875925170331
0.512961777415426,2.692683077173802
1.3553357473549077,4.287663322063738
2.756035690201337,1.7590072101323235
4.725263638926756,0.7194623753460178
1.404652763834614,1.4410675641183097
0.027993814568244568,3.7896613336767757
1.7189073264300374,0.9100885433826955
2.07363612722558,2.937062657075535
4.082432205718985,3.8338027028724047
1.6797339908221498,4.541574205565403
2.4400991737375524,3.5556951347787984
1.9330266497972386,2.675990521032015
3.7298322994759348,2.020643132772473
1.357995819990515,0.05846232046544442
1.6813164294228455,2.5353800109352296
3.8712109582239655,0.14446981359806377
2.2554662264982435,4.801433513586983
1.3656350780961601,1.9465263437199725
3.9264936156974524,0.038351518997850054
2.772992123050015,1.1152691443736136
1.4128369623466441,1.7259151938935802
2.612634245305718,4.153370423220485
4.228031889883011,3.6535775971060884
3.737933282851371,3.824237130249894
0.25719734262584837,0.6964112233410036
2.998679932795439,1.796673531328169
1.4410202514484372,4.459638072966042
3.2612063674630347,3.9770197426113274
3.207742005092724,2.6109269956047343
0.12430078136043687,3.473820865550565
0.9226192549641776,4.187872923586792
0.002922184854646237,0.2421855405211909
4.532529111421991,3.0200840604857415
1.885141494357359,2.882817846738389
3.0253849085227618,0.8440211428946021
1.658941049461196,0.8424974771687099
4.870011404178516,2.372634456125051
3.0233229991219472,1.4641827316283766
1.9656563251990367,4.650470452266266
4.286816827810052,0.8613853162241941
2.733651302735618,2.1689996845383392
2.612702800618638,3.1111203306037734
1.2403364773574244,2.0912556785618257
0.04528346409519046,2.899237048778896
2.581110327460644,3.388784345667173
4.016875264937499,4.651441202219539
3.2331144873685496,1.767633094252194
3.436756912086247,2.457775052612746
0.2729733234673365,2.534681907008662
2.9284076628368965,2.864851613364813
1.3838177193304562,3.451465565832614
0.015272741189760186,0.1310109152365735
2.618076401970727,2.3819208607752325
3.034828236641531,1.9899304696384101
0.05578836334846293,3.6890091018365316
0.8389730619981267,0.2742214525132347
0.5759673148574151,4.050899264385137
4.116057051061423,1.6307336146089817
3.76555672101145,0.06189058363421707
3.143451793587309,1.013862473437399
2.6439441325599162,1.7021610014638293
3.298949564875631,4.902542800202229
1.5500772165558618,2.102622657533492
2.4941242579282354,3.4075113250169133
4.4508271065623495,4.536869629986161
2.566074846616097,2.75041673386013
4.627413088277232,2.7145323253814797
1.421565505529638,0.5148509023349618
4.323478254310833,1.6152674466821126
4.574439767089472,0.7552296501563621
1.3536524540657742,4.162911650754948
2.284147742592386,3.1380345761761275
2.2321421505573182,2.5194788229876632
3.3285509343210395,3.5113506947216075
0.6037040572122726,0.2680867010978505
2.918246368371895,3.147769554717566
2.4379560408122525,0.7015330955932486
3.63428128915095,0.2204033198064692
2.114098045309411,4.435895634309674
2.190056490122627,0.2893288289623003
2.717599268868514,1.3253813276142128
4.951459359889433,1.1484995789899066
0.032800365072082616,1.724136162396921
3.1725871809241917,3.876498867703246
4.241502605747026,2.599652635828188
1.401217230400849,0.24971955427655568
3.6894091547292285,3.2714410242223746
3.6165021599225673,3.591802933652307
4.270370498883445,2.854359475143008
0.8058804461793756,0.2441081753681873
4.448547999846197,1.1816101375933767
0.1606161235055359,3.690934392345893
1.9747552294656912,4.495518045249893
2.964053421379556,4.4897604048725155
0.5549000736935095,4.342893107396556
3.1910918064324245,0.15079848157062758
3.6843632222784923,2.431536238671189
1.7980765704270878,4.503649803042081
3.5769495399375923,4.731900230449498
2.1510711834855334,2.8923551346298355
2.174612503654449,0.9672867870664204
4.7373409143187,4.826908117655583
1.2561145131305518,2.8253307089434543
1.1448957959597799,0.8326948859566946
1.2959595616328494,0.376537965433113
4.214284192818859,4.950504439084093
0.6810807842010264,0.4046110805011188
4.5448594815383805,3.814902641542533
2.3598929012071053,1.9666289858204107
