2.5,2.5
2.688378883743105,3.025386811772836
2.0342367234103604,2.6218688644439374
2.1465824265116358,1.864546071620653
2.2278282457268936,2.6264389007607667
1.708128554338273,2.356220705335772
1.7517606855395425,3.0954321071531012
1.9282295417294288,3.443699292855609
2.8266031919846535,1.604777898611911
1.7214108858242265,1.280507191497568
1.8688197643141087,1.144564474491145
1.4589482787946417,1.9766326058276085
1.4017004982920012,1.0550334107562143
3.2440462605599762,2.3206723816127894
3.5999560063395215,2.469784437762361
1.6589739290589678,2.854098429720013
1.1122317018235024,0.09848361066982558
1.4997585358867367,1.1322755455809057
1.537737089836666,0.36473896806867356
3.3026817922304237,0.9324197828760417
1.8416669181772516,2.8993601291112054
2.174683186508622,0.44244983383177283
4.2036577410976586,2.98063638940595
4.192801954328986,2.308992563581233
1.0318564502981182,2.069669983517946
1.613683384789647,0.29076453206729636
1.6569911779265705,1.9522510023747714
2.2666400641012334,2.0570423492146315
1.2107027022349408,3.082392469414838
3.180756001815211,3.864237625410766
1.4314832007003382,2.452212895385352
0.6600687413291217,2.9746647485748916
4.015138395791228,3.5146518727414677
2.526868349386952,3.7573176413574134
2.053184424616292,0.5070328194521467
3.293139457337575,2.5766919865280196
1.6377773595397822,0.08852224653322305
2.052428339206847,1.553339649386933
3.5202011793065546,4.059600293038327
4.7259535720051264,2.044338654953115
0.7957023057850166,2.3520660481389637
0.3521669632448876,3.8126005046945552
1.5130775062037665,3.5319601019142977
1.8612348525629319,1.0877796608634989
3.7368350338454808,3.0893047896083434
0.7375728105771229,2.4326299945937846
2.2664236999657654,2.36565521562945
3.9357695770757823,0.6921996292970678
1.8400278896705018,0.10597038852027618
2.773313615006442,2.2788792447351423
1.0879338709386321,1.784723748052797
2.4658007120820287,0.0735435608967766
4.26061206178803,4.001555805380478
2.9634504663338825,2.305868361110099
1.84828076937871,3.1608319522561428
2.306044299417525,3.7769063457381717
4.117288580612987,0.763497878943637
3.8571473088508608,2.5302159594391704
3.8595137921698486,1.8319484360082483
4.231266159467345,3.596396541532987
0.49140587418338877,3.189086399470116
1.4464931684316067,0.9341781261644638
4.977502111502942,2.6037645190424907
2.036421718674468,3.371000296183028
0.9855131030159636,3.287376410273834
3.1548158749601014,0.961631545962453
3.168174817833653,3.891197706169556
2.707844126742608,3.1209371979366587
2.3027292656061533,3.5243408861175647
4.785706120903155,2.707689843170227
3.015605459287717,1.0186992307219034
4.415488260327501,2.098435219726661
4.550741275370971,2.9942643391304786
1.2612629702223903,1.533735476110329
3.7993034216684176,3.227138218109809
4.959608096829054,3.9651383131088904
0.34856703662635324,4.681993367591621
0.6030762975500548,4.73094661579745
1.0901964570106892,2.045698409130827
4.740589156898964,0.08885695613506273
4.74403065471599,1.556010500274475
2.373109808434381,0.19551994496830982
4.837186060345072,2.023886430367652
3.8472500459256653,3.542437373684762
3.1677365968809794,0.896391711291662
3.4513877716059875,0.2588592545731494
0.02125778911412357,2.1266606829882306
1.7506650779887067,0.7207229783143887
4.628316692043296,1.3065754960241978
0.2858900167440631,3.355411989669293
3.1331540396001807,1.2002663000562808
1.7500254395254844,2.411006966304285
0.42369417472641613,0.7984321281976331
1.506166586290153,1.1461645014633777
3.2502676821640857,3.9781061219202316
2.6296312825849593,1.79263567831346
1.3902225394041907,4.216101904114153
0.10510680904781466,2.1412199785994335
3.9281531002783927,1.8152638822968985
3.953840784999296,0.7764027231441606
1.3327243362999541,2.3249382658183433
4.384766356472587,4.341641425325349
3.44557514941809,0.2292187385709571
1.1028497434733942,3.2330145681129645
2.331601627678424,1.910572121787072
2.2829680410823405,3.0880833873828317
0.4097142703486806,4.367755190061625
2.6458122050062656,0.016591557395857492
1.3730132957897556,3.843057589098281
1.7544798080518809,3.6981735748079902
2.87259731698882,1.6801848130740782
0.0004982374086942576,3.253759915578202
4.123928852327394,3.285691313148231
1.4371555026135707,2.6622349857582033
1.66048287303918,4.3633592141455395
4.920515477805742,1.0704639138711447
4.733243093478924,3.5222926510710115
4.204436200637617,0.8649276752956037
2.7157338006998804,1.9825500124014779
4.022150581385077,4.060742568529269
0.6738312698660387,2.4905942489625312
3.385345003375433,2.503814705054559
0.7763344253479459,4.2176781348870485
1.5498167695772913,0.8116468929478665
1.5829496403614858,2.771425592381123
2.9962503898202226,0.19101029560456617
4.426355948708299,2.6414048966908417
1.1875991027005557,0.4753599326982877
0.1959247468201164,3.7227078648099434
0.1338252500642756,2.9834509541197862
1.3776472869370748,2.89140524920203
3.302096504938417,4.611282129181356
0.5969190134665237,0.9182884716570189
1.038308179852823,4.582588552515085
0.4311403897853716,1.6253364869672038
1.3197281706260728,4.257100757918706
0.34227307779453153,1.247526706687971
2.567842458578558,0.061089576997191974
0.7138140888534378,0.6482850263309448
1.5376368537267604,4.662127913183131
3.537848479036974,0.09393945706449192
2.7464141294942284,1.7230145807271402
0.6401432648246658,3.3697072773715093
3.369706586315526,0.4142162001169175
0.4873431907252107,1.9468310825709971
0.33475251482152524,2.064255844021198
1.683454536775133,2.2064233162857483
0.42477882436759873,3.6329247617393494
4.26085102665491,0.18037385537200634
2.604751763798667,0.8127433450660193
1.3964658633601084,0.44989628567732864
0.5308188793862789,0.5206083654310029
0.1742461788637123,4.955330793962716
0.10820369308865874,0.036497678373565434
4.222484034472307,0.8333447975616909
2.979473643741748,1.8781283074314925
2.427841034795384,0.3369298371179841
4.1583197885954135,2.5010195148820937
1.571019465064421,1.4650542271082945
4.437355470521757,3.9728527831825513
0.1429023897709797,3.449453700903282
4.5138455019718595,2.55467550865701
1.7598170641126494,4.949064023651516
0.035719850038288814,4.123690911950832
1.1232637207381013,2.4925599951166033
1.8598435899839516,0.7372059647035345
0.7479395654681936,3.0144808752250096
0.31801763782943915,2.863694488549658
1.3738477368132196,3.868213334266026
0.5101174768657224,0.06951883158082539
1.1159444548564852,0.6501398097207178
3.2640239368934165,1.4486698584749913
1.614454219691982,1.3958538049468765
4.803131133407577,1.5368100630649257
0.1380854408698995,1.4077180677839185
0.9621899129509565,0.35426872789941777
1.538477934427331,4.2836438681424225
0.5926194728705797,4.713266981405587
1.9421998858826877,2.2107106856387855
2.1975944400176934,0.5056062257726424
3.8775263878853137,0.1418505222513894
4.792259449142525,3.6384077758006796
3.783543244547289,3.9171373089472548
1.505424921497021,4.67529110908689
2.564874434789422,2.3543158616953024
4.278404317908411,2.930427368333501
4.468364783779805,4.005357309942937
2.7475677034366717,2.321357892353592
4.389306961528561,2.4277625633170885
0.39988281035738815,4.792256434624488
2.1567294920585987,1.7211256587978052
0.7295053900860338,2.8802639076457908
4.14880810062089,1.617632745535068
2.297038028870057,1.8927306298349111
1.2074001597209878,1.2733432830349556
3.3863319253794466,0.7433280895787331
0.7967274413051734,4.787190515361281
0.11554985599489309,0.13224595527968175
