2.5,2.5
1.921753905862612,1.7925287911792842
1.0815752982714533,1.57819840644357
1.968245367793111,2.957659360990233
0.9632127037570004,0.9849000812639558
1.5824876064397913,1.8222032843008225
1.0191603867395238,0.46655441611764215
1.5522023034433219,1.4766124370919753
1.5781465361811742,2.026763491278994
2.2778379858471034,1.7339361107987816
1.7430618305066414,2.987769050687704
1.3376285389766174,0.04260173363348163
1.2428648059057341,2.2152780618375023
2.077810189954104,3.4639871677366414
0.432488397108845,1.9442078821918911
1.213910723765315,2.218571087951797
1.61271198181403,3.5768681383539658
1.6687317521816398,4.257273670691472
2.1990109363731936,0.9462749741769083
1.2938461158657455,3.786274633115598
2.4237438227741794,0.2079087522961398
2.8238359990154045,2.304117846116261
0.9449273452586565,4.5019845466338015
1.411376412546238,0.18253248358374552
2.373790093767869,4.83031160185855
2.953702446639956,4.413270604383708
0.8965074830707337,2.575976148208303
0.6634986565044415,1.2591261414706256
1.0527382411219262,1.6870180099177063
1.0408666431735347,2.309271110530215
3.050964444394573,0.8618367457802517
1.6204133236751068,4.98085451034855
3.309571478350014,2.5733150145214716
0.08193793486730716,1.2862757718396263
2.6695698866335023,4.415500271725125
2.7825309554592654,1.9861199620381176
1.777927850839513,0.29954996967040515
2.8965018092505006,4.825462454237648
1.1670781633023681,4.697261347919089
2.345300192963337,3.8879161695716062
3.870731753252532,0.3363292453238975
0.4280095109620152,3.6363234837568488
1.2538430638006375,2.8706508474041352
1.946581211281519,2.3265739647708217
1.6573864663520004,2.1536720945003536
3.32458759942888,3.615458629927826
0.6176691716825838,0.8602999358330377
2.798473774980817,4.376966430882448
2.5517367124718646,0.522976364641044
0.7057953163252773,3.7207836031484858
0.9073454154488525,0.588620145831899
3.4963898018109396,3.8734714061640005
3.0850997517327046,2.0596911876501163
0.012481054781688372,1.050997231658607
2.0456460617660994,0.6216697666732485
1.3002090282687733,1.5325672663037992
4.037437111828738,4.182017050015886
2.8797090371631295,4.823828774992553
1.7567809205585516,0.9464729632832314
3.711586195114209,1.97949206699655
1.3084265141404599,2.8508285212393174
4.718557944440357,3.6701303309095263
3.9562575094169414,2.4107994205376935
0.5023517844488384,2.0388334503027608
2.2433794942789067,1.5609156027444677
0.8359884665880168,4.272603007827382
1.5970382323605086,4.579356538747347
1.736293782351857,2.1550882545983145
2.6028402587445894,3.1173100725217617
3.8731344758126927,4.547872491727027
1.9035034313283101,3.273848261524318
4.5243252239926255,3.6075880113377408
1.1330393729488908,1.8383502295886156
1.3934806990008726,1.1916158019589473
0.12699277191823788,4.479269671011975
3.27449834146669,4.524215833241127
2.568062965498881,4.942866116705478
3.3333251295978368,4.133888315073777
4.070373880504418,2.92189555031874
2.128481506551518,1.872406702110705
1.4690211599950604,3.5689716542952032
0.22244907969151073,1.4342007834683423
0.5516627657955231,3.380722716231533
0.2161086259171202,1.977467247297839
1.2544545123518025,2.6262732601460215
1.444823160208883,3.1873064712714445
2.738123497622134,4.408047238844344
3.0458552103961702,2.449259560079227
0.31627327358168034,3.107193087724886
2.2761053755965137,0.6570585452651023
3.525519788017238,0.502894220538595
0.7188600478617335,0.7937724138898505
2.99383803456696,1.4103548351340551
2.365100546422587,0.697318056003266
2.8005932840211516,3.328357947358903
2.6295494161025035,0.8771616455293263
1.3038441435571002,3.254656620902114
3.8321714735171417,2.4276565513214257
0.4173880822073567,4.682218224627505
0.79398313528037,3.7081729086596136
1.7556339965540613,1.526884499163399
4.59569966361611,3.271171924937824
3.2361525897825687,2.505832292451684
4.30698963245626,4.271475201854616
0.2497901889539167,3.0808676425331756
1.230359491021582,3.375745869984507
3.1016769515650684,0.08127614917202042
2.8328688370739883,4.2204825944973505
3.282725297620932,1.7367181720998563
4.489614478350301,0.848101429434216
0.06043852544891537,0.7601926087903099
4.1999610910878555,4.837896327159288
3.472187282015013,0.0806234423826524
0.8016560714747972,0.06003169191589275
1.2291891742165428,0.1625136948343403
1.9590520839087304,0.31626542584027584
2.162140615917764,0.1405829594294039
2.308736105590017,3.6624706578123947
0.11328292855733169,2.914614419567701
4.214501668147881,1.6270446752962886
0.2691106134450999,2.0162627308956145
1.6294492915832026,2.1194688035990747
0.2923487365112176,3.4531937997927944
0.16481113304460449,3.3935250106682178
1.015487525015889,1.8519555130100112
1.0540601008938792,0.9767782371479228
4.561086259829656,3.4516941667244145
1.5798484491535252,2.1845971101573007
4.562527512289001,3.9133704621931824
3.159095953432576,0.09785874141483186
0.1822805812346706,0.4312260800057349
0.7014637746696722,2.721126801827596
0.4073004706677663,3.8550664911764465
0.8917626686295488,0.6849628756754433
0.8328556587916242,4.8287263353095415
2.172316598882173,3.5832961096637472
1.1907718967108631,4.117025683787351
2.65219461609897,2.7273931026388034
3.16278496876582,4.957527405872555
0.4066621167892498,0.7044215675484206
1.1766279418898806,3.550797603556574
4.6415314238729035,3.3970958215442915
1.370851661391364,2.4187850488248666
1.29865189394051,2.4901357972522953
0.22319824503790164,4.248761094079635
1.9221591912807372,3.9163385829731094
0.10694506217048427,3.604240675813651
2.1973168946759767,1.3359797425671216
4.452212211977814,0.8281723827213366
0.36940520762665463,3.1194022194924664
1.667116758868109,3.9988361745550076
3.4824240534665343,3.9401285106586132
1.9968858503641989,2.3240954326881287
4.061156430110547,0.7524068162072284
2.847566445578555,0.6262421636676563
4.929672607794469,4.985937302940124
0.47737502389850583,4.77876315218576
4.447921701251299,3.049002252110218
3.7386495811104776,1.0812474092911946
2.773619867288363,4.379990719298219
2.3329118603636556,0.496812445044158
2.0517851831651845,0.7136755214255969
4.6782598099604416,3.9963815089295234
4.290993105753036,3.1960708365537505
0.5067964246776485,4.414835812716248
4.075988396075862,3.947170626289659
1.6741462792928479,0.087526426476503
2.6181034440317585,4.580173426656248
4.354254297716279,1.6510505627481364
3.4831839366810198,4.712000498352339
1.0091995137174008,3.2439080662676862
1.9217882879712307,1.2758654027406025
1.8753690794580185,4.031891850832313
0.887259539818463,1.7928444210479078
1.793266417564801,2.2523493681384945
1.8334284757765196,1.645899783125862
2.2463060976077176,4.744144237366704
2.523900595497685,1.2921616489132375
3.462995538371996,0.6004702911179716
2.5828043798237896,3.2830223384138115
3.4768200055038982,1.8626965425915198
4.183487101587056,3.2166118728642896
1.7323075347189432,3.3684427023023873
0.6982159664536353,0.6952814323188816
3.9444973078422834,1.3832343593687209
0.5247787393909453,0.17759135656887748
2.8005657191737807,4.065229201362574
1.9862095342588377,0.04464983071746309
4.8079768954088795,1.0101875657823045
4.061231046621593,4.248599193928031
2.645211621053849,0.0521816221122412
0.5959085313767348,2.111952730079885
4.939660380036814,3.09243878089828
0.32758958189266607,3.14157590405787
0.16287868024985275,0.06261126010475682
2.574310762924293,0.3768168435629138
3.3964014411022356,1.9406809533270497
2.615775444739636,3.1911899324839634
