2.5,2.5
2.861339662482647,3.194486095433688
2.6539582561185107,1.8759012421032244
2.0941445029188577,1.2574779950108468
3.1357389900825483,1.4006873009146936
3.149470041535271,0.8408574459687346
2.989139678600445,0.6228189455334782
3.4139186491852698,0.8923963098949583
3.1930251246518755,2.0262627671071898
2.4782165379092524,0.34077208172990536
1.5060309712737285,1.256772229410642
2.620720218684937,0.8151158013479642
1.5895568032452907,0.0644713275958314
2.1539310418564774,0.7979547209101251
2.6855006549555265,2.5058349284851973
2.01185207129346,0.3352573248639146
2.725246649242767,0.9199441894942184
2.7168849167236147,3.7202946556653247
1.7808141398682547,0.38578137119818
1.9315100019853122,3.3999854746071927
1.642856071275431,1.729922448647812
2.801287430725653,2.9899191403597976
3.7772837006237774,0.3998997866269832
4.739120300621785,0.6092446243253241
0.9069071084214425,1.3436826579664736
1.567506416769013,4.112031691135301
1.1788725379687381,4.737233464714199
1.6463929239670194,4.543933492754039
2.5201148860224136,4.09890716359871
3.433299591733135,3.355805443419416
3.0288177269091605,2.13287494795122
0.8868538672599446,3.5894307758896593
1.2427382428551241,4.478150815011697
0.7131588492530061,2.876889364351145
0.13913430408083405,3.8017924525350457
2.9125110861095598,4.342172050820963
0.3916570133915953,2.2545463308873077
1.4603636761346235,2.463654192782993
0.3960314793366826,3.809888423068772
0.8774950308570906,0.5224307094633229
3.6925048285408693,4.948764768302972
3.440649258325372,2.107479496619697
3.557059354228243,3.7642277586700876
3.472186577698941,1.4870764021838978
3.7455025920046277,2.151445093628117
2.642815336738079,4.371580494837362
2.6365533602605424,4.383107835907323
0.944874821070748,4.747450164916891
0.07983498781784115,3.8081029627066383
1.4669016886365398,4.212129297782748
1.9605346929872907,1.6825869541724459
1.8698013028047007,1.3404128415043277
4.453510285769111,2.0313470183589417
0.28020197047570916,1.2152208951649446
3.934271856369269,3.2068909637312437
4.140015172368548,1.3578379479784646
1.343928153677132,3.0784194096438338
4.484771175587902,4.9546781265090445
0.16559053063692597,1.8418303102958344
1.3602010299213063,0.5617581750953637
2.7809334731876403,1.000100127806867
3.8126202245526124,1.8390480564359861
2.101165140980403,3.3343955159753875
3.7856570156741363,2.9840047666270033
4.341955205008427,2.1356584395754568
3.9155290314064572,2.3746095796721756
2.647857317224101,0.10673419497924386
4.946001205320857,1.6732385797212967
2.6363813482869918,2.6499131265951217
2.9505270140355497,4.123339873210296
2.4323685873465695,2.6495257800401175
0.2793410834687393,4.740599613187416
3.791807125815758,4.543150053901556
2.0312787752685724,2.0386682231737225
4.258670038887556,2.563266224388359
4.624852896576016,1.102136655123291
1.510333989986055,4.094177679204264
3.752929139480872,1.4600437401487865
2.560915018871705,3.4285135439972816
1.1958216326015463,1.0496425835827523
4.844940042583686,1.2136208279111287
2.2107130427616504,0.4503709164776287
0.38196040165495826,0.28886196968792577
3.3826454641371506,2.928802421862269
1.6731599764627658,3.7765004862001987
4.9349310560042206,3.056666679954634
3.99057928709798,4.262613794897774
2.6126193519845624,1.2950258019624494
2.5892612432793967,1.5331580411848416
4.126735876644221,2.7793080422207357
2.787511116510605,4.764589711355759
2.8132411717722112,0.21745321066211853
3.6632448931848405,3.152223289784235
1.4411097920880405,0.3923305498139801
2.2138313473239335,2.2151294925528093
3.467660520003133,4.4141589909634895
2.8265100532301184,1.0636426329796582
1.7530599136505498,4.011432479871831
1.258198804423178,3.7349350315326717
0.4555244026018329,3.4448604626217048
0.45528166952021776,4.388780024017035
0.6879921972801728,2.6884049082832986
3.2836071879026214,0.6374358903929733
0.4522886355263006,2.4453121334297863
3.741350695399267,4.304954370638682
2.705290071671054,0.657790976592118
3.6007530998243524,2.644819102394039
4.504470486438744,0.5920983491589044
0.6557968344377607,2.6950536915340506
0.38322292783152967,3.908579457790701
4.791801229314213,2.9059977557666383
4.133735046196821,0.3477998480925165
2.575326225422359,1.8359710104519795
1.5213033751669753,4.721650058630932
2.538830501673925,0.5454197431121965
0.4923634708343505,3.8862918685546766
3.464317600797445,3.4884340011367327
4.013855926429127,2.2385001904636255
0.04396480762119792,1.907869481597948
3.596341731993121,4.254796428483954
1.3045661853001072,1.7545895197051586
4.008502939196108,2.2925188923273154
4.1997995021445265,0.587569975846457
1.730159354301124,2.2786206143691548
2.7339229032981023,3.2186124193379757
4.070270374404022,3.673618035444446
0.5474726524963741,1.8015920602005302
4.139067494283061,1.1329809486018623
4.399983637265982,1.0794490693748127
3.6642107033450926,4.2108074109725635
2.6663729413160575,2.4964693714370707
3.8222597236848173,1.0557720693420154
0.2501558593847525,4.7617066675382755
4.501238525280849,3.824587948864327
2.8403180263090384,0.892989148671281
4.375517883168662,4.65247336569997
4.639634848682343,3.1112781758464916
1.3073894669890302,3.216798375545803
1.7963786763357859,1.8179246261837978
1.7804466940020696,1.5789144811431117
1.1780024729525618,2.0613677602424927
1.592851773168145,4.886122981727862
4.885927966880184,4.921125991780128
2.7453966502531695,4.928008500051564
3.740184141600637,2.964080260314841
2.3954989761960626,4.085719801072245
3.5033001356429057,4.756958171421409
2.679274077074899,3.245603078583059
2.8398432486774228,1.6046188975293214
0.8503307689591871,2.789671136757149
1.612748184926676,4.781016831081479
4.642792436056183,4.718589148491459
0.9683337870451969,2.901429922902969
3.386714934387917,3.205343057297669
4.424200274028531,1.967004401566916
4.945065632547046,3.9206056760970265
4.85819973234201,0.24629111797779435
1.2833221944155198,1.4495334066784622
2.6755418495572614,1.8684716930814127
0.9516579704877698,4.939073579527295
2.539255169553889,0.5888616674568381
1.528095061595972,2.571613652778793
1.3589935371037205,3.490689716210839
3.720335804149038,0.3390761562669503
3.3042337382846236,3.6609673949476846
1.0607327572140206,0.9171301724863845
2.6515723222581573,3.961079775914487
1.5531888890030814,2.916278544343837
4.413174369595199,0.6486138867541669
1.1582298187335016,3.608475400576836
3.1812365586696147,4.5939886574742985
3.583512711426624,1.0420336805875436
0.8299492063091202,2.603587981159663
3.1985428042238984,0.296298773389298
0.8674129965035238,4.224803204921338
4.447417036862899,1.7310189390588921
3.1608341730327645,4.603387748709061
2.523111622411754,1.4184225709133496
3.1692087441995778,4.642006446129515
3.2551944797780754,1.4055432735326616
3.58503548776857,2.746521781024361
1.6925788325491786,4.6007871893392105
1.8283244546420152,3.825936816528479
4.98751234885872,3.1110060114168094
0.5693666245005968,4.230369242369203
0.15761825251096984,4.88375936272326
1.0286391120516925,3.8162213862932077
2.482230651232732,3.423803232477411
0.5548039719399439,3.9216345706255398
3.838381253298274,2.22660430437137
3.8461664879325115,0.014607264556868449
4.535803282962862,3.5931778390020237
0.06031392895939791,0.767931520393122
2.106415810623071,0.482747981097123
2.796880126224837,3.861259877161401
1.2066413708412171,1.9439733575819647
4.085015576157063,2.2833315790959334
1.445009432423923,4.920849013340688
