2.5,2.5
1.949943588067452,2.7816670922035476
1.1927470591724165,2.814460638662411
2.0383994590834336,3.327288331975431
1.33250615261902,2.1672084654066506
2.635719095363114,3.7631577251942447
2.753459634835345,4.419527334090701
2.9675080636990874,2.7646468054703464
2.0113602659115726,4.616380371061604
2.0881985066791553,2.1807320983218452
2.2032033365262516,4.7174905900630595
3.245620030109151,2.5869944500944846
2.5944094436091802,3.0417464507771017
1.4265420723262272,4.6979940487788605
1.0038005651512365,1.7708703048241454
2.7572763902765702,2.4316510346400837
3.4590475286286884,3.6741281428390153
2.7377632284206936,3.7974419940732784
2.3737835714438122,3.850092403243264
2.2038292625809746,2.465669368440024
2.2395608401026,3.9750686382362828
0.47737408770174516,2.0893564672928067
2.2184113885961416,2.5808779942279663
1.3164013282982827,3.0059413055421365
2.1257538590846616,4.569356855094751
3.5460559394780096,1.835294913910679
1.8026580013053972,3.9347608214626946
2.5719778945484166,4.613879009683906
0.19942865362477136,1.253971572055299
3.730802860421218,3.9061689642087822
0.833682825066992,2.6828274580107787
3.8926042910459024,4.191074657736103
3.434158559506872,2.044868287931045
1.0239684985116426,1.505347381405866
2.1856487956815815,3.9724825090229388
2.8607986642420076,2.4748201564981405
4.2218736901158795,4.2942045714568415
4.99748424584017,4.767500720447807
3.694907740639332,4.587254421164218
0.8754798123412039,3.8610587713130524
3.2423702675208936,1.1659810009727383
2.3713574352689752,0.9421806818095946
4.786947909491067,4.649038261797956
1.8278697475561034,1.1863682179744313
1.6754425130407413,3.3839356366876667
4.584212495124949,4.587602677679493
1.8336057323495802,1.1630555364963246
3.45531954059122,0.6590798108406454
0.6816862826897613,4.465036589137022
1.6863755450636564,1.543442666687151
2.8486331536049136,3.0677751257414836
1.070453583044277,1.5691155420351799
3.7545808754451935,4.945976073271586
0.19250974562074696,4.520203969870625
2.6197970605576995,2.7351186590741965
1.0308742366443346,3.8900650572767015
4.38884939729431,4.1753480446433375
4.56432421298579,3.699185180207179
2.275962137797202,3.8736413821597293
3.1366642699383678,0.882974742191272
3.0391196132126708,3.409272675906792
3.379388103269409,2.029347872221173
3.848817861756515,0.9769228133679603
4.751014736377574,3.2411240720470973
4.225539291944558,4.676015162817718
3.396140364470936,2.4595878265345656
1.2999701229020522,4.09625250193953
3.59125060282063,2.609558918002561
4.630198147337497,2.5868704636255373
1.3557437716544412,4.473011269112802
0.6659726210661127,2.010488139280838
3.6916551135183755,4.736399280638404
1.9659550347934318,3.32312985737008
2.169857648832798,1.3757477223630954
1.1299855195927189,1.6906360992709624
3.3985513759844994,3.900868002566231
0.5308937284877996,0.6095083669963941
0.0723327998410922,0.0016733570932658814
1.4160944585169533,0.4483825796271157
3.1664658281049802,1.870406974627411
3.8796706924269886,3.4806848074046166
2.8959360006802477,4.0447805750381605
3.9111082130402424,0.216262815126273
4.224320784099761,4.340134401514787
2.7310532941386056,2.389019304016885
3.3746061414493385,3.5987269705387224
3.902012135196144,4.797670722532439
4.970007177775712,2.738008694004716
3.176964038325487,4.023198622880213
3.9035083748057864,4.233195711387897
3.9583128290344445,3.1778308626726064
0.8812655201840519,2.6745942155609583
1.3585801687176975,1.72027375785053
1.2910656045724993,0.8517819018803169
4.349890092896519,1.2814814221919824
0.12361078340483167,1.0974921294263473
0.35008461149186487,1.1731798469489623
2.1145846957861005,1.834669202508602
4.40695951488218,1.8758433713694527
1.9305833882085293,3.2941213176127047
3.0526343857481724,1.6554760029953564
1.7805668308830787,4.773319980566343
0.31320741142364494,2.67088568498852
4.997168927711817,2.041287729740497
3.4441897329637623,4.6078451706647074
2.921401498594747,3.3178114266312377
0.6840103825013694,1.2483251527905714
4.427108641995295,1.7455464685347728
1.1531906175056155,4.486498445426533
0.03283923683686962,4.9838484877777764
1.369729217446437,3.209387603316585
1.4497951436536134,0.8714456813853133
0.6326545031247621,0.44620244794380204
3.236570128857486,0.3292925503670774
3.9576820507568495,0.8047511984994754
4.36925412132461,2.9137420686728897
2.294290470176796,0.3860831353724603
1.1457769255697197,0.34633274141493087
3.65866228428219,2.3561854614210875
1.905155386612094,3.6085819306699514
4.997363751719642,0.599767385813692
3.435659775816263,2.4426639586200762
2.772807398370418,1.5143065841369252
0.4577760169961964,4.759730045101375
0.2049314912434469,2.056193247648853
2.0753497506265024,0.6672730624085182
3.853290646714318,0.9818722246708173
1.2526497258035452,4.668415635790443
0.503330257401367,1.6203421724730582
3.83935458494034,1.1640573965467682
2.831088569387777,0.049846752856276266
1.6064439540548863,3.3299285366630254
0.28201345561218616,3.0964614925565277
2.8090858309495355,0.7607837980798204
4.679350196910461,0.40698603791964494
2.418235517287313,0.5660499403087588
2.767810479475838,3.411487864932123
1.6907234326102427,3.663864486136126
3.3093344750869136,0.5276853222855782
1.1670394821551926,4.29505389031063
1.706536927532809,1.5522334160608082
2.1743260306417342,3.1217278657152625
4.10197369973864,4.150276913391563
4.637792601084207,2.1756867710363763
2.62813757160377,0.21557325579268816
4.324906584850895,3.4645747984750175
4.437850585403616,2.5329530838180077
4.196049810027164,1.7220754450142932
4.58591395791423,2.9430110148008657
1.3043879058897112,0.7714993384318736
3.071771144175762,2.535073408232517
1.2264314831373295,0.7908860372625132
3.700055142437187,2.309787017158066
4.499741652068913,2.6304155315407995
1.5062234840607247,4.445503391214098
3.0606318823696945,1.189318265899626
1.9793803064770643,1.484356508594948
0.5354798419644402,2.646318070278121
2.375128667828826,4.12293808503894
4.366335860423082,2.6118998022894364
1.270988503289252,1.1148149367637732
3.2129825827386,3.0599548106747356
0.5411451406843054,1.7464042806793763
1.0235118905370266,1.416894165243721
3.0674287420289215,0.37061784432056044
0.6719800621502481,2.698525106297764
4.147554507987776,3.4910727576373257
0.5099335495469248,1.742940412115424
4.673909632745541,3.278994379644727
2.4924718378897204,1.136145273507621
0.911991453782654,4.824707413427354
4.941126452789117,2.5422129209365902
0.21613989157528268,3.271166461418822
4.337765022967269,2.827313462449247
0.043091013723230986,1.191041735863252
3.394602467844848,3.764462568641152
4.9295533537236595,1.2800399318636075
3.479159185830988,0.37901269094185175
2.1174618431609415,2.4746270062521663
4.672974415678347,1.4891690991199984
4.812491510346485,1.330619058005143
1.8874206825579214,2.51425529002723
1.738343674157608,0.13455332481113802
3.140584096518693,1.962674789877214
0.7790840925670595,0.6278725524280315
2.5166379904655214,0.8937866703899194
4.066278762426084,1.0619333055514018
2.5191163297926167,4.395220245382234
2.635547129368055,0.4720008308682411
2.027375802728148,0.17442341512394877
4.4684620972204225,4.015966212960671
4.684140926646749,1.7951480531787756
4.707108694641818,2.854229882055441
0.1672649228369122,4.121918815313336
0.7756547639610889,3.2438469158598844
2.5198825658963493,2.3967483099926534
1.4936370717448537,1.7522099185299622
1.8084072411875023,2.95042505665126
3.2894988005876673,4.991933724573746
3.715928758074285,3.3110772456811546
4.482584791157628,0.0008598199182319188
2.345677422673615,0.5417480351079523
3.0772250011586726,0.641498171472138
1.423871556288705,4.910161025324821
3.503977213069756,1.0002061193158218
4.812014009305034,3.968176160732776
2.4589403255391797,2.5256280481665394
4.9547686817399015,0.22633240462129223
2.8471244456010973,1.8766161744796679
4.91256965490232,4.764814953292799
1.1140189802976757,2.494694405385218
1.0016348542265907,3.550570752163116
3.718144438218643,1.4488185107766405
2.8455996852065373,4.34669371890897
4.3209532822427965,4.339728178856104
2.653655595521371,3.128009674865671
2.5587247732605234,2.1812643959831632
4.58788202415225,3.9908708386229037
1.059060907520693,4.9047001674947275
0.8520243561823387,0.6432532279152731
1.2210561457921205,1.7415786717339254
4.017666331653574,0.980457648509786
0.13534130494748942,4.890794232238159
2.4521969388815785,1.7764127948158954
0.7694670975652823,2.7189318735184607
1.1813225415210309,4.652964949539769
2.5142542590514867,0.03695107158030675
0.43821608510116683,0.06427634077414812
0.9601241760377288,1.853033894005096
4.112037817719723,4.259249219960014
4.619570421590048,3.242154719847135
0.3070542393652409,2.3538159256091595
2.579901275303349,4.631933003018985
0.6468561607577544,2.2584160331786682
4.2490978929142855,0.321785951714777
2.853036402924932,2.3676805247524833
2.9801929759404713,4.1171136924100535
0.5312473589545924,0.5620401231876154
2.094782827085811,4.667799412450493
1.8013982044206045,0.12064451308300472
0.20931015370616868,4.593352586507833
1.7487562695166192,2.213535303173078
1.865384950199846,0.9690333891531194
4.765281258847439,2.6020398559256868
4.2760744849221455,4.417135652956258
1.0658225727122816,1.4478708720381461
3.326313671601588,1.49461628643276
2.6481250425849563,0.48535651543765934
3.8234870055210184,0.6840481506858459
0.0887120802459479,0.8208139574134399
3.4122228041301916,2.163043676485411
0.220956632020069,4.617645945587158
0.013387084471999655,4.9208870992480485
3.305281153918565,1.1232851906495789
3.260925667224261,3.6684959850688017
3.1205515448284507,1.9483130694015012
2.3679961801038294,4.3589555189912605
2.1632809684258842,1.7584727774210995
0.11069570152671293,3.3504627675209693
0.6416180000271704,1.4951249722404687
0.6585300061387184,4.467869097474963
3.410798451835203,0.6771291567105209
1.9297967392595694,1.674744942725912
1.5540489742014674,0.33502350720480356
4.7154537655271564,3.9216165526322366
2.3452238524068063,2.580216952014097
2.0488840488879485,1.9354044192410647
2.2135647090806136,0.12850247063663334
2.2507449006198343,1.2544374082902532
1.8126299554284016,4.286290232274571
2.6162224485954577,3.937049016047646
2.1542501278853106,2.5473356860482106
3.8948110121740105,4.284417629901201
3.7523509206310264,4.870294958652983
3.673460617605784,4.457797325641739
2.9487227059231165,2.4338387389476166
4.761068546076397,4.922575160766539
2.8050473955548885,3.568874803569072
