2.5,2.5
2.3238229302598006,2.1729634294358284
1.5456767414565413,2.220768539851663
1.5700205736601132,2.271766120088267
2.784329729271771,2.170344639501117
1.9458628875006079,1.2512062035316884
2.172670047492009,2.9678505241277464
2.110401502863259,3.9619662346538305
2.2690240023228885,0.9292044650494785
2.0667540572196765,0.20162935077680466
2.3881493605066266,1.051109193999396
2.4026512933231836,0.08728033479688313
3.415654082327408,2.4553382815440816
2.0900970632596447,4.117446150971734
2.9056679963715677,2.427316817918836
2.0001972419369056,0.7680115495413953
2.6213224136723157,2.318358706535333
2.711420194378152,2.136105300912612
2.9688679833126317,3.413056300448552
2.0036443536810666,2.603248577887488
2.413146091141135,0.6493752246444756
1.7850407680205538,3.792539275398302
3.1354127300647288,1.9758635444939938
4.136715510445115,2.207304314070751
2.6254042162334263,0.21589197052429343
1.0768925980448811,0.9929568150861884
0.42856360498588153,0.4955082161413177
2.404866465620796,0.820116877874908
4.3192920521201605,2.848247840496157
3.3278244960014236,4.095664959045504
2.24666107123289,1.2855463808703438
4.3818612851943275,3.2738820733303298
2.9531813764659454,4.456145176369771
3.416721605131956,1.2106987361697386
4.411934723802599,2.561657925352554
4.239399900893445,3.523744194585875
2.9708282031890736,3.6049451744864323
3.561753464592945,0.1277639982258394
1.1868604284020305,3.3361298435461864
0.4177083392554404,3.30405943045839
3.044119843801212,2.258519851276935
4.9068718239713505,1.8341822214811965
4.749347414313273,1.6035426828791803
4.778062953716001,2.182480651685978
2.619367269788379,0.056159673714383795
1.58120843778149,4.7458882180697834
2.9855186843262564,0.3722931179888622
0.064595834995268,3.7873782312549347
4.117121818130557,3.0548177442295517
2.345096035667405,3.6196773517022502
1.4218992532234476,3.067360201183636
3.3727338237778364,1.0046790170048026
1.1405204953832921,0.2000733183859621
4.4145989776406935,0.4331660642374391
2.6591900956157883,4.685813013471397
3.3111852117107836,1.5525712443239281
4.312348013975892,2.5847045280311303
1.0657734368956278,2.171822768539985
1.901703842337605,1.4544962947470252
3.1189374709237274,0.14608009192367488
4.597878996165225,0.6004494651398345
0.5276622585668322,0.5672611939408445
4.454153701426263,4.435212258959625
3.5802765961366423,1.1119448907181444
4.54281219455483,1.2318771659657213
2.4431799689097495,1.5657593304198407
2.328075162179289,0.8555966333111892
3.6960005074124553,4.003298120758188
2.8242646225791734,0.016551595372299444
2.4706317786906573,3.247396260339361
3.51924195601858,4.528208828664958
4.711211319896527,1.3773155835322908
3.7444498874437295,2.01184177846667
4.151962915710097,4.117083845142383
1.1565923666713855,2.6257050894700784
4.407662691075019,2.0495831717657857
0.22269157952717833,4.091680392752968
0.2821026060064141,0.3569951440411828
0.5711390073620565,4.9281343279204295
2.508736355329095,4.323859130585363
0.18042604373145144,1.760139733705222
2.8897382438762764,2.2967699414176264
3.1263367358102636,0.6673372191156846
1.551082766423733,0.6541393526798772
2.31414270322505,3.625609083008208
0.32485741506946664,2.904315770507973
2.3366720295949834,0.20859296616091483
4.802761380221008,2.1888746138622
0.14230496963677508,3.364311667381017
4.926042208165174,1.7245466079380367
4.6467419900209475,1.2346619767582419
2.8295447210564175,3.505363160545052
2.58413498379093,4.607274578822591
3.0205190882439874,2.9323330624435213
2.4733246111087577,4.921778592824523
0.7843092851777667,0.7887218899815784
3.6509423482394308,1.7817273661999733
2.974421016973352,1.172287556984915
1.2240614809518617,2.5263759476461196
0.8017353087949064,3.3117276169602015
0.6993927816829293,4.232821361740854
4.152117941816801,3.7913168333137346
3.1970696878578093,1.2841920828596205
3.3191164898302055,4.954528027134218
1.0913150475214384,1.8617115019230739
0.980043674682532,3.5699637887558904
0.9209601472736267,4.15830662550368
3.392788641462629,0.6545718853562782
1.9639729396670607,0.6191192189633349
3.2499161363404183,1.0122349839468148
0.008083507620635921,2.639823842795627
0.5701711986823627,4.060695995941731
0.030727000294625273,3.3549193872411887
3.152579305876264,0.5171143256243499
0.1863471543246037,2.6388890677545307
1.1918452541185587,3.1175800372913813
3.924588036930908,4.573786843877508
1.9782450116596484,0.5413226044378211
4.898722586062341,2.9901867089346696
4.612064385765073,4.914986351125298
3.5055591308688827,3.516534239827544
1.4312304561980083,2.641229404497809
2.3720249243054283,2.073618955518824
2.8494008317022743,2.1619785531840408
4.147779919452828,2.8460733397784415
0.026171219886591546,2.774826058896255
4.371526548956448,4.352594744143691
1.5728625124857625,0.25888325880819185
4.518343715098718,0.6757709444608728
2.2999220342828774,0.5670355839169228
3.66681458361708,1.7920674523539826
2.4963051726227485,4.065147499840736
2.343825356393392,0.30771482053845445
3.1206745603551544,1.051476784252901
1.6078079041674365,0.7314340689923116
1.8810276546695177,0.9098732238352325
4.006090780557611,1.243773837158522
4.049092883306978,2.5987784722423752
0.9522979269421844,3.473313752964823
0.18880219056608083,2.503168014333384
3.5356102433326737,4.848355677365926
3.1879957845838858,1.6602159565733132
2.2932265110358765,2.576123251566655
1.2534408941804875,2.7430276920788694
3.5421267240147616,1.1872817710063954
2.588749880742159,1.0981783912739496
3.633623455145231,3.91010659079762
1.320083485700333,1.0085866110683255
4.399529651177323,4.311992562257804
0.517977494704388,2.5000535569617637
1.170217931505766,4.398469939309416
4.787828139435299,0.6063051858411622
3.8134344174101154,2.6975881949206397
4.543069957171873,3.70508607652869
4.422485218524786,2.9865419481737847
4.981830403355242,3.1702337087950005
2.416761623632244,3.804116776790723
2.064927145455483,1.3991418655012167
4.443560804253629,3.7647285818355885
4.138486999067203,1.020572390037921
4.253741587809388,1.3526001889135253
0.8693279797784981,2.5808488204518385
2.5240485662281387,1.0161580805846115
0.49072662314383064,3.4317953978769933
0.5474662878043468,0.31471999916026117
0.843234317030519,2.2358664092248293
0.7681474455533294,2.0398821846924706
3.5902560553612473,2.7254246837974176
3.692664300789053,4.3317430052830135
1.4340328836142302,4.222204691497685
4.974025605120361,1.6017303104417446
2.4862735957711357,4.620167333390947
2.779889476949464,3.210363796240883
3.096298703144795,2.7870920979386176
0.7980027260238681,1.6667124400243787
2.1381349809124717,4.330226710362856
0.40232548213873565,2.535227054426965
4.395896087019672,2.9556823224860485
3.0457058509381945,3.5214284719332993
2.632955402526849,2.322651022773498
0.888074705022302,4.895017413297128
0.14178187379535412,2.9394321544205844
4.323871187447471,4.230591449119511
1.2684644371813674,2.7860935123700297
3.7856286365986636,4.960100689121292
2.7944316236088524,4.163102157822068
3.6161605563032184,1.9461123058759078
2.919918291220689,2.8091885600857753
3.3784434191022155,2.0717810800612364
4.171352887756251,1.6853659285290012
3.511261009333352,3.414757430318561
4.7606970092750185,0.1280120966893339
0.11169351168721975,4.135329516898097
3.124003644150781,1.8867270287563924
4.707652762194546,0.06159923920459831
1.268863201127295,3.344235251792818
2.3923454056034688,4.913316360835001
4.384421656677286,0.9627988995057746
3.1145010482997915,0.7061796280929522
0.3644076699948523,4.467515206311564
4.340815557212158,3.8055393106011666
4.287482507041325,3.2936968482731133
0.731203481783475,3.7405214202427084
3.2881843452596065,1.0713613539784184
4.290628873839206,2.074139214585159
0.33846134003400863,3.9808901409157005
2.7697667283010317,3.3973637534397145
4.712887304373382,0.0009689239605648048
0.16572751647705497,3.6711438137152186
0.6336152246485011,4.314601492463568
2.258332872767596,2.98873597815525
4.0359520246851925,1.6564819970773292
3.326590720097009,2.896315602682498
3.3278979362046583,2.141927475875529
3.5513208548307196,2.1534907250864164
2.8765118415666846,3.879867069698975
1.6117128993072272,4.8686654277782555
0.9319100320228724,1.826087270519754
3.718910615128237,1.8732198063430543
4.665276797460338,4.7611095734553714
4.450281095679638,1.3298020288082235
4.959091798917552,3.8939366625042404
4.904787373396798,3.757384721821527
1.4807195367506303,2.9753680716203483
4.708847266590311,0.188548000967107
1.187887255281364,3.0614673196976843
1.772511895351618,0.993750913099633
2.678570418507637,0.7612417404475369
0.3905743545947321,2.0181308881450843
4.7528662066091085,3.6939990178868354
3.555973364139721,2.7575594888423733
1.4352036589119543,3.03583899225064
4.142149309127692,4.16088045141712
0.9137055979163877,0.9712535120448162
4.722586815881774,0.7033529675339928
4.786840701776902,3.4708155034432457
0.06333982336163169,1.6665323331193775
4.239174210759535,1.5335180405565456
3.510481912084593,1.6442030115551503
2.8704900067972994,3.527590457237877
2.8985873234792585,1.0357953240623607
3.93927511993398,2.841449725846563
3.6116013676235372,1.3929759151728298
1.4563065325563889,3.3745245006093456
3.3448446258209414,4.77216480705526
0.4204017219023548,4.075096106236486
4.17525978116692,3.0804874124582233
0.03481378992465756,0.8144522050489
3.830375240115095,2.0566425964685764
3.4364931671693544,4.532094765429726
0.4344872111066428,2.2896568220092712
1.0053071439796062,1.5481574248268037
1.1557606271487186,1.2259869520049755
0.5724375910132146,0.21311984705969345
1.220975954201637,3.4931441088766753
0.05055449296596959,0.46197709351312455
1.511651923540872,3.6626110536203464
3.5626072355523415,0.7108926633621848
3.6432340304506523,0.6067284503967479
4.288265637169926,0.9440543659620715
0.2535511548544306,0.2565271133129876
1.24448029302624,0.9833236556676828
2.9840837516362377,1.0052900978656742
0.24192041124015407,4.645196483458992
2.056966591790003,2.6852510860643313
1.3871396404269527,4.355408990414477
1.6621684007364712,3.286639289500926
0.5659384718713428,3.7385894125990804
2.605306074283585,1.0513730406108217
0.06804218360063508,0.34670928200511875
2.597013495776058,2.4295098131547292
3.2456032479593584,3.0911763656219033
1.3586609657600268,2.708558847455288
0.5090808754428766,4.251108684003023
1.1977290073616214,0.9925832710300597
3.4839956167729653,0.34169360590382614
0.7036021081627625,2.8587783193920764
0.7477066597780735,2.793264753208102
