2.5,2.5
2.398274825706453,2.515312493832992
2.777818385242585,2.211955174763527
2.471211106451114,3.2801419937284533
3.5714637825868163,2.5276725805148725
2.1641004790764997,2.421855848958594
2.2675498632801414,3.101424403943767
2.460252168798207,2.560554589404927
3.354097601440169,2.6576101895211606
1.4497879576312949,3.229988545998619
0.9072182184897754,4.054281278808406
0.1528606560367607,4.5674820860028555
2.576900540204312,3.1655001459068286
0.5424513243810586,3.997182670376887
4.045754946499683,2.2129452375946053
1.9755706371860833,2.53650696173989
1.4215874924731815,2.826561422798955
0.06297632541932441,3.5564441512063567
1.7709623125711933,3.1082939266656022
2.6328372030276888,2.5315394844313
0.2898684117065353,2.8461473738399357
1.0331309623490141,1.9108008396750542
0.3768989429229713,1.4378504131755916
2.831020147619983,2.2986232844383325
1.2143371661225206,1.242249639210136
1.1879441990024802,0.6153596328201927
0.2882793066176237,3.7462956564797216
1.5822284935171005,3.3526545184274075
1.884122087686701,4.243472309673283
2.637750106456369,3.7903443836993898
0.26302836924317674,2.2372867941675474
0.7225480141635698,4.359095294802487
4.031324074616143,2.820162731671274
1.01012745568908,4.793728632313504
0.13397145043351544,4.759694381395184
0.15463062466651967,4.62168573397893
3.3522261713244883,4.280802393391175
4.863040941875757,1.9082472829152404
1.2528688744634942,4.862624208378852
1.8000993840918929,1.0166599529924136
0.723450021523428,0.8363720899912414
4.550480897052017,1.8486843887200126
0.7582136596846284,1.948212582721434
3.142774048108401,1.9950160109951653
1.6882042124079066,4.188298078048367
2.183767255414895,3.048335423208565
3.345059267623018,4.862185723956045
1.867836749891953,1.5923447336487389
3.5383469934287195,1.6101288565352028
3.2223794922417435,3.5073229388111624
0.6800143105542927,1.1852204601879053
0.7874212202157083,4.636573660715551
2.010635413520434,3.4387302431146005
1.3221340993559927,2.595764723944315
2.055818663251587,2.4092205222798704
3.195639906241799,0.9811724048401099
1.7282364998213868,1.6624404922221174
3.123793225761768,4.986436289685229
3.988055411153933,4.559393349720407
3.8931114683148222,2.353894579853451
0.39582187039657657,4.002198506065018
3.2133392056491394,3.5437552873542155
4.018059222273788,0.578355380228257
3.171767445205935,2.7595125872466126
2.340788342631463,3.785944065659621
4.791207238214524,4.760656301794585
1.9011923317504065,4.506870707316636
1.5210222161290394,0.08752286522309582
3.2157271868851716,1.670647133528516
0.4226640026878803,1.48939118072981
0.5686074644192324,1.811889003292237
2.80212097902758,4.593382605763776
0.6483621618968116,2.0175009636737196
3.5296298766079843,3.359231804835976
3.2482424417029403,4.028041879553162
2.583293599829179,3.81728326154193
1.1700256257835489,1.6173342446038137
1.162737707664308,4.139639500125857
4.617688220442517,0.44533982887476786
4.175869310586663,0.6482764279401082
1.8791221730551362,3.5158359958760417
4.8237067515245995,3.8443210393747913
0.026025850900222025,1.2462893872668928
2.6298600777243313,2.9299532291886754
3.015370697906825,2.470642042267632
0.21966944674778888,0.3217749627205191
0.10306885053203596,0.296278498325076
2.2134438841499375,2.889538761009533
4.002261740585881,1.522430308076378
2.1293158593765122,1.1700454133153182
1.4743425554707035,4.951863412037849
2.281048268357223,4.426004924478475
3.8750211303562905,2.9769870163800545
3.922174484473782,4.413411282613323
2.039437558906274,3.892477517792146
2.455823619087864,0.8077084147180147
2.35796450618408,4.513304746378063
4.253114841468263,1.8305398610305317
1.1539188667720612,3.4089092145345945
3.082066686917733,4.54995692516673
4.12371171242311,2.4208182313588766
0.37766471484861064,3.088030126258439
2.1022266163884766,2.7092361986137186
4.0726261417495415,3.4713306063924607
2.5380695526953168,2.759897011905661
3.5470383292923042,3.188278497463905
3.5838460649291637,0.28006348588807184
3.0223543576749483,3.843855537238692
2.0984026647211333,1.5109714387179485
3.601581460793872,0.3436644026887986
0.02866365008980687,3.9646733378669126
4.599315230137646,4.1692428390929095
2.3600069214233272,2.388143114413957
2.291401721215655,4.806348353309789
0.05814798567249868,3.477332317256038
3.4174179829404427,1.5665195100865037
2.681193734431293,0.6898492740594958
3.326379091621379,0.7556338836365406
2.1006393938390913,3.273392433322044
2.7249237963552324,0.37409652353006473
4.767476247094956,0.42026432769647126
2.8462800525886593,0.009228603845406469
2.0310108090271752,2.562460191597774
3.7446884136858625,4.521408195457088
2.828657670791392,4.535424725109954
0.10436570198409545,3.2899815510152477
3.97451552232999,2.9414984227281864
1.1184919535635829,4.234025889231873
0.6408059393833865,3.8625326074992405
3.9737259717016116,3.288880157032439
3.2106084792634855,2.600382732139303
2.2388235324854744,4.811710947429038
3.157101478316582,0.3905864843860857
4.71387080019969,1.0684785064732178
0.637996507608557,1.5366104854729374
4.972761455814014,0.02015586941917058
3.38186336641513,0.7210962087257328
1.2589084108801274,1.4028704124881148
1.9668796214852435,0.09739617227862651
3.9144448517515,1.6357277211031067
0.6515322677511698,1.1739004141782412
4.291174611323734,3.872511110924587
2.9078848253052842,1.7806201669076867
2.0007563602419594,1.846722324665726
1.484501572225891,1.708300429417497
0.3750777889622431,3.7765043981296547
1.969813720271787,0.9882518053470685
3.7992325347657423,3.397079847849157
2.155064567575397,0.14330369625808137
0.5672523396170548,3.841231752011262
0.3173586551599811,4.4711638332361305
0.2604093263797963,1.6982683609687381
4.8721045753061665,3.384072874965266
1.4226907526309784,3.2267673996415693
3.3226442713689974,1.4287472208068253
0.8385018208676942,3.7289164055615203
2.524165951070863,4.614540837412361
2.8210052588292593,4.562708257921098
2.7253314680733514,3.466392145461412
0.8591563320347384,2.5477709529375945
2.7452462969502927,4.6508395775933895
0.5401146402208956,3.1415145178158927
1.036254035128228,1.9959748015855046
2.1503553538368383,2.809711535820148
0.4164734290238381,4.124409379801848
1.179206185392243,2.669976214571914
3.120955935555871,3.9448496441246625
4.546261929264382,0.3022099944716494
1.6563291998302032,3.3803578690351594
0.41186400497146836,0.8556526464787617
3.353097047271784,0.6052636761250696
3.889155487196306,1.8646592200424288
4.478551647708791,3.6827785883480004
1.1796861874366567,2.245582783160792
3.9373436626980447,1.6860205061419942
2.8468815024276446,0.9069102709043902
1.7569360235900966,4.637661197568108
4.713688202411871,3.167605682752102
1.9321551417653526,1.3634866357846476
0.5911973877439214,1.5211160076088959
3.680351208761437,2.773679981468478
3.178563726498523,1.2322820856500867
3.557657026906891,0.9746507077601319
2.7033557696213846,1.2682967777570198
4.427413850164705,1.4940063790556728
4.96326104614564,4.839391317749526
2.344586027409356,0.8905620003775433
4.955323291119809,4.419690854753874
0.7918713708144826,3.5542187885489573
1.1954292161108881,3.8649328998373926
4.767324739406003,1.1950978337360767
3.051808910026115,1.9307022172272925
2.311734089031229,0.3271485441196137
4.905677588858346,3.6560358639695
1.1167054170317359,3.4861379378002915
2.81034888699967,2.3534443358650807
4.4287355231733265,4.680198084569719
2.719048760219347,0.19200561038455688
2.0928333459976174,0.5704316261296016
2.065212427292589,2.7563422250882703
2.932146610527279,1.53816658984253
4.196088087038453,2.9941097402191916
1.705081240462854,3.374810208462626
1.5787213037279668,3.892681462450251
1.5794917302471783,0.590803318385254
1.0558629169606943,1.6399157474172221
1.5435632291273809,1.3247910626791621
0.7446841433111695,1.2941906907916745
3.2516704312859246,0.5006306884719697
4.351363182088685,1.5738525028958372
1.215000619354345,1.6282697899304721
3.2980821437074983,3.5817773013507437
3.4986760634963203,1.7169888152131407
4.728678075536385,4.894088869539423
2.9341251033279874,0.2923365434957975
4.072674079975291,0.42390609395789314
2.105783870469042,1.0225096611817819
0.16316002171834987,4.347488216935576
0.9525481950201348,2.5157441108725234
2.0101487166369547,0.8833251529803327
2.5212957888839655,3.6418710916935875
3.3244403293090046,4.957468485397131
1.8332781784273782,1.1977599522401472
2.8049232832256568,2.1662348637576856
3.0433103255500864,3.3074073050631085
0.14363963152971337,3.3493743884897946
2.8536153758966813,2.608055800838876
3.1982324242957545,3.0933867726106667
3.3550207907651637,2.2996987208939275
3.0212997232083683,0.16605782531952107
1.1483501807962466,1.761490688035674
0.8902133700607284,1.019114852210511
3.7644851927360516,1.9333156807728984
0.801265533080962,0.8246359243558243
4.011560691001017,3.597190004569794
2.1402511257741867,0.705992491333679
0.12186456750828523,4.07900720859293
3.5660693646578157,4.934297063160503
3.5433338013628486,3.9401914474066806
4.190340839618553,0.9535588207140833
4.737134531563108,4.66186332119907
2.175331342815214,4.541446812028686
2.3908606498681855,0.10821249338870353
2.6190152236321267,4.76293159571337
3.911747723943672,4.163453548006172
3.955167942590962,3.3496085462268983
0.18737899732027163,0.5562839773264117
2.630439807535925,1.9280633964791505
2.090758002874009,1.2225281652272164
1.3923575527597576,1.9878110915578424
1.0730340703828667,1.6387133894250523
4.573402026483976,3.889840083255252
2.468462573162753,1.3192911196471941
3.5700616208883518,1.334036573560281
1.0744744757505953,3.9039736817581887
3.2125129188027124,4.438169391664768
1.037849781897049,3.621929071335817
2.771534438515223,4.637990619186707
0.8185979538525295,0.38310294248615373
3.16527013574834,0.5358715217608762
3.2284274884258157,3.6416452037329217
2.527652613286489,3.1072098302886104
3.8518828434842876,3.3198373267489547
1.0075155192045,2.1752208958063
1.635987655087006,1.4333053271776057
0.09055635730254641,1.7242524834783084
2.0861936479018963,1.3172939187899446
0.3134770235239692,0.9987963681048179
4.787618087672784,1.7198907464088353
0.5094067529805613,3.6942425475418905
3.942106043710745,3.58360341662018
1.4322859030450563,4.023697011079105
1.6537345733161701,1.0477119108669792
0.4134552162950528,0.3657508120572567
2.227556433558982,0.6120590496683043
1.8898740855864022,2.594745787578918
2.001868320688912,4.514161310288539
3.704566202782788,4.757573928547278
