2.5,2.5
2.216259553772969,3.1709521340980706
2.4075210805815237,2.5492976981346955
3.156541934733807,3.345322613457946
1.7013211305111942,3.808451025619559
2.648953534457521,3.8546364851037582
1.5131083750723224,4.211038553015297
2.630394969312487,2.4119810431421627
0.9481876772874348,3.15821956846798
1.43506234504022,3.9234719053747846
2.8169847491372186,4.230118874976766
2.4123741665769804,2.5252090413357924
2.466491946744633,3.059844590948846
2.8406329815846814,4.855588331345725
1.7394333166321152,4.492885230428644
2.133309640574333,4.9704303821176055
1.4837665657511456,4.71126479819314
2.9729979405727547,3.648317385520727
3.3672654251956424,3.8445041196521537
2.068288945821342,4.789068212886807
1.79410048616174,3.070566829536023
2.3429088067536883,4.091180013310034
3.2837566280573975,4.7248156025174435
1.2776771468306163,3.7249896306341763
1.9405143031706307,4.573291784981054
3.149646405494309,2.246455238755618
0.3801339084831873,3.2589211109865217
1.2765900242412187,2.3513041297059085
2.576095244896657,4.838927061898525
1.7969104116912287,2.7708968091931236
3.628548837791063,4.3703570398916645
2.236832021412607,4.959178271618549
1.4226093629174357,2.379974632042811
0.32758934440290377,2.482256562751861
3.4734290424988226,3.7308869490471297
3.2404297403179436,1.793889920745762
1.6165863529722402,2.905603217131911
3.9540227704325743,4.4454840825898465
2.855570339174036,4.625252999574189
1.1900486165360284,2.884418767796607
2.162572882774525,3.535020255223012
2.68257806563547,3.9095147204873193
0.4124393014439809,3.896106008240693
3.184028975271519,2.454578234050571
0.2626702704665812,3.584083483410962
4.822163623474714,4.697806296640993
2.1586049754956567,1.9428895451005075
3.9802865364422764,2.910245200039949
4.249850213507399,3.7203960843264077
3.2486707030462956,0.9175977255082401
0.30180290715947244,4.074131010235954
1.8419875833740833,4.78805451384494
1.1998370046269624,3.2550187888351907
4.356033560490896,3.942166799541254
3.9375097231783602,2.7125094381136794
0.9324327366956475,3.0181622228600196
3.3971060108530224,1.491308068367574
1.6303481812356573,2.413048936477395
2.4722550758422157,0.7836863945942979
1.305397719325495,4.464885309610299
1.4609939768643136,4.9610918969465345
1.7683486152341954,4.712993792152341
4.525931814533168,2.7810332157601247
4.010485974257987,2.9135740946810933
2.479032769307255,3.646662536449441
1.3397148460538295,4.275953370839971
1.5209388848483307,2.1102633626772733
2.7834287862435647,3.8449045721197423
1.0755906619679596,2.827181278456543
1.5746112123220328,3.545599448054308
1.4297142305587767,2.45961672369765
3.023148117033909,0.5974189679409131
4.698454556277433,3.445440697547637
0.5989051495997233,2.612456840124091
0.5575162317302268,1.951045764526567
2.8798689764603407,2.0742930205256185
2.515556216777672,1.9599273861798205
3.506907940262351,3.786473856953677
1.918497456353736,2.7905367716799367
0.9856001574019285,2.6407428930592043
2.730455271389749,1.4089268180175885
4.477538470327099,3.9835124955148604
1.8758560486870497,1.7867644444797843
0.28851424812334936,2.2224610172405086
3.3920847868343555,2.9560894961124236
1.1255259119817396,4.526252844084404
1.3332427175262829,2.038621683640823
1.9817623270010276,4.124108139767852
4.110574936136058,0.6725733990146376
3.4613134507517134,3.4888354710161646
2.2342473001183354,0.6658440183897874
1.6209404718977527,3.5294591086455434
0.5498537551837906,3.878554413809563
2.9089470796741352,3.136894689884185
0.5785625528407268,4.689983769009542
4.065385169099499,2.1981391583198597
0.1564472263186334,2.67398609008357
2.804731727735689,3.2513170597294216
0.2784159681798487,1.7800171579706285
3.867053046806592,2.1796515001226737
3.1552968928784586,1.7723653372162755
1.3943763724692348,4.075799547369934
1.881098219476676,3.5283783601029812
2.5256288535322664,4.24827573968393
3.745633709374952,3.1442054718697383
2.9203284736068547,2.9926933872682597
4.160285088532899,0.9898742804414012
1.9040534323058278,4.154722289630003
4.4608734767953315,4.159599010348268
2.267625156331912,2.3057765636464396
4.800857722591374,3.010931525269997
3.5296969531629827,3.3499197450462863
4.6739703893527,2.8391519258248383
4.739692567616657,0.8228531712813519
4.4536329573338165,0.2638127511903843
4.8172390163634,3.992429695962821
2.751264051169922,0.956487121978698
3.638140694930116,0.2694251676659759
3.5712566141946334,4.986376005836182
4.157151175275716,4.450184296384833
1.4610965781086334,1.7496398833084936
1.7293040301911438,1.7873116547678518
0.7923514583717861,4.990092980538744
1.9271017082615245,4.826864925767752
1.166441994348148,2.5947260182157224
0.8197895995839555,4.172876938648247
3.431193651027267,4.608355950828844
1.6789845391480989,3.340723379062731
2.5851162950349273,0.8443964862075254
2.704483394775101,3.39943038667392
0.8299569233359955,1.2901312311289648
0.8579397815748324,2.343544828310744
3.7099459464688738,3.90201370022319
0.35758314272221925,1.1426075204521964
3.7866954874924286,3.903629328801556
4.027193610272495,3.07289182190887
0.980442537020127,1.1587573463993794
0.04520692522191283,3.8295304374227412
1.2585588457292847,2.8163063777433637
3.4392054459559604,0.8534128076702868
4.681909043165658,3.530951974136051
0.15596273138899053,2.9411907307194523
1.3295605781451814,0.7353999888205104
4.847903999440922,0.03163709882321619
4.043518484346463,3.46461910548935
4.631158202128292,3.667555757153558
3.583826136037481,4.966680734581149
3.2761508368292973,1.2544623011950362
3.9896832466066674,1.1787154519252974
3.671368377021375,4.932042323186176
3.450050108920448,1.9845449271579612
4.028660402879068,3.397203595920505
3.06300845415562,1.5264858634859757
3.3531152229046106,3.7102505383057682
1.618395775643941,3.886206198014381
2.25767365398396,1.038011574635485
3.010143394736575,1.2673998037937144
3.3342375855681783,2.23539153093651
3.0335020824309016,1.8945705969095439
3.042685606954392,2.7110965745868127
1.7829605771159391,4.069525696121713
1.9203809537857879,1.7959184575705989
1.4916716110643642,2.70730735006889
1.026129721981865,4.457428484819574
1.3098279840581906,0.16334414676420217
3.320783960289038,1.5244135247036898
2.9336486096437477,0.6667668017407069
2.8066943941790488,0.19708740467353714
0.18930153572077835,3.2357080425927713
4.896461103498422,3.674599121088562
3.130052330215454,2.581873771608516
0.8909445377848474,0.9295111846558274
1.380779085740823,1.1983235430159849
1.3483474918236904,1.2771786627193282
4.3153743536244455,2.8463247991085385
2.085960596747787,4.180111517680501
4.720077311976937,0.2202863655765258
1.3912796028170766,3.0515444115529333
2.832300976314232,0.17050131512634237
3.1746383705927075,0.6482273802328925
2.045530288907546,3.20206100187358
0.717356058547084,1.0870819909425045
2.871929547540976,2.65064449017488
0.12211057928935898,1.388910484236121
3.4317488579264,3.361237155580901
2.575376227707815,2.7430050318386967
2.4206730426983967,4.832342299934816
0.08062497239368194,4.225724640953959
2.1292032795047904,3.117636775140774
4.980440489128483,2.589274915790364
3.025311914375905,3.026009331600135
0.6031954737846157,1.6474488782917445
4.949085344632912,2.0960844159009273
3.854194357197151,3.6730521391467486
2.091845482001664,1.6285166442037364
4.010550822248816,0.47995213402301007
3.372511613867073,1.3573591496232766
4.783207625105997,4.304644349041776
0.5035719262552923,4.199572856225463
3.7922806777809566,2.4049237625200037
1.2588861904405206,0.7060716886021778
0.29093405300748887,0.7107898503365695
1.6452838022013072,4.217027812775686
4.646683913058123,2.5247681388821968
0.3208985530192593,2.7841024858571477
1.2385231165460675,3.758601121799277
0.8046999740614369,4.493910747336779
0.33951618789459903,4.613747772369112
1.6152237153731925,3.246195574676736
1.1359553306099113,1.846331969750667
1.997433617107427,0.9214288595144693
0.25372258425376604,3.0367839019249705
2.5333398685106827,1.1710284295857272
0.5294444445663393,3.206709022523219
4.628348208497011,0.5284517943583195
1.8027038806544353,0.009674183229875233
0.4175904122796886,2.9313282868338364
1.6842216319536556,2.241910230571728
1.934401972487404,0.8761037020372026
4.904260022290417,3.593233789326711
4.936346365410953,2.959141415931433
2.960357680019689,3.7231958190657206
4.891069357793326,0.2814903082894432
4.324642346921204,0.4244214203528268
0.5008546734877267,4.779291321660467
3.404282098579788,1.9447663873549041
4.032242008598715,3.969723002851748
1.4226139373720676,0.7476016462658414
2.584242915753119,0.9737456101506542
2.1757449552869317,2.918212179175011
3.389428018970964,2.968133288029757
3.872481122393851,4.5263523017466785
0.632339629934805,2.016739908897695
4.622306234268768,0.32937806004393666
1.5244353493063045,2.379585196791025
3.6705251040916536,4.723019016975967
0.21108800422119045,1.1208772460926453
0.022773468791985052,1.797968563118015
2.8827660304764082,2.8405489001152073
3.5122303915251463,4.171005692868786
3.493431620681507,4.223169173517895
4.274719550615476,0.68971202909829
1.7177908632408656,0.25212216295717405
3.874859301991032,1.5615089501299806
2.1863563368406775,3.328053216398279
4.619896025232105,0.2905813342743191
3.1627050028910326,1.6278903785309529
0.21953623596122795,3.679650474187823
4.47414586965657,1.8371641613029976
4.0912519599495765,2.96147180689872
3.1256304760088756,0.8734243525593194
3.2555802666926374,3.4828978916227236
3.512337445418114,3.553927640856149
4.562053667088471,0.4545016898195714
4.647145067813732,2.437837633462883
3.7812696527742515,1.0068184880412678
3.18524341495365,2.483642670764266
1.502902072812986,4.594293468998558
3.6304291148215833,0.3222840612459027
3.5928646531660147,0.078534275422521
4.250415683059896,2.798393199257096
0.6704928935209598,1.8727588924967513
2.8239013477636554,3.8552866719876167
1.4762867730292322,3.12191367639161
4.088035567344121,4.642964068982801
2.176035735504047,3.8754252765046546
0.7497136654617553,2.1872725607674703
3.611963206137487,1.350042017148307
1.6057788647745241,1.1003738592392946
4.08341788966844,1.0020441429871896
3.6340770363568624,2.005546290912647
4.668584272815062,1.9300828971605872
2.678146274648361,3.16418380870602
4.891065780616792,3.9417323015444206
1.7341521980867851,1.2450407122631624
0.7064459438892134,3.95594605904398
4.846534055258194,3.7223869626751154
3.4367580905619084,3.9682878539531794
2.2431334611045135,1.2119519594692356
0.35377111976735376,0.5781596542511219
3.061797398660884,3.5637443065370777
4.015207821424607,1.9502897640615808
1.1688283259393684,2.5134430678672723
1.7938651512675778,4.329995070420482
2.101234526463643,3.287217438566958
4.979753739758899,3.0939366774615804
1.1083444336039534,4.777540629597976
2.606382234337002,2.144954718942394
2.494939283448723,1.8256610524916816
0.8010193473181526,3.6094302514548366
1.650722308572038,2.640565123240517
2.0420318929325836,2.9944735486670555
2.166218704455443,2.1202435007098335
2.816832807772211,4.926991149069829
1.8145979472214357,0.026105997005608783
2.636210124492566,4.696955475878993
2.327037613904314,1.5112065309623541
2.071228997393197,0.4295978352673868
0.1178492883111254,3.367860100589985
0.8980385682036662,3.424442399937506
2.3049133724267303,0.8947552535759923
3.6822875043739662,4.435538543656906
4.5371352295427805,2.64815133211913
0.07728319777754067,2.57073861100223
2.8153083585615435,0.14114536061356542
3.411168851740948,4.707955083937759
4.147488068577739,0.5589913517578216
3.962291541516793,2.728905233290381
2.901660695022543,4.015941234490299
4.4620230554626445,0.6088199157493013
2.774156265006833,2.303367558386848
1.039013479014574,0.06085893881902116
0.25725403813771197,3.9182447101433366
4.714210157990112,2.167663371310603
2.490202641972092,3.567792153928827
0.46545282701206114,3.0604311243157687
1.6333821516295732,3.294493822274897
2.877388065002445,1.089094441928603
2.4355815460984447,0.6146996607393079
1.1171231507476176,0.5253536659299779
3.3403361747725926,3.7900635194869703
0.8789057458991784,4.694407576387613
1.302400646395443,1.1169147669365231
2.4455871379767484,0.6891769887210936
4.318693071432824,1.6996228899924148
0.776378860407721,1.0336905173278566
4.325249886346694,2.0948295139967894
1.792526707245508,3.81104939847617
2.3877859897997733,4.0586284479716985
2.193995290251969,3.09695742054936
1.4483424388555755,1.1132523739238032
3.1610041374747517,2.585855921032171
3.1629175561892175,2.7133839660082826
3.9497273817178034,3.229155809830335
1.7685285324642437,0.35390672004352974
3.020029980992015,2.048037107398073
4.24994029297325,3.411222795228937
2.482530421154957,0.32173619518889085
1.9749163914164858,4.285314585383959
2.0925468085146557,0.2480816544644543
3.6629961731390575,3.165562696525211
3.780656284590338,2.6616483984732535
2.653610804947242,1.6992054462671524
2.264622188290434,3.1398501498865405
0.4843604681793745,0.18736105351234267
2.139955557809035,4.828958504338894
0.11296506180147547,3.082548912868688
2.627127854009483,0.9137414662793758
3.315180342430004,1.482987616508649
4.815694232564711,3.9673542366648524
4.942040421381545,3.223933171298705
3.359143701548366,2.1351778196398925
2.990537730500243,0.10085077964389677
2.214580875788827,2.2302750028859464
2.8873965419155163,0.11128724449837646
3.4572768405629146,4.615376577579246
4.683739116754545,3.070629046333742
4.883383961063616,3.2748615089545567
