2.5,2.5
2.081564724843545,2.0426071190377915
1.428042568390765,2.7639148518963386
1.3292896980258628,2.7180631382342217
1.744654996301177,1.9414380788020895
2.239689199642996,1.1574204671758221
2.7528947117631333,2.9370090558376534
1.4361013954299988,1.05499443046073
1.1235741676589772,2.817643936124155
0.5854124960701046,0.66149148872375
3.3441569658329557,2.5343146135811487
3.829706652621251,1.7751839280189885
2.7079368678100195,3.8473207212778
1.5442171273970247,0.22126632107488053
1.1321792402830781,0.23166163695527708
1.4629538572994432,1.0579307577507646
1.4075200732765392,1.3727929954064433
1.4015555162416715,2.668760791975169
1.2928986360748045,1.5461885417234118
3.3965345135821137,2.4678338737635213
1.7564637222649142,4.109550319314378
2.066651952447236,4.96392050374043
1.1944485233739783,3.4176707344044512
1.6763987737898844,4.376161308933955
2.099217845391545,4.250858885788912
2.4087942779620124,1.7565904942359394
0.22106684496612128,0.4422333214949725
0.4350626283420084,1.1617332343486575
0.30638674753817874,1.9887962357630022
0.13961235026398344,2.7772572727476015
2.4754681328288175,2.5994393704450975
1.7590886631090714,3.5890562700012762
2.6018041043105464,0.7265126813104711
0.9049622880176966,1.5668252118314423
1.8569474933081525,0.03820580214794811
0.1780927919461217,1.0708911868192317
2.1435977549842433,3.6934118485362695
3.4710483998710417,2.971184611056218
2.1313646365826378,0.955071828940095
0.9611369426028443,4.0934081014906205
2.184589152203176,0.3495793823965526
0.32064080173457965,2.998178220489594
2.1371547135640108,4.072338969075474
0.17572042320364745,1.1326229752028398
0.38526107905158646,2.2749881607665703
1.8359369082720196,3.7356106570017906
0.9656217393427635,2.1297986915785847
2.862402725275494,0.540964236881234
0.7987524571788318,2.859642338719375
3.5171701700691225,0.9808165030243593
1.320634880064736,3.271182259633693
3.7856116610427843,0.91967003679718
1.226663995936181,4.602807408953147
0.5922964520131718,4.737635843764971
0.2943250497991884,0.867848432499142
1.7589519080476934,4.919609764457127
2.5900821860843575,4.730114926545291
2.058550114507592,2.0855106388651308
1.7756560406990973,4.76724229180628
1.6380280195789925,1.0199828160182496
2.535969118820261,2.6054616089612015
4.309737024101436,1.9184610343698134
0.07097165209870582,2.4754286832278583
1.8451303715195326,1.7931179090777034
1.0651475631606249,4.393114523852241
4.7624764117668335,1.1440422306970466
1.9686065299247586,0.5765774826067582
1.3190207408883625,2.342167893730122
4.478928314468363,2.7413255982466107
3.6886895111673264,0.38561821523072526
0.8032003675797506,1.6692528468173844
1.4693863511725591,2.562258498180145
3.3576838363519093,4.463024519052978
2.646247218544616,0.529645676163023
2.524645950294937,4.072437951089728
4.6492851102213235,1.3799519443846975
4.668364891372197,2.4876577959557604
4.581507731445976,1.6395921978408012
0.5404738005561255,2.6582651809040576
4.5056561057877165,2.8967630633655954
3.291679916471197,2.4999359689787632
3.54624931356498,4.088016568711813
2.3164382835333464,1.306203944948554
2.2549096937658453,4.328576321410193
1.1047913949129424,3.3672129634014683
0.6207077303329867,2.5989189272957045
3.2190133461329777,3.8663911509076643
4.768967193169017,1.4315024790241082
2.1427404071248786,0.7663146487497813
3.0245688708142007,0.4437507270965718
3.351359137712852,3.357045061630122
3.155956162955052,3.259820432942556
0.14159683568593595,1.2080453723073503
0.8359915611253355,1.535492690391742
1.0914222195740841,1.9574344217827377
0.004130419209514846,3.0865987585574226
2.316530074401677,0.13479923972741947
0.19713713292663804,1.6710504354271538
2.757062613759415,1.6197525804051383
3.851796612849157,2.0085182481401236
3.619157444653402,0.1200768820573922
1.1367794701371219,0.07735824575047623
1.8902993260442769,1.966692325658415
3.676563302082708,4.644518997430404
4.556082313157099,4.178919336169443
0.43390889435408586,1.9775962876308832
3.555288226270212,0.880284858043428
4.67759553259568,3.122910902993546
3.802074604570942,2.988199179413385
2.9955663783209694,2.9579779260294914
0.23707565050295865,0.8813855807352278
4.313583235726256,2.4519669269071453
0.16668286085797457,3.673814746059896
0.053786053301417835,2.4888195818568564
2.411273605093458,3.5589128043956864
0.7160829799387719,4.5175228675284735
3.887851031074544,3.208891363047571
3.368009016115754,2.2060806593630877
0.7177958233823489,1.7638744890142628
4.596144347879687,4.997566998148562
0.9889489049505157,2.637563534695957
0.33730671110033084,1.8887532272405327
2.9454833453850027,2.6251510590168143
1.79954050414669,4.963158143487307
4.9681277837238955,1.3759083649049457
1.0825484331903779,0.26687838579592615
1.6241598075588348,1.3459850626647463
2.0037433517200554,3.4974080889643666
3.6316189754682213,3.633521727883902
2.7784815173438098,3.9701423571870293
3.057228710962039,2.793841381502133
0.8554615124633641,1.2592837869982276
3.728900690525382,3.3993600601350096
1.101286995715403,1.0018901442431372
1.6808809732482954,0.3124621860414206
0.9322513347125316,4.849547733079728
1.2671358820217093,4.957048567811677
2.4205897410882358,1.194122766528221
3.4768414678003303,0.368261280442152
3.631461015506482,0.6544182446989316
1.1570604128082107,4.046757599222663
2.2090271902845955,1.6224018843452581
1.2920947957829587,4.0531762482943625
2.1752212356860974,3.5251557477919206
4.906521319352045,3.2732902962422843
1.5335687108894724,0.08639522568305025
4.10135642192467,4.274014680238514
4.860160095692356,4.203086653819319
1.7115230127507246,4.488462212394055
0.9026754687314525,2.9287590387621325
0.6938990321714933,4.463438013885365
3.374236651329914,4.032321123166002
2.337524863775713,1.126993619338184
0.7513198881503375,4.940447357383938
3.867764334924856,4.425959573450687
3.395366224281695,1.3701051833370181
3.5357486192898167,1.8274811758588232
4.740010331956846,0.923000610031886
2.625611081761583,3.422012935195305
4.655978852608229,0.9032056412397055
1.3870707500545771,0.1750462610350656
4.850274538569509,4.15329161602709
1.6257150637567896,4.313653111647152
1.1010120755615476,3.2576269009223653
3.6512777439395574,0.734736520863033
0.027241344907728005,2.8397469112581857
0.14502591122078967,3.4081743045688744
3.446156086799294,3.3772683068197655
2.9282057671784703,1.572801409403601
0.5551644259380106,2.4551987184829316
0.9693215551318213,3.046863379793553
2.092384594759687,0.4602464067691914
1.6652948208462708,1.8618288912062686
1.0672140091715714,3.0625349919292906
3.5378185880315858,1.816701380461374
4.439497262608393,1.4153119779511285
2.76963056550139,0.16581424730127692
2.7915162622614895,3.270391343007401
4.257833689037595,4.837389815510986
4.5567577238156645,3.311585052634973
0.06530996479556128,0.037909375250660404
4.230651209168431,2.227569588965242
1.6120754180288122,0.49809488693601967
3.9908765396249963,4.305100638968014
1.4520285919476006,0.14720474026492403
1.96541015111843,3.0258656395014025
4.019439388231881,2.212076171305432
2.4867906639799466,4.056129065360712
0.9324673901164243,2.2367201476773046
4.148608995200547,0.4028035541016117
0.13061103917840045,4.014858434657387
1.2081851607626741,2.1790157242106263
4.125265172780164,3.3415601564548316
3.7889988462014594,4.9459530113265355
0.37535139216981317,1.5128496076704168
0.04564130333310712,1.8774070524029156
1.962224810227362,4.974778753296915
1.1730709191207933,1.9805187445312145
1.6243482328578862,2.06835707814487
0.9674592708512969,0.10321688412017249
3.6471878429648763,0.1105533818062382
2.6704334041419124,1.585529724094163
3.565285656068734,2.8873652945888635
1.4193067879321963,0.08623715828101619
4.581186850746287,3.053297169132523
2.457430709381488,1.5138708761156072
0.9683383981285981,4.037002459777934
1.2284417234509837,3.5978257190574148
4.2482281355896685,0.302480271357079
3.2459366402996412,4.2581783037039775
4.426283434406572,3.491323199382385
0.6259275908173523,0.4766613614048887
1.4534916031543514,2.697099718593312
4.965157641051732,3.415387606716534
2.801115377190883,0.8586162424102545
3.1196876321909492,1.0511987940395255
1.496962755799759,1.6070031381142436
1.4370915888561608,0.6398117234310718
0.9610429237045959,3.619438736913898
0.3040542682598535,3.2365296994469217
1.4074817226867475,1.3771001360825323
1.183167743791758,4.944575780462401
4.748896053739249,4.268673295683282
0.7369187988402714,0.7413275653790186
1.1085648235926011,0.232306518312132
0.44543304764172675,1.9256092829030913
2.506781814803854,2.887855260749631
2.322453111459475,3.2519521318109588
1.6353741214034097,3.860275503051938
2.2409049725739036,3.847800428160371
4.763068628487581,4.797395332253919
3.10099146210543,0.8844768124139607
1.342246467527926,4.717198092427306
3.559062858758309,4.095506788729396
0.6550713895336646,2.0188966465253384
1.327893879159605,1.8909735185433312
0.28366212060410845,1.4151115024076582
1.7227312995699546,4.829240244164771
0.8170001490708162,3.8625788108621424
0.1827087881283318,4.145571403945085
3.40961951857287,0.5533630620794483
3.670412758633947,1.8783343923955098
3.093343989653621,2.8042555650636785
2.9746468263807104,2.657659565066713
1.0791328076246325,1.483779213668528
0.8320302949043068,2.7157421097511225
0.8156594305689086,0.739316784840679
3.5917892582491886,1.2766421548596778
2.3436085975937218,3.4152963580114992
0.8069898068545328,2.8323731580755656
1.5876829229039835,4.735712630741053
1.4088959281104518,3.819717956898031
1.6079074536441895,0.9088094014767067
1.4457293518708996,1.7072225296563315
3.5643107409932258,1.8185597796774666
0.07846239427862278,4.228675052348356
3.6435585850723258,2.431963559402873
4.7230932418922595,0.5619815397075839
3.139822030400077,3.311294672906531
3.0993546796441267,0.7280317077390452
0.5061112231335013,3.968338926469869
2.3815923280989972,1.5402701402676855
4.639707494859221,0.9049480192802262
0.3048379026984055,2.0920143529897315
3.570233570006293,4.950280488094448
0.47112191753668264,1.9513290700447112
3.5282611907008588,2.844785839530228
2.7779409849564782,1.9941510649514997
0.39127927736994084,0.40917212435740424
4.986159295286418,1.6526662559899656
0.788090281864432,0.14790052271272391
2.409996281966812,4.29351689474678
2.3740536179985767,0.3478518758340843
4.494466249131791,4.442521972152262
3.314680783537671,1.040790198657372
2.978591058027726,4.677337252298311
0.5527286882709692,4.620238910983925
2.061583749100986,3.7561648301011137
1.9996740068664391,0.371155454481501
4.770714082318939,1.956425005120277
3.891814854428672,4.085748223315438
4.332089785347191,4.250719084414069
4.117841880054104,0.571843376562024
4.995212660644022,3.67177434147281
1.7618229624907855,3.0014358047766763
3.835364891915333,2.3844753463845967
2.5303085400764864,3.321330614499388
1.0761486023239901,3.613365124628314
4.571342144310972,3.0459503678956734
1.6189658333894812,3.3971131571995894
3.0740941559438992,2.329986013597761
3.9716037607261896,4.5193229330372455
0.44095731185319453,3.184375684700215
3.3952110863178846,2.7577725922656864
2.3608890327279797,2.566669571117477
1.2489511528821573,0.6653489112154815
4.406586237495202,4.976330864676005
0.7662500792066074,3.1294545782377945
0.12213087760863162,4.771269278018352
0.8659363651017926,0.9771435455266242
2.620326994359891,0.2684263827806438
3.3093426901561402,2.0451396269141062
1.499710675832549,1.1994030912888132
1.3930400508879093,4.478849787016434
2.2355905746212312,3.9220450858378264
3.2789524764901112,4.040821921448187
1.5378284709557248,2.4597422876890596
3.4862299111673414,3.5071937307272916
3.624532325942893,0.7686593178937146
0.2572650177462321,3.947582155993974
1.5247590328110645,3.295624164462429
3.769866450631733,0.032171518396638676
1.3415180343982231,3.779396410967881
0.3905542149307495,3.4282984353172603
4.088227282504699,2.157211135246584
3.626916574163945,1.8445420404807655
4.488846076496381,4.68570876528722
0.25299537224077795,3.3112632240649704
1.8244214549885052,1.6161380984258478
0.5286500875188405,3.2412398144964714
4.220210907180323,1.0191340357927943
2.9098817612005816,4.805131315281302
2.65114056146861,1.2484679633426587
1.5851783381465951,1.0324020756502272
3.826222440434691,2.946173401124011
4.83703323037939,2.568681688251928
0.24543248353413982,3.0999507533609276
1.6705411259917509,1.7466905534959487
1.8707883567609933,4.309813533198423
1.022129355388706,2.1204899499409464
2.374577858659171,1.3070160296844606
1.0413597412783526,1.0928636720054519
3.9818154223857793,0.7989559920301298
2.984262458292685,1.259846085083156
4.171507707973888,0.3863766283362091
0.25587088308577033,3.6818214511344562
4.531338186763525,2.2674920416519537
1.7798296666320996,0.66846603015289
4.554768262683474,4.322276238238535
4.935849036590427,2.8957540426683464
0.015304386185498453,1.2537132747374384
4.511003023298567,4.707836966000105
1.8516043531465698,1.4276336464210253
3.006778612918824,4.131859567625841
4.589232030697445,2.637269206410777
3.1005557646606703,3.8396532083835173
3.204300357737834,4.369590209214246
1.1624330661464337,3.649235959016463
1.185584065512555,1.5639173286963315
3.9520355297234415,0.15581016032986506
0.5627035069015057,0.4962766763505805
3.2272876663649255,2.7656703563479312
2.4902192300718347,2.481840897427032
0.990485243112737,4.034367906349551
2.440298592908616,4.249289331934994
2.3291470716202496,0.18033605131928587
0.1460044305980457,0.25225039122720117
4.006516119136212,4.382696807885307
