2.5,2.5
3.32439230837689,2.662620891619663
1.7432701243906956,2.652526287009436
0.9722744118957788,3.165158553875365
0.9559635062677319,3.2423271287570143
2.6306822116170308,2.7921526554900207
1.0714508762649,3.2748244740500394
0.26773702349255135,3.595267587281312
3.151491136768044,2.4189715756724035
2.131243211499182,2.181634714631789
0.40805112463582205,4.393551669785501
1.2743397047281602,4.213877447403013
2.674889752791601,1.4375749581148427
2.6524613314700436,1.6769883192754675
2.6918862097846032,2.7938922427058834
1.505125570522456,1.4075738255352788
3.4218611763188607,2.552317479721241
1.5326333791851277,4.617566194550622
2.6289760907454127,3.0435901526269915
1.5536339039366198,2.1768593626796773
2.582122689045439,2.4827533442772927
1.613347703531089,1.2048078284610197
1.8436540237057397,0.6505090568654709
2.726237734897655,3.1296617458909806
2.524443396508478,1.9250050665172709
2.072826097158033,1.076699353890248
3.125913110601582,0.9515694944064756
3.480573966802964,1.9178377835793392
2.345577107720756,1.4650746124901985
4.302883734613227,2.327574676449207
3.1981892773525904,0.30396127267163564
1.4092205162624105,3.3073026925966484
3.5798107457076633,0.7128454197930667
3.2212700991841157,1.8623798182344031
2.9517144795058616,2.82917640413478
3.5662645351744255,1.150518712766373
1.0137116271675155,3.1259229386669167
1.527109578248666,0.9594006909344577
4.211122529753805,1.120972099832906
4.095040555373564,0.9095043622137466
1.2237740721062162,4.077728615924928
3.4814371993353497,1.0311558232060198
4.10792739104201,1.8131025118127457
3.664614269939622,1.1976790543183617
4.364219441623451,2.4968998961986855
0.5660829044992355,2.9709146815919265
3.247150277721328,3.7740542667172843
3.343465259132099,3.3582423089766973
0.8045252667457459,0.8391636190911295
0.9035415322236168,3.2629151737132878
0.07682813405502753,3.633969793804264
1.5805628133610945,2.8331523577541375
2.7473383751587006,2.3240624875088027
3.2502350706847194,2.075535550510608
4.6874963481114715,2.0491434965886306
2.358267808892886,1.8862008929657663
3.4837823033064397,1.934642875431289
1.1929476649451798,2.8068619528786654
1.6512133954727348,1.0446953589737813
0.48102500080042687,0.8521720627870688
2.551242590361098,1.1368589532749933
0.11933283311502119,1.0922453427151728
2.2617490155845994,4.043144660245632
0.7083808812098275,3.018805663876643
1.8768054554125957,1.0507654199393017
3.394679299376,2.9587658968205903
3.6970754217821074,4.0954157917116705
2.856207262242496,1.0146086211018024
1.8705267079413872,2.067201805245127
2.6646645889348415,0.8676079473323928
2.5971951742012895,2.662339341926843
4.567393660355599,2.8799581361994613
0.7604921542067367,1.4455238005480235
3.232302154634758,3.358887719080865
0.13711002463496602,3.0993488753268448
1.1838762133249965,0.7556730252106442
2.062257035394102,1.3896105912219507
1.8782813068582964,1.4264449090334819
1.3849775304472516,4.714553926494435
2.117659623565697,2.463627253355275
1.1513824545494304,1.1936582816132257
2.4477430282947052,2.182137711185292
0.10037861039048912,3.3097304271848933
1.347390296955429,1.6442571841646387
3.9717061574454435,0.020925329482847088
2.70148872550529,2.1184321784950644
1.092344804907397,4.994777559766048
0.400428272359889,3.1577907522253374
0.8794553013298845,0.28838837930128314
2.42574546402765,3.6857532134330624
4.241556409329055,1.5423045177816337
4.255264649632282,2.006591217790241
4.344478068275604,3.3591444520365115
4.939808499908311,2.940727412515222
2.3595295010950847,0.517314527322163
1.8171652290580727,3.824723571376606
2.630824503127143,2.1834954446371997
1.1765501162687175,3.0239846292406716
2.88703499829476,2.454872875963403
1.9354385429605285,1.2216047444615274
1.3167882862338087,1.818077654070498
0.6461971558226837,2.521582623978376
4.55998144368994,3.9252055269689174
1.2841531636996184,1.0914201451241456
2.8817048416287845,0.5752769668562796
2.5587340379290078,2.962045278712852
1.7787784133337565,3.7972709142553196
1.2549659074642512,2.758381011836703
1.884466480613488,2.4387738267471515
3.8352028538160114,0.7298960807663574
4.124239472606998,0.7896129147996761
1.9215785364305038,4.538019866472823
4.220824241586616,4.22878127843
4.446668203568423,0.3466110201139272
4.257649186549077,3.8331977022592567
2.8503970828355922,4.093732523549672
4.208489478302706,3.587834027410791
2.178104462884507,3.7380844120306573
0.9334631754850725,4.864427567243086
2.785512560053298,1.2192875293589112
0.26517488065579187,2.8779992995266417
4.893184172846418,4.310944011757174
4.891091787818248,2.4899535219669606
4.33734735409467,1.660425561184028
1.4643879437513414,3.9614111372583904
1.2310787920131587,0.2755350572599591
0.6246627792612008,3.1321001987052437
2.408964705236063,0.1585423236110034
3.277289013129709,3.6981636267167324
2.490022576174958,4.982260743925106
4.794173650264906,4.821098126782523
3.4265708274638107,2.236924799054012
1.0995247077590813,3.387651799092045
2.3046430604116726,2.1966188031193763
2.7733457388722482,0.8768107246006129
0.6867765956849603,2.8357375185483242
2.1167687494061873,4.310367318591673
1.0043812578065987,3.8905999053904674
1.7407559419569907,2.1278970717489183
1.7131228242465109,0.8946552445785788
0.4535857614708144,0.6421863471529793
3.3758057285750316,3.4554681061225385
0.9329905670422861,4.086379984044729
4.791845246009683,1.4883416383359012
3.62591779205444,2.6010234577927607
2.196988557814147,1.447306285578112
4.594330168129394,3.62614589406201
1.5479659655139448,3.7186298117569327
2.3409134295058607,1.257513127127129
4.319183312511335,0.7228486950456164
2.4516282818810486,2.2576970829120615
4.646892848778012,2.90366104963677
0.6137357105117036,1.117758858107618
3.596170258900657,3.306481927597407
4.623745272801756,4.405888628075347
0.8456427031695601,3.4004171703974335
1.8899290673077336,3.2267141847763674
4.695667021793019,1.6702199299767422
1.0492668779009144,4.388052602006734
2.0155058068885543,1.1821585517785045
2.94266782983612,3.1833413108614312
2.3281317911101445,4.398033338390725
3.541936845342234,4.762244974170553
2.0790233328760888,2.540887061663453
2.7082399623159366,4.5294345143258
3.8371845796246546,4.274538408734402
2.733211610202992,0.7394478214633349
2.868927426970378,0.260448888991352
1.9321831953029356,0.7454725218124292
2.1508461902186853,1.3712717907816625
1.01982970907611,3.2413163940865397
2.64009078831971,4.538402820901978
0.9536146568091486,3.528476317390462
0.1101197642269558,4.625112810844752
3.5577611159370415,0.32434609951709104
1.0562316994082872,1.3043559141935561
0.29714466413564733,4.741187255275502
4.6691856011165935,4.570288950514926
2.8179101737902745,2.490190519420868
4.376459592511756,3.9728994959520443
1.8285746883891014,0.32066529942295696
2.500676549155862,1.586018479193998
2.010688305789494,3.9845487704799827
0.6225717763933902,0.7826571285598127
0.10755208968699359,0.20928154027729462
2.606877003781049,2.5322848518969483
0.15153436128795106,3.16829230571202
1.7166480064396743,0.7470256738951592
3.4309212913385663,0.46520954283178984
3.4071774483628072,4.626150262411102
3.9561849593646077,2.760383345383141
2.189658706958548,3.848792576202782
3.475251255210703,4.734256392642244
2.7369398280506987,4.974360482809326
3.6157366849905275,0.2221175772548778
3.540655489428743,4.861795926394463
2.5725225755206242,2.548010484374101
4.582272864736395,0.001686425567460903
2.73621886292921,4.6239506811729845
0.40575733945738435,4.467439762041183
1.3219703024207123,3.8243082965802433
0.10541025509762714,3.4153454828583114
1.456054006953858,2.0208326938209273
3.2661231982539976,2.572895027203968
1.867624389224084,4.011060811613183
0.8539644764221188,1.9055987855435959
1.6043320547244195,1.2252717035706173
1.6881345088791693,3.205937277873441
4.689446720462373,4.184335940909182
2.6913223585095074,2.391212072444981
2.9046449674660013,0.3938580651034057
4.218636284823257,4.006728175172849
1.7247574213173271,4.097322502872122
0.7059911425071524,2.727477855265908
2.578428645772437,1.5107503559423585
2.209647033470299,3.6429865403586117
0.439062800016074,0.5985586685828109
1.3844751161682711,3.974247969177806
1.187346548129018,3.555390698911225
1.2039983775890317,2.3967759004620364
2.2128037025314558,1.2482947515417937
0.8432314214677933,3.7799398942291527
2.5029131232872706,0.870654485109516
4.019111542199307,0.1873001746539843
3.3264869604542313,4.6676884783178485
0.6054444322943586,1.8424669872042605
4.093116531982606,3.2569892287662903
1.2584365305577365,0.5324107288963015
4.797753521202599,4.827816692250827
1.7625866818960945,4.08039997636209
1.059951469046874,0.7585962509535527
4.305246943463196,2.064761886183077
0.4616944374036652,0.6626256927831559
1.5837338490382051,4.368948320167571
2.2924963298058048,4.665046240802521
4.914047800272715,1.6830165562808963
2.2000155815088367,1.2076389154478546
0.38841578933037413,1.8945793920697152
3.535175772383237,2.543435049203631
0.4223307430272982,3.8960257289790023
3.064174709890171,1.685315308572099
0.1807271832882057,3.434694993582845
2.0035303205024246,3.3833072903596673
3.7002866680991526,2.584344741588684
4.781529334939161,4.529843754255202
3.538227116809253,1.3923630921827412
3.739071056162188,3.4085131832967535
1.1783956820272778,0.7121993610977306
3.1247968418698058,4.564401016960372
4.664303565260572,1.212906620414399
2.4791606992942343,0.8336125763802521
0.10943770894578042,4.039823879358103
1.1045853793875782,3.913329595694588
1.4606948272765292,1.7058933525653668
1.2060477915264123,0.13299793611908917
4.192014821850348,2.196847221931777
3.53094146431604,0.2945845279366355
3.271257484259955,2.2547060452173078
4.421549403433412,2.926780338087665
2.329754504417311,3.2757470438360943
3.040245370181486,1.3849247325386893
2.4264082176675252,0.3185380606550642
4.332662367681263,1.2749330129292642
0.4444858358942,0.9847725201082952
3.125763746721029,0.9196981169724849
0.4855414208612058,1.1919471970666895
2.3571163291730968,0.2493682908481598
0.3472908662823937,4.167208048202907
4.388023452398654,2.9485093697503437
3.988109301554674,4.991167101563097
3.6538943959160006,0.6488457081236371
1.8106075871320515,0.8163755074590212
2.4366677034712736,1.1980259863443776
2.5414479972308635,4.39928449079366
2.5854582150594014,0.8476137570637277
1.5997925561544202,3.1868879325736583
3.4457218152311575,4.98903303456301
0.8886297009748428,4.66990622545546
2.202060816946609,3.1787295778675158
1.8096525450335887,1.6153956306361128
3.6423107934755,1.7307098780539365
4.4454936035729595,1.7903072593741387
1.1779680327846114,4.043138625198052
1.7305172832098414,0.12910039810117124
3.280892910470263,1.5746744172700526
1.5097422990163223,4.6133369317666375
3.165754364726228,3.2878411669335508
0.2781422289370783,3.132471720206078
1.3645815149604579,4.042850633370738
0.632151448854571,0.44555727561237213
1.1002030659595452,4.552512701747286
0.5257529346897405,0.5808041164420735
1.3261015364654694,3.3903769824771093
1.1459642040609834,2.117533865759076
4.838586168976427,4.579806323182062
2.6054461553906707,2.7878688550435644
1.9100260113150598,4.1804558005248325
0.5095190857100274,1.5181726481488105
4.608542410502988,3.1387866363581916
0.77652939364596,1.395259240796915
2.5912115771659936,2.559815560439631
1.0368668328770214,2.9089204216554614
2.3391065730711498,2.2271126481112855
4.240137074910136,3.774809726734085
2.299349821623407,2.7315945645716795
0.10187601243891675,0.7524595245877791
2.41738593891865,3.7764068618554876
2.206135166123448,1.264500995070117
3.9557303442048126,0.8654027235590045
1.498708539912497,3.389211318521375
2.4342737690901313,1.234983377463064
1.2358230861959467,3.7531246358577404
0.5099469586937849,4.053109806300877
1.1068280568999145,0.7237782663709619
3.3123005775591774,2.226871696938803
3.4319580541788457,1.4172812211931973
4.14678103900234,3.5058033449795594
4.697968491943303,1.309047861813103
3.3560748969842753,0.0783469729798042
4.918577280262862,1.2129073130834982
4.752648261377962,1.575275731697185
1.3517571945658036,0.3895693469373829
0.1751791792303703,4.196145314796087
1.6652766040014249,2.5429163786419062
0.002019708739235959,4.681597683299459
3.542977093364215,3.74446709215308
1.5019172522171942,0.8811664556616849
2.5052896691355193,2.591997911689037
2.3758643764758314,2.628746920924583
3.4165020549518172,2.193307182350469
4.281660499691505,0.42184583075314197
4.882820055707381,3.6913165035217554
3.221222799840522,1.1388900109051103
4.505832541225152,4.319712858347413
0.644450634483027,3.228427384315751
4.294493853238247,3.3178176200513705
2.7418263983884867,2.05053258175542
2.589346289928462,4.838812103958159
0.0665689303049305,2.308009651287949
3.00526212779711,0.5660291897318848
1.7296515627053273,0.4050995432583798
3.228578022826401,1.358385702146037
4.6446366944169535,2.6515535303244873
4.139959154227108,2.145186922141808
4.160393903912744,4.161972960753712
2.664174965852344,1.0244841740788986
2.103674292228779,3.3220692995034713
1.8018147506522264,0.15826780420541864
3.818689465304728,1.5967183060729222
3.3873487193751806,3.8782313444221255
2.1438795302340856,3.0583658597025916
1.87699807971001,3.856863826252443
2.0429571105306232,1.3708673671206801
3.556918250537299,0.004956037289473025
1.0869654292119986,3.944604730858771
1.1749679134828335,0.6719190265974434
4.750248116812104,1.4387072144570352
2.0625970607237805,0.11448189615801185
