2.5,2.5
2.7820831172344356,2.304184914660823
2.986393752196567,1.59387511211172
2.3387273900794128,2.1754098912328463
2.6851182664737334,1.725602980426818
3.3515456882830463,0.7546482599185356
4.112939586396488,0.3636537148764357
3.6902172329629805,0.5484667452994391
3.509438629078679,2.654205590008817
3.956149154440661,1.2269167009893267
1.4371700392909303,1.7482401321516798
1.1218668481688843,2.6395647789743433
4.599969907011133,1.882003829376509
2.479509752338594,0.5341386195183573
4.059451761220826,2.809788172998843
3.7226618179213777,2.7661807209792415
4.202138779566234,3.135300301109529
2.638224082012965,1.8462993970091652
0.6971667807970328,1.4191705472939526
1.171203556810675,1.6001561223713763
1.5751898007444376,1.0759455832546527
2.2134836093302384,1.3733438856662206
1.0715836467023276,1.4162230593379133
3.3972044272678126,3.020106459867613
3.9871552112167836,2.754997977376604
4.6854317662394,1.9792269852054445
2.3096723702475757,0.6628240347026881
0.25786473853178504,2.1659021943292944
4.957115452868553,2.9447807230240794
3.310182949927827,1.2532509887400956
0.15548572117679682,1.2964287159956567
2.452397360303726,1.6355882290859531
3.4081819174562944,2.9011715882457985
1.1327698887969988,3.392464968522621
4.0290954141347,2.7740510810607777
1.1996517617921572,1.208662614870542
1.4291195607629303,4.3172190482680906
3.2715285048512106,1.2220650017840973
0.8556922642461623,0.536109853427173
2.2542880576537194,2.90474669620645
2.668109169740707,1.2953312284168188
2.586857159946894,1.1838338339603243
0.2978713026262053,1.0143796853182974
2.055516504516181,1.0520608987864848
1.8867549711527047,3.896297812385892
2.897915029621881,1.0546527698946533
1.8702983068814376,1.1665941239731714
2.2707022245616235,2.9213284452105537
3.2105826303852973,1.96263382313983
1.6439610680517702,4.561330083390857
2.9964016333172436,1.5466999645547324
4.697728016119619,0.3398665445870702
2.2368591827411013,3.138848921379305
4.886051652261398,1.925400112405475
2.431882820516064,4.684194525801064
2.5506552559582802,3.2313428992540527
4.076410850083171,4.114174640371056
1.3352409313760312,0.28790333703349325
2.714537682969054,3.2862031622157883
2.176747777082075,0.6539221659859162
1.9074282763325106,4.106289224299042
1.0687814379680904,1.7899933668135048
1.1941683261671499,4.474560791378652
4.007670040604986,4.169639039218964
2.3650674541153287,3.102219107104186
2.443836904573078,0.44742063744587557
1.0784215771221168,3.8605074630014524
3.5804800746641585,4.793894068075984
0.2874851830261721,0.09044065699070458
1.2541165878415446,3.017137199354418
1.8648654597855967,2.04688187133569
1.6788982754810529,2.8381846427148156
2.538229932368354,0.583161039749634
3.0724112080797354,0.8735460097293773
0.361186251295057,0.16530455511499842
1.6479622076499196,0.8247307999655279
2.890277847830097,1.2928932340801214
0.7879752846511395,4.255996590196595
2.372703057357875,1.9126409388686727
0.10166113847514091,1.729910401623348
0.7369536291138451,1.9571643900905633
4.0771491861993825,4.051954984039016
1.5951477415080877,2.1499867576382825
3.427651590190262,0.8614440117280703
2.791345905736052,1.1669119055728394
1.7377757193542975,3.112836548074015
1.7523761029600733,1.7271448346327185
3.4478416409845734,2.46224220008191
2.996608612588913,2.0525696278586674
2.222241144720367,3.186491117289515
4.1903560950844,2.9083168222957054
2.700405810758271,4.987813392314276
2.8794099970621345,4.866250485853084
0.44533553325457775,1.417922530193008
0.05495909400888066,0.6694382846424379
0.7846633061539315,4.165622836929705
1.0005889006547841,3.7714776891283783
0.033216589789687445,2.9603943389036163
0.931987385314853,0.3279750247461444
1.7576205163817855,1.2401187949138448
3.8001613950390984,0.04566866122298063
2.212709943502568,2.100175707332989
3.9168011415258492,2.5230310221870833
1.3942237200947587,0.43218645692180313
0.2949445086839464,2.458658128168832
1.4996708500012916,4.318935909447934
1.4152887528115787,3.2190161652637848
3.2363750304052075,3.4275496203316322
4.862439122050919,3.002539672072632
4.126314243831811,3.327558465077252
3.5272909940951584,1.4161381662262902
1.4187703257502133,1.845387921072204
1.7586256923952193,4.826340234437853
1.2971506177144847,0.0724733009314632
1.4767395205899614,1.6756798869756206
3.3788298114765194,0.6011281545057701
3.3948930484058093,3.5399792712255156
1.2130553171916674,1.361819717332854
3.7024615845473283,2.955219061252778
1.944573849276915,1.5578605786238304
0.3953456808108441,1.6802365320406905
0.7501603176304195,0.7648187618532215
4.876468342451255,2.387997027542755
1.1500844628350715,2.9800867262330026
1.8442384130175244,4.269697156008925
3.630906071890495,1.277964991591995
1.9122919914151377,4.778386229579049
3.3278608228762776,4.583541394923017
4.7931699546736075,3.146791168290976
3.9231911585967625,4.380311753376611
3.2667962900345104,3.7632037016755193
1.728126475000874,0.9601347123316067
4.498438406670739,1.834780047742962
0.11748213959736797,0.837367093920674
2.4302412048171074,4.064882467649198
3.869421847496663,3.820575089793809
0.9597630669131912,3.6452917804327845
3.89094078362817,3.373279050406055
4.976095050674151,1.4250208470328718
2.1945899223668053,0.41724012687130607
1.8864106711771118,3.882894172829514
3.9090126616430707,0.11166702178203536
3.618835864477985,0.6046595075594213
1.4084314098382744,2.8193102677098
2.754733404817955,1.747329873658513
2.6229162257285195,1.8164933246086634
2.7662849913589342,4.576570732789966
0.6453776001331996,3.523464874869277
4.204322417892878,1.8806626724502347
3.589844489075657,3.5005787890419944
2.1083673599249515,2.5800384101779246
0.9167199289180356,1.9873886444489446
2.8440995234469204,0.3945997709013377
2.1068167862150795,1.819176710901792
4.223678111625426,4.875288755967054
3.207727526338966,1.1254505791000953
1.6124485304506742,3.69541622638132
3.0542892413208884,3.986520328585198
2.4841697162726413,1.1893135656051157
0.9398240661703011,1.5118861340766014
3.181504070958894,4.174306572697405
0.5432263302424045,1.5453896407109187
4.550113637161764,2.600032260223484
4.874873905062774,1.7633536127115619
3.8382695909432107,3.230141709953246
0.8187427924387491,4.817653682381609
4.017875297270519,0.05203918315177247
2.9441970804220445,2.848969958744248
0.9889863034168106,4.49466219590979
2.6064617137325437,2.274841248473261
3.2972095372643806,2.3247918672775314
2.8406679600569835,3.819965174067637
0.7230879291840792,1.8317041705057298
2.777743367830918,0.572911519924465
3.3736009233474507,3.8118976660658923
3.3290962274651186,4.003729275103148
4.95760666945918,2.875166161234492
3.699962265750874,3.5103799601279926
1.4279357116448288,2.6037944829895303
2.43066665357413,2.0779302152035353
4.6297351991038065,4.3964516831382925
2.055821754333574,2.145242391898412
1.4896775710602377,0.7537141014764343
3.8485620932939364,3.4425847276135184
0.6450230479646407,4.254539106461463
0.6225930541683006,1.48722549268085
4.403718414973083,2.3774243206323553
0.9340447050764678,0.9585298391956398
4.959548798875491,1.8579474100180322
1.7502993565454368,3.784745511139084
2.6577487327930465,3.8939728652065275
4.060489722501379,4.020924555554192
1.5282700887649452,4.202547447149868
2.907920822474331,0.9097224706916923
2.0527118407865745,0.3579510438555483
4.092905556781238,2.8473805201922353
0.9039647598132944,4.977418920872521
4.210249006908927,3.2843149512701135
1.2280708937913505,1.550275063852245
4.859252451965531,2.4600286804347506
0.7280550369610655,2.780500244467741
1.976098311991158,2.9501079581757694
1.2995532537051813,1.311451965957609
0.282709343806406,0.8952941778993234
4.213162755858007,3.6777193500765404
3.2172345703477383,2.8618110257724974
4.085710952978695,3.7211626225247563
1.0518627915025969,0.6137515273851274
3.6129460542624194,1.0324025603836673
1.7013253328487492,0.1583669270561905
1.6698623144796527,1.168729606177255
3.442836999621295,2.308641021436888
3.399775845709576,2.919498841865696
4.705304489974353,3.542524951956442
4.1516707967255515,2.558956270554006
2.7718668111941893,2.833174967640124
1.1164447725124405,0.21026552909182927
1.1339752596432913,3.012977852370717
4.422148925778327,2.6404167282763624
3.927270356844432,0.012655308439529223
2.078042938311877,0.6399126068016309
3.8131458871120145,2.5834680711030087
0.9260780873960878,2.409818983661051
2.9310041901757162,2.545535231477439
0.6649795226649813,2.3458443890081093
0.12624730006524365,3.194070413795628
0.5943005733610962,4.686588922334133
0.41702409047120415,1.7509468062879048
2.154220492518496,2.2792786365023545
2.26818453170849,3.4348038603058106
2.20167814699823,1.258949369028789
1.9604187942816425,1.794455708132462
0.4414142932586246,1.303804330598612
1.8027043618691714,3.516918540192017
1.0297506196037431,4.099676403057772
2.7212530845080862,4.813153367414972
3.971152411576634,3.7882206851742457
0.9450807546564283,1.4770054202514222
2.78877040519526,4.158191331875771
0.8211129961365549,1.4400124195316715
0.597463129952327,4.687172937410936
3.613580187625228,2.889552042402645
2.0121304327191525,1.0847896454592294
0.5524200031827647,4.354735259852002
2.639548053299519,0.753159996519408
1.4390250573040335,4.956883728609897
4.678005843161058,4.170404686446903
2.7849334709369664,4.959226536124038
2.7874000445035456,4.828353501720595
3.075595777871802,2.053784766315916
0.8737533770590777,3.9930136935303913
4.5844773817082105,4.933171902745629
2.1057730977090863,4.247259564839996
2.3150181768494793,3.716188293170763
3.837818873145569,3.201666630105484
3.6329945229298404,1.1390684979811398
2.8328662392849493,2.4823876862198824
0.8003366565212866,3.1881889094493383
3.0893055883592666,1.9704333763190263
1.4931400420256287,4.805377008713273
0.6197291106316055,0.8907652524085663
2.058788659494801,2.1166615775782605
2.4222169883805433,1.9477018108099315
0.7718446463607087,0.47361017177107945
4.1655843554363114,0.49177211097072626
4.819825165387692,1.7719045780178604
4.922951070350475,0.05338361723171592
4.435494536293579,1.246816410491856
3.074027866977315,4.2031763467258445
3.3817076438410516,0.14884136192385045
3.730844764612323,0.0689729646418824
4.314480172333507,3.857703412228904
3.1968009307515426,4.717301531185728
2.973874289611137,3.4769676462808237
0.46271055745031264,0.09761948338427195
2.7572768860122405,1.6827361297364274
2.9681189854904826,3.8788324155503986
3.4591888642074493,1.3273654885705448
0.39110817342031534,3.2537325077850894
3.8276397916228744,4.10344089686689
4.255163150709736,0.8684616979367366
0.33579598728516513,3.3134206708766496
3.1654081525936877,3.3933876871671176
4.667120781366818,2.0273320438898432
3.454385881530371,4.705913711389024
1.3633822391282608,2.0307264542599794
4.817073269080518,2.3999494999797393
0.7535007853223352,2.899856140259569
3.7517310536699346,2.5820746141028605
1.485739150973383,2.830494191846415
3.8450229680567096,3.840998258292221
1.9557259301949563,3.1471155957102543
2.9587870172710646,0.07464920852249812
4.434867455664362,4.737174301309622
4.276378207875628,1.5809559821196384
2.361886706505249,4.24602263061562
0.04306250083161656,0.7342852937162408
1.8517395283970388,1.8406212557314083
2.947563732233806,0.5974564965091117
2.0109724952092822,3.8199817583091367
4.902817852326879,1.7276820027080957
0.9837466169887377,2.3946435106967225
3.1065975081255957,3.652185082860566
1.0401348891608897,1.8754784018438646
1.8744250365053112,0.8305602963921038
4.216698884005177,1.0158018611626858
1.9754182247086571,1.8661832291300406
4.168652149009125,1.2963214201822288
2.009449360393668,1.4382700365784968
1.0551888984218583,1.1065434099437437
3.995859732556055,0.04671298441102756
1.3661152827760543,4.555067239538409
2.1758744714568454,2.2303193739201213
3.1575839733934137,0.8590565290040564
3.505290925155087,1.9078223840096724
1.461385664473478,3.60218181884151
4.458052713808371,0.9903526658607731
0.4573367669254974,1.5975953653707515
2.3136542990298343,2.6703987576778303
1.0985050489992476,2.685881908849526
4.227921230644003,4.483068607532136
4.949151227514345,4.217588464128589
2.4303454032107603,0.7105525860069933
2.477480433759811,3.62748120595384
0.1584683788045016,0.7736735215076651
3.9453443183872854,0.5465609679734201
0.9908316421234453,0.6066346419242996
3.4302190890158886,4.222835791918783
3.8933475226168355,0.8649353213027772
4.314996653358559,2.6992743573099007
4.3993129609560295,4.019969354145688
0.8056776903545332,4.567363332562377
1.5512598317044275,4.925616111072115
2.982907026422572,4.621257724611553
0.3345941436937966,1.9979474202789493
1.1422676350433247,4.686717179617425
3.6395418863596047,4.32142697918199
1.041462895828631,4.000701980721667
3.599494605803854,3.758200993595765
1.4690621783778146,1.9925723535528217
4.367875108827646,4.076218473842592
3.2174913849351694,4.471020359190791
1.8231440324856236,0.4491212404770778
1.864506161884072,1.018295965808902
3.3024921727717427,4.985003290488158
2.226358688369279,0.8475082117094179
4.571536064152749,4.445765722465036
3.895249640071903,2.970408873482435
3.4491923869769767,3.691015133804928
2.7282412172303996,0.08013470853783511
0.11556091789666711,3.4212291069029948
1.790779696529624,2.0169226134295455
3.711502095525716,3.5413295045843736
1.66720867106068,0.332484231728461
0.431734762238109,3.563517259376927
0.38576105417422457,3.5882730017575852
3.3198336320943693,3.1148138112244523
4.745066348349988,4.783281912873251
