2.5,2.5
2.9468435601631686,3.339800750923744
2.7668269626901476,3.660329280150096
3.3095116174152217,3.8554560985611723
2.4411501507573155,1.59598380396204
1.8782250618896263,3.4480241529918776
3.1187622697132884,3.7672687050897924
3.3094582132312356,3.6061806669628353
2.227564742590779,3.992889311280203
1.9770035986619199,3.23834285344273
3.2085776609391314,1.3717392406268751
4.054514642208949,4.500654140840695
3.322906696671588,0.966392145215047
2.1870470995128226,1.304333763091245
2.9296573677440847,3.1895679437985702
2.1841839567472543,0.511508719315002
2.417558681684324,4.04994083927212
4.1712923350140265,3.837521966816359
2.1459420388526156,2.1292928694202335
3.0103782948753572,2.7042408627554018
3.151541186632975,4.288609501252641
1.0626798695794537,3.181002294809999
3.2117380401201183,4.690085923667274
1.4645938817965276,3.0538952778836177
1.1231551113510903,4.070573188397242
3.814532490130068,1.00523561491433
2.7212547305250445,2.707044792927038
4.3771509338145425,3.571758978925828
2.407075786104918,3.593868918348984
1.8566304525407213,2.654332006853241
2.681977757167246,2.04757225077628
2.190681079246909,3.4097262227137026
3.7165088844906964,2.614905348185084
3.749550118454011,4.289259122603494
3.4214821281702514,1.854996437663687
4.4029713283337895,3.862685254662015
1.3831412038073354,3.7537148429320126
4.126384490325023,4.337403350812778
3.171954348904538,1.8135306961450037
4.631699573160808,3.7226145453025756
3.3783324823994616,2.2936487960358716
4.126383355711295,4.746162744600713
1.0175693588755397,3.2346110537369825
4.871163729076664,2.871166062601521
2.7088755622803533,3.973205638701267
0.5255685255302273,3.8354746233615806
1.7938107734990738,3.882087773154935
4.281396328048622,3.608105960286641
3.9063587630112218,4.6492481998118
2.222687014497931,4.01333472483722
1.5445042728331009,0.7184138986685845
3.274149231973504,1.4229746510126051
4.687578832808651,3.4360106203941716
3.748979496844554,1.0351923359299464
2.070126604002038,3.0660023578657247
3.0351475787937203,0.1932632653347316
3.6841710597888717,4.312523409282696
3.645133363017746,4.493106015219983
3.7716339576061566,2.0974804906441995
4.613512907201362,3.7851865686712935
1.2300250661281387,2.225220838948561
3.781081798109268,1.0289458731627539
4.45414342268741,0.2947125087414293
4.447027985910845,4.240896629570511
1.6281996354676975,2.3809815483773273
3.957692599084612,4.315338249943291
1.8497649726958314,3.237985204416898
0.9794509005958824,3.4759316582620525
3.7697899204872276,4.35405843513461
1.975227921171896,4.597017513375835
2.075589829320385,4.547404389541986
2.4168420794190286,0.17479465280382467
0.896348412305939,0.10525919440560194
2.1212103799123967,4.272805042175291
3.612302879751774,2.0947788296581433
3.719285888315049,3.7293285199828756
1.5249149239138182,0.30293147347598304
2.3567186466501395,3.6651312034659473
1.0835624671822863,3.376745932148272
2.6188878970182436,2.5653856468812313
2.5004174429662496,1.3199070678449032
2.913793646865042,3.1721620217611166
3.0274890359226996,4.701090888537671
3.632623839148947,1.749825390443841
1.1397991799037277,3.344337914530191
2.237742523176045,4.48827651113225
4.858900152721204,3.867013773038233
1.6945732248750067,3.259719541572061
3.7600289747262488,2.9804417553705598
0.8132463252927652,0.8225495438282093
2.9147844740475954,3.0774113396601184
2.1533303111204445,4.4850088965138575
2.891239368493915,2.5043186953069774
3.817266064584201,0.043759538134099385
2.8863100649934665,4.098018379220672
3.7188536279038624,2.4832497930696777
1.0655671760959828,0.715088399824812
3.9432246538278752,4.946627937384676
2.2071010179280304,4.156729174757755
2.1163533624503588,3.657532558389531
2.4492904005546223,4.130272575022173
2.116295186139313,3.050478358906858
2.467262216524009,3.4042379184347094
3.1290934273355724,1.3259729356101324
3.433930940186938,2.969978204376601
1.3937182038103297,0.8104494644637278
1.3619739719030384,4.373495850252807
3.6759531276035533,2.713220104513758
3.5413084611119343,2.991108837922254
3.3481994198260026,3.5541036612687362
0.9291757505833997,3.1802964400797764
1.1109530387911803,0.22759612694303766
0.24439017222397608,3.710363395868
0.9212171273399355,4.42189825859023
4.805890660654157,3.234681227041926
1.8987475222200778,1.8728376123122337
2.5445032293552767,4.776488019669574
2.3539772367374057,3.276819700662264
0.5238265364463018,0.32418040965007
4.162596769719751,3.4114045458023035
4.023119459862956,0.4044192300335303
2.104473735154266,2.085078486761372
4.817415059832195,2.6615782325249278
0.3977218107959085,1.163867673232496
0.9024629248854521,4.651654540466947
0.22884326583459902,1.4769037461104668
0.05503994712079574,0.7644032616352298
3.404831992015467e-05,3.101499418097109
1.2234707205166206,0.5574934124206532
0.479487047235998,0.9408927542620071
1.1643402130824365,1.3432813336896454
1.790359681626733,1.2666377303846215
4.122037765140002,1.9928008742921866
0.9713276645515667,4.105734080284389
0.9834009988253334,3.930321422747438
2.897703233202173,3.8595364414584217
0.32584376361719347,4.528629077884732
2.0868489208110628,0.5801410232490761
4.44168218414637,0.7597319779516648
3.6954482288351267,1.1420120185374878
3.0712052196396193,2.4040178257037725
2.248574858357273,0.7630266192639445
0.3031262764354359,4.593715200942846
1.4857078534703305,0.2674295546904548
2.3934163280002263,3.207648557646001
0.7577274821162616,0.039832515162414595
0.3712386649200561,2.187094012187565
1.5222144588173676,1.7327404136534836
1.8840744367849687,4.3187309326485375
4.703819918842749,1.8698642961852934
0.6705879763218642,4.378453107903992
3.9121144409366475,2.443116847382713
0.8273887320493245,1.4564572404782177
0.47440567255806143,0.6091275711164879
2.1385689554896503,0.7544784423729972
0.7975761397991704,1.2526944019729807
3.9455507487132535,1.4875328431484147
3.512571636784724,1.3271225923035996
0.4300891160283876,3.701136397903955
2.2227468895166917,1.1023942194174163
1.9674332066518174,3.648314302319874
1.16195337599035,2.4498131481897327
2.071152804669905,4.206815504195016
0.7396714339186383,0.6690894258481384
1.0212247252227842,4.479216113446906
4.832240057179666,1.533755339766485
3.5315202862125403,2.7793231468260853
2.4040252862160356,2.3466155374848094
2.2016076085599714,1.0905280030672382
0.3496785295843846,1.0282265562952908
3.646346281146959,2.2787941386735917
2.2166603200828443,0.5854283720838271
2.441962844533376,3.409209206183644
4.156128480588582,3.6981058824468245
1.732962607710159,3.5700485444497447
4.4608837600431634,0.7938276493557894
0.246841091793778,3.404255028550552
1.0609025718185765,0.7144927349666175
0.9002410665297295,4.958557449628355
3.113405272728402,4.693900883918808
3.5517719022382526,1.65396597621378
2.1812065611207556,2.4466288035940664
1.8711513060097873,0.3851637144793718
3.8708094570342277,2.283553173055582
4.313429477498937,4.9235789413371425
0.8236652444606823,2.9880244404818446
4.047327788025635,0.7539828921491515
2.2145774605471003,1.7682366802937832
3.1252702953344293,0.29310912364309216
3.6903609880059873,4.518248024892814
2.960496341856553,4.063731909699882
1.9191707284121446,4.746648680857083
1.7732300538453882,0.7007944096453861
2.708872362658881,4.402380667514338
4.4296246523604985,0.32736989056961374
4.332336615252908,3.7765732659628575
2.2329237971490414,0.009153049288183057
2.4928299185090808,0.02355785935699184
0.47530339485975515,1.9423742390634762
1.7893161382758223,2.0064448620854245
4.436763245596789,1.6690062326424777
0.1141015198443085,2.67762284767858
0.6170599771865892,1.553399233657426
4.040544675070775,1.3403255002818648
3.8343854905747285,1.5398985944145611
2.1368200826023327,2.125217732434528
1.522555277605584,4.98261003130713
3.7258868035329495,3.4052547947719676
2.0419927034078107,3.043513686952583
0.4783731321359652,3.086699673526363
2.2424766992202745,0.060720102084271255
2.6972725509702156,3.023379542364741
0.23107021211194734,0.8179619496927532
0.6102227303741403,3.969294136848677
4.6206672838538605,3.5392195335719356
4.9321176406694125,1.7826500225098585
4.802561159459142,3.5592921114059504
3.4790025345500855,4.786194814256591
1.5589878660515089,0.9834520733304342
0.8343094216132202,1.6893866092865144
3.670470555299267,4.335271863740609
4.081427841062017,1.6691557014463243
1.8725030027274814,2.768526458778753
3.995728645422946,2.5038951535139162
0.2006689456158306,2.642252877643969
3.615787436634756,4.932878754094947
2.5679537498836473,2.9348640389370395
4.26643789307797,3.750919744714336
0.10754726203736353,3.5388376131427988
4.318115765270346,3.6621873420856654
1.4648731067138172,2.661205265690478
3.7897471993009715,1.9393352212915644
3.27891890067257,3.3999991457510936
1.2287418941900285,0.5166928498199058
4.381355452360458,0.35515072029364547
2.0208532650305,1.8509484770837576
2.0101979844101803,3.8410903439897917
2.7729166700221737,1.0498933856433705
1.955925546065362,0.9922828173815135
3.92189691186421,0.5146215869548165
2.178664194954758,2.7288345642511063
2.4848479896005955,3.1980338747456116
4.862179296051433,1.230228190360629
2.0268650238747616,2.567029038235025
4.549318544607994,0.5758709419681701
4.513071567768434,2.758800241568294
0.7627866184195925,2.5348481729805834
4.3920420088525205,0.24680872187264558
3.88472527755011,0.056467116728882716
2.927659335265087,4.157193766724452
3.224025550408367,2.0808587030686656
4.956580299128763,1.97353406006195
4.150714862816754,1.2700920274920873
0.2557658019258885,0.3940919626747458
1.7637831430231365,4.768224398347195
3.0687644288389864,0.0206417057172692
1.8371298720363187,2.1410465947579596
2.280568019353813,4.622225734256448
2.523430247413476,1.8966287698217477
2.187896402070076,3.8951727855545
4.201268922703145,3.880901384471671
2.479983459651862,3.784164772807923
2.5990713975489186,3.461217456174829
4.67925818613138,3.2188643401654726
0.6235029416662585,1.1831676170284005
3.801423954397143,3.9167126973149227
3.693974126747607,3.8297883364137326
2.5990816424807948,1.9916510177443385
4.0233233143754985,1.5332579364984367
2.857149944625414,3.53874595140808
2.7190638106721203,3.894571575765906
2.6196494502522647,1.8924561479513324
3.763625814500631,0.9449664340366676
1.277663272571703,2.345696721348673
2.2469483270072894,1.0650913515563714
2.910392816125325,3.3878777153971953
4.725985529973631,3.6887084221522732
0.1632633097014391,3.9341690080662817
4.091651437603302,1.8231272604739495
0.9084534157189972,4.630184503840601
3.082346261274753,3.276130243950533
1.7173628909997012,0.24472452881699858
2.9700942923991382,0.45715968599577717
1.8782809204578759,3.158966282263354
1.335872525068917,4.471931626776072
1.0688747861403691,4.6775332834987005
0.16372379287006966,4.36238210702922
3.898206479874475,1.9887272127071354
0.6435662463463476,1.027662686658346
0.6595308379397413,4.752586198161125
3.19574726556803,3.1877783662569463
4.194785191146519,0.652364481296091
0.5882067307925387,0.9943372375807108
1.855513822992928,2.9009686711889575
3.7632922536691704,0.5548622121111763
3.7974333523378117,3.4510527892798297
1.707864122740419,3.5174163085355064
2.664758576653623,0.9216228754416145
1.355555634674373,2.6876611233429397
4.311042751012321,1.6545101719299848
0.3073875608980031,3.414182426522659
3.6175708371919164,1.6286234608204964
0.6879061613662146,1.6370877199770821
1.0227914607493993,0.9454409303304268
0.12621546479214985,1.9457683744700778
1.7531217428661834,2.272969969113875
2.2757244363183657,4.807103804838537
1.4665509246289266,3.82774871356732
0.8935289771790589,4.560732447637558
3.998888169941081,0.757704596134417
2.0953218455894262,0.09451359176005925
3.314943039190612,4.838280386813864
2.952483199541234,1.0979920637336071
0.4872434636420325,0.8211852635347272
0.26476978769087833,1.2031182596337897
3.9667442125035777,4.10707400805542
1.8014443467416692,0.8024368171198165
1.4338253841035842,2.559223404886297
3.469726276320784,1.5948178425200865
0.422251465160266,0.7745451632220085
0.13489865312707738,4.222806427890057
4.673386932700442,3.6998432025204786
4.741361431729941,4.410887772691325
0.7270535876003353,2.027330536328371
3.356395144533773,3.1031471307268337
0.5948151087032766,4.3178480289286965
1.5604347696472698,4.098445266125048
1.4402656473904385,1.304685369593031
0.7257093571969742,2.5852245175400634
4.416065567783459,3.234568553318216
3.5552948891257783,4.684383736655328
2.4232930595836026,1.364643211536254
3.2526462353967793,4.887188937818018
3.599713615409001,3.2839284977199545
1.4434319393140154,3.218782239724493
0.8708274870756844,0.09001523120620969
1.7719689540592416,1.8408534118778586
4.504327522580552,0.02738808567693707
0.09261562901230258,3.3796435708267096
0.4923164994937501,1.100638186774393
4.8477156631991996,1.1703930665107631
3.7559698441299365,2.1668351246809303
0.08198575733081859,4.968239513453685
4.370336463324112,1.5629568039535013
3.0397572058827125,4.673697491769449
1.3399756251047623,2.843867637582036
1.0179411095644664,3.7014729062001717
2.5585688975589345,3.6370552669454814
0.3389880023693226,4.34724850097889
4.582958277411382,1.6060176388821272
1.2033557350181845,0.6499599069464973
2.2122973811008277,0.4737284779361761
4.006365106042955,1.9568156187009467
3.083253505170312,3.636146001635307
3.9792959256344256,4.434722178741669
3.9103556834653053,0.05915766198989647
0.8133230299226824,3.808326417049619
1.074261368530205,0.6132457459334939
