2.5,2.5
2.625949953909375,1.704375806145313
1.9693425880464122,1.9187250050474565
1.2436809244375968,2.1030155996734785
0.781299066718576,1.386355986389619
2.1418580945833767,2.2215188828123553
0.382192231361409,1.612148030887739
3.397607044712801,1.6264570819854274
1.1097550927526956,1.7351944555081522
2.552313392784164,2.536189095535362
3.8616680294483823,2.1681335356387454
0.6028973058251808,0.8222360091411479
1.0266933292405174,1.5561123164703328
0.21479680661654288,2.438996139803071
3.9342220840543343,1.8986311442829995
0.17088456904701899,1.399442337537532
2.6417399545932065,3.361627514598964
2.4467836398524017,3.61563350523795
4.132305927233292,1.6555036340058527
0.42866572713877393,1.671472165629827
1.9045175610662057,2.9367212128035067
2.705090388847185,1.911727699076955
2.8978239406900204,3.418915444357127
1.6582186215447003,2.8166688282060264
2.8250440906425327,2.80016090857442
1.5144893321375297,3.9428410953400976
4.604476973172437,2.613451025462918
3.8119305427290144,1.093367795563824
4.682645051644763,0.9263480217900016
1.1156792990050979,0.5375067847371684
0.0990535875546461,1.9002315735462882
0.8672987325498704,2.8362548014550066
2.1834427456443573,4.600302669951349
3.0530387058908746,4.9333369067208555
4.319264310392562,2.1455587869043407
0.28756225013733205,3.1118970814714246
0.9421809482868282,2.7547550302773036
2.6480139860002136,1.5537924724861245
1.7369668819605248,0.56151426446228
0.736236821987532,1.1126808107553061
3.225951444216897,3.9448356631948087
1.8992717767376666,3.483276052892271
1.8649282147718793,2.733435397570902
0.7478122918821145,3.505067706983287
3.0073717348576468,4.642542729611225
1.9903304244253894,4.051142506326341
1.9564054848787067,1.836633103633144
4.3465471521950825,1.351853885310279
0.3844098250506578,2.4775108076395256
4.389910387620367,1.8522154655597696
1.8810294223761153,3.434727669616896
2.292600112951897,0.013515616476864611
0.18423207163903776,4.320524908743309
3.779322394969605,0.8296914209740491
3.327847184399128,3.0036991740713876
1.3615429730766966,3.121811113016898
2.724505769895939,3.829340193557998
0.14013110103213433,0.9670081570652383
1.6179349966942047,1.9814334663958277
1.6036758147845354,4.88956771438213
0.3500310314491212,4.459500863257883
3.0150172635380432,1.8824406239852847
3.3495908969175847,0.4112606905127719
3.4070310048796464,1.8277536981466391
0.21020730729178927,0.868899631477249
2.1830048044627572,0.7619900579983169
0.6034564978421308,1.056863126258294
4.2848670130626765,1.4549745286673965
3.0276091023491647,2.796106264085321
1.623652386159364,3.439813469653774
2.631657531053826,0.1868928213636123
0.4689975621402609,0.7657780608056003
1.6504976076691054,2.322351712313322
0.6059755941847839,4.459678206638863
3.69079688564463,4.840818032177708
4.1136525817113405,1.5272189702870835
3.488530220758694,2.0569901941666773
4.337715682113411,2.7351508095585353
4.859391737533175,2.7364506941556237
0.2166239320942709,1.8215892028149634
0.7830979555505913,0.035110607475890565
1.480062093547851,2.659761855098513
0.47757586913188155,4.565484618847072
0.5600189052234456,3.5378540534544793
4.504989251982964,3.592297634706674
2.1810510542071104,2.179647174493362
2.793253332213164,1.2898623486042682
3.300557576447739,1.5123370701959256
0.708387041734066,3.8468825215846643
4.29169487650718,4.8933201795139905
0.15070598822832293,4.235888429442624
1.1909308205993745,3.79986731604827
2.9514829813764125,4.7577779378523966
2.632714306558979,3.5639161191415307
1.2327065705064233,4.33913827341757
2.985572850874285,2.3194158915366825
1.657152287558294,4.636351831261126
0.9971289632313279,0.5854505459948472
0.11626066475573571,2.8620450154221464
2.81130417963738,3.124998790811117
4.160671984860069,2.9759731193180143
0.5457297333558064,4.749893452198119
1.759799625655352,0.8349724872516179
4.432054374140985,4.068750691111897
1.8143330305328365,3.881338465007889
0.6581776937956157,2.411276458003773
4.256687639479009,1.5711078018748503
4.97471606765732,3.828535741954664
1.485333233503856,2.4800612040676233
1.836776844244612,3.971253151067363
1.4247143196851337,2.5745550433338726
3.9834217957743063,1.8591473609773663
4.693681937391643,4.984886538423343
3.300333008269363,2.9315757002576652
4.016643449609878,4.605276803033348
1.5408957496841869,2.51239096993614
1.9107596831643177,0.6555245223297362
3.044583482125731,2.763921692155196
3.4136582630513757,4.977255714856678
2.976126192692403,4.999437414003643
0.10394105851500357,1.9760066442650226
1.3620173790921208,2.689689214716985
1.8055135756121143,4.933845931802563
1.8587107849938156,4.1145858814839995
2.412072389811871,3.660209204671224
4.628570120992054,4.65219452003611
0.20707644569969097,3.9385278649528326
2.516092355847084,4.224428641839755
0.3091812487417811,3.8375307856703724
4.296654917055365,2.4858097824845045
0.9509093749816033,0.15666540630527803
4.57767485004897,3.3997680215957535
0.7484125827045707,1.819676970711408
4.737274253801539,4.531167013154015
3.609108276720297,4.208118452073045
1.915365428298053,0.5612483955307479
0.9332767585289514,3.573601416544268
0.5189399882345608,0.7342430518964954
2.629498371935374,3.5796207332204317
3.1128955813298114,4.3183443903877485
2.7983412407469412,1.7752157482384971
3.7325588637614255,4.7410753149323455
0.8344385233079948,1.567478886746276
0.46824297751016986,3.9054063758076207
4.036690695504718,3.747812099660675
3.3843246932659095,3.6938273177306473
1.176008302240334,4.73784988078749
4.368665206214733,1.7654994441332639
3.8775376949492353,2.149638425056657
1.524008313044141,2.793961647247769
3.2109669442707967,3.370282216020324
1.5791414588514396,4.875910491715679
3.281879077117459,1.5832146131242726
4.033672918280244,4.33747329561028
0.6874626595562228,0.23103523987903996
1.3540283684323455,2.822305993429013
0.1456565990086106,4.959338672665537
0.043496124436354644,2.165408968404698
4.995107525425889,1.3645404386067328
3.252737539007677,0.2047544673078544
3.2387467812140014,4.574345815375064
3.963033442306781,2.0796240327517115
3.1994552830183984,0.03651573945613551
1.9484616189943282,0.011262737925403221
1.9222683892548726,4.906679797872052
2.3710775572972205,4.823799326553907
1.7417536536941958,2.386645663250904
3.7618731828437606,4.996857061661178
1.698954768937253,1.6018970808135018
0.5726476422539201,1.19361969299616
2.80333212486164,0.8799586413251648
3.783428645075001,0.23876171389915601
3.4663600160865986,2.413636123969563
2.8939741420685854,1.2524431405915792
4.932098585738597,4.2698418107117995
0.0009626547828017751,2.2768955736588747
4.94900139414486,0.48585069097867306
2.0672411956998884,3.5481435670597667
1.0987688511701454,4.023227758852161
2.9386058918409192,2.4096902223531904
4.391285359177793,3.9634435883349015
1.1694682699213232,1.0985221785823303
3.544435233176371,4.1375345032933915
1.7577356841085134,2.7494086366283272
4.003008087367862,1.988821610533481
0.9251274789105135,4.2656206431890356
3.099344000950412,2.2527194906355987
4.54420258677505,4.9758109522891045
1.9990586666538657,0.4738179633759265
2.7512814660491944,4.839310596346949
2.5274745171227915,2.7447073953410674
1.2872940279933291,0.7096551452111721
1.191054295552274,0.9111999312602054
4.849668649299212,3.149057089117004
4.674195039898791,4.19797415986564
2.4589429562549587,0.1078711239615654
0.39775578529340605,1.7340000216280604
1.730298530681475,4.998420612712932
4.094330907944935,1.833351235963021
3.1238226398957507,2.406118403227719
0.09654171015432589,4.998894524310292
1.4655443321423522,3.9177137946073604
1.2672466341659183,3.9700104732987063
4.473470715258413,2.3204024834147328
4.130319553835302,3.3733944417683985
4.470353129648351,2.3857232272569706
2.1477911589780563,2.0417175595097654
1.8507604500622143,2.3230330332368054
1.356189915986934,3.750800309303726
4.268531800777188,1.6786210607156504
1.162439444086501,4.198129128339478
2.390669410528208,2.1933388268524476
3.209715816138118,2.827432742694521
2.0920930825525197,1.8643653117335672
0.9077864359191323,4.5031960842298595
1.2662822381769328,3.9806578319474046
3.9219577827632266,1.8856644977461978
2.3823949708397545,2.626341248404311
4.747728909850268,3.8500505104939275
0.535333068107301,3.0878759388586157
3.3337439049592055,4.356930153940006
0.8880413536617054,1.962221036176326
0.6874784437737136,0.6456878013505779
0.20417699477332962,3.4726000583520786
4.716124700146515,3.646663161856198
3.759585380822978,2.9386750588991934
0.834934676517084,0.6081284921674496
2.6198144532383507,1.4011082490727662
4.291452943707952,4.450999955558078
3.025685842563356,4.916022222384097
1.725899846910256,1.7964425604198024
4.108308681391317,2.0846077394245044
4.806175903906647,1.3036803528177388
3.1522604871144932,0.27589130017905417
2.907512267731254,1.2728023040659724
4.767109589944987,2.770107535057638
2.2828731149787638,3.0553956458836895
0.32451907489256027,1.1096086187248666
2.1463630405108485,3.970508449352384
0.5276722920089838,4.371605154281038
4.588336012245782,0.1881354385398193
0.23441627187206382,0.12857991091188736
2.7187141790501275,2.787076709986188
3.617712899812373,3.094354957452249
4.0291928049748975,1.0949599953886613
0.40037456694403284,2.943662611359739
1.2000806280793346,1.0109565845093427
1.6451906906833629,4.801950161266387
4.255314467413514,2.7276115315574616
2.360517410928271,2.365623318512185
4.305404836885137,0.4315200632889671
2.726970966828905,3.971997039587787
3.716105135296746,2.011633929379985
3.694531799498373,0.8925744913489431
4.383646972285883,4.722733257249399
2.015493543565205,1.34954441078738
2.517114142262837,3.68182136653071
3.178521038656197,3.7957451681486853
3.6561068315447627,3.426908374993842
3.3593783306417047,0.5634331801188863
2.796807282730924,3.933774778011992
1.9552359177947038,4.582115504052347
1.7579551525883756,0.8151188141606552
0.7747516398142978,1.854671098112235
0.7759653047780013,4.68012203215603
0.18183176698277848,4.890243566262137
0.9825848234557005,4.133831529435354
4.829447786653808,2.222188905914348
2.5194478436192798,0.8600182298067793
0.12056180682629647,3.530590997413227
4.21999605719652,0.8849041625584025
4.033733339025508,1.5865496893455577
0.13974254060937386,4.82827835666506
2.6497363637224627,3.7583965608575594
0.5792780560555311,4.418591768409138
0.5625194917067566,0.143989499198256
2.8554129638683285,0.7871748255758032
0.20347319107002604,1.262573935900149
4.78136468071072,1.5953932942674032
0.3048005975995427,4.1516270303927625
4.375145376222653,4.150532643468719
0.4742699936539613,4.156991273247333
4.4919952332971596,3.013051265953762
0.7161586552792842,1.6593479145128693
0.3077576631740475,1.4249778631431786
2.947581382875952,4.4545799539007005
1.671992107119733,2.790953619465204
3.145755570778523,3.9669500607639776
2.8768947136821197,2.818142628180629
0.199951557464777,1.4852169793331598
3.5352825920573956,2.1353877166658535
1.3921648239097717,4.55222653620914
0.48804294544027904,0.3884860858734679
0.04855689883686953,1.6086633667733696
0.910664766473791,3.6384714449996087
3.8042970825106637,2.5683165060556403
4.523171688947566,0.6689541120104786
3.897422048209989,2.052856781182089
0.6909251351647561,1.5107779824554068
0.6191784970068531,0.05954177662814808
0.18249100478116898,1.4882839845653222
1.9133261761840044,2.6841129355523567
4.836783322604035,2.374686823438224
3.4207591531515917,3.2505568276850156
2.9232850005388493,3.3306403268147236
0.7772932376082542,4.943824749463753
0.027308503133361972,1.973851041588135
0.3609212391591504,0.02792386421783033
3.4269992645692144,0.5505178630807156
2.93875708573855,2.883354416598454
2.6652470549921405,1.5854443543029806
0.5866254455959546,4.779239568590321
1.5047557593372591,1.7472888793671326
0.7694962748774814,1.8730501068560894
4.170142195732195,0.0008613794193101931
0.2673553108499188,0.6154648285797448
3.845746706026159,2.2759162159564306
0.7012112983840296,3.3313414217091775
4.702882115389616,2.913253532890561
1.202735650336015,2.207093569960475
3.934678949762965,4.1307884284120675
4.971884178854264,0.5146191914463216
2.560636666050813,3.5943053710555266
4.021654347822023,2.8698766882351734
4.673258317499943,0.33422980643509015
3.0732766072975264,1.378160405232078
2.5589338883197343,1.9763676089031512
0.2623426721180683,4.6261634337030975
0.038040889108913456,4.013348194661876
3.0021139573434614,1.643133750487746
0.16294512131858618,3.2617430624793853
2.058484133083576,0.023452119537007987
4.444546555567729,3.976749311860141
0.30835619637507194,3.958098174831604
1.4663132942332313,3.5044349323953923
4.689974239093865,2.9808762920649627
1.7713128011862944,1.3325746492825208
3.3597976874218265,3.2126135411844463
3.65837439466259,1.4005910029293356
4.155999662471169,1.575202858708309
4.815761605097758,3.027470743889111
4.050535745883438,4.232722565249716
3.5867158987374252,2.797794479745016
0.30733540080353616,3.1068759619144206
4.920885400591645,2.125562465535359
4.763845928066019,4.793136483790644
4.434022977282726,2.213966470256821
2.323229945495826,3.615153680463594
3.37459752598794,4.664549751627586
0.7082322833141097,0.8147047483927672
1.004936858590097,1.3364560464780935
2.4828254115698196,4.895266015009984
1.3729086716707162,1.0704188667025583
2.1694561133126884,2.637140435107392
2.6502654337776743,3.512913448506957
0.18835478572951203,3.932896999437705
3.2343540786474274,2.1688066749632453
1.4384576470052983,1.476042928808623
