2.5,2.5
2.937083642428053,3.0797882081350583
1.9816764296618254,1.7842805794777723
2.99328107754905,3.6223558433205545
3.523846798059018,3.546174084138629
2.2961150174612803,1.3427836121587071
4.337362776843395,3.266373574150092
4.027675035131135,4.065287392953169
4.021739951201707,3.175872393767116
2.137929432208707,2.503267100410521
2.1610423404041046,3.238868144956617
2.8826048174134087,2.472653322405095
2.0023174527268632,2.1924751883146154
1.206162031313585,2.285031174182641
1.7580217442741286,2.7726493619004087
2.521609822848702,2.1895103953626527
3.277830265176002,2.7189899735567202
3.845644840384841,4.82962309006183
4.9287279434546445,4.293776150602858
2.1176684376574517,1.9973357560134042
3.654082563310977,2.953517615628076
2.4587679155833815,0.881644792387643
3.2100091497080148,0.3620845009909279
4.912076588884365,4.215243673061942
3.602030068342539,4.0759113290136515
1.6155814113156153,2.6354506458082065
1.5675252157615382,0.7954004245541535
3.2600043014525277,2.9079607429197933
4.302608233771622,4.642661932803514
2.512135140205494,2.940316957062829
1.457307409556627,1.830528961608589
1.589261083017649,3.218233423583116
1.6957868905071845,0.24288788225717506
1.2082924854341366,1.1758268224611457
1.341692617390751,3.706864494275469
4.348856043989857,2.4079480254682197
4.604141386009858,4.774334605686982
1.9448711400260876,2.0385172611291824
0.756694015866235,1.8223954685776174
1.1653367750835553,2.4022113557994262
3.8565685318720515,0.6135280305185126
4.665789241343772,1.8136338632420135
2.575355935090895,2.4938310633452994
0.9179734357444991,4.2348998005072644
0.5838228691699077,4.598389342439804
3.3470468748736417,3.1261704491805493
4.249892870162515,0.3413472988880878
4.015747631122667,4.209000049318783
1.4295295476002807,0.8048569224430757
3.576852083458297,3.8715197444591043
4.410719950790114,3.125857943469508
0.5075100041678654,3.3080126165886248
2.9766512001828134,2.092670250716301
3.1607857941393713,2.2442737678131195
0.7948264824405393,3.7256304893943133
3.23862631580478,2.488706814254284
0.6913628104163461,0.6332327837770457
4.023183822925043,4.75716560377678
1.1829225944556587,1.3582989180886003
4.491923857819203,3.657654498199328
4.476769689186334,3.2109701786459666
0.8455612932386752,2.6874010343840133
2.064817191677289,2.6162774830502906
3.9800277256755696,2.3712882884506357
2.4468444936421574,1.0295049619402985
1.856326847582364,0.7976600491178248
1.9986805983231197,3.0866981431403406
3.531024547280967,0.07443142922197166
2.0688048765097977,3.2868328807075784
4.592708283526166,0.978976895334836
1.276665502554391,0.10294967333786376
0.5752832633524263,1.1492491898911665
3.7506818499333927,3.921221698358504
3.092847999265225,4.950385937578598
0.7738872651597095,0.6199955469167651
0.8828801862646557,1.3414533415219325
1.9427945970649518,0.2671440171599565
3.848463846586916,1.8981630969763104
0.24873800583737782,0.2026706866473249
2.8150297847556773,2.843485022938523
0.47641358617730334,3.1666681212286187
1.4903749044553882,0.1877750438971043
0.5709943055401667,3.2583930498667972
1.5094275081782804,1.056292405925472
3.7331890894827255,0.7945145186258951
3.6950197476881415,3.436211015835643
4.791493110322844,4.388022647275786
1.7954207926323007,0.3729809179521526
2.1505703838355767,1.0758264810470815
4.762313102464409,0.6613254606455987
3.5914385038008962,3.501603419361097
2.2379049558776227,2.953052689041497
3.5361205057996092,0.7022647553160044
0.8883124070656723,4.81313319965008
1.3617032625410035,1.5030980890416519
3.563687814548517,2.3619789699061915
3.2997723404106676,2.133780721716726
3.842898280763756,0.3903392444598458
2.219058573148734,2.9488023020910576
1.8787435417555098,4.466857835965466
2.438077400628647,0.5699435666695618
1.8348671739743938,1.5787628496872013
4.989469570250554,3.0176717683673244
1.6329500233289052,0.5136338996619982
0.4450669365195664,1.1184393419510603
1.057673384324953,4.081523849332874
3.088462589289887,1.0261369408811205
3.2120668333725177,3.5382949467915226
1.4507503344740857,4.372673963749166
2.896787026591081,3.224378738456381
1.6573144080170206,1.577654948237328
4.791770485880563,1.8241502861260201
0.2608325166350356,0.6803106374967033
3.386115567471747,0.5334461143995789
2.777272406167879,0.25303394555304337
2.83440322145685,3.6583366058259355
0.6730390685784932,4.659096572702803
2.0117260182380226,1.0270139291340874
1.7844946109921,3.733776834297613
3.9686689894789318,3.865226198119282
3.2633432877056583,4.416911879708969
1.9894266556210483,2.5341913092459905
0.1154093926252614,1.2006339426507822
1.6827280389345611,2.974470943748794
0.9069873493031699,0.8381694018143865
4.880542510850423,4.65454192121225
3.480909538124185,2.106232150637542
0.5123793130427412,4.512481258422801
4.7913933465680305,1.0953368354574589
1.3743448169086347,2.756867418058416
3.4195525742954476,2.1911376784793113
3.4659343093967987,3.402274813801895
2.983461467478591,3.9293175148782606
0.4215898503151966,4.979354194100006
0.02021524530790575,2.667002121814538
0.06707066110461402,2.940955678538609
4.540766042674596,2.3353610831386766
4.58998798221111,2.853539163924774
1.8700329270198317,3.318319900345413
1.6888273977943142,1.7741806343717015
4.30312779609882,2.2010717494845027
1.2026982544435079,2.5362081936756686
2.6172669144311693,3.5979756660929567
3.8076723736383005,3.0005109177645433
0.8503534715003497,0.0002817663764270728
0.13547357002375637,3.974182220265275
0.8279933275241735,1.3583149646024717
1.653289852550504,3.956968119731277
2.565102059652824,0.7305902787316959
0.42804635464281704,1.0684534625713997
0.06347366434404533,4.576057515737019
3.39921248204649,3.7340778922139
3.9667355226521424,4.653856710664924
4.793344045868785,0.40030380769147667
2.8646889946007663,4.223481808337461
4.139141469412589,0.4376423819159786
3.5043745288656156,3.874258271725491
4.070926180587785,2.086088482987694
4.139011292285574,3.0811868500082014
4.610465758074363,3.1497197939296555
4.238606279055438,0.6485180705717447
2.3482853861659936,4.528986890011293
4.066919813015883,3.826329849943207
4.464061430128764,3.226188167926934
4.719838163322011,2.9192685930632334
0.2893009052283063,4.827717007632477
3.121554781799344,3.5797130939696236
3.0340880188654524,2.703738920342031
3.2707407103288415,2.62575708206078
3.1905144456301593,2.6228188443574734
0.41589414535234126,1.4130275243768942
3.0753905361789897,2.917986038951666
1.255939102661826,0.41654548606869457
0.39106087097808107,4.503301917797614
4.613793741609654,4.4009332637326946
1.7916493706347008,3.6982668691889975
3.857464183819837,0.8349260240953921
4.5863492304157925,4.502038276485826
3.812036328733854,4.878003575447896
4.0325926468726,3.118773381094954
0.9363913663473156,1.8851003697975621
0.22680767870499885,0.5215772952030762
2.476591881210075,4.887839017472546
0.8861815157744901,3.909477607661666
3.5294643174183618,4.228252952398265
1.6392649338487457,3.1410137815351407
3.7850574077024515,1.0767555637699449
3.5686160921886785,2.2165536650334197
0.1438687986905074,2.6814862326025466
0.9367627565183634,1.2030929256141931
2.2025262994391284,4.712116510515455
3.7262314134333865,0.41813463273354057
1.6365360362842785,3.9525945517135086
2.9126198267035908,1.2927671996613936
1.8757263464393485,1.2541643891824679
3.994907022196346,3.1723541323152133
1.2115098314038435,2.68858362030918
4.925573534249405,2.78861895516082
0.46068908548743903,1.4218500949739816
2.0103882377369393,4.043024889377155
3.159355111955823,1.4151108897584674
4.076754497908772,0.993956818659979
2.8754962623782236,2.0223444488854545
4.6338044221395664,3.9018408950733177
0.7724313129688565,2.244066079030383
4.295226602488574,0.32205519829721696
0.6346619560998801,4.665190533376757
0.010974603747487821,2.05640787119708
2.4416644432784373,2.8582508911741753
3.958450973462668,2.3564290783897555
2.983260464426603,1.0921370035266686
1.6394154014073665,4.738340477140015
2.530596783316162,3.4531416530409276
2.7822924142255534,0.005170982138441027
3.378303384360853,2.7216630736509657
0.5786216853871651,4.293534958899337
1.2411201930288784,4.535397249311865
4.589308644153235,2.1821951310681516
1.1461297882717025,3.876331264020001
4.901493212495644,3.066409363778427
3.3886903619214195,2.147962925550128
2.409181317590892,0.358345451465108
0.7541385778795989,4.81585869302898
2.4936200653581935,4.514686465938013
1.8740391581656786,4.010182006718822
1.296904426853804,4.486108783631366
3.686044329640639,1.1394702591139094
0.9873190827568218,0.4343955224434015
0.033028328335216184,4.016398514701258
0.36913269120673775,4.50190769332727
2.1005316370359677,1.483103385795435
4.511231868662426,1.2894826938593729
1.574501291657171,3.6840450473783215
2.402217773745493,3.897973795659137
1.5691364740561893,1.128071915416204
4.657016441598659,4.440832244054563
1.7719779823544857,1.9312072254878876
0.0675483022171608,2.0554059180924393
0.9441233192170689,0.46996527452888237
3.8570315274634437,4.199378724732907
1.9183466493710422,2.0387181257464486
2.8298262709822506,0.9990107827933986
2.5968032594922925,0.9832288248748727
3.1677298936403715,4.164490316341057
4.269353560728137,4.334299364304223
2.5550145636089656,4.9106764000221865
1.9790976955622541,2.249089900421211
1.1029029185413082,3.940149965327921
0.23934484765351705,4.382436529356118
0.04678405110653927,1.3529754950367956
4.593828740633189,1.7950050700153493
3.5809149491148755,1.1862712997978964
2.579369325191575,2.5803201016957673
2.9457391434324838,2.1154760338182053
3.92918433038227,4.06040361083021
2.9603052677757278,0.3597864228918668
2.60748447244258,3.9069505597098564
3.9566869882928435,3.929910803259985
0.2948240161438065,1.5677680691457412
4.359149016980148,3.727755364684943
3.5592522111529985,2.1005715011479325
1.0950505640774617,4.3018890711991995
1.3965371162017686,2.701367195794476
4.647093372183701,4.81377395732376
1.4558317320777818,4.766469511455769
3.6093601464456206,0.6961420716328276
1.464861036340589,0.4683050113950721
3.842849646030278,0.3264634617163431
0.7509439330969642,2.8707416800531282
2.353685458065778,2.9587780734408
2.753132188197071,2.0184680914052935
4.679041514356895,2.621952063861264
0.15491879907371442,0.024702269205793548
2.130887560429839,4.5799058508579265
0.379015381488656,1.3994462818830256
2.2578428274854034,2.357721061638076
1.3898809538666619,1.4735415594039647
0.11870845568821842,0.2991319544497928
4.808723067944193,4.1507550752795686
2.6537470720057743,4.60600205247477
3.4030486810668674,0.6949120809951953
0.4576688057707373,2.740102926202071
0.1695386603513005,1.430313400420492
4.167323133315321,1.7724127754760048
0.8516329357229019,4.700507608092151
1.6299537766186922,1.254483082255201
3.184957184422743,1.1485239993595742
4.448015948713438,0.7593138157526963
0.8400719420315,2.9782355579409114
4.560006138576915,2.9186826182948638
0.3595011432116191,4.955492210377678
4.672278881537902,3.688332406428474
4.25191681063943,4.252839864947784
3.035351483967674,4.193742699020619
2.5419513677609364,2.824094887431738
2.91791682137805,0.981274408020098
1.9099991238167457,4.187073293796966
3.5324863463497884,0.2587438042059681
1.0245451552808023,2.0008515472103294
3.2786167196438893,1.6289882034948355
0.7877591323003036,4.749602925697555
4.280438675823686,4.915327092508924
3.9396917606686555,3.771998177108916
4.665308078453705,0.6821535939762385
4.305198864046861,2.045174184412356
1.4273170458397115,2.683875680216495
2.2596375816008303,1.0656599708592833
2.419318354991046,0.6317239399856728
2.860107351459768,0.9128501951437445
0.9161406859079463,2.942599818158077
1.9642160513931661,0.17982305516678843
1.915714347551833,2.9918661996757825
2.8305656228084146,4.253328362262615
1.3251119469714063,1.3553102272600337
3.512891905955283,4.525151792569436
4.433178544503186,2.726713360867871
4.972204155148386,4.473273089449547
4.226906276386951,1.9540958834000528
3.9948902438866893,0.8108850251282046
1.020918766525224,3.5232714327740338
3.193442061163616,1.2682710056256796
4.1052977897587715,2.1218670999599025
2.999866543657702,1.7072288077572377
3.077810194575445,1.8678296845099944
1.7549461133652589,3.8722944819683547
0.8963014328232521,0.767103131802141
2.7562689591761167,2.677285674381894
3.5851070055751233,3.7065243626848385
4.689125639318336,0.16547354086001997
4.088534209610681,1.1380080060295172
0.9676912202985533,3.831835968934694
3.01455956969259,0.8353878201175002
4.165108646092851,3.4720769607397655
3.9857484846280262,1.4137661700788078
2.793721491198121,0.16381407847511464
4.091138115659457,1.546263318638767
2.8964991631962174,4.927871689675458
0.2893675211114205,4.369285119020977
1.4303583514185876,0.28717540105131
4.566138031641711,0.754714836918256
1.5885828345249324,2.147917671539046
2.5675110318809784,0.37169861711031094
1.852542312269061,1.3650653077195063
3.7392475841540267,4.8622528482384055
1.7401390448520697,4.01182581776686
0.33363981617910266,1.3894703942456688
2.328564353030071,2.5194230577613452
1.1348505351213967,0.932171675212769
4.937478326244344,0.25660312991651835
1.4914928731154014,4.133681308968378
1.8884142823718792,0.3931302121924535
4.0525667468231665,3.7458863561824773
1.573180711367692,3.552620785781772
4.820169432599011,0.8623234709731165
0.8443580108076759,3.663106353372098
3.5570773553466446,2.2709074935247413
3.417072438541939,0.7706005069053923
4.05596467735246,4.96313540180526
