2.5,2.5
2.8727352211714576,1.7378422350905405
2.692813832248422,1.6906345314565074
1.9757524911903035,1.6912862409700762
1.7760329382169542,2.5983532776335174
2.5558582934781935,1.4665812510779908
1.9921694979003002,0.9009915575793986
3.016575746183658,3.143794618428531
2.9047167697196223,4.078792353446589
1.3680292260374434,2.7029186585453857
3.7054770786555,2.4658932134306326
3.5557042220916193,1.6742399693043857
2.195341821383545,2.6833081220912636
2.0675879554267618,1.0676909721780343
2.6632756193936076,2.3922281817819364
2.6175525800164383,4.917290004819009
2.007044609486023,4.653842332259939
2.5371767372223526,1.5308836305390705
2.503549748266147,2.4747869137075713
1.6307168649147235,2.009244845260274
1.6641612109365445,1.2845894898466064
2.5351057057297237,2.130842599054263
3.9805342439822944,1.905688524165679
0.6366804859459374,2.4960264860149026
0.45993620296546356,1.668258055257581
4.462488768478382,1.5868515881471574
1.055603663879452,1.9734194364450568
0.24215679108376353,3.4064828224906267
1.6888536937912224,3.5211912424899907
1.1985975371560165,0.7426558301700803
2.7843349755610576,4.1469499185363095
2.297315564564827,1.6619453627175602
1.8798121150979663,3.704081928787821
1.377070063804835,1.0513197014447555
4.0349737524559615,1.1332283932305982
3.2258424791091027,0.6961149854842119
2.1417163785490754,2.253244899101664
2.721292861619884,1.5943431876062713
2.8473564831866756,4.074917764301465
