2.5,2.5
3.189253338537652,3.1474414532312363
2.478268405151685,2.684062841750463
2.1776526035498933,3.3155911644981777
2.8895467605239844,1.793024315451881
2.9843032533539207,1.048352763562475
3.486642079321462,2.6248419181457145
2.3020749749883374,3.465529190358642
3.223016375678192,3.8944700000524635
2.364805694420218,4.4373928508841525
2.789733922021076,2.612004686975223
3.5244048592763653,2.767021363828961
3.0426424372241327,2.4755280396660306
2.386313758679707,1.7753157026170734
2.1007079145137624,0.9083871718488307
3.1231823158334415,0.8542905510621729
2.9816064292116233,1.3489857272904509
1.7206074331459587,4.1537697164181955
2.8930445463160077,3.1348249903734757
2.583780181751138,3.049673255953895
1.476365694889683,0.6697135283596378
1.8921610671916818,1.5978682275077776
4.391455526280955,3.1169210044431623
3.6121022768032014,3.4837722841321876
2.663645415702444,4.409939993121249
4.740555362444191,2.2699184640870627
3.265078139596908,4.164093219076495
4.2402274705784935,1.4485420549191481
3.615326916154225,3.3573331709203287
2.6329148712738433,2.236290924180992
0.9165241476823566,0.6264169432901956
1.959528660938874,1.600460762163392
0.9370403123363541,1.82002711532264
0.6722162468911247,0.22381343918051577
3.7179290704509107,4.866569683255625
2.281425358717713,1.9781979756794255
4.013126700355604,1.3881183929764447
1.1964267393131838,4.703648046445742
3.4369000660865052,3.6390385690992617
3.6725715150977734,4.268995214037602
3.134377731523644,1.1517356548413442
3.9554523333108698,0.6110685150346745
1.3991492453319232,1.8644008308481208
4.266956076138958,2.0001045343530266
0.12308193951745261,1.0597793851316195
2.438487716380771,2.4876051859412995
2.213243621998851,2.4487481799789523
2.8330781915447862,4.203134376073308
2.8746727060029946,4.4369809372103255
1.2393379319678717,0.35087495968709637
1.0182249541323207,4.712018114830065
1.4954920476387463,0.37655287688969696
3.5163970107570286,2.345699997289799
2.7273925822424046,3.416339856501417
1.3184293040609751,2.0851641619693413
3.210760734081555,4.840638607797814
0.9562085808145193,4.716509042555815
2.966817452019769,3.7245242741689926
1.4013584497477805,2.4658227229673852
3.6242965404162564,3.922816972984327
2.616024738453925,3.8804462561783404
2.7907516380496107,3.809012970526679
2.325511190861346,1.97558121920602
4.325268050649572,0.7747138783377594
3.3871996157335755,0.03171004518366494
2.6097460906874166,1.286675722306574
4.046563453449497,2.6986730199128655
1.5651729884438026,3.2182685431629747
1.5962630987589583,3.663647531617471
1.3401809524265251,4.406474349034877
4.85547128354575,2.6368498487076923
2.2705774887623087,0.5884324232848032
0.014070014461153857,0.7322723670677589
2.271914446980743,2.7834294461601212
3.310311307444509,1.496424735137275
3.040027381790426,0.6426916478532879
1.1914395212946316,4.919676205426676
4.28182598522881,2.325435420438297
1.2039952974696533,4.744668237205528
4.141791441782667,3.521912780820853
0.5811401231561364,0.8078479907951902
2.590696475973433,1.2740708481546692
1.462397745439602,4.97587078096237
4.301310944493984,0.5258745690332994
0.6055162300900385,2.8176765905850782
0.17457889945835026,3.4341960957009174
2.2237394678007667,3.623044788189751
3.630021165727444,1.6589061976075588
2.514722043852855,3.963092650117979
0.9494444044958511,3.7699944268888985
3.307257008602236,2.947647770065002
4.4602741759015325,1.9472585970336964
0.32782673771011295,2.285394588745973
0.4669245872726241,2.0687345319318258
4.249089110539276,2.574135585997862
4.501495298488503,4.14532279529683
4.737638613625458,0.34236686580429054
3.96394460622417,2.733993540563169
2.1837645014163485,0.7339840163834749
4.627820889831432,4.062143229135796
4.220564945404459,3.5309574408542503
1.828286791078542,4.35357529565559
4.975758281156076,3.5223083500368007
3.4119125373020927,2.136965983434078
4.784439084320972,0.9535247629042071
0.9654036953137007,0.16387827816199074
1.3102467344914837,0.8001163335764727
0.5647773089131469,1.012284220293112
2.591050587203065,4.536097361600381
0.6034737817145702,1.864356495324397
3.282412050455728,2.0132680767844375
2.0861629318489476,4.153066502438872
4.288001431228606,4.20663500380324
4.861660435805355,3.834877814770616
3.153099673934217,2.9244571448897156
1.3167887057007877,1.167476632599453
0.009602410424262575,0.038456091922834945
3.192874621896883,3.0642877110654854
3.3274501812262365,2.1276200210267975
3.2079813386101668,1.1734280257439078
1.6966458574598904,0.8534592544147906
3.386318015704166,1.28659829252938
1.637905665799102,3.0856970356200266
3.3021962955520303,2.7001822684642827
3.781029196851083,0.07582387676179025
3.165214780891116,1.1503595307706278
3.2904838976201494,4.56213478665741
1.1117777045765602,4.576067114693215
3.7957112118181318,3.8265612811203606
2.362498861114468,4.721740881215068
0.9654444501401271,4.672712338396749
1.8779658191927728,3.7110646501596616
2.594003883893536,3.012361653864179
1.4033158774513628,2.7329476055551187
2.434956145200611,4.895913889676511
2.8942217297756305,0.09043916941630925
0.3736128646468706,3.006600604364449
4.377669466158575,2.2705547651501403
0.6726399661976523,4.0071910554554515
1.0444532981228394,3.8216740563975975
4.456457968978649,2.5108258376527344
2.0475340459131686,1.7318512770470185
2.222345719904573,0.780580271950414
2.7236206869570614,4.971792343100978
0.17660567108525704,4.814838383801508
0.08422118013777846,4.130274253912134
3.1234463039655673,1.5469833081722772
4.574973186079982,2.032719777765481
1.521751946289317,0.8501310701006526
1.7674559890056685,3.99325207306545
0.2296464635265133,0.6684347242874428
3.799764000079045,0.8838874310885991
0.9825555869397834,2.2554571369278205
3.880631424924122,0.19817643666599882
0.31158074306922023,1.2039228772373383
2.6332530874831677,3.3747537304693447
2.138363257881002,0.2259102050269035
1.411156672496,3.7911239648248363
3.0416415980664646,1.5798073568892579
2.5196749133510385,3.4558456333159753
4.832671170915014,3.3798689188118876
0.575877673832233,0.6433387663126938
3.181309484342678,2.9329111494284543
1.8932103576476438,1.0439608062099415
2.3410848435376814,0.3228092273102712
2.749655523233985,1.2696336107915567
3.492838590401603,2.2438517884406917
3.5640996168214887,2.1283247385880526
1.0289756040050146,1.5670811401869438
4.939356227563903,2.3172410828291645
2.6060705980752696,2.4388422857713907
2.244862075834207,3.7328850217151155
0.19740212118359468,1.7508199858102769
1.2374399701342091,0.3788950217353465
1.3990561933021435,4.79993064101402
4.815924132518874,0.8831519288379674
4.1372490197381815,2.232746707252267
1.8988408359803772,3.976098316206386
2.6189286337646154,3.8930384675386813
1.3043446886317955,4.495516187235413
3.351292240769484,2.887267931934229
0.16785114637083098,1.3896396060983218
4.6709959793888185,4.015156003062562
1.2080164633126116,2.200570779723604
2.4955109300430456,2.8952340215767993
2.5033310892099565,3.7397885969179328
4.1534091582235,0.5069045202781086
4.804081467855351,3.4208046819960325
0.5777607290745468,2.834240284930296
2.5003464950505054,0.4322616463035067
3.611263077661419,4.46923480876351
0.14850872784508584,3.126912087863827
4.3463382055841056,0.6521154921930378
4.066504856021789,3.018258969654558
0.5236308841465759,0.4142066975044434
4.092014210936265,4.227084176668558
0.8548985191775499,1.8561823522216092
1.6884879113895745,3.895543098449618
3.972832460126301,2.670923094579665
1.9832856197682274,3.1162374346127315
2.6717698805511336,4.09501778616081
0.16585731949801785,1.0069053098097014
4.069651039770311,0.33048056473586773
4.445739711970649,1.2117913530492403
0.3711197405306321,2.160057180140878
0.945303004900781,3.565449205955714
4.167876916486587,4.169020554958297
1.8850096643660186,2.609917700937215
3.0386956100973457,3.8508709569347936
1.7757056819404615,0.7586760469466408
0.4821567590235065,2.702012333685916
2.0133575762578717,1.0999610817177063
2.5887196405712714,2.505320688658018
0.022584931078843407,3.167842678220162
4.3580737297847785,1.0419556966689618
1.3419657136171876,3.625740946279622
1.3589905614029258,1.3172735711055217
0.3384420993523335,0.8328147444439271
1.3600658895326012,4.966984136192404
4.028436974958836,3.413328073632558
2.7796487926536533,3.6651214371366345
0.7346986438342479,3.7190239650668513
1.7225103589847808,4.099232768220828
0.0650606615513083,2.796979167660677
4.763239452236557,0.6659901171462745
0.6441383226537867,2.118865101706555
0.0209568512607039,0.12011740069686805
4.270062884341926,3.409858077352869
1.7250691392796902,4.7395536717258375
2.8430903584716787,0.5307872279716619
3.886995704898537,3.2030743715255765
3.630834453764918,2.0848514570607017
3.2387802788037567,0.9363887784939701
4.878541813866742,1.2561197639443837
2.9050788955952718,1.1782904124961713
2.5123228432797977,0.9992035992437526
2.3937231541867474,0.6893326639835906
1.1796369476235813,0.31771923846240224
4.233610867265878,1.0452753506734975
4.849522875800826,3.538677063704742
0.36595732178789586,3.767865846176475
4.594279763396155,2.2946646691237103
3.8285155485606954,1.6953126069538227
1.1676804268103536,3.7156970919901076
2.5143484192042336,2.1639046399384743
4.995654279209573,4.994891424840208
4.92531940399753,2.584844563898567
3.3517560931841723,0.8463180989176444
4.9197457906452176,4.696052553287472
1.2893742235282475,3.183498031402126
3.0926655197369444,1.0670730974182918
0.00393275328419096,3.923631322635503
2.4599451258515415,4.161190067777328
1.0382699737317864,0.2716255197458395
1.152645253026987,1.9511002733888634
2.571016829568578,1.110899716012888
0.7675997365545817,0.985265525338262
2.634173419511872,0.6688281512721667
4.755301824145958,2.7301327574426795
0.36338695035594004,1.2650609975687162
2.596024366208669,3.099927670737756
1.9580838485656433,4.513962965311523
4.448251081357518,4.970011781359199
3.162152299659613,3.8049819619268317
4.890061641281603,0.4479758197845757
2.966300447827997,3.7257492199834386
3.440734877157017,3.756948324092835
1.689437043809889,2.928280725765256
0.4273671519636463,0.0005574206478348165
2.009303636365087,0.7950237472686733
4.035158293893444,2.605496183824601
0.23383932220349068,4.660137716412333
4.038810542965035,2.583518901873294
2.9084085359921947,4.114228895619613
0.99206347544055,0.8715510671086174
4.824168646134487,1.9246482091581112
0.593388323504675,3.0641092411026376
3.594534308571846,0.7431995223392746
3.370263053496107,4.35085418409685
1.3059281148738782,3.3142480164794463
3.7541180375243908,4.1545965223133745
4.181462865188015,1.3996041228057692
0.2798678339035854,2.8341005835405113
1.1467267461429054,4.111387676163344
2.999132533402653,4.895763279600917
4.557158625748038,2.6792317546987956
3.0045110347763577,2.361657393488745
4.542598579263854,3.018688302799636
1.9102804560506574,1.871676166605426
1.674681801811297,3.217985913410363
4.130631258326021,0.5389505932983768
0.9017066411021046,1.4329803733533863
2.5269709858101015,4.503658171878388
0.2686157585704224,0.025767122416568977
4.060030824605315,1.6461143031837233
1.1351122380989975,2.4861209788391667
2.4815327839487074,2.687755071713048
2.3352155907383154,1.8461201103869262
1.1181544837509594,4.02019757187793
0.0765860790547368,1.153602271757711
4.120276219177441,2.765288379881171
3.529495513281865,4.553543284384719
4.786247991157813,1.2783945919986235
0.5223753720542351,2.6200078740091586
4.288479169806881,4.715139317733114
2.004032836954695,3.6732024986097835
3.6577543455456074,4.516413230872442
4.609405987000468,0.19198394213480963
0.16711650431334157,4.17050538141361
4.597011814134886,4.207727530389813
0.8017159774852239,4.051546648514973
0.4727262448652597,0.2803045174575225
0.4317741086193355,4.140637162624878
3.7464240877813215,3.118732945777387
4.90394370511771,0.34435096848270896
2.01240431008098,1.558646091512328
3.330387201590001,1.0734698406202532
2.423748414825842,0.7261685535259726
1.9222739480522173,3.177377114062734
4.619118538332468,4.801295732127365
0.3605369285815596,3.0118982227647177
4.5402413892176225,0.7528861617935617
0.968425772179099,1.9344494799344285
3.1007243042565373,3.7310653523459356
3.746789880468564,3.2204055763743527
4.001209676782595,2.2843599403680033
0.04969516308903965,1.288139261363348
0.747111660570548,2.725437667093007
1.845643836903232,0.17039530534200265
0.9986074444506055,3.6302383722580234
0.08853615197001785,1.4055232107843203
1.0183448764273466,1.1113532890621198
0.9696880629330479,0.5341442425642595
3.813004611965906,2.072402383834934
4.818777847819357,1.931797994468874
2.125574778989694,4.222959238078495
0.4239050223118118,0.5265878845990524
3.345332926894908,4.041157992275764
4.181829175156707,4.269205687917899
4.75188142496822,4.837528326742262
3.2673792271208155,3.9745473379142044
1.024827875324822,3.021288299722321
4.6494320141753995,1.0450643443613399
1.9194277965237738,1.70183673703381
4.052453982068199,3.305735494951627
0.10509520755951074,1.3286456679188918
2.3931916082872275,3.19209056928275
3.9124658608834313,3.841165013797492
3.477101500271282,4.546500350329964
2.878146301657246,3.0065599875746645
1.7000352414504531,0.7824533937591766
1.1494007038888183,2.826795685293779
2.449819201702246,1.4844764603927185
3.780674693560891,0.5561690806410646
1.9770428163307634,1.0002407231087944
1.3870997837666583,2.433991338599846
0.21881522885905058,4.169845684310002
1.6400210111001194,1.810908096463909
2.0686360765989917,3.755023237244235
0.0893507428221163,2.774621852442813
2.6594098262062027,2.1124914721611394
3.9596990068170705,3.084911516662898
0.44275794535472646,3.403484957299672
4.957941719276562,0.9688414745960222
2.26438922281887,3.9064590100738403
2.23211413530933,0.442205904963327
2.240739524084086,1.034775251734243
3.3520084061058055,2.898031666044132
2.788105995907419,1.7356171892997025
0.6330572762982201,1.2272746654010502
0.5656454116721349,4.05652797470708
1.6910883915644375,3.944016819676526
4.13795898291743,0.8132644504435588
3.429474446802444,1.3637167590796695
1.7630383011002677,3.1913397549315285
3.6198419100752046,0.7023824125325173
4.756626001990961,1.4812668901461024
2.8343971345627264,4.560282960558731
1.1024443777315707,3.3795142641237534
4.722130466357757,2.9897587755299524
0.5222250027016612,0.4218575134167196
0.8309027247432527,0.4508773228414792
0.8493579553904146,0.4242269736410925
4.409321191834001,3.482508939802255
2.311801392709549,1.646855204825441
1.265001050854317,1.992453737827879
3.6689786044870623,3.8506757991965204
3.708814337378957,3.950204190459195
1.9352191146697262,4.49912596979842
3.507933916814009,1.638235239256212
3.0637286165949873,3.040124538516343
2.084965562836592,3.3383142845782436
3.9567505159064185,3.7210498308316797
0.3913589663984274,2.431714398402203
0.7724301875494982,1.2113285750700893
3.65619439030837,0.29198678149282176
4.723661514540253,1.2804981939251032
1.6104517832427385,3.0369073976438914
0.11743189385751251,4.474458048505385
1.4035340442669575,0.07388255651065101
1.7682006709684757,2.2039570160133817
2.267354509530764,3.7643590602646375
4.761356596096221,2.205514305742507
3.647544230195759,3.178454638492116
2.6959127870097803,2.427293836053453
3.0326568102113374,4.313403454335891
3.6409316593663603,2.2130149257857745
2.344266865960785,4.423159281435931
4.807837372998033,2.1330949981540663
4.0515070538754046,0.14899471483525717
3.8490822363375212,2.9492375155792905
2.572830022655777,1.7766331446917616
4.558712301756619,2.5594797639873086
3.7151755983240475,1.6997132912416042
2.320764704229358,0.4479119689334149
2.975889971344427,1.025009889745574
2.0521698967000734,3.1162423160846138
1.9412227813255678,2.271092767192498
4.568028949996357,2.969824821472132
2.348982480221062,1.5859643542506452
3.7604819880562075,4.9276170725246295
2.3276175725024246,3.2854309787740865
3.224993823964399,0.6015921168895377
4.654674883788529,3.7085583103651496
1.3215684536667465,0.626803117313644
2.0201596929318906,1.7420604163135094
0.9668785173250166,4.547366475922815
3.685838430174082,0.008426711465293613
4.404604682216121,2.8580060908039413
3.3210797719688205,2.6627448355647454
1.2801161488778812,1.8002473607175644
2.6769580233732797,4.24926842654679
4.13067727739414,3.8807600747426396
1.2522316341511786,3.7717142552951755
3.9276082788712925,4.649314762293095
2.51074861350254,2.173879100023158
3.533151308500716,1.1710901735951134
