2.5,2.5
2.6588581577055557,2.7613824541963465
2.756877408870795,2.55420302793731
2.870633442456125,3.0368475535436272
2.24178176266348,2.1260886030274175
3.5070839627465156,2.2868058807498155
2.4178263053270213,2.9908682299188682
2.481049707256506,1.9786696673824478
2.0035070237892034,3.237376998527311
3.901683114622561,2.1520234830566904
1.5658600163760132,3.9642089015580795
2.796045758452469,3.8326208330543117
3.3407792921019293,2.969456000187992
3.608941300455265,4.282498110557315
2.0944394592661633,1.7878781299316908
3.8968319817958563,3.9072636098175835
3.6167631954925774,1.3892114735671335
3.557014665272167,1.4866501334008397
3.151339397341244,2.367513994238608
2.069668792777461,1.9285468058139377
2.882997112000438,2.962818716083882
1.8041072618550897,2.5282033081447515
1.0848409770866008,2.7224198107456687
2.450673180384602,4.474443478079229
3.4110508955776,2.856909017097255
3.233736725678295,2.3787316721621883
1.3429323958870159,3.730491886017615
2.046023324265076,1.5539357737495785
0.7537126242848807,3.9446670162022777
3.380815163427773,2.8835027839654357
1.0951276533643424,4.454079339469784
0.7769622874958776,2.6753474305790443
3.840311910573811,1.5528433731851328
3.8252850602071486,2.3231132759114317
4.04056096707131,2.6819478233698835
4.372594449115525,2.9621259914045033
0.8288576016938898,2.6913257372740156
2.6073034233132737,4.19374183324952
1.0874910561723712,1.3129961548080604
1.9642693877613375,0.9584449004956658
3.1085581626812546,2.852548724478562
0.408389193659926,2.655245090471668
2.548317065754619,3.7445294300742327
0.6886431126905695,1.8681733692084668
0.6096658484552347,3.012898989008141
3.3849026177607806,3.465475673909565
0.5773043091468644,1.0428642669326544
2.5571106937094035,3.750650439118032
3.2158345634799113,3.4217534762387243
3.1260296705828434,3.7810443694252327
2.1204340143132083,2.739645856858833
1.5643974602080069,2.303151122874815
3.4153156423268123,1.193684672570836
2.2482637144117046,3.2473460401159153
3.856051845066501,4.9628306573224314
3.618332768875942,3.9829136952466264
1.1643006038458958,2.6937400687702393
1.5900850049415705,2.4993073362751375
4.723629757043339,2.9726858573908976
1.5349750666449173,3.492962965789221
3.5421626118544687,1.1793799742246591
4.441758769060586,3.446294582155323
1.2987812176022517,2.1891419105253362
3.707384101144396,0.8079131691241392
4.44140508559618,1.1569385148831342
1.4030226151416585,3.8767365272553382
2.942227558106969,1.2444950491577051
4.060136154557065,4.025942100739053
1.9226450217719409,0.7804499179132424
4.913497734352138,4.464916638000601
2.4695058887743544,1.45070165670061
1.2841785185379284,0.8378570380765965
1.707232177343549,1.5468692386655065
1.6316096095272203,2.966400615450557
2.617774916990146,1.5900186456986694
4.840603406326657,0.7972482220814148
2.155767398695154,4.141754496005122
4.496994202436839,2.5652117581261735
0.27002096788290186,4.257078619679141
3.4930116150167887,0.15513882967896742
1.3382616956714117,0.5681031935295294
1.7073828485084546,0.27276406641515816
1.297233118785825,3.7733773629610647
1.883839212014606,4.818663041278017
0.9691663368151909,3.5930123624834804
0.28611377447683606,3.4096894855283386
4.967800009366124,3.594829675939466
1.3018718413987307,4.649511460221589
3.975767135786843,0.19785522101001207
0.5547715262430458,0.21913157023470908
4.64200971706196,3.935193281599463
0.2869112999438006,3.193420471456012
0.6080851859423658,4.732758766305853
1.67898774283415,0.875839699083345
2.615036739654242,2.4160537975166037
3.874719258559238,4.2296510082030405
4.776854427502523,4.123820396113867
1.9417777346479337,4.277804511080206
0.40935576448681066,2.8300702438462215
3.5484842119543973,1.0956972902220046
1.0608715412448806,3.1645918413210583
4.845884497201764,3.9473538372077415
4.723833250207118,4.17109022685671
3.989521741298554,2.221344037091817
2.9997571996713885,4.475832720345233
1.1383790841586572,2.8376188836561846
3.944213539091938,0.5332186199690342
4.929562637870962,4.9024826451173364
4.372305234302602,1.1943568019742357
0.9556225461918844,1.407313840829672
0.4239958805595079,0.9511331835955839
0.3674646073339416,3.1219567063165634
3.467340073750162,1.7812092512798638
4.1313935636521935,3.9391604409952103
0.2005904551081794,2.576942986094672
2.5476958932776044,2.9918125817875216
1.4190931408954621,1.3295703409899469
4.381514757159418,3.6014763973911808
4.418271496457439,2.469846017047366
3.710649708836607,4.565733956558397
3.5359457281746227,0.2582089858476022
3.5680755454627344,2.590923737321955
0.8370784376010232,2.485505511536568
3.380738178140019,1.9597047649767823
0.5041143767320788,1.3954592679125195
1.4685508235595441,3.682862997278577
4.136408861824125,1.607234489686008
4.743573554346555,4.140089923072771
4.028123388813023,1.3530438897147707
0.3017790894888056,1.3847235491888932
4.042015914204905,0.3612408135630357
3.740810596100243,3.9500629570458736
2.426466740609085,2.926753371572995
4.794204982304528,2.085059976997335
3.581239884139607,2.3147020017789894
3.9692570587636284,0.5413396786073438
1.3126571460170915,2.6659406560479866
4.221032944024412,3.26844228371304
3.9719084601954444,0.3293646216884005
1.0888140676360396,0.6170573989485489
3.209374504720899,1.1972269344539836
3.0142792263530644,2.7846918727279197
2.708550979345192,1.875030264040155
2.996513006773588,4.135265592332057
3.9911586402657733,2.8523225206657186
1.2487847964747067,4.01902243116696
3.7114818006005286,3.049525290758347
3.25290524701525,4.636936186937971
1.073446095808963,3.0920646502358418
1.9051807833794032,2.219217914818809
1.338506447764079,1.185048351636453
0.007528382920424237,1.3773820457234325
2.3896856352492755,4.9245485476456174
4.51252042738147,4.116322261926559
3.329099809215013,2.950365547095248
2.4301787314369006,2.5907258530403956
0.07336491254892719,3.5074130060817064
1.9590943291841334,0.163611455309276
3.9588009886394824,1.742447668678269
2.657120113715879,1.8342532077939
0.27012010446632373,3.5791277369911674
4.428949111952937,2.5996546690784816
2.130326279946682,2.848737171823613
2.1124840866894328,1.3888466711308496
0.2784757282928485,0.8160251566786891
1.5822659020232355,3.804610985402796
2.856762068176476,3.8861589836865544
3.831102635195294,1.0692433758577806
1.0596000721233867,4.692372014830403
0.20375717721507924,2.0251541700516587
0.5404682801290284,0.17657541891081763
4.696741493923124,4.872331564872493
3.6564952263128188,1.4624310473526907
2.379148216386651,2.8853045451655372
0.7003569196672477,2.871041977732913
0.7401243306133493,1.8425002013341796
4.147134828271068,2.1532606679227078
1.0963891674775454,0.3009427521136854
4.034358118455453,0.5258213585491278
4.544733875298401,2.051030944428101
1.3743552873005338,2.153317087066199
3.226637851691367,3.30076696817169
1.484822091382929,1.1329100539347303
2.7385906360506707,2.1502904453646514
1.4710601721389764,4.608689834648696
3.632428374098517,3.185375772989207
0.5716031324682641,4.086739400265371
1.7996935404290493,1.2260231657329341
4.814257991559906,1.387766218888002
0.6450776794405771,4.139984552753534
1.059917771536607,4.431407594994484
3.8162612993163156,4.155582338744084
0.9247343268232611,2.1388991772085157
2.5966400727770793,1.8756709318993314
2.5303656683303046,4.621781407352391
4.662584974997274,0.23698783308555016
0.6376909887451027,1.1395895539868517
1.8246473500761562,3.787831913780701
4.52941589329743,2.0774822439832734
3.2643935168960496,3.314302333488725
1.3197607999146255,0.1956626412738982
4.787846046424791,1.1082669808228323
3.2632568567124864,1.3151029216276062
1.686083461440571,3.4218615478405012
0.5849500419513848,4.6522976810182035
0.8210473328649986,2.5296334770296927
0.2669657930020364,4.443930150125358
0.5185070925426316,4.566570660254108
4.945163382827945,2.7991225712971484
2.4745688625717968,3.0595862054338774
1.2598531806079105,0.11941003323112931
4.850764953270785,1.4808701874850256
3.5352452121504814,1.6032465655342965
0.1963188590899828,1.7438258377061016
2.9015500608788276,4.189618253611443
3.0922065567757233,2.409239154522254
1.772136866449297,1.1496609761612757
3.4893921789668667,1.4736845549808764
2.4264794372182226,0.8642465068029537
1.1934312870446755,2.472219180079894
1.1480135418459985,2.8912152584339594
1.6315590107578908,4.512902353811818
4.8718034279297076,1.4482424178658626
3.061821387776532,2.8469358135321277
2.4672981953340534,0.8427454256288186
3.046538538703749,3.9361848148603187
1.1658626206935536,1.1543620597615827
3.2043899857717353,4.8785633256194325
0.09260749949980329,3.820240723348504
2.834730901416607,0.0547425568963783
0.8312183905578635,2.3255547758890716
2.870294339662581,3.340523553047165
2.9205598883081163,0.2465031365996917
4.51285318786036,4.638203753533834
2.3818718225743964,1.8517349249641402
0.281201968764197,0.40596231426832385
2.4564410377533967,4.101422280812747
2.686995199590453,0.5927961873274329
4.288009620238131,0.33608790245046705
3.814785492063714,2.899482093681505
0.68810257624073,4.587068916524754
1.8343431339260023,2.4059502626430147
3.521124073694986,3.875884299094076
4.301973149839379,3.740623742445851
1.2995180395645534,2.403370048041939
4.234653650254361,3.3969478875336345
1.6360309432591875,3.4686427493798897
1.5695578766398293,4.472983863426878
2.2720647803429457,4.963621891584705
3.0058287798321457,3.9674837245504873
4.268089622238708,4.4622079397187
3.5132617272691857,3.47171378341772
1.944768070811388,2.8354641269481036
1.5533011682664255,1.481647393870635
2.4869181860973626,0.5837404993909595
4.935484754377023,0.1568349224891863
1.1765112168298524,3.833108559508519
2.592330768017825,3.6219120648562293
3.0579418283994944,2.674965265114513
0.9816378546099491,1.662254076724567
2.8185094883984325,3.5387153492418566
1.6196598905237236,0.7198469740362023
3.2584548884125466,4.49546186994405
3.7996879636264747,1.7453738255077615
3.358704041742055,2.694357598700003
4.182733315611725,0.9406980507607976
4.766498659885529,2.5784899012756806
2.4554071051634696,2.5822722989302616
3.3362384971135235,4.610397396777248
1.5429706581228397,0.4225772514682963
1.657704398823134,0.1708920282898757
0.9906188370743146,2.0167932809420885
1.271430341554397,3.7463982184123106
2.5879648047628097,1.0399398931371817
4.614281225019684,3.7069757314129266
4.396969184032937,0.9796285523444309
1.8029278418156214,0.5252411364649484
1.3035805618894907,0.6560915971156839
2.7084807818994134,3.617583267961267
0.5601135930693296,3.955378781043559
2.8909829472709596,3.4283700442609466
0.1707389611458382,2.171541782735289
1.4862296992682649,0.9463939583179171
0.13413837595188882,0.748534640789017
2.7167017431453555,2.173621090820453
2.5373217948405364,3.495033951860458
3.8762957600059647,3.204354087397329
4.901591571738914,1.1638202769447104
1.8329242147101577,1.299807169802059
4.849517965864887,3.2691146896894048
1.7571506961504235,0.8455129972979147
3.0420704738954303,3.209562792582354
2.893862080951207,2.7038286699684972
0.5946086570790554,2.734078223104588
0.8597460308284827,2.3188387195151545
3.0484620159633256,2.182099947928089
3.4504404107006375,2.783248569824347
2.457697866900971,1.2225636143348295
1.1450490684735675,1.9380309464904988
2.9080701072416115,4.11896947277739
4.370361633822354,4.414330422454458
2.869635790665213,0.7449330574864205
0.7874629979600445,3.9498792219219236
2.480704766358927,2.6052278120382857
2.261087455746271,0.933434076584872
3.04641865894929,0.5753037675659078
0.5232522155492397,2.1770147923708336
4.676540397467895,4.512345176791584
3.4059054879949633,2.6073944153079225
3.1483594929211387,3.4819226916854134
4.726183673727716,1.779689805726235
3.479423935629889,0.28526088345755707
3.287799310447712,3.5123365553437806
4.077227429480493,0.23911684078548934
3.1273729952370837,4.811174431550722
4.531300907910896,2.9352014828603834
0.6258879422793279,3.807732358162601
3.867211353864074,0.2025559011855338
0.7017540609000789,0.9316388084549787
2.8521693721613026,3.7302060038988682
3.0185235847385554,3.4188229633498315
2.129606159113772,0.10124077195881376
3.1119120965347196,3.7412481533938156
3.214309590771112,2.9367136901501487
4.3955031167915894,3.5837304801729424
4.363747169859193,1.2917238862241076
2.0307626062310513,4.421372466223934
0.8737483577136107,1.683916305859191
0.785113980030207,3.8803200949741723
4.998801295712769,1.1789594567099215
1.1070294616274539,0.8766592473716656
0.8127102010897952,4.78460909936553
3.6487296874698543,2.9043895736324092
1.4842917772731608,1.837512856355844
4.745854301245261,4.944622226587907
0.7228953141864081,3.944344534102531
4.786933594056154,2.4709629799405928
4.729921210826348,2.196809476675099
2.712420854740473,0.7135410562234445
3.4072598055049568,0.8765383376034769
3.7277071287324404,3.1634928554321884
4.870887814715289,1.4094941399019811
3.2960621801871905,4.053705399139797
0.5189850380589106,1.8334566829024135
0.9206723042592324,1.782814944121106
4.415850268703867,1.976384837706766
1.443523736155975,0.7622629395865926
1.387787398928673,4.115310680153663
2.8925362676530946,4.663078996523771
3.728546816210167,1.2046627165151436
3.2026326393180202,1.3191544872709493
2.3247026081994053,0.44890706989729023
1.5126416424115323,1.9391467122697847
1.2067454565348172,2.7908643034058525
1.6217528519080386,3.161642058161741
3.9042127087493133,2.5124161671207617
0.3299343998920029,0.5299204867801188
4.743015270789516,3.7281423200390496
3.4718044377046957,2.878890089847552
4.9691951429599985,3.553498158451551
0.5257765813944587,3.0964986630278575
2.251775865340158,0.6570833982304825
1.157998731146506,1.497396838893652
3.2746254892300666,0.28537958366449734
3.8916126703048493,0.9389685749157062
0.157234932810289,4.508972337617413
1.2264807809738298,2.0572768069024234
0.19916626431910223,2.875585301271438
3.134633783825973,2.0699606305951446
0.7530652494822271,4.282594833240868
0.4775455939372658,2.587030591508324
0.7221789001791451,4.035713241525861
2.8847901480843268,1.988795697354957
2.202261484110039,2.719143952913024
2.91736773469189,3.7571787447295737
2.7606014006868973,0.5337344568917929
4.7406946965777,0.38679751849405475
4.703070916761377,3.584513226012775
2.4471238458555042,1.9654341215933757
0.20251235461970218,0.8575076161637768
4.578069352956408,2.2036553848199043
3.353537091004303,4.101515176099858
2.4688671465633387,1.208608487199136
1.296245414333247,1.8146525048452988
4.325754035783808,1.2188790860625343
0.3396457361262012,0.06491624330930423
2.997894281889837,0.38278429640194955
3.145578198774799,4.746134978155308
4.145197277431706,4.68182634488504
4.458266864556733,3.3256844090393245
3.4288846419901606,1.0851064007915383
4.346419374684572,2.420506433325712
0.8367746713197544,2.430256189305317
2.638869501830335,0.10816950554894955
0.436449758797115,4.898013271689096
4.940885585147894,2.398377507561578
0.3526017531154918,1.768218489692176
0.3840404089421645,0.7268179152210091
2.7508115142237384,2.132620997019296
4.744078677111737,0.52769549896866
3.38902363831864,3.452228522500023
4.035474967946399,0.8308976346243202
2.0194141006512174,1.4409303859362177
3.3645265341851744,0.4673626694305161
3.644828245306026,4.1500848303215605
2.905580472649042,3.632057949674998
2.8133700000089807,1.0304335136480836
4.911718530709822,3.961592572166742
3.4690209145490147,3.481198827245694
0.2945813332374625,3.346823099288476
4.7913771938360945,0.8570806408124326
3.623632983973047,0.5882946670665962
3.91987870277068,4.445234094944662
4.417152763793133,2.554639971861696
3.5629691754017827,3.8335910313087873
0.541993941576166,1.6580874765967046
0.4492025651917819,3.634629225308697
3.7846123524780713,2.716108307776852
3.7666385458956113,4.510569822118541
3.0328383002830535,1.319691852930025
1.8912110842321268,0.7198230748859619
1.8060088594750257,4.113708382672446
1.28701471126828,0.7415090021354492
2.1427695202512864,4.470406480925269
4.126170911089394,1.3552400297072458
4.444186551286219,2.3051579655220134
1.4287313245948685,3.1254656990909586
0.029538020802904463,2.4442989884123945
0.5723012300255631,4.877717160337787
0.6237756930159227,0.5617513785256767
0.5902432012197045,4.952110888006301
3.4690608353840013,2.708316072613155
2.0293726089421593,1.2218336397751417
3.1005466897038185,4.504549707530103
0.8101719678406821,3.164546693763079
2.5702526922922537,1.9659739181862506
4.194194915605317,3.1457886685845544
