2.5,2.5
3.13152781342374,1.7713645751831857
3.180656971363055,1.315919123841488
2.3603471904542026,3.355954530070881
3.0406190094121572,3.863440198398304
2.35238495039463,2.7812351698839723
2.7023598493818106,3.1665327858479166
1.990455426299751,1.7085944428379418
1.4648942992147673,1.7149233260432273
3.7782679674849167,3.273065981944364
2.4011556798543103,2.167812900096214
3.421715221729733,4.588694311638591
2.1204466799163106,4.014949741164263
2.6420711070352043,3.7702295266383503
1.5933324978403396,2.412755499012318
2.385965995963038,4.761955100220175
1.5494639785702131,3.7897290873850715
2.424356778077508,2.5070390226076613
2.096075985900583,4.108201985686283
3.332088729052774,1.8866551899577693
4.547418101687672,3.526652343907895
1.2252538377121573,2.3002977539563902
3.4638142855932545,4.527215885776231
3.957020622077803,4.6035420638743965
4.752669593156057,4.994760683541244
1.7960980046807795,1.7216340063545572
1.1022020379690367,1.4235845403804799
4.862893452826102,4.498717857460748
1.3399067200086017,3.9105017121969383
1.636495697930635,3.9995505166192027
3.193129047041563,2.0355427684882517
2.5727256169476864,1.277851758061097
3.165617926069479,2.6548601975049073
2.4960135487007578,0.750009349416712
3.818756980676246,2.947325627667878
3.954012051527571,2.968465837871541
3.048551565934779,1.919809312534524
2.7706676242086226,3.57449023244955
2.0761481432838185,3.826881040803938
3.8357269583500826,3.7112811931354077
2.139705918656179,0.1790414192690415
3.0015045903822064,4.510148884405232
2.4583018967693864,1.4804927266003387
2.426117055061263,3.7698810249070034
3.807816257859016,1.984932634167675
3.033133333508201,4.139554095266591
3.8858584262520224,2.6394595866231017
0.5424787333771602,4.1675022859984825
1.328877265744014,0.1753900076749676
0.905018777423654,1.6171003623602798
3.762643143332325,2.9525111374168773
3.9478656762039,4.508486703437365
2.895788700569442,2.7478793869805984
0.6280645526228684,1.600802709621948
3.0247976930150218,3.9821990012042976
3.5818937171019334,4.977885342911146
2.275540723187535,4.147296154597095
1.1450847495208678,3.738783027968917
4.523855160009035,3.4053668286459295
3.24553535269175,1.0372441457296993
2.7013908105762856,2.4076986049553977
3.7505635310122902,1.307856933146963
2.832400652112563,0.8411404486744462
2.975204835777891,1.2151172953842742
0.3920658307711239,0.507347852936264
2.5846961422253334,3.2480338835888056
2.908346913731677,1.0851443418672246
4.442536516583334,4.389175920159097
0.4658970777285082,4.6728932917756545
4.696380319920191,4.5773683293027725
0.9021499078507517,3.265453325985497
4.64355047246175,3.481445260056949
1.8623434372096581,4.2646440085992285
2.435979982467424,3.511501221508035
2.015560982776642,4.929451623208429
2.5052622621210334,2.004008522481018
2.509006203389941,2.8862802318034575
1.1877343818474584,4.279628047663541
3.927395922116825,3.970812692112562
1.767379143842831,0.47167847080388625
0.15645231840442253,2.338425620423819
3.489861469160447,3.2496584223631975
3.711725115454198,1.5148872033961132
0.960367891718702,3.7771721451549367
1.6057563672313373,1.5902174511482143
3.0161253710271927,3.8037200268251685
1.7283869292244574,4.038594078576086
3.193202170996523,1.9859969437338487
0.7854347055088273,2.7523354939605404
3.063483916397848,3.8958710604909235
3.7462243876254537,1.9069602205604403
2.28490374894061,4.13911429829707
0.9813247933307945,2.596990616086505
2.922538456122753,3.7959471141525905
2.9806545345105633,0.6437689357304222
2.5441651895077797,4.857636869680479
2.776346018432998,4.871534043927969
4.234783539760437,1.3678953589248795
3.1655776566661,1.9916656404075077
0.730771966959326,0.3626972419411467
0.9229665385094066,2.6292539632020873
4.499069151432746,3.40256651948237
3.393077050322642,2.1829312810819146
3.4278789106074696,3.8738352417357675
3.229367420378628,3.65069815902149
1.8186353722368893,1.835541630631044
3.2382695175946417,3.133889846093031
3.9570252953266123,4.585165227519496
0.9334153794030936,4.191680822683586
2.7057368092451437,1.100637593963416
0.02704003624533713,2.153738750905906
0.47220751493868895,3.5369122395344483
2.9365087332637074,1.5055962980153148
3.9987708669184046,2.565154538633795
3.755167850114349,1.5707549055596508
0.07566257520166653,1.1371997646422072
2.0130401670216025,3.674928028148396
4.320518126322304,2.9018151787400193
3.8138451679218206,0.39473042255070534
1.923097488152698,1.089967906615047
3.0173836254455515,2.3719819842112972
1.2294851165536225,2.9478399608149037
2.0527459012020906,2.7859586499123905
2.8685921855852525,4.381099382430142
3.565575833002078,2.644472334895484
1.0119423127000882,0.7948855978825875
4.696026398438253,3.8765076710148842
4.078523881891276,1.218574626537015
4.369114855230944,0.9945160236565709
0.9447577149369768,2.921937591055894
4.525526983627689,3.981978006384201
1.6136435157241862,4.237717236560664
2.40543192892763,0.6498018116097737
0.42896638455511893,3.769089384904994
4.305313176013781,1.5214877408394751
1.6781036348810352,3.205663102975349
4.8295324946934866,3.330637616105002
4.399389163374702,4.043892252570459
0.2612171783903511,4.197830031703861
4.5404940384637795,1.339485549480316
0.5233639357154807,2.8212802452674515
1.128981624734553,3.334962436419743
4.445935402488571,1.621928433068745
3.0841597271333194,4.0499047316426315
2.093780370331416,4.376247306993029
0.6757043912555305,0.587297493068043
2.722436837244722,4.838019708299578
1.3790385190772803,0.25136221673580206
1.2639827529541259,1.5108442881367823
3.3054039539490776,0.4103423777786186
1.9852914748355173,3.4604385828784956
2.779697206708516,1.8161241190723487
3.766777088627266,0.2495617911842618
2.2502730059444733,3.0600488594119546
0.21064495881508327,3.0756490358385364
0.8988311043439023,4.334229858581206
4.057312310381282,1.7070716033642936
2.639836816841861,2.923336660775209
4.076161494362884,2.3423502575241506
3.4787360403783363,1.5002348311269154
0.7273062463175339,0.32508536823573686
3.28535621102818,3.714936071474187
2.0037409735689975,2.893120810816269
4.1606413773383695,2.986897235195669
2.5944609189759027,2.914296282786953
2.6130368020388586,0.11311562350549531
2.2791726610137166,0.8651287691536319
3.9300468198734304,0.38866594713468317
3.701650927578857,4.274158292619805
4.704058622325266,3.968254597403265
3.124314736494717,0.07174447697054998
3.838260789825995,0.6033587571579491
0.50547715819451,2.2887823718625184
4.142103573204443,3.2947108283096527
3.5269520201715836,2.5603112743550156
1.4099625220464969,4.091263691288033
4.157637648925832,0.5272162413382347
1.090218783917165,3.4228495090505695
1.3685983995482753,3.049372348318538
2.4033607875827414,3.461910892397093
1.3861788983871,3.8453646896155
0.11141013851985182,2.328593683967669
1.515059785543749,3.6611731899764406
4.5343536474658395,4.915214228278843
2.71597421865835,2.6201117167645456
3.098042222170499,4.004333549702316
0.023841458157041195,3.7780745300831335
4.713838210694553,3.5160389126428795
4.6185792452878465,1.3486309536684282
4.5382485417800185,1.1820256573986736
3.310614942378362,1.794212294044275
4.478171158296932,3.0489288260524665
3.6481386035743606,2.967235936780094
0.5267775204417469,2.1139507854266695
2.118725741535111,1.2336065969072991
4.639176455805327,3.8009662724043114
2.916426354546463,1.8254180303904306
4.017685821222697,4.599845087939562
2.8626984204598687,1.3076296979141488
3.438475430470599,2.2978228254664588
2.490878735676344,1.7626338981646794
4.951055979941204,0.024225439255001202
2.810843755349588,1.359599178401476
3.1588560332737785,2.6199682462488423
4.010476572956928,3.4402594633220476
1.581764535230787,0.6016653846843795
4.327502925224889,2.0385940019247357
4.454016959645156,2.103779663757444
1.4429756269729914,1.3790631553031107
1.4840621434325174,0.05926980423481776
3.6680426271915683,4.114149545455566
1.4087423095311564,1.9486251689506946
1.9742334546556262,1.19253350000731
1.878831989099277,2.4747301111486886
1.1233943391660857,0.9117111278669826
4.2377268808002295,1.1567170537370786
0.4264212551854013,1.0127226159091396
1.54436076122132,3.3411784757169647
2.237053870899135,0.9816566998682891
0.10188498453975348,0.9381238028521144
4.9929549623067935,2.3464960992019734
0.8867224679945751,4.692977304409005
4.561628243577384,2.672587416245731
4.735748415869045,0.6481499239956334
3.6737825075911177,0.14708953646175804
1.4911629193883258,3.1314851353324724
1.6363446574861413,2.141220823564918
0.24172469570592992,1.8080092481516374
0.19585945925678694,3.8628247966149205
2.798061927130842,3.485389268673234
3.231345578989027,3.888281925939909
2.3181995564627633,3.255067213711378
1.3185553886369177,0.9943148588451084
4.221762572386899,0.8197038943254803
4.551709631413617,2.70342552078427
1.3981882112663864,3.7561180690756486
2.0916518584427553,4.7560206869386406
0.963054786751994,2.1466219177801293
2.5591022561187584,4.303780713533148
0.9501098406284458,3.7780143872755723
4.556482093142949,4.057572354317496
0.05251389482594904,1.2259531836278663
2.5175729646984752,4.370384788445316
0.27689868411511664,4.9187361817336654
4.698941399203623,3.4219093952400943
0.025580520518502237,2.4660050884905282
4.933142132577104,1.6888197234210462
3.5498014792722667,0.029893917279006366
3.674815470222508,3.746038963865883
1.8504903807491657,0.2641901838451932
2.138043551535835,2.426101473392139
3.7799646200839887,1.9156910582259035
0.6224057861358878,0.03900951236702754
3.6103636033296644,0.6577519573162022
0.587071256129636,0.35393773262172523
0.3678531660693285,4.244860195000321
1.6864066964009243,2.256944246856258
2.472032556379615,4.442942304165399
2.8206823358133364,4.921279282979291
0.8947519299553874,3.7600015951848986
1.458962075300585,0.62979295627691
2.7947811970115994,0.6859142206224278
3.889313312192349,1.152042417298937
2.3072374260451447,2.092775602077897
2.8580101179189614,3.084274126330771
0.29717750891763706,2.543658041151013
1.5851441105115578,1.7018552105610152
1.6090147730899425,2.902598436516153
1.1709553470976952,3.1616115304566117
4.915293433981697,0.9563818341041036
3.3794879513426674,2.5089895326748413
0.12371312869354889,1.5563057539441854
1.360732802051664,4.476644131677283
4.722880585672885,2.1238030996906905
3.0539691690169857,0.05964239733512344
3.4428506142658937,2.0717762426143342
1.8775105646363306,4.431679609571704
4.944333888587382,4.739420220074359
2.116917038239605,3.966279602292586
1.865513948582005,4.480112576657257
2.8186547050250206,0.14981706677655748
4.064604539447043,1.920068365465455
1.0069630221585228,3.235052423728803
0.15128725503793128,2.257785990017098
3.4127557125420918,0.8343584865421388
0.22887257763050062,4.888968673463377
1.2134178002226381,1.6494457453259648
3.741995008138925,2.6007999460301097
1.9402266781686377,0.3214209242460858
4.9757384908702855,2.972138233100737
3.3620834302037244,4.931266117453266
1.6723583013949617,2.081819992794594
3.2210756114359285,2.6321824398681164
1.9801270950594203,1.6335127244786052
0.9574471597088391,4.394321726072502
2.1187820490394604,4.250832621642516
4.672414468826245,0.6637182907632605
3.192412444799948,1.2437786710149656
0.9043368133270485,2.04501922857583
2.6845844302727317,0.8882040060342905
4.526486265644736,0.36249459734503553
4.014075143808464,3.5130676447320903
4.781818961977011,1.3997535524539528
1.62224403146584,1.3999612431072772
2.9284997278978535,1.9184272998321354
1.0474771698470053,3.1096377179545307
1.8653655326425804,2.2088246038005477
1.3205579712117121,0.4023038203269269
4.326719067865776,1.787616750740284
2.6358257205869897,0.7795650709805535
4.4176894091191565,1.9688831977351988
2.7698775215757006,4.1988069522106635
0.7263233800209096,4.88489607382562
0.16163506754600154,0.04466348589909963
3.731307382885066,3.7111140846317654
2.7188083460852743,2.2871183816565184
1.7834261334275787,1.375674446359167
1.9773635740038404,2.0158032256788316
2.911352148301247,1.2197028238033298
2.8559392136589477,3.9258917350532045
2.1228197173402337,3.1564906589790684
2.260126994471809,3.314498481576268
3.765047573195867,1.17937243775933
3.4956127659571194,2.7818326031284215
3.1550544006809975,3.1520437848126894
2.4324507162801776,0.5324230525011098
4.524373451807601,4.66570078208605
3.5803855870763734,0.7204604414832039
0.0014107763889442682,4.704570269053134
3.5860400092799507,0.7145185779157098
2.7082399886409543,4.983665008726421
1.6894858760929337,1.5322031031592942
2.5126099141243645,2.862178040494477
3.949764464689437,0.581009665150497
0.14444613180116972,1.5018369796494668
2.782832147553495,4.430047522183903
4.092414248055442,2.629814915427024
0.6785530810839147,1.0411033515380874
0.16827743097305503,3.6573641185815813
1.8050023359160279,0.5886326319710627
1.9201104856607536,2.4862691007077773
0.09778162124465528,3.9390447994465063
4.047379685486941,3.3915643701858036
0.7133899019115719,2.8365986315134513
1.5592142122830577,3.9064119432886746
4.088757487677116,1.0716711170127806
1.137072009390519,3.684414573823371
0.7151132049058817,1.7942908726775009
1.419549231642453,1.5285387845147047
3.618009973875132,4.981314852524527
0.022497843477319868,3.4260094065222884
2.722506398723489,2.469920393884177
0.0556656863040178,3.5433841869209095
1.8997491942918865,4.973935832285342
0.33017888394262784,1.2909944746129516
0.4767252328528082,2.9134279735921016
2.628794586404404,2.4402633743678583
2.7827222545545087,4.6025108334532945
2.007128112749803,4.049847794704047
3.10983606765564,0.5612704549539116
2.9908459540023897,3.9645159910988736
4.310910058037246,2.5616105765189365
0.902714977139919,0.24872031300622433
4.84933437561753,1.6402193548228734
1.2933837514069035,0.4217377982383136
4.336753099965914,2.073803390143065
2.190011355408364,4.277768240448214
3.214957509590912,3.2423861830394465
1.4838381864440864,0.9537260840282968
3.8347050330892007,3.444514715851777
0.1746123524798726,2.9518060379620863
1.9001655607967245,3.7731761014947747
0.855287998008939,0.7591115058049713
0.6223147712423488,3.750367186385584
1.9292209305437091,1.3379885612180482
4.711189008083619,1.8182145637194058
4.464865416321511,3.429767153317926
2.3657947666276833,3.5069413754463055
4.5557907470397785,3.0552934935117544
2.3581880722321413,1.601880590645068
0.26969648869374363,2.819026554805752
1.102679789821518,2.242625273217276
4.642883780379942,3.5308334575647713
3.230207861681798,4.801848222616493
2.8807993328731474,0.4253501243634744
0.9402423116262598,0.47393553402140076
4.705756084800487,4.493313055495095
2.9957818944914987,4.17764305510693
3.0613342943427577,4.014444273396889
3.4623451011240274,4.824258299990381
0.33936152627932037,0.26945087445070903
1.5751620526048509,3.5738767112577996
4.422635365949127,4.116769618666028
3.379994324348812,4.030664543336467
1.7527021497838502,0.39867899244897864
4.625762409528216,1.1909166193556424
1.8229924181265555,2.401034522735495
1.414495581950601,0.18999271407210971
0.12269062887984405,3.244603804143091
3.4753822077488565,2.4061574905535195
2.7320843872255187,3.823848394609538
2.3075653217220626,1.0020261743474768
3.034259430182937,0.8588732591710546
2.1490479932793405,0.43282044961007127
1.8573493891708515,1.61521000960476
1.016807581134609,0.06167547138386076
1.6426957476416253,4.185514463815933
0.9858164733651653,3.8653034193826
2.6972479015028656,3.0555119146086755
4.886175251946775,0.13159204329518948
4.979829626664957,1.0409477698519405
1.4356295523203189,3.2544339322121267
0.06598510878526642,4.794307292910421
1.5931935280516667,0.2176511099323336
1.0393340421379955,4.214412752882112
0.2964302018796411,0.5295600840200554
4.9593543750261935,1.4743326993421701
1.4325858886936942,4.691089651006973
1.2653229102598929,2.089389172298426
3.96538519445952,4.679554735102588
0.7708234078683845,4.008964058245162
3.16434664720576,0.021636847155981354
0.9605404618786373,0.2937466703925873
2.567815291254356,4.056550714339057
0.35648994295807535,0.6144417230908344
1.1434375965909471,3.306870694557788
4.691050648091052,4.405674603995765
3.052652145683186,0.7114052960431005
0.09141676483810479,0.3230243277279332
4.4453391474081165,0.8042192902581291
0.12235925546808246,1.8760209761983648
0.6070745038684278,3.6373510921276573
4.868533895154052,4.7196639385129
1.2162900665631604,3.771888658753244
2.18286481008636,3.027657529757468
4.610341656027424,1.971604818801906
3.338400928756355,1.079589450936107
