2.5,2.5
2.951736299613201,1.7974327956639302
2.7897981216253336,1.4512567335390862
3.507213467858474,1.95984489876453
2.1445720511014104,2.010486885550553
3.512690729060725,2.022331030332518
1.8886423014397318,2.7560992274190577
2.2500135362356093,2.263282004301242
2.8922214651892055,3.2621804683250173
2.4950189020881637,3.65747088193634
3.304000271901859,1.8732978672471838
2.4769762429859163,1.3172861111615208
2.521045677151674,3.7793235686776456
1.8260555107773535,1.13909521228944
2.7407205943079136,1.985096029563559
3.120744186255729,3.935335669940292
1.348933199468481,0.7103342166142812
2.7523154095940914,4.7667786002995065
1.5729528329316884,3.749637663422477
3.906820637254614,3.4656502357582
3.4595389701176966,3.0707999351582687
1.3557696424952987,1.0560381906918481
4.456295738627223,2.6425226467912344
2.5897561046106783,2.3638947087333633
2.985070984435403,1.3252781172632644
3.1103072220517864,2.6648264641563744
2.6925013432512444,1.6706352002608398
2.3409573584898933,1.5110674302062088
0.9267859590457395,3.034031478266847
3.69502373853065,1.7698198403709098
1.7282747693529599,4.388559009452564
3.894100875318458,1.269519117717259
3.5608702338692133,1.8609044146779985
2.911157635382833,2.7071650658187125
3.753572365581142,1.7881336318221586
0.6785208542947929,2.9530991232669184
3.7075082253497014,4.843962198774769
0.7698314874607465,0.8789486988095097
3.031479818596732,3.740574791664058
4.391241831247614,1.0920416289399064
3.0552604798736342,4.791347341925177
2.0773063121043807,2.105214564499648
0.9151910774689476,1.836191979440989
3.5858092181669194,3.186054866517258
3.046879590602499,4.096699679318908
1.6986375106531937,4.045453378195351
4.345859273098599,0.4015283871740455
1.31569455859886,4.748605235633549
0.5249548549040406,0.2935087573608075
2.861760497710353,0.709412556205391
2.51851978577181,4.394088086239444
4.479638387867879,4.972976232465066
0.16913346354638426,2.213651438947232
4.206350162457647,3.405689247665931
0.06764207773258146,2.361447487140913
0.7763235808942648,2.790633471431544
4.0296814740783695,2.5683892714119754
1.4906282201330128,4.239676404511703
1.3009517795231123,4.360330967292144
4.728294894127095,4.552713983630699
2.5858886114939503,0.8545833227833372
2.931285440215065,3.773017736882294
1.5423757484793699,1.224800869477367
3.9500655519445034,1.063371659796664
1.4866646199032467,0.9804158480823055
0.8623655969901434,4.523434477294177
1.3130433132839099,0.8025073458459425
2.381340425697058,2.476898376852064
4.8576704915360205,3.05563514603526
0.9412164753617414,0.5269298297857916
0.5975149898409271,4.2456848148043616
4.2162620534763775,0.07068512987393416
4.74153946070624,4.469601839193434
4.214328919798184,2.254958322677067
3.866872602865124,0.06000824565885965
4.2584339517951735,0.77284194617664
1.5728157649578338,3.596744477004774
3.9114861264527168,1.187856214159961
0.40340087925148593,1.5601277631800348
0.11665706313817359,1.3790373903213127
4.581472745154061,3.494630463982353
2.361656202277885,2.4791867778473957
4.004627577241193,0.8219805162858823
3.8924848533027436,3.11742649537969
3.6959670843147574,2.7314569715570522
4.974759986098018,4.182878187831751
3.0392488176013135,1.7318049657874495
0.520272759635228,1.4584058921906318
2.570300365763187,1.9280377801559516
4.3070625720173235,1.1756540764965222
4.780307243062092,3.3253492102956477
2.024716536067567,3.3405185664973396
2.4892869195435257,4.608783723710345
3.2558551212706526,3.0569593767621663
0.5997354098132529,3.1299627015131137
1.2042567137357336,3.6781045761358704
3.9312679840076803,1.9323558994028545
3.3646279503264487,3.3013606346740447
1.9270974377444912,3.1047493947798204
3.979191657682951,2.957722151518984
2.046193385182134,4.416605324470742
3.490278289797377,1.5979857390413277
3.4832805861172735,3.660192585211113
3.7358168478684926,0.7484963234896064
4.227234807216321,3.529974045686745
0.3782067269092865,1.9610154497012222
0.5573496377129272,2.8869690417383778
4.32343682565982,3.3466961818738588
2.6068555680765204,0.6741131431167319
0.2641471007993129,3.559700612603604
0.6839911247766378,2.1298400114649434
2.183250749848166,1.6410084540214402
2.8149631883096493,4.077722377428765
3.0977533639774935,0.47314516493913383
4.104529802748706,1.3352841913298097
0.3547149403208333,2.889853772974207
0.28116183276319096,3.861259201357446
0.4595156941875367,0.22071782680058105
1.9005089357628373,0.9383667820319447
4.66410709908658,2.1475116623443977
1.4684415711399552,1.781499686226065
3.945807175799892,0.9631921044320296
4.773529116863763,3.3741875772382777
1.0025948343258855,1.2639204734369462
4.358409043973081,2.5940115576804446
4.321197807415913,2.7470869916649923
0.5988649389273604,3.4385893945057044
3.386030720714473,4.040693305365137
3.816396516003475,0.12341439985641023
0.09960110416659451,1.4116770878934304
1.6389500849624712,2.7060267172113326
1.7534834697714397,1.2547712548743484
0.3977538382303747,1.2005972110754142
3.464826238373726,1.3470409177928104
3.9326373885738084,1.4298828476746628
4.811443854211602,3.5561375258611676
4.239107359579908,1.4848927208171898
1.7100716282964061,1.1424308948024646
1.7753409541936422,0.49119634473955454
3.5717282361941773,1.3094316461228006
4.373267308455353,3.383752489783406
2.3704057770495575,2.8098267770376606
3.4093429318307322,4.813671213902663
0.8426603337359612,1.9040929949087915
2.1909342028310737,0.6725911790560535
1.6581144968290773,1.5269803446856756
3.097034005542282,3.5767042950804324
0.3301464010603644,3.7851933589018656
3.1478313442885355,0.3583483624403333
1.664663692441886,0.5106052870737326
0.3771038270925692,2.70281019149796
2.647805736476516,2.5030330973059605
3.3359879715460226,2.685212651439225
2.1508225454885608,2.2197871681787666
1.3921955748531478,1.8390020598286128
4.52246695406439,3.604317158928852
3.3583279142871536,1.5026755683481836
2.1448022573552654,0.8522737073981468
2.7780161698835744,4.671466328465651
1.7218502527028439,4.2222665477337005
3.9425439543679253,2.9990706731992574
1.7654971003553033,2.434555643917305
1.332701649874778,4.060195243220132
2.8400216411311736,0.2891063713760683
0.6799031153806029,3.3141244105793883
4.793328254339681,2.670587288858332
2.8841380249360906,1.7901926435268116
1.4320052261655332,2.746607758901631
1.3340401238979043,4.8001432256069965
3.6700634296235135,1.9436464883879256
1.1710421405866316,4.042744825635417
4.403111246239166,4.483338637894589
4.735479706212876,4.921240870639302
2.6351012995106866,3.3510667575592032
2.931077918823757,0.7714994182166596
4.622268213810181,4.27860172295427
4.442929421569329,0.2921210092049603
4.540501408220347,0.5093694202290272
3.9104139995105647,4.039505094171991
3.2085699749246253,1.0393299378887066
0.5409634095576138,3.6183487517259207
0.6595874855161793,4.259216438545765
0.48451879381517515,2.20672612280365
0.6085238773046758,2.147027652956977
1.9984027743335537,4.058370787433958
4.326546741427255,0.7457617092104535
4.060369399342258,4.785795847116806
3.8075964464268908,4.874979722377001
0.310521993304701,1.702238091578256
4.861131044073275,1.829876049937238
4.908086354850935,3.834919264038618
0.9618383748342257,2.7035700538815064
3.2313069401006933,3.015078529712773
4.709893697274509,0.8002935270599021
2.0444527086813165,1.136110595242275
0.12541244157967313,0.11894078520058471
0.2725560817596273,0.626910967785253
3.222848247879058,0.7631281620420183
1.0027355730730159,1.008373963539504
0.8616904038028944,0.9832618615434507
4.998182983742813,3.354349949995705
4.310063475163833,2.770146829638044
4.965280172060012,4.030428024711859
2.518691425122759,1.7361602253014303
4.186673489312022,0.9158149684056605
3.8080071712250363,2.9037129136306
0.6281739902570505,0.8856993610628189
4.276714844191215,3.4496033802533566
3.3259219761886167,1.6186965211631732
2.115324099359768,1.9323939643644705
0.8589187498433082,0.18722918721750026
3.9819443438313757,0.2446780696316364
0.12194208702041298,2.9700095082442637
1.4452618315609544,0.24939960057006216
0.19280569049708762,4.441579197558353
0.7975550063810927,1.9823027773935809
0.8548468184057761,3.597216591134522
3.6912340259525984,3.724951526522214
3.6730245284728547,1.8950766503871326
1.6115603604351447,0.40518413283281374
0.35336038885952326,4.181753954744951
1.4611670571515578,3.541514032225404
4.09322033359156,1.6593345654640612
3.8554357476892207,3.610157921430574
0.4357039124781942,2.0768884051942873
3.2656925122366127,2.721593984220237
4.458634933215894,2.914827272847253
1.9236860353264196,3.3910220284796204
1.7395626632191115,1.6519178665827916
1.0342687336067657,2.931229999758263
0.3171412836323506,1.8391129676021023
0.9632864302431404,2.9703138977565837
1.5394667354691327,2.109135467844536
2.283257608194228,0.7491824662596114
4.070457041262726,3.648844073760853
2.9602245234532365,2.940895206420441
1.7208457295561441,3.219797886076481
2.8019313737037965,4.273429775177108
2.192800890140046,4.349537273166854
2.0850815327187338,1.4597392823958522
4.018239068596731,3.7721738767883686
1.0465836169171527,0.8947673389143573
1.4456768678252603,0.9761408925817888
3.887501369285734,3.786815038604663
1.650968129488481,0.850395198564351
1.2122323035992628,1.5399131257545051
2.6443306278381757,2.1729817725180647
1.3885173533381883,4.418505848321107
2.118991377344112,1.9598450010297452
4.188544731430766,1.555330282636005
3.3111639562099753,0.5592544420368328
3.2078603547088496,1.6734786933676382
4.2671453920406925,1.6691103181949392
4.304497380391512,3.6965585897817297
3.9569254600407406,1.2211684116950605
2.4024394744731343,0.23736846298553382
0.998796643894661,0.2716231152765186
0.3590837706478073,4.345992065565375
4.3920038271890105,0.8384280413003364
3.318357666593934,4.019485936817999
4.077804265819079,0.171730202028878
4.772931096847749,1.4166056039471397
3.736668161996861,0.19483963594826015
1.1590140569773388,2.8494167264373864
2.1787631713690505,0.4014659729672343
0.5084107522348724,4.934779190291407
4.942385194185166,3.914049729476645
4.331072739543023,2.9806565128437286
0.9053152421179128,3.6734178211146307
2.0820878594657337,0.6293852511368103
4.169444934567264,1.1629867170420822
2.662532424450079,4.174602252193538
1.5161349974458287,2.980730361013875
0.23625007577325496,0.7304581061105236
0.6016661880005031,2.711107565062365
2.75338594508641,0.9367890258633882
0.7257833387168455,3.7506256646649745
0.5423267726016823,0.015585182359203475
0.7548404840570805,4.259879149554381
0.8102354497445641,4.174797296845668
3.550794265168692,3.933297896746013
0.4232784435145953,4.856988104341265
0.8681258318165141,1.0332254091291153
1.313226736897077,4.261364149358388
1.0559272502686623,2.2998203921738365
0.12828354365791106,0.282611770057386
0.523791016651679,2.856861239723951
0.9515271908665879,3.5200709162340926
1.3900476569123366,0.2366486567731968
0.4440879834084721,3.245860654781521
0.6690868525900795,4.387283914867033
0.44237746124876187,4.438513123351806
0.022068457073299852,3.5161708895431145
2.839419711077149,1.2904188177544347
2.583652482219277,1.3611179577917203
0.46121735265185093,4.906359974128389
3.0994581497122953,2.492370854693464
4.922741818118977,3.419405755731108
1.1509672511434061,1.4217486147609941
1.873998057124301,2.400122924416599
3.909720064384546,4.476371700175638
0.9784074648067786,1.1444997655084084
4.790507531734431,1.308165019184992
0.9743369888345105,3.9165888514692604
0.32292771160096545,0.07413943828326386
1.3033238651547752,0.06606143176805523
0.7993340742097321,1.0037687777535798
2.6902076294964488,0.46345756751261513
0.8639887475631725,0.8777330232921693
0.774298723274966,3.2270621732260296
4.974616875698516,2.5271634309986153
2.0884136800396607,0.891005477958221
1.104292957719798,1.8342122869985626
2.5847049933396975,1.7240586787105916
0.5764972405785895,3.0640085293301924
1.6205046889928094,3.4537530637678464
4.311086583701459,2.1990339336062013
3.155120630181616,2.800223882591978
3.654931791797335,4.429786029326941
4.312292385473573,1.4274651440402537
0.2790398291934115,2.960910612464131
4.765485917100341,3.95321625097324
4.295790107932755,4.132545702539155
0.47358409510738886,1.3879169443960198
0.8443982228500102,2.6643083042783378
4.234020806560073,1.477263027307703
2.1207204652963245,2.156523861150859
0.5052972708409603,2.4746649626799955
3.842454315055992,3.975941776790501
4.322217846779838,1.3231280394663743
0.9716986232690156,4.582175814194876
1.5222230386463815,2.9574099647508243
1.0238150791395417,3.2912384080454764
3.576437019787537,1.102536905883722
4.513311611921121,3.4537323535925157
4.812967048980036,2.023392821539032
1.6130373235448048,0.6957733682675915
0.7785242971605039,0.4653071636704498
3.138201873351645,4.200990729673657
0.4049417777420544,4.803352591262829
1.3569787575629821,1.3788810698066962
0.12033677209411842,2.5895858976497093
1.7384530590042284,3.220034674647199
1.9499082941026602,4.427796863831613
4.238603925029129,0.9922685220454391
4.216542865287124,0.11431426385086596
3.2214975535591783,2.917092890788008
1.491627445301134,4.781184216942288
2.3679923921207617,4.398600176155948
4.582364842399082,0.0754173558529958
0.5946959402060703,4.174833205670548
0.7286321663514489,0.38738967031234306
1.5048208710852835,2.277983051288857
4.431928458059292,4.684800818368929
4.916536640001862,3.9181221846502274
4.7520916560701645,4.19819984344415
3.984775865084708,2.050682558012716
4.605823185033496,1.4345400919321243
0.46933874704929823,0.8779897377517537
4.469976673589619,3.211286838135234
3.931504393496377,0.13183446326373305
4.834436367971289,4.424957636298494
4.793673918386303,3.853732844430335
0.03179542470536867,2.7691257504710034
3.7053165029056334,4.617452228933618
4.399106615741596,0.6820887375921997
4.591202915002249,2.617472761185507
1.8565546743011345,1.5257422451268599
2.3805089791410143,0.1531137366453983
0.27126108073633526,2.109148361891079
4.307668220027417,1.8090929638717008
4.116731109466986,3.3892216541782383
1.493911453899348,1.8841325045275825
2.5238056221576466,0.09035023731228164
2.394848923364316,3.2297360401725643
4.753600007848165,3.3959626186214367
1.103798510134013,4.82827160991246
1.7212737422052315,2.7226138823696955
0.8530725540500889,1.2229133633138711
2.433858665398928,0.02473628751028134
0.6493298663197267,0.762380817868451
0.8610749214769314,0.3099070611605709
2.9902032386853157,4.259736620302852
1.3693922083567527,3.602572236134234
4.550295280070291,4.139105361381247
4.938723861717815,4.558319214417066
4.4174679368690555,0.575848949649293
3.1733378570702957,1.3150350032003433
4.257682616382786,4.99456815869618
1.0224438007122616,4.555170629753632
0.12999767327955103,1.6521775595792954
0.13722147718630895,0.6269869300267783
4.821318371741713,1.4749909053671628
4.153928958155123,0.9844447782779026
4.599319760964036,2.6277660957833273
0.6907099988810095,4.510876232805577
2.4363406199475275,4.264553259780065
1.81415660054709,3.0647880561230445
4.330542098780755,0.537618440204844
3.3338266255503015,0.7850213038664894
0.011349817532368411,2.2767764242229296
0.7766007458003438,4.418545487109765
3.0625125221728995,2.141083064813003
0.2749058643005281,0.7871764586850616
3.3703271800592507,2.375952041710022
4.230932647806323,4.951060439256477
0.9514089327348607,2.845859872572266
4.589316173373029,0.2211753217044543
0.7593566158668108,4.5605174894891585
1.2412204620638718,3.9366807876546694
4.044285887136145,4.190925673802869
4.6356220233538235,0.4007957217803737
4.960122635382234,4.1503537484707245
3.3227562489444686,1.173897591336643
4.456603072877041,1.733065361631534
0.7533097705712477,3.3227299904265872
1.304853131337767,0.6642545768506797
1.4547658396837226,3.274653754006362
0.6938392213541028,0.7444916481179048
2.7452213390166365,1.8986998566633058
1.6185735876672847,0.05911855579090686
1.483786791453513,4.51900782197585
2.2647860796474055,0.7215829966800458
1.6395240950721397,2.2879014303363427
0.5900041446429016,0.7779827983442195
3.664474766785244,0.1389783401246658
3.8199563526210283,0.8991492677105595
3.1233450431784373,0.15514869926128494
3.943316005716537,3.6308539325890936
0.7533322762832045,3.9559196101057674
2.4234302476862895,0.7397430647903108
4.353248229519857,4.400993928636922
0.9201348430890349,4.270288607097257
3.1339707630601064,3.8242473489141586
3.884593841198872,4.8675896827949074
2.638291435060233,1.2993058092012348
4.228925257474901,4.783657229695391
