2.5,2.5
2.177911899475134,1.98399260371569
2.016157210350512,3.110896915493002
1.9811921318330539,2.7775791446235805
2.0411176135212035,1.088333016463
2.109304833488905,0.5026104939745007
2.4528737850384426,1.1911484291842807
1.7689267564220246,2.5847303915420956
2.0738199187994004,0.12393010596159271
1.2482339121694603,0.1489296279524588
0.9049270299572992,0.8689390217820314
1.7229025990238593,1.9200770434284076
2.4410440131722404,2.309746873424986
3.303850442242479,1.8953143578606442
3.633392327079487,1.6327268560568835
1.504232323157178,3.442985173838639
2.4661990849966657,3.4687067540230916
2.34856318510521,4.183538268517991
1.8575901591931872,4.202098059438855
2.9892353824070557,2.891289549080565
0.593984474371187,1.728051337904653
2.77678547411806,2.0973443984737896
1.677684198493334,3.505931664107208
3.0470563674553794,3.241453473976668
0.6925477142106384,1.1135604015956946
2.8956738046705177,1.7160482240460662
4.409194040236029,1.8843060813747519
1.9612733391086956,4.3959166003992864
2.7247581745311362,2.45233949598108
2.4485179666154426,1.8882207539238283
2.916978280626241,2.4887425382421884
3.2431429102599307,3.6812726839895733
1.7670861776774505,0.11580957854813334
1.4233235899876784,3.2153174190047573
0.6298536609433775,2.564769702308335
4.207412879154949,2.7636584666811337
0.04055880792343536,1.8901901993525865
2.927853802445889,3.2193440590934657
3.4893017761601324,3.3350812906660003
4.365165895750976,3.145462896370397
0.4299012707190325,2.5097865613236237
3.1469468742928792,1.839999962937045
3.141799912910365,4.332537288381725
2.1351553530552287,1.9999824039777558
2.6203953760721244,2.1726792165182944
1.9087406988271038,4.732466127967305
3.732020523313893,1.675943684389451
0.989597062496087,3.616410094938434
1.2097310317664194,4.0236687543385
2.8372101595913355,4.983557564599522
2.9208955950062263,3.559228756849146
0.1967664702455152,1.8730369692704008
1.030448686910575,4.464343460902616
0.7687015059215824,1.6310226581036442
3.591066399540361,4.300595788953294
1.4444312204746734,4.6434555921290865
3.1513526675183363,3.9568175560549763
0.6871503543365043,2.742927492027236
3.2868061223806198,2.5703866575923313
4.906265347053015,1.7901260498863991
1.615766213282519,2.2748023488103946
3.9316806268414153,2.382821822783483
4.522425404152741,2.4955493097964396
3.587722991124207,1.76850692123296
2.678136146437804,3.6595737641001747
4.898841318431069,1.000455976655713
3.1712191048352367,1.2437499933279077
0.7029996868753102,4.400980456335207
3.3843150331004406,4.594537753803504
1.9850527253050032,0.9512064083060806
2.397914176038647,3.385546962026946
1.9997728699636657,1.2154336300831088
2.0801179294071392,3.5189189812141057
4.206571337273736,2.340408956318665
1.5506547940222715,0.9750496650754598
3.167168464847958,0.8145971720659378
0.48840745421075527,3.2738623968338327
1.9763024716017707,3.8973427865977515
4.571060867900536,3.968134557728334
4.372058474190761,2.5028931492001885
0.5978315314154081,3.692180306931495
3.7332273513205982,0.4137847624712687
4.122280215242174,3.1579366589459816
4.2200827388793645,1.6933417145619079
1.5819291755278724,0.1359376708229615
0.07574198813350308,4.516199356423019
0.6994293732563611,0.8370424974114016
3.6819569647776147,0.5301447988310781
3.7998198073289444,4.161545390292539
0.024654632034951662,3.0306097576804794
1.0285679099649063,4.406679073155056
3.215086515634735,4.795563896633261
1.526648104794649,3.482368985755401
4.545654311714478,0.08073135012805044
4.141342285758697,4.323085425108738
4.966612601205786,4.5306895289106714
1.1567466114623448,2.9116764466017653
0.041624233164127555,1.195399388125686
4.815245384102988,1.4847974241462925
2.6969100460084388,3.051084401889525
3.4841858363208162,1.149160691852389
4.257492595471357,2.4587435179441175
3.1420880028948917,0.1412036694020985
0.9786192611974881,1.7655808206526702
4.275381161832,1.6644344901568442
2.499843056751348,2.512056075454116
4.820622010985508,2.662415490028596
0.9223383771810639,1.8272902172492427
4.294100634032102,4.268091775899972
0.6175877591240753,3.4016898970912433
3.843361495135475,0.6170370542959497
4.280768132111049,2.8652561825182077
0.4235875860775795,3.509024556697333
0.6870537511379704,4.500836156393864
0.38337602855254505,4.408769104553777
3.0902715675589003,3.7334476093006623
3.3355851990288983,1.1389586692947407
1.7022585017774705,1.266087421137977
2.751669776986346,2.512271803897614
4.224177287789645,0.2949550538007134
0.630102245162259,3.346882748227361
0.8579522109926657,1.3060851804929579
3.5617070186819544,2.145049667401635
4.120434644798444,4.256256039371525
2.5735579388526304,0.9771621423607246
2.455918470168661,2.733767024446689
0.8558869077388637,1.953928773248198
1.2665772310999868,2.678977286823361
3.0292579454526205,0.4451970153071272
1.4622658043741992,4.2211288170461
1.7384844224888996,3.9632898885042223
3.7218891551026707,1.5869672776137516
2.890194619561801,2.847622758107474
3.551501607189538,2.350033178831894
0.7311890750250571,3.2795179057257373
3.6897254856976662,4.6257149356650515
0.8376388529808765,1.8776926612333422
1.8593068516930105,3.851083351014712
4.0742256354563,4.284220498676817
2.043247802345261,3.2054851016483923
3.717990481981605,2.8772285968259665
1.6870096620546633,1.6590403523568187
2.4952852327623027,0.6016952911675999
3.8798872028298503,2.8987173394610473
0.39268296688121096,3.5784599504444845
0.8004099217125848,2.84470885820874
1.0172378615334854,3.023327542888148
4.869678760266957,3.04780307862653
4.4652096553420675,3.9685642631200464
1.1913515839104454,1.4165865219984126
3.3065003013015075,3.357577396112841
3.3153016738601915,1.8712938932560745
4.530438899654082,4.373184362653449
2.42625449144076,0.4370605720022952
2.5168357299030935,3.3746218857123833
4.747846447746892,1.7198169781253765
0.1326253129802657,2.326873163980227
4.460012963742179,2.422198066518674
1.7384487866211766,4.02891993920652
4.901673520469837,0.6310480223070708
3.822429180673223,3.7708827918751804
1.6124469503435523,4.6222797818853
0.2704272816023312,2.3647665483100972
0.6238687712121604,1.2096650714426338
0.13134101415268884,1.3708328449773532
3.848551411873771,2.437012447566793
2.0290698896987642,3.858663498240075
4.0962227236749085,4.582802916521059
1.705775223402663,2.4542608957341288
1.5134483370925462,2.2179143461788575
2.3061465541801556,1.643847899067445
1.42855925125781,2.656656993585058
1.4024258182986626,4.825482802508453
4.9095175856084055,3.592021203254734
1.9174175442498869,0.47074677999974945
2.9270794725215907,0.38680181258259727
0.4537904722909625,2.2946504797097123
0.7141571655482298,2.2995562109439165
4.992470424579871,3.304057082450263
4.93677887986384,2.077026100906743
4.5312241500743236,2.9585576447958175
4.17429490052275,1.2614066230248606
4.762707987294997,0.0019216079868544789
0.24513909974920645,2.626687831820896
1.8959648175309458,1.0072047886104485
3.90623419241044,1.3367996312562191
1.6705040871396566,3.523921032136423
0.24231967936316934,3.9334750622903814
3.58815193305324,0.27405285609444274
4.397903429636763,1.8706657883004802
1.6510107722431404,1.5574557154882052
0.6324122372281199,4.41378991872008
1.9192552490528136,0.744429690222792
4.999160526307199,0.4665770778331807
2.2656318443917582,1.5424210505733837
4.206511351265986,4.239285591460859
0.515540574867332,3.5667456834061144
1.9451991835434095,4.780453365723943
3.5701868730095345,0.6233269868775154
2.162018621975617,0.4591467720551323
4.496116458281682,1.8230433591955246
4.965952215062014,2.544684032850743
3.373743551063384,4.5675553711545085
4.322292216858695,2.964934605435812
0.5508942623649127,4.209817165523654
4.646545776391207,4.852231890237767
2.3757087442678064,2.586701211421521
1.642256823579749,4.010770215988436
2.824317119269488,4.903700226135037
3.074483421286754,4.297021756666212
0.5176432953549309,3.753299647778462
3.5331783140875106,4.328543041684102
4.542713185143602,4.349746823659465
0.8239809208882704,2.1967285024238836
1.3615483232285301,2.112700206021329
4.547305617009259,0.35645297770261875
2.1813031880707263,3.6621554445557614
1.607420066027097,2.5148988165234867
1.1191331582024155,3.3226583229215993
1.9504858423246803,1.9343981991180514
1.5013925253087606,4.206738423754969
1.1357607849061084,1.5098118028283525
3.844238013576807,0.6825979191945736
3.391633307979001,4.784520043294355
4.241805207775177,3.5388021215767154
2.9919777891382977,0.7723790570400746
1.8957046687293722,4.593453837192159
0.1831100153583004,3.2259222634983784
3.1547760750940697,3.5712017580288125
4.36394900059184,2.909583403730368
3.477849243264589,1.187612809335949
3.6544650077073673,4.653897734200779
4.274377205754551,1.6279457247863465
0.391706257290903,4.742678905829623
2.4087223950890717,0.5069736827829485
2.154480321330847,0.2907658117655182
1.2324501738554816,1.8801147597405081
2.2115417060333926,2.431721154627021
4.79165223426217,1.9289315003886571
0.4401129302934925,2.9915917320364005
2.2671923167959314,4.782370654145346
3.002913192581605,3.16590559358263
2.3063547690064503,3.8992304717750654
2.6114431656014254,1.0246763147772358
2.920686754068256,0.003672055614559744
4.0610673048204475,1.6168159788207315
4.623004065951494,1.6183244437325812
4.987985361318854,2.5069539183232976
1.3871638711730727,1.4115879934687792
1.5847855936372335,1.5722084417960698
4.682659870021292,3.8366620319120797
1.8224611512780764,0.11465937178625984
3.3695414954157323,4.445622826145922
1.2829742945363858,1.089584438592256
2.982158051190877,4.110231605208518
3.145428457668735,0.9041200087297635
1.7011443165879736,2.8110594803164894
4.933075246875726,0.8182553236304546
4.799806055154175,3.8480347365826555
0.06539150831253171,3.5407148217500337
1.6952410527812893,1.1722243758914912
4.29381068622071,3.2665850045369678
3.02240722028571,1.6347770849272547
3.615126986612955,3.7852690706521717
4.840150372641612,1.4094029591729291
4.384490465943333,4.877893325314146
3.4536370258703606,4.676009706564312
4.874334837711251,2.1399472499799614
2.5965509886842963,4.734194593419532
2.028396946324836,1.8704430176736442
4.437524789574186,3.9897688553589257
1.8475529299166493,0.16049119984738458
2.1571951945923677,1.7813019398500334
0.4256475560168199,1.7502237456871912
0.9244136769400785,0.01935287765845506
1.296104268440662,0.11164882416889343
0.2365311328965669,1.5047317190186589
0.8262445628207143,4.124236804204651
4.8138504307036065,4.5243910414977
4.861121179046462,0.8559391854497195
4.271964313219726,3.506113955994723
0.4536864886184455,0.7401177410075882
2.1794957550992775,4.215767988688786
2.976325339083497,0.4526420980486512
1.294919185739511,4.388262460595975
3.7515206488947674,4.89776830221446
4.032584765892754,1.5891599426272651
2.732123851161438,3.40026059711275
4.207282879247783,1.790205789952331
2.9582380707683593,4.877389335201652
1.4283291743793436,3.8240899351212616
1.9645911946541839,2.5467743710606827
2.517197468575766,1.4787556170639582
4.5532705421270165,1.9807109502591609
4.632201668209156,4.232902961410853
2.7463863556769503,2.28354554735494
0.33697746355586033,1.9485234470132462
2.7027178260494304,3.6192671766326163
0.2879972376756734,3.0243484242184957
3.665341124942753,1.305516356417168
2.3810205878535395,2.707467512481343
2.775508225802323,4.978806787345127
4.5627468643526665,2.025970160022058
3.589707417386268,0.8717634028843391
4.768568160030786,1.2759959817213573
3.107424703945802,0.7243419145169944
3.8901183526459797,3.7313406865487373
3.6552279135104615,1.3423140557374174
0.6046155115064461,2.7059255151978046
1.932256287854683,3.9201254112323363
1.6170241792951439,4.909334659749679
3.469568877425606,2.1721263510293616
0.2392866800684451,1.6559709249085575
0.5838200783760189,1.5223581775149047
3.82882825875217,0.8329162401571472
3.6657798451143195,2.084665330641725
4.3668280827362445,1.9093832055044302
1.92286818182819,4.0619241706528335
4.59233416383761,1.9845005109053648
3.4668193043559867,1.7978805999968017
0.18280443522689593,4.205116115341474
0.6492189872579457,0.533356546190073
3.1816281690635506,3.9612281993223557
3.3650012431910032,1.1736356709343414
0.7005448459094799,1.5669586836083993
1.3443962209566722,1.6154921773118336
0.5867173832752004,0.42319931932915833
4.567474067185023,2.4620311593324056
2.4383109089303097,2.442110060355993
4.703050100318593,1.4242754090318421
0.18300703355717374,1.780764874274564
1.7511678181785872,4.592880945204529
0.6509298442798733,4.622382893953655
1.9589310558449498,0.4288032396794056
3.3971689226928543,2.3037361177293962
3.4535015778256266,1.9456271993178293
4.5143909429467,2.506823048892236
1.7549276129842961,4.592455951028741
1.6416896816497228,4.651385768385732
1.1982993604934855,4.408870246969524
3.56389890140346,4.3409070351859995
2.6394432175811886,0.749604767603877
3.6962468006675833,4.676023117967695
3.9892582204744094,4.403089728679312
1.9121797199606467,2.667513119507117
1.1813023888426826,1.2309907672689575
4.055571769306051,3.931173408945834
3.750822131802707,2.579077158615501
4.078974520544141,0.8033070656329383
1.8638774921350587,2.7807984068727754
2.561373079489889,4.532771580050411
1.6834275523319358,4.5351620314360295
2.395206820242785,2.151030071639573
3.2415762721963732,2.7769618352115493
0.1299856011620626,3.7968016564191935
4.875555903794159,2.7802564008408943
4.663713435518028,0.5653255509583982
3.734012372348351,3.79624661082386
2.3649127539481545,2.964316764579906
1.282817995619202,1.415079464953234
2.1727920278006803,0.03343975977217528
3.833585017251857,3.174797326070476
3.5316906452633487,1.6423091103854555
3.1982567917859877,2.391625664559396
3.3226392675474865,3.315260420343138
4.878598754313732,4.186995932068466
3.7206169055333653,4.653306680586215
4.845363321743797,4.146178816034433
0.08184849070035471,0.5596175758041855
0.11601424087425427,4.160711501092838
1.4730155966667606,2.1700968693553735
2.287599158268811,3.72536360315449
2.3641461521939053,0.7010916177144538
2.288626448344138,3.7210580381114107
3.5338653112117213,2.0924678068159874
4.290396101397502,2.1131912226901584
0.7957800222837375,2.338697084915311
4.831143241428187,2.7991779714729526
0.9294001195322277,3.632769728570924
3.893958483511546,1.766379083652202
2.2080210172607733,0.5031284689861154
0.8014107419786198,3.5819787265163576
1.4610831458090585,1.528021215015919
1.0558124602033208,3.5843256733605173
1.1249777307222857,2.0725760941705094
3.079220636796415,4.848145830210374
3.48085903917109,2.972014618016045
4.190748611279692,0.19527456664995724
2.0377148240109895,0.24558914741719784
3.90508803118765,2.4707136006604156
3.3602628238221715,1.4061986645376408
0.07856216724714038,0.9830507303446634
1.6306215446321526,0.4252528583403259
3.7802222237038183,0.6848115666206522
0.2957628569985604,3.8524054408689135
2.243779469375198,3.1023655825577183
4.67353903337239,3.8590594575632227
3.037170000993628,4.6276562688900444
0.32929452572058593,0.6021123367464998
2.662045930403033,4.030060188732366
0.7519280541449191,3.2865482385121307
3.0020169451931618,0.09261883391344317
0.7106639872100101,2.1165014951767045
1.8767552156318819,2.8805975516980693
1.901012733764475,0.3046902936831486
3.6785026178174762,0.8125157347025547
2.2154209770248956,0.4699799366384172
1.3621864149625424,0.6505932602458098
2.692578681939281,2.3127152328367853
2.582517858987669,0.023984179815960127
4.380412500492439,3.3789932422448143
0.45599291198210934,2.223965796018988
0.8041800423971457,4.592337852855209
2.807104168978742,1.3773712378884921
0.23901004850158836,3.315489407770398
2.3611638034022957,1.8326498194579082
4.777695945960358,0.39274349193391067
2.899633236883688,3.33122240344121
4.36381953602585,2.07882582403152
4.068822521034349,4.339709080715208
3.064240804938404,4.585702398444836
2.7611279045570436,2.0046365872526044
1.98201094870003,4.126219379430781
2.3151967826239908,2.1601450414651624
1.3251577781247064,0.3580970705854619
1.758243483299654,0.028123480403407508
4.794021487097487,2.003330849761614
0.8521700391295323,0.7917404842649356
0.7447271506978997,3.784991876517338
4.0497151688492865,1.3775000762397094
3.462420023402188,1.558510057511281
4.463400447337939,4.33773306389111
4.965767220043792,3.9996953021452653
2.659670172036207,2.0909015800430444
1.6203918527233814,4.328880327778392
1.0516521925122206,0.5752008723068047
4.258972946751639,0.5485424064348859
