2.5,2.5
2.5338734021024187,1.9749802903779445
2.7274162664681025,1.0338910119134659
2.3972939290257216,2.0845133358480936
3.1561020443812233,1.3105985927530472
2.350109672079782,3.219599444097831
2.1989214344200034,3.523879424190673
2.8795155221226687,1.5999238135611238
2.626644513954996,0.0629083930260177
3.2322442965518388,3.664031782219892
1.3487235883469073,3.3504211764288994
3.161598861836935,2.9610965003100413
1.999035893244459,2.696007321073078
3.2387701975200716,0.7920957944390228
2.6351305151567694,0.8756194011525636
3.0914351959379847,3.7985214372115044
1.4933168706979756,2.2601909043766537
2.2262521181832877,0.8474235618562209
4.138513613342362,1.3812800202026625
2.68838396265644,1.87123889297647
1.7304712574963876,3.3380267839837217
3.081926983416337,0.4297033849886617
4.193901537604624,1.2656268203731642
3.246717402265809,4.002437387621405
2.320763744778519,0.6073235475992872
2.883564036298738,1.2111803894895878
2.9359621475080084,2.505693330831865
2.867316092890087,3.2168431476596284
3.1541136533178116,0.2903632933784711
1.4408667675280102,0.5952924541666588
3.45385160543041,4.010979238085396
2.5367534436028305,4.5902846411000935
3.9231726559838376,4.073345204956778
1.6147413662497379,4.335158978676427
2.9915701947143063,0.8136232483976574
4.410514482549612,1.3714483665835009
4.091638374350229,4.335791338522976
3.884802441026924,2.8982803217476745
2.2236088407465577,0.1899262400274343
3.073708849638175,3.0715985059363184
0.8262322879426343,4.2768584569683865
4.264361702088007,3.241889522884343
4.22288998747762,0.35291483379397526
0.8956207192815763,1.7098122759857626
0.2219079205426966,4.281397842363771
2.1730917127831257,2.3306026910901427
3.034561493035776,4.874003988205011
1.0126529953306918,1.5441019810229224
3.126299765992544,1.660285455151973
4.166878010064888,4.120245805803995
4.50786687866549,2.0104347285604174
3.637301319326294,3.518898893054935
2.610811005098231,3.845511615923164
3.740787523812684,2.5873760962095553
1.7350697469231258,3.150062840156292
0.5057478634389195,2.0922035498223006
2.96428513530354,2.05255044543559
3.2498626254209078,4.076090504481752
1.085101311663429,2.949220063337308
0.24726248418972863,2.3228529016341506
0.680846283517102,3.73251429788835
3.795241708590671,3.0881478765395034
0.8244633900752624,3.3880799885198885
3.5115208200153147,0.8999768234894662
2.829541050090419,2.963356005338817
1.983260306572756,2.6819580862229446
1.043642995077025,3.0156181613706687
1.3627495798942753,0.24925087318024397
1.803496795946002,0.9059400350169644
0.3321847108679904,4.5976485677829615
0.42163110334689946,3.804367366003902
3.2613546388269103,4.338499190564148
4.3237239640526415,3.0720684012951063
0.15522030292565048,2.6461212740999156
2.5798110042571865,0.7049443601937511
2.071103245680253,2.413050380794811
2.5489276108082,1.942686285810451
3.0611802951167046,3.4825429252753466
1.6204976193064664,0.43274830487193994
2.702119011884181,1.650444337617119
2.5645247993398748,2.6851750658866695
0.3020208575724054,2.411630742570053
1.5806494358339984,0.5834513691831505
0.6042959035716339,1.1869068950597772
0.9030595528639207,3.137039808442823
2.947268902600589,2.2615872446968495
1.9246883868044558,3.1268013801914467
0.7226747090855523,1.7003897942520925
2.918299483586723,1.2829229451645658
1.262894726249304,3.8716556010425385
2.881219683081077,4.756565855552951
1.725992852970869,2.640198265402001
3.794039002824412,1.140332240875392
4.7348602553757955,3.8675832263533314
1.8773385497371327,1.8563594509841808
1.7504319668786157,3.120699957713205
3.756167895596988,1.6512313651460926
3.378846319604017,3.9800083876652166
2.862307244844697,4.39624364860984
3.805462102840943,1.4251246184383488
4.22366203331609,0.44009604748230235
3.2824562027686968,2.2720122375442964
1.5350986116175718,1.9881788543112189
4.720704087626437,0.45641254556700317
0.15068716692972495,1.1816698968774668
4.175149041560665,1.1570589434671885
1.4441895471208328,4.841236651337745
1.6206673552421769,1.0931514564165912
3.454537549402082,3.390720601167722
2.8375346825254484,0.010580614702933588
3.260063055589292,3.946266081602326
1.818002297322544,0.656898828587395
2.796056517911301,2.2863999003347595
0.4601506096502328,4.304807438660658
0.4387900450571791,0.4518150042315888
1.5434521085548192,2.5120510444383948
4.85518951757996,1.5374513605935731
1.619857306041896,2.9182635925587084
2.8242284560768756,1.3578843511702354
2.371444043681621,3.679988583456684
2.461926038574787,3.0004734638078103
4.035094041784863,4.689489904936866
4.203965500263973,0.8171475232530895
3.772577559708585,0.2627066795619698
3.7799687366188977,2.5094256876153547
2.519162034513668,3.219508440047831
1.358450952048108,3.9673625872976785
2.9848276219226615,0.9629180754299504
3.6170309358755626,3.275879410763067
1.5814138877161894,2.6608636553503957
0.09599185296799984,3.5315165133795094
3.2952054983245525,2.2376800824448893
2.255466268322641,0.952595912339505
2.4540389809858882,3.3548146848264033
3.837225242332347,0.2397673456823829
2.21933829981583,4.158254207134679
1.4619752718955907,2.9617576904713134
3.315617586879992,2.6670777574934412
1.6580535297302528,3.768158701556112
0.25759571408403237,0.9905592109886102
0.3713286367864216,0.06212314004719277
3.5270029833467453,0.03013440133595391
4.982309419295444,3.784786456320901
1.831511308588617,2.6399266264279992
4.52206649562678,4.794255139144064
2.251054323059872,1.5799218879036203
0.5575453279470488,4.045392170386871
2.8458735197613256,2.3130462154544524
3.9030529959690154,1.1524378841527572
4.3124860678861525,3.511010006240886
4.001819503233038,2.9191460949799546
0.9217896295336941,3.926164263446572
4.808293117401424,3.217136169900698
0.9819020630784364,4.3633497296566235
0.9967974010128267,4.400602922355262
4.813717135158795,0.5250084081252765
2.3732593712898318,3.641068248535628
4.143459644211983,3.9914007519312267
1.1827710865068541,2.1386464251981607
0.30107276089068213,0.936085425677165
4.959717977558148,0.2725059265072316
3.4752603188477598,4.43218360194039
4.989250420499043,3.5644143845235234
1.2308993091225444,3.054755582562321
4.538527073315829,0.34899093450184326
2.7212365589191916,2.7838266349986336
4.7355726009065755,4.84928568385186
2.4701738535209055,2.7059820272161828
3.8867569788031053,3.0153922236454678
0.6574964913785136,1.4231804129799959
0.23552350703981817,3.1213310790011137
0.5134142541098202,1.2394301690785152
0.6045355463296098,4.8700470588336895
3.2506713159552674,2.210396726649944
3.682368446894113,1.9864461439807863
1.6366783747845108,0.7548764464821056
0.5376719023495913,0.19628935220983523
4.2162297832293705,4.794828952145691
4.615337917305026,2.5840759295507016
4.6915569188499875,4.824075832300492
2.3818989083846276,3.641395414296618
1.6474831822782765,3.976596461615309
4.549960066682913,1.9805128766242723
3.9589512571453844,2.276555292960159
2.991911031031501,1.0386903176043245
4.738261056800778,3.7203699499335903
2.9566363684644346,1.0397004740740075
0.19977125131579954,3.2782313553417746
1.6008786322961421,1.4623007110972597
2.7693672445570057,2.1199750283525565
1.5878837179121579,2.3961244219214706
0.6836482336548327,3.1617298776134857
2.6164810053555088,2.8326238200357414
1.2298141561116116,4.131478116040159
4.98157959111704,1.4309707772599705
1.9649911628632621,4.108383602578048
4.67100700116995,0.5748535891592893
4.258118364127829,3.0989329550960534
1.4071558084402802,4.097953500891184
2.9068083028446097,2.8518154571825822
4.112204166106135,3.2587512402410974
2.0542730182202233,1.8009276224284627
0.7343887513188269,3.8891783340177932
2.374948778562716,4.90719391521489
4.29477576665298,0.5914089205764422
4.078604159390935,3.2266740359563824
3.9923810421119854,1.8847485150834375
2.9839475899499317,4.409985959219174
0.19153399635076174,3.9346301423665526
2.595884218439692,1.86743451262068
3.012791115064157,3.4064740487310803
2.3241562906093973,4.34767874511702
2.292465457277678,0.7827858839649959
2.6732009257873175,0.628007447387175
0.8877922892465878,3.9813400306806956
4.889707569314047,1.2880169890179294
4.710171302763008,0.15058412665314602
3.802387160173401,3.5529249981555266
1.5643725884408377,4.573863947809172
2.167118974456084,1.93772077811038
1.4495940261480973,1.653764076701401
3.9996700301463206,0.668588656952453
2.251881603489392,4.875674457606221
4.120058234338904,3.880289452917949
2.256313935280343,2.2194374946927367
0.7943485071744882,2.2272961465408847
0.6673461268139441,2.4957488963393
3.9946888654214834,4.227415394307993
4.042919059252826,3.8866436989928776
0.008968039911053105,2.500753960720958
4.630083528756829,2.3366769417080047
2.120849779633764,0.44596101573577407
0.09738745940882587,3.497274245673829
2.098192628893912,4.092618579364605
3.09907927306093,2.4084390400715794
1.5026895265525226,2.1265213039792545
3.1978020235645466,0.29427755458680316
4.8945846536560165,2.5039938601293987
2.2442361969404017,2.8124520020354145
4.247545517711591,4.154206891680056
3.2010191226994844,3.9891095179929374
0.07378169885073393,0.12069332467418925
1.6034033180551666,1.0342056442396685
4.359575519049552,0.559909116203402
1.2757690507427148,3.7887839844578752
4.144880151813393,4.525051832238164
1.4548596848578177,1.3694170032686992
0.6746911489721996,1.241752063635535
1.2977771101244684,1.6669652074734937
3.379057235922227,4.16382344074514
0.5581226153624663,1.3583666581841103
0.6560473426724067,0.17276395342257944
1.4139323682105416,4.149480179395289
2.5373982604729557,3.0861668642473483
1.3405631273086955,3.6246702622214544
0.006737929656499553,0.9192522522766661
1.8728443364883747,2.7876600415754287
1.46620735152097,4.924466492219098
1.500563115848027,2.095587957315179
2.672534212758602,2.0201963193415833
1.1007263567779706,3.759974601920878
3.5161551357175447,2.577513176951703
1.7946924240523883,4.120029868954813
3.0386246520747573,3.6895455647155053
3.01029030451876,4.41711319362511
0.7658041616641964,0.38629771708299565
3.7501131912486025,1.439935468791409
2.6824002385311543,4.7848107852276875
3.7512923499711177,0.8557336391086767
4.236343363658923,3.93471651388173
0.9341128130445825,2.416653943972909
3.591129340093212,0.7776754066596736
4.20210698795232,0.7379145767910239
0.5218111312453244,4.270618857933921
0.9282860251699238,0.42728258000715613
1.8070437497152414,2.6855695468987677
3.362950252386983,1.5795768742636074
2.7844850532623706,3.338765658367212
3.661325300849494,3.7391193586317026
3.936164481571118,3.8736327527045185
4.6117222666346125,4.08480499030426
4.23575225811011,3.5495939529055374
0.6245749545807588,0.9603275278307133
4.577109903816549,1.276880554094575
3.8516347227672454,3.5081329152255503
1.508383469522852,2.8573044527403004
1.3533560965412668,3.0030722432281025
1.7670707085093262,1.7876177527079613
1.290161354204341,1.6230571977002173
3.6716896507020387,1.0783880280132652
1.9590943343261302,3.8381468152542646
1.545722188971192,3.1798400232680857
4.0372037404776595,3.4289921435339563
0.40302595622996096,3.517436597122192
3.9053931572344136,2.5183057772099717
1.99097018660416,2.423872788034527
0.8745807951293599,1.677186185839673
1.07372500683799,2.873615903695494
1.5228085468405999,3.535324647092735
4.399234819241357,4.119480205026876
1.6389147979379892,2.3599200113257455
1.5892897886609831,1.1901697011801886
4.978493501926129,4.273977120180027
4.461966277516899,0.6294104346211293
1.4330649950887198,4.858266406408234
1.9069418641198181,3.1849749096818276
3.9275925362092847,1.2981480126222644
3.143313788320772,0.772614283620211
3.3315791856242876,2.611209185730721
4.785698049016642,2.781975272449241
3.080076747683309,4.641698737245018
2.5454080604917713,3.114151935833168
1.7661606326711694,0.010243421635876548
4.1215401132853575,1.8846925895868623
1.3091581659747176,0.49688440778570875
0.16190874911150288,0.44398247286412285
3.1730283310653453,1.3629913321529519
1.562636235822617,3.417081120902648
2.08567382511606,0.6604174394055712
0.45169220018285494,1.0791177982578097
2.6633372878291524,1.0278894341453655
3.0769498762837753,0.5554003245358613
4.667786318597119,2.104407990420751
3.7439394218924296,1.0876072351425514
2.748903820056885,3.68434120914521
1.533972374421002,3.585488087493238
1.1640158726084722,2.7264683714081226
2.3813935503976342,3.3152249583901683
3.7649362368781567,2.3332313920172245
0.8652259971795451,3.849844796068308
3.6946806378691868,4.351407710136408
2.153250732462484,4.5018882333616235
1.084930755406187,1.3991250736418408
1.1235774289974891,2.418252842456574
2.8490005832364336,3.455297784060942
0.903548004598011,3.5647069533570512
0.6981771850490354,3.662153098170081
3.1790943474686877,4.843636549498783
0.5747982512440253,3.8367717881112733
3.8630610509814507,1.3150869377644319
0.241734513327323,0.09961900508574706
4.770371050019167,1.9946733022765628
0.6758861673872163,2.202082996435149
3.9789392487421713,2.04157561973856
4.4080259524428484,3.8830846094950706
3.0625935417679333,2.7152386133873883
4.185347895269298,0.2590813583007895
2.534567723881386,2.745728972111287
1.1059674787913043,0.22433879236750776
3.930934375482898,3.785389691057654
4.298780181326339,1.5396763819259796
1.3260187669959085,1.6270402684703522
4.557376469478658,0.7466578976785498
3.73594069847796,1.3237553056496671
0.10577989236465357,3.955374667867443
1.5881785683589373,4.088418568601756
3.9104692358262834,3.062421984955284
1.9202211136973313,2.588857702734138
2.237761290984563,3.1438534186923226
4.23255051469779,0.45370930194393533
3.6325091642732743,0.8501558404607035
2.560937895326118,1.1182002206265524
0.03649638048658588,4.6951590190700765
0.19341961261711893,4.223108581611783
2.6439421882862897,3.2731087421135943
0.23275857669960875,4.52759879831083
3.4319796175889627,2.591047882703021
3.0510997487280846,4.511343412588677
0.5438196487098679,3.9326338575021778
4.8049510780460025,1.1865699920756179
1.1548635178685611,0.39676163051829916
4.903775091983514,0.8934074805618725
2.301308375750186,4.212737387774789
2.098358461739816,1.4380004193616518
1.9841661833639797,0.3471240301760281
0.021401577019934948,1.1788993544914206
4.572845738158674,0.12141696076398367
4.071908126144294,0.6323205067088772
0.1875095282704814,3.52215351442269
2.9633453805368615,2.6950225109232218
0.08016731762336138,0.013136276394781765
3.367184889868785,1.0260028188312371
2.322687692345901,3.0939984951524666
4.521944682255357,2.7747363237977125
0.9074446332616681,0.22972642854582115
3.7681919293966395,4.767208493665581
4.764404844292267,1.1694275528209892
4.072517213274894,4.737795675006014
1.4585427726740596,2.0161686117870232
3.5472390659376223,3.866584304330783
2.909056819248418,4.798429735328839
3.8770691278016183,1.1736482012904803
0.8278408944177307,3.1084362522472695
4.017157340657599,3.3534388444573033
3.830473567991551,2.7423820759049256
3.311810462899085,4.085179798046709
1.361919418793836,3.5938496037420293
3.7713091031682504,4.366560190857252
2.1714146816004813,3.1375440737004445
1.4257064207945935,1.2024854570456318
0.043130195536984495,0.6051608059652164
2.263251743901604,1.3724399139790737
4.688946835314664,3.464517499357895
4.547972217062324,3.893707785553932
2.474186204123883,2.8327809280293534
4.822072157714225,3.990008862083228
4.320494464604099,3.132699153590081
2.76401687549787,0.4382413244534311
4.3473589103284995,3.9936443318650623
1.6436808132049063,1.6518919015028226
1.0602493989862272,1.8073433420685032
3.4839323209139437,1.680472064769123
1.0676466234202135,2.71900336490362
4.3395914931694275,3.7847368119707507
1.2063776741382322,1.9018652044329802
0.4098980304393346,0.84073804939437
3.524896332095915,3.2787735644842075
4.733972543572028,0.6817725042542966
4.678100575998526,1.4175750605663144
2.7977218107184374,0.7968561628257076
2.4217721119112574,2.6912578511148593
3.9814204648832425,1.3838236784113338
3.803328424440748,2.8376191432230873
4.998963531279938,4.703194624092307
2.6970198057135146,1.8508750620663195
4.72716656445289,0.6824995859976846
4.265032793048704,3.2092156959570555
2.213207527017901,2.8562336936453097
1.3676400787862324,4.566059102144564
3.9408868771611933,0.6232725951888912
3.986626534323983,2.7789019116215834
2.213704158386909,2.2126382207866953
3.859575395012369,0.9893119680256435
4.439832126468705,4.756925864213724
4.713883822401544,4.4572071305494045
2.923703824661137,1.8752344271843695
3.157786481737452,4.716911860632768
