2.5,2.5
1.8848341782505662,1.8293153137381561
2.54756028764179,3.3796647365743437
1.402813122137666,2.2105587437928946
2.1915814696418585,2.9798094791710557
2.8640610191317877,2.7277556967051186
0.48172355301234315,1.8302888232944414
0.013351207755165073,2.331798555779316
0.7581859035462263,2.461686111490752
1.3359522353291235,1.4139575225205863
0.5857481555958272,1.6332634580112182
1.8219451179064645,2.1729640125782836
1.4660971541204297,1.7582499448450366
2.426283150897982,1.8961557389203032
0.22821519520478561,2.6710504150828225
2.6034041786789794,4.246713089788692
2.1587294814594102,4.840699957831873
1.3523472252793545,1.627435992670279
3.5295064583245477,4.177330551916803
1.5647913535658957,3.5333544009180393
1.3641698890765708,1.1205631642216862
1.0712833496121972,1.9169142522580274
3.2280071338960132,4.65573520061886
4.230262791146975,4.5046474373599015
3.637208468120275,2.363400389818784
3.447220613813155,1.6906561293566575
3.0987994290737513,1.426050912171632
3.5305983750652676,4.355996086326405
2.503853217518686,1.8137785020087538
3.0202509766495305,3.907754803540432
3.8747845811336887,4.633647211032789
2.152344479026115,2.5890450394081888
3.376475959234015,3.3360902884255723
1.4401210850048645,4.273872600566971
3.575179744202626,3.166013568462593
4.956864685788219,4.256218099674215
2.7291544831611505,4.165646294485821
3.1623049821795055,2.813365936114309
3.397315084832785,4.933519711110951
3.515548095275485,4.802479642253956
3.1194603184356833,1.0706930426557604
3.0790693218427974,2.207642871476171
2.0329125117280507,0.44666290075266957
1.3750444114092664,1.8303869193825861
1.5253469763429233,3.3614252595096716
2.586739934359053,3.4874781641149353
0.5772919075110372,0.5376740973520516
2.655280034509768,2.8450098405349458
2.599500736909751,1.0476343770805063
1.0431949103908074,2.7751385808376936
3.733207920703718,3.0160330748608817
4.354041087017221,3.4286078055626317
0.9455261562514006,3.6237383518289077
1.989203588501468,3.4797299737672125
3.9516069393691247,0.8711599957414895
2.086754675284444,1.9974333328952942
4.260722221387643,1.4405326149036346
4.58605034279463,2.3248198399471596
4.169606156367475,4.621762829708495
1.9009650871740635,3.2883650273781484
2.278960390796313,0.9725151384150427
1.458203222546826,2.8923483681674607
0.6767433096626285,0.09484197642547765
2.8259130809499804,4.66518957877638
2.2177062220711785,0.2834084834370765
2.8791256241209067,3.002218983182157
1.0257264620481017,1.3350909553417867
3.1268367268193717,2.7224034921033162
2.3476171159031094,1.2332271784941513
2.5256867051982494,1.8312126280145686
1.4217278564977842,2.0025784142740437
1.0617607896739634,0.1423794819092261
1.8352781174180965,1.2392319625635617
4.361842217214619,0.48511283793775506
1.5057514545203317,4.47435676714549
0.9315805275113276,4.8318603625754095
0.15609160045927217,1.4795599660329888
1.0959734057059838,3.132751268576796
4.230923535052809,3.0694009531236857
2.5685148871157555,2.573676195618473
1.8692357390830405,4.726660526040898
4.348823417893028,2.2745702775449796
0.2891929001665805,4.104366371490251
4.1813017448812015,4.992201146336836
2.86159177377955,3.327249499019837
1.156979117852428,3.5619233223075653
2.5565593835980276,2.571267731007353
4.141983554854966,2.8276486452049223
1.659091568375557,3.032500442891719
0.5521912899922732,3.035956800461933
1.3283508581383219,3.8157024861164563
2.274638438137497,3.1727881121851227
0.5310914085693075,1.118622605792516
4.787152992414977,2.21242359598294
1.0493450306152396,1.199590915283233
0.8048684095497688,2.2603901644961937
1.586755326692984,0.22342179718890687
1.7353189285039183,4.156523854762434
1.6044313836995527,2.1765291613221844
1.9797195795613343,3.081123634742702
2.649476722394854,4.974523139583594
4.7584289541677185,3.0263013725459427
4.807496138067451,0.9113100207384744
1.7553119845020637,1.5352759858977811
1.948401492478149,2.9338754173186348
3.548270148473916,1.7127755302093883
1.4608972594130494,0.9147892824571185
0.09224503659709005,2.9506509604327165
1.3480854721625235,3.1072187270060336
4.359845397266239,2.9298065208006756
2.9475679128128656,0.7768753433215386
1.341868662317864,1.9284698602597934
2.5832624480093886,1.1373247303519596
1.209739473634957,3.104307084151134
1.0223935039355914,4.516249211218829
0.9424187668727657,4.628544933876434
0.7114749540410087,3.0164752016020167
2.899762461052519,4.898695251251903
2.651353141911341,0.8227399919612804
1.7043261383920867,1.0401961038305274
0.6460028009668062,3.609906186157419
3.3889415775760074,3.697919651275855
0.42433730937963043,1.291484449404735
2.195354595459573,2.701725355018025
3.8319488964180115,1.9349297327882224
2.915429664456053,4.911096704327488
3.395420399927393,2.4220439649094923
1.371301648120018,0.022607731397304986
1.8479300819689497,2.957545098741959
0.38868057996298055,2.084558071402713
0.08549487035050096,3.3073051027260054
2.669790038871941,3.138751239988519
2.3306341649637914,2.0622565959889028
0.6134725818141934,2.3314963185288153
0.05786989580340629,2.7697994873113223
3.1121536347326852,2.102674224067303
4.277438221728418,1.9591860277070365
3.693773820521988,4.649352268691352
3.650504327819389,3.5050727050491597
1.4210121742711534,0.9234789168601865
1.8653412522245598,4.561255920666845
0.013584164006065214,2.1314354650510845
4.180558135346353,4.560001158555661
4.140408378628761,3.94921579384653
4.822798868133297,2.0118733463836196
3.268196734998605,0.972097551431656
4.068526957008393,0.44685200562740335
2.8711580722533485,3.2847909027393802
4.152238160876453,3.38408986198628
0.9733755727040266,3.801814834023198
4.832480484518254,2.6121650337428775
2.849562916659844,1.403988250881885
2.5011019337257414,3.641451365250834
1.5389838431377723,3.8844694993814026
0.3021828968340906,1.302479932362139
1.86349443644148,3.5327054025305307
0.1793823740030892,1.5425174624091031
2.9003543417710373,2.8132242544328454
4.125887105633494,4.904814277347177
3.6563096378837416,4.417720678296672
1.5945349294627502,0.3517343916016963
1.3579588130557918,2.3189696418887564
4.716202053297437,4.1104331025555005
3.308321764130878,3.2044391112166086
2.060899506853553,0.8430834385135827
4.7273038756395795,1.2535850315543544
4.8206832434106595,2.1336667090163512
2.294045910904927,3.6741865890078484
2.651398622593435,2.2116728567357864
4.883597621363227,2.57664026479773
1.3302738691843152,1.9743283518264332
4.5318232734189685,4.887272080835305
3.723349324574168,2.8896822282977004
0.1641603068128339,3.4053179963886504
1.3533469887109928,1.1802704102240913
0.21132319901124463,0.20011565427264733
4.196215505667735,1.2758931464345047
1.3470906322752447,3.5252813796957354
0.8321576454146767,0.24588290788760458
0.4674133486541221,3.6462233232035746
0.00612060703495676,1.4686007017885498
4.498909231900831,3.0837935086022834
4.425174312601245,3.9256859260162473
4.549705047251355,4.1080652371195985
3.1905905505511027,0.05830310629689639
1.9370200403919724,0.9584953006387642
4.136703700885496,0.1372632475696567
0.685122509008661,0.077121286055859
2.2122871449117043,1.5099371223760039
0.6670342427563741,1.3741155872784776
0.2768449703521014,0.4139424932741831
0.4851997816365411,1.1103898695451213
3.90397116300126,4.023438775300476
3.2078757234224264,2.8033879319164843
2.4261895914009592,2.0913228081319484
0.1452730420387488,3.9037421635156155
0.8227957705126537,2.3946052013916312
4.6771209235309925,3.826294904590633
3.4982343963191926,3.5243285342877053
0.6448781016567129,0.5976829563181096
0.88089466645832,0.7597590052982578
1.8939634926362248,4.533183648836975
2.4076891092843127,1.7729013005774652
3.4669288842122157,1.392834084081651
4.426732476124913,4.463035314065875
4.481168555910203,4.5562590514059975
1.3353258875495584,2.5649637790217525
0.892727606150226,2.27342923654375
2.8141479220830545,3.94283116687699
4.429169527260835,3.2783526222197903
0.9649799402646975,3.7944530088557875
3.569843480814372,0.6355438616052311
4.786750803174448,1.118993262611125
4.1248263730257495,4.16195367874106
3.148250448242613,1.2927508296854606
2.953223323957918,2.037303823521295
4.493376581293734,1.6783089809443097
4.320827480376892,3.1688460070471134
0.7017102733115982,3.241061669105859
2.077859340533861,3.1219686381123726
4.745471382338355,4.291811690590043
0.2809628132273273,1.0410863047315955
3.075483293674957,0.7627725776254474
1.4806371555424387,2.245567634621903
1.0378604745958475,4.795394639337377
1.6556475833425577,2.8633979530602254
4.540078256005155,0.4027174519431781
2.9729083755237657,2.5453787487857933
0.6093388637278979,1.193956501358802
3.2343671833112304,0.6496673227209865
2.8496430753716684,0.30626613581966666
0.6206213577418657,2.8001155963944853
3.110176932768798,3.553319855695924
1.5608844469856247,0.4954544296407959
3.894589249553271,3.876961320245286
3.7692257461729826,0.9341925823213126
1.4360383406515003,3.452869040294551
0.3302034032557666,4.064313835792268
4.639669088631766,1.1134098814393938
0.377261965616032,2.123220952658707
0.6474855174884997,4.544797111214179
4.315132333001913,4.647422153518102
3.9897156514882575,3.6644284867076
3.862130674468923,0.329473939094016
2.5455527967881446,0.1475485290482592
0.2214572880777005,3.7581759232436185
2.7267124582421776,2.174911119014812
1.418954435197111,4.010962660503638
1.8262521108185736,0.6347134870554982
2.211117201621829,0.9013833575911601
0.41299808321853926,4.321767311606295
1.1413005255975672,1.4422253394550117
4.747677965070394,0.16561111984958354
2.300778132792157,1.302267280803333
1.9162426949140643,2.0697911058920546
1.8501941296127793,3.516275685655408
0.9239216947934437,4.757966621407384
4.134950116016627,4.442209481807884
3.763768723083464,0.11409799380025842
2.996247863806316,4.921843638319645
0.4731242134011615,4.749305505422059
2.1325784131271734,2.7288546476125646
3.2879079747174784,4.996333196889036
2.695964905527135,2.6052693894749535
4.996501825481115,4.612854796765646
1.0328465577927382,0.194621952095268
2.9313210606253386,1.1355627244760669
0.051984533139024514,0.13465197435188703
4.595355626190333,3.8363102176854182
2.3467857841712902,1.6166828618563556
1.8639551474212142,0.692198242901696
2.4596170457130517,1.175689545774636
3.4948949874877084,2.386106122372137
1.021274555653568,2.6182579658902294
2.369298296070616,0.5215959605146525
1.5166968722994822,2.6688692004757106
4.244657285898251,3.416288079854033
0.764773387067022,3.8507721550193375
1.8278224721430614,2.164602023344118
2.871528833045094,0.6667249412773724
4.8326654639117,3.5721030981456554
4.129049619758859,0.7207391558378917
2.77968399683711,2.4662677385696403
2.464370255542172,2.954057324184043
0.7374378493811945,0.2348186941153435
1.405271649089792,2.922136096320725
0.10162542912454164,2.21529646250489
2.900017878831136,0.4690532798689384
3.6054847317640712,2.8166825263346236
3.8727893466747147,1.7210652648696252
2.102532418258287,1.7657489781319864
4.626171657778999,4.357516833833096
3.839678675340765,0.9614262936898282
2.503537053280882,0.21361014415195223
2.585421920401105,1.0728715062690741
4.861487320613015,2.7036557886502974
1.9366237398097907,0.6420779035452207
1.0522848025526295,3.755859137421605
2.713643255920726,1.568233008958938
2.904329489969231,2.3240250078485896
4.9662399835158775,3.55698141343787
2.1281142207820682,2.301381145706115
3.4604637652848123,4.479080605253548
1.0085069944548724,2.8481207253101792
4.067104881587345,4.83908024150091
2.7115303688921086,4.260167758662535
3.9500449537999134,2.892867576160278
4.075421844522742,3.6420880260909843
4.862393962554028,0.1533128963753133
2.073912177292282,3.7644926460930526
0.35375273622451076,3.0625373456131944
4.656396605442793,2.298435347094536
2.167244851865198,1.4669876760317113
2.7683169144567965,1.9279408536888272
0.6158592866519541,2.7884408935591494
1.4541643425636548,0.6719939860011309
3.0044089319099854,2.0768883118257184
3.878594252153622,3.8341598198564304
3.2545758354980805,0.13300273599572587
2.2868975390524264,2.4752498916738297
3.432750068928319,4.83744424235639
0.4589691394877027,0.5749081803811817
1.4366998841320204,4.8446456825538045
4.388074471708347,3.4881472843321966
1.5462788212961747,0.422662949495054
3.1823822753158977,0.9295372663783291
0.8696082607438049,4.408234969374403
1.9132709352091464,3.001835739521673
0.4457518986919645,1.2024641032698664
2.5230052570977017,2.3308512776185175
4.028067966235284,3.0225821289520898
1.8112255907641461,2.1286259540208263
0.3032262359023413,1.5803077177154128
2.716112354968531,4.603268559172412
3.0189384131312775,4.302019896310395
1.2096352105103896,4.769958690397431
4.759990010686314,0.20437069807879515
0.3472496355048499,0.7624358339284154
1.2372181923588388,1.754900323283427
1.8647827911469428,4.701109219277953
2.88025465759095,0.42716639176657356
4.862801813388006,3.819537018112875
1.770159891704327,4.5401195993640915
2.614659030556372,0.8425556653025451
3.129628124026019,1.143473976579118
2.719316476857885,3.481011696844595
2.039812203403781,2.755543469637228
2.5878351340883414,2.774639643403733
2.923588341791634,2.20438754901477
0.3710427378424258,3.21671766958117
0.4336413416469359,4.857014752205542
3.3353703602472167,2.0533235258654994
4.238996419315698,4.066904060620392
2.4278714462818445,3.690996715367139
4.038284480552922,4.769666909159827
3.104283443654599,2.5187131417840467
3.6834257254593687,2.364490804851652
4.717589397189107,0.7651843551499382
4.224971273084609,4.853423918308976
3.2399937484881858,3.795336812697834
2.593679456074281,4.418845846308924
3.6142708529989704,2.8723061362644837
3.0224183469196197,4.709520092296227
0.10013186915440009,3.4275421548215075
4.334620398442487,3.5640191144701
2.5573875370645096,2.566328478973457
0.8452683342960182,3.778037566440928
4.879774448065291,4.25708591567645
3.3569487342369135,4.726601461341574
0.04050778725386339,3.0614769130887547
1.4326973435467971,4.901457341031204
2.86654141035076,4.88773807916803
3.4391631054873,2.2685136305479467
4.30819281154946,3.3445612655789594
0.17676212383081535,4.376887439750122
3.1431657928288734,2.132906470372717
4.0416734381777415,4.712132648820916
3.3123594764190005,1.8814152006037899
2.9164387150216617,3.028328721737868
2.6529888970098856,1.0122602506941942
3.3516451778720953,3.2430532804476764
0.6145960871832967,1.1647192079931468
0.849949580982281,0.9940474591264492
0.696963705323419,4.82412454277209
1.6654949669396895,4.1722845408749105
1.717277947796998,2.0007850279891533
3.2996559592045993,4.181032864470235
1.9377883677976648,3.5347371239024654
2.973515171748357,3.986096365768501
4.029774597090088,0.9692595102796225
4.701744574464408,4.5269138043630806
3.107216671472915,2.4793432407377747
3.9996451545687597,3.1067117844441485
3.4712652028290094,1.7621541296195509
2.4111394381947227,2.8394375817747064
1.6761892858066547,3.6394333251398168
2.082303106071379,2.1133248871209624
4.749496988014,2.9328039535993247
1.9993810302212194,0.12926520169084355
0.5055082514839065,3.8709571317548104
2.7945923387732563,4.2016595804402
0.6206794810807076,1.0456530662619146
3.335007284618721,1.8794087845181067
0.3734841449001708,2.951178713616533
3.3226743246832062,1.2307048905496665
3.800061316968436,0.7012518138935758
3.5623888294119768,2.647947351319537
0.11314931680529994,3.918458292157366
1.8274312430799033,3.439862999162731
3.913976414498456,2.2053426908663143
4.581697046243159,2.1535841498678483
2.8022909011295094,2.1717944826861517
1.9330565823966288,1.1683754622711122
1.802975874321176,1.4566843667271556
2.169782899800058,1.8275344058359733
0.6860078648496476,0.4044570711152118
4.66076082776047,2.5427593989876667
0.9514756836918487,1.6497978074320025
2.191365141403827,2.4777330307027294
4.192879879435232,1.262998220979169
3.8366962142027172,3.231048761342282
1.3023462358631466,1.451846277903256
4.6927335750050245,0.6848705077880018
4.507453427761971,4.592327880407098
2.842529163182231,4.657955391958895
3.7279735169693677,0.5493313812117367
1.6743309076961188,3.780876931492142
0.967440388898067,2.678052769438195
4.661430276408611,0.09522826451104582
4.19321432544561,3.9563810236322277
4.678699180127503,4.07598033754046
0.5568281998583657,4.696761571424382
2.958781434307356,3.270000371011963
1.8966552337057108,3.71915927843495
2.7333359042239733,2.2124657024237138
1.9716935956597141,1.923512448581493
1.6196207591315064,1.0402100713729356
