2.5,2.5
2.9112753110849408,2.6884942035634913
2.676224839474938,1.9718507282888342
2.3694595092951576,2.0592162776247216
1.9777813478822004,1.4137166875607736
1.5801928430278105,0.7830074862268321
2.4282363961964863,1.6239450505810455
1.1019147090128179,0.030460726732901566
1.243045767498816,1.3182483819638102
1.7885129471875887,3.0653924077474315
0.4771682996419896,1.7609767754234311
1.9644875964613302,2.225223956074695
3.7840501714228045,2.593696336166531
3.01938095054685,3.599761940140162
1.1002762741451226,0.9626195036427421
2.5266322371242196,1.2761086080515516
2.5491984901264964,1.0096922276439446
0.9757836155903343,2.7167113705081753
1.8613135547740445,3.2233895176444305
0.39675010162773583,1.9342051028065703
0.6084368783882843,2.519730342779169
0.31666232266049976,3.2617636052277366
2.10624670193181,2.9842602289061575
2.1452387136676747,1.475758658507727
0.46408169988147063,0.7774005836575143
3.202779739686847,1.3683493497236898
1.9145234959210744,1.461412254004697
3.7792464645965,2.270228381943891
2.3096625905067265,1.9515423162776424
3.5917941619923566,1.079987478156209
0.6342313925233461,0.8167143990057757
1.645332718642163,3.8134330060490784
2.395889183089806,2.5105868760488903
0.6018948626028564,2.7421357439135887
3.231026115201443,0.15362513913059594
4.169435319928187,0.05543750554213245
0.805779913718726,3.5733282664532533
3.541691867548698,0.3601585979339317
1.2287476653144074,0.6631818126289907
2.584318441006881,2.9926660293500094
3.7358291101989964,2.259074862655259
0.601484599883908,1.3846054464103885
1.4929875427226662,4.149976390610682
3.7276666160469847,1.261692109498589
0.7511619803991387,0.3657915573126147
2.800475517032992,1.8729633404949726
0.9613762690833549,2.56195249038218
1.141771480659971,2.8137855792744104
4.147267333458843,1.314182681023885
0.621999369831906,0.830640186085565
0.8179674841871659,1.8468127235588887
1.7195825088069978,1.1514703944688125
1.467838738006929,1.8281011892702548
2.699067758210243,2.3433424906428795
0.15769254717034942,4.007968626187164
4.114188824213177,0.7584039464586445
4.331751780446542,0.9082173337616378
3.3507819944560917,4.260168786200432
2.491148005596189,2.6582568602788674
1.7648888868394275,4.898244376432252
4.350156768289664,0.8790033968022504
1.5935938415975643,2.583107546101098
4.89233003560231,0.5192507396416124
1.4391539858199538,3.4550878575087216
0.9277044429698245,0.5174834893752112
2.4001792944498144,1.394063771991696
0.6263705529896574,3.004321729269512
0.49417224757472955,1.5004458736670423
2.5397653160849103,4.825028980128433
1.6286489531981103,3.420849675243383
4.099691200453027,1.354653592125289
0.3842371915834586,1.399737896825071
0.26518844054253643,4.482337485323539
1.57552237198936,4.781068706843105
3.3471369814426715,0.3341632394877009
3.667822070473247,3.5619998091078675
0.9058526388339255,3.1129940304083914
2.1054994624537997,4.8310905534913235
3.8656721475940525,0.5743945925317229
0.05641217941426857,1.163704716656443
4.515270562696779,2.695869930279624
4.2406538735130646,2.2291600044085733
0.586386291759991,0.053728564689053404
2.684386938421113,3.847777193990498
0.6858834434645178,2.920480646670926
4.014615179770768,4.801377491282674
4.443228480676493,0.33815699151478973
0.11637257895427189,2.8322743120382032
0.3224267755968935,0.8117708397726686
4.615807278933426,0.9983291962282603
3.0991154697307395,0.10233276908027833
1.0159113555216353,4.082018648122924
0.6288351929174629,1.6045400929544462
2.257769193291528,3.750112665055116
4.642366422656551,2.4719963275057717
4.2846892067688005,2.0493128231066526
4.181269418318045,4.78140633172032
0.07925224718734025,3.8398559817575544
3.5887086043054555,0.2578297665575774
4.449619761284613,1.7716880353451998
0.03582326211646725,4.896772694062751
2.5335264575594723,4.057064760734059
1.3359439615465507,4.051211686429509
2.1337336548559147,0.22786248896761563
4.889856443277166,2.14890359627689
1.728489315131993,1.371248319769785
3.1371147384656526,3.0332671178976245
4.81712542093105,3.280810819787801
4.123895485507931,2.9777315749243267
4.773026972989511,1.719913918130132
1.6524308557133134,3.7760847775163384
1.0666806733456735,1.3638231237779663
2.5273044087009726,0.25231544513702575
3.3616396200128875,2.513740404732893
1.2199690492261528,2.661296705401597
3.9788572385292538,1.8441981374950234
0.7990838545957318,1.646201177670954
2.8189051980518953,3.714475407296298
0.6550691014629728,4.8008305798628745
3.8453552344930806,2.8263223465624736
1.576382579297904,0.3067116276410331
4.382121774409028,4.15558372501697
4.041955636312094,4.5826461853342515
4.4572842593239725,4.822557395271278
0.46524114627026714,4.811039397148776
3.024422236515755,4.68324438179295
4.078914783499627,2.2053263563102092
4.1928753745105185,2.1348205269024643
2.7273394971527836,4.851654970387923
2.929043555293695,2.178396249559097
4.891414734083813,2.9190828311262926
4.353815936809695,4.105686653140234
0.9070038188563989,0.27214737774079845
1.4256588908517038,1.5581711118823542
4.6881766678047105,4.222046705357216
1.1739775501470862,3.3447132168942333
1.3101542851909609,2.91957737464571
1.3949738500393822,1.877277419054818
4.294371858212625,3.626410769216145
4.920050252709634,4.1595783458341105
1.3786152196221084,4.080977179004565
0.5131102410339572,2.215754141448168
0.29932131573962406,1.1922703031148574
1.739141030479392,1.7551374133868576
2.9260059761693498,0.6356202127541866
1.9981244280617838,2.0930300978755274
4.66421250031438,4.863614578988312
1.744378215590619,4.375577541806933
1.4436154110680943,4.916021870186713
4.372879828965386,1.0055095913751377
1.0128631791409353,0.7258627325341954
3.2328161541549156,2.6539292000924632
2.8924734910157524,1.418379823298928
2.430733243387056,3.9819172577332895
0.9859610576814393,1.2389477321290632
2.0611702652676596,1.3436466318577218
4.650859416891794,2.4062075407602674
2.8744175919996513,1.0169965250990654
1.5165619691847643,2.8358307064959183
1.0385247941883042,2.890197721130229
1.9027386678949627,0.03945662877623435
4.934493384989353,3.9186476070664726
1.9990640515983793,0.5815944304545739
3.9093456183377233,4.921315370271247
2.0444547596048865,1.7982016658819444
1.1945239707610393,0.5202778573478678
0.11064456036234405,1.8208061047113955
3.587468041695499,3.795638988674854
0.13181933052861028,1.7461083604490968
0.2789146265014514,0.8360291067506881
0.2347477686906968,1.7520013266746108
4.561563484961142,0.8676202422673596
0.6828701922057462,2.4828005749832007
0.9497531436522133,4.93822059359442
3.2708633182009628,0.4652392908041847
0.3135091743893059,2.1661836349792356
4.451906156473214,1.898498527102774
1.9264342284822877,4.289327009488738
1.7380308916532932,4.252971271260098
0.5522296514551533,2.364935062844289
4.459250196713644,3.35925133402986
0.7746388249173564,2.0955633710254
4.227978642972998,0.6722894389331235
1.8086100902813955,3.6780051395347577
1.0476879696472807,4.57210142194002
3.745344276046983,1.9344513382899757
4.886934330395942,0.4803874103941702
3.6269010649475586,0.8106946255142738
0.2817887952897552,0.627171515006808
0.09085055543469889,0.5236396679691468
4.778872638266028,4.57551460976311
3.438716199164828,3.9622732334239856
2.2210133238945993,2.034949117441646
0.6683815873651716,1.4804326618763102
0.7408484115423813,2.850363699861756
3.6008681694745466,1.8944209470375906
2.9977247632165867,2.632743802521438
1.7840159250831922,3.268947246134098
2.615425068869004,1.3967184938016475
4.189437988234456,3.0599794928016206
1.3314520009022597,0.9138952016347679
4.197501989515342,3.183474120855111
2.746556829437044,2.8010357919979434
3.8234009010464143,2.844877687409811
2.5721753346539673,4.08593663691377
1.8617818197865539,0.0320604079655501
4.710112601909527,1.7871633190012641
2.2424404445227735,2.6160701529319885
2.3978994477039643,1.4766721014585178
1.4093470133489232,3.1782640867837015
1.4628525664533005,3.6330340786848216
0.35547468239679636,0.9263388338803402
1.6658450146360182,1.4398266613665323
1.1819397387111819,2.8815720486435383
0.22499172551040225,4.899589135266825
1.791232268432113,3.2833540249606976
2.7006400508972868,3.7202403996546165
3.442371100983843,2.76283416674153
3.154729003194996,2.2218535007252163
1.185467458413344,3.6359147391604107
1.3267911147274685,3.400573969718943
1.8539152865804436,4.541931617669929
3.9371371589865536,2.047845149066631
3.1972443678566136,0.2875082771280857
4.23093953434117,1.9225219925588628
3.947616166840775,3.1245143975542993
1.8834482271008524,1.7666712188067608
1.686817086242049,1.9274272696643164
3.5163112538500387,1.0759797896109262
2.3789825062760124,3.5729982835187144
4.7417911087499505,0.7704087721706454
2.3681298502709076,2.7164379191743366
0.42575249601880194,0.6659538424122746
4.079399469408172,4.888156485262626
3.559873275338448,2.0682750973809383
4.282314148206972,2.244989962324084
1.7083999082786812,2.228898295089388
4.049429326258377,4.157620747436925
3.9555950393708175,3.56522881620833
4.661144288231099,0.7313947122235692
4.788989550442435,3.561260226291194
1.4045038369301084,2.5397221378720984
0.8471279763898892,2.958543276208338
1.773411773666424,0.6682857733202757
3.593666410471277,2.172979477476982
2.7971458740672057,3.8744740755007383
4.202560274315992,4.790532849274748
1.395020979574257,1.9529199939216468
1.886601891844435,1.1730248437175361
3.7746661382287536,2.7570209671211057
2.096872229311045,0.9738432164845645
1.6328562339679409,2.309387395479522
1.6427466503506438,2.703072080262794
3.4306660457676657,0.22584073492766088
2.624717040275639,4.166603181175741
4.6547439042471845,1.447627550526689
1.8898798324588721,0.5321651474377154
0.46982457287030155,2.8464413205118824
3.787092890860984,3.2695096166604207
2.800978946595155,4.071445462211954
2.9280313819159516,3.5901863407083883
0.9485558586605619,3.3919819574844166
1.6719864194599487,0.377799909533868
2.235740584475323,1.7967319259060925
1.7928199945021672,0.19492422642855944
3.733737398946495,4.01006522740383
2.202054021999712,3.4047002941013016
3.711001570555799,2.5098160810235814
0.8928762959143494,4.823153604559266
1.7740954684561698,0.34512825414567183
3.6465305846104377,3.980482820589755
0.9117214978381588,3.253837815237744
4.899639901239357,1.8140557331987002
0.11857255698271785,3.6145414952928117
1.657937510505691,4.687459471147896
2.8047221722960987,1.6748383754479463
4.422603506370526,1.9623843183087564
3.064815239180092,2.3830201497825825
3.060874355685978,1.0575144335911584
4.213447705308536,3.97106289964069
2.8185527719171204,1.9224821391858486
1.7937751044975514,4.90933504650782
0.6708954774751774,1.2530740356640764
1.8761472482503039,0.056379122602036036
0.6518809930726166,2.7517011519489114
2.0592030297775032,1.9903924251630845
3.0980495771238847,4.991521644421241
4.6834950947017155,4.886727710235914
1.4067918868366531,1.9706255501990266
3.487726024607576,1.7178063517353626
1.6137251568148792,2.5384390943232873
4.89712000256352,3.536230569765146
0.9231055868534949,2.5424196998684634
1.0634764065640545,0.14250980830916082
4.390842779517578,3.8702184173334775
2.8632939088940206,4.396650858636389
4.78906311182879,3.858426555408135
0.7781743778408723,3.9041240526129144
3.5434838220016744,2.100444473169375
0.050075520667885454,3.609879223681216
0.5984724979137951,1.2216342450887292
1.2837568806121364,2.858825187076807
0.11293916519982072,2.3515454597809575
3.322320861968952,3.9445637950236256
1.7137617392421844,1.5534312241202763
4.239201220564959,2.2892291228752315
0.9811205916269372,1.516927469086284
0.8841847344353992,3.6903455140984835
0.8300843712976885,1.6108512899803058
1.5374979607168555,1.224002790141237
3.521621288369809,3.876562688023922
3.187406357114953,3.2470545083144846
3.085212650103819,2.9638119175053514
0.9914566016633292,0.9231319094096507
2.1455991891962145,1.0472241560657287
1.7432432902512436,0.054676828267770095
0.7597525974456898,3.8239637829890687
4.38383271568863,0.13861689468750715
1.5445913276726149,1.2199842707434154
1.5707590194082761,1.1247251375763607
2.694566613543232,3.7196201434752574
4.922735884022557,0.15505823951223185
2.746526760670702,4.055154605257403
0.2564662348656044,2.655296235582939
0.5905497217152555,2.9756501171548293
0.4121970162999433,3.875295362088651
0.5314269284840734,4.269028873126314
2.7801174072314576,1.8269989087784322
2.291473376398747,1.5515037977898927
2.175551401158908,1.742510884383085
4.561578984342356,1.6245987426723545
1.4137891576128148,1.539720250518077
2.01483655848611,4.759736372318319
0.24035563660823434,1.0492472605710508
2.9294652045327907,4.862188956295512
2.4823277861295394,0.6796844824913467
3.895307402286201,0.31697704547938743
1.0705543412760599,2.4667509817681528
4.39519608865563,0.8493624050130172
2.350837434394398,2.1176236275062092
1.0645079091231309,0.7787348695530755
4.695024625999137,2.168688815276743
1.7493495165313244,1.9934042385743083
4.935217294370606,4.174141190357326
3.6278172122460313,3.159327303236799
1.117690310949559,1.7366054601118508
0.9026164633401351,4.667060066836633
0.8998444809959683,4.956984711523588
1.0066880230847397,3.0790423379693626
4.5783791429917,1.4612908606423414
0.8095667270268153,4.390188759068683
3.549414170849608,4.896605658183576
4.156085927530971,3.34632031826775
2.5459106881789353,0.22949759841386586
4.391860443633105,4.213317232430387
4.7958300284051205,2.054232710956189
3.8178682643962167,4.733094077347909
2.6389113188956994,2.536227198659441
0.6406166472587049,1.0974800014767
1.3630286601804864,2.218892191366602
0.28072177812723864,2.796750626706041
1.510674612129741,0.12446287377274157
2.1024599365367007,0.029974747198339147
0.28936598263126057,1.2229119225911096
3.030845301733586,3.9309728408739657
4.449198907129894,4.413007426942643
2.203331433289077,4.074758518498996
1.8232224083853,1.8023220254905974
0.465252283810898,3.4371634829775797
0.36058599846157224,3.0413418618295247
1.3744262737571251,0.27159747139360924
4.405955128867401,4.0643146928248965
1.570267080416392,1.174898005757428
0.5388192427427474,1.1671692416287482
0.045934921752395774,0.592123546466668
0.9691459462785762,1.1766046095011629
3.0477942170617633,2.707416279279799
3.876767454242815,3.674521267840178
2.9569400065489644,1.0052042053908117
3.320543642229985,3.399581307106758
0.5105446465417668,1.337468300618646
4.5772935603713165,4.147963078244486
4.083764951371487,1.8015106521985136
1.4553105408841849,2.6771077124156517
3.1501309810054345,4.013654726509129
2.8661197929746978,0.6659720169360805
2.3318503475421917,0.36175827575215536
1.4860213166269194,4.324249190733754
1.7456712420682603,4.926319412907517
0.09309892297182987,0.9292108735183796
0.9474492544066676,4.0801693333247355
4.597287446139608,2.0026609092980747
3.103617336077974,4.2757386602274785
2.101603444347908,2.9226248125766343
4.160521950732157,0.927778642722728
0.78754616627563,3.942018202186733
4.897699555866267,3.792093009354649
2.1587460066906368,3.3720387907352793
2.7913319768278266,3.141500973665173
3.892392662315496,3.1871447460663793
4.685123939387054,1.2552935766829065
4.168801395584939,3.524653221706031
1.6408287979939558,3.9936973987479507
0.9110093397962604,1.5396247594640462
2.863758412294031,1.7385477265413252
2.5077656290186305,4.970372929140078
2.1323050710396982,2.093255244113395
3.278366827849331,2.413805705887257
1.7108077594377775,2.752143145863593
2.788884573689312,4.912034366078492
0.6255964043259893,1.6291556445589932
1.6923308262072623,4.214516976638688
4.10960657361847,3.476198474868408
1.5417599621924194,0.16880904861531765
4.066220436719778,2.2615722323167846
1.909122131864232,1.2354113270708855
2.42587905997272,0.6574115017301174
3.0144074849941527,1.7206306236800328
1.9546925037096363,1.8754740406231578
0.03539712713705567,4.078784555497385
3.761364421961951,4.382327623585221
1.2128416982919543,2.2038232045415422
0.6615600853122444,0.4579255135322696
0.6060810572783609,2.0625892720824677
2.0464897785759923,3.6078864415524143
4.263884441002894,1.0709844694413673
1.2235935536641462,2.5320924006210865
3.3789833237934364,3.427814888880953
1.4625929444184471,1.3858202385773026
3.227178088997083,4.708825378599403
0.15738275965725468,2.976369887367735
2.0978515329210228,2.0217620102044616
3.698191343253108,1.5745585804152147
1.577183596191396,2.5810124161787806
4.891066192865373,2.027481178915242
4.582508342864637,0.9000914593764303
1.0421760743620685,4.253491214978146
2.7853922857294586,0.7600533513045415
4.875985775373031,4.7404604158858366
3.1106856332146418,0.14413242770640933
2.7840387330159255,1.3559959902355208
3.3664187429046217,4.874673015207018
3.187597658216219,3.803483363030752
4.516661658663906,3.9201178256228624
3.3859687214170715,4.0311602076598865
2.2754800319605533,1.2086220841459705
3.6038854092512813,4.635504403172214
4.58463176034683,4.6587595513464475
0.7576050649166888,3.897550524136631
1.558799719884441,0.4020239144582288
1.213088715910537,0.1719272353654644
1.6402159463890271,4.371799615376073
1.4515168357705366,3.1275068520808342
2.701699152248161,3.1374803597781526
1.6286533467663544,4.099250464518695
3.325766694807638,1.0752967243337752
4.500759934792255,3.4147311918289396
0.9104632679654245,0.1837549306923908
3.037641599382144,2.259254229474231
3.48263402322614,0.8959917167420239
2.8245426491407173,1.1683444166403079
2.1117219092926858,0.9228703866672427
1.4644233891481888,3.4645750288092287
2.1302436227648496,1.7118757121352517
3.178993388301664,0.5920812408198761
3.0973377481065336,2.5089574297228454
2.653271543847897,4.156349407879811
1.5784289023998344,3.08522004508763
2.5816269712235713,1.1590160356660189
3.6123757867837183,0.5815893108205133
4.102965581426616,2.1240116143525927
0.36845950053910004,1.8195032156753936
3.4028054464602224,0.5177229191895566
1.925059263555387,2.9772402847707093
2.104013735083317,1.880500992523038
3.8478682843502177,1.103100990871172
2.970867518259279,3.416200892378838
2.757920400976446,0.4986278923605286
2.2572907978134977,4.255574706818372
1.7463328281629764,0.33552143805396395
4.583996524906346,3.6492432950913596
4.950912202174632,2.618748915335053
3.9448486360341444,1.6853412674115025
1.637066548443149,2.7652106844350572
3.681447410315624,1.796408729956559
1.4979519056905084,3.039761317672901
3.5350264418949715,4.283890135129789
1.0353624260616763,0.2355959454903911
1.441401196658747,0.5605740795886754
2.4192963676395114,1.7320483578989982
1.5128236715509074,0.9838415373080689
3.737567941225274,2.365992096176162
3.221075809154377,4.4247323982502
2.99551537517063,2.944249364772988
3.5012015520340785,0.30702864295990007
4.774206046167816,3.3835194638539505
1.8484776306405597,3.920811986114578
3.0943968484674347,1.9354291100113796
1.220404656484676,0.3863354872442343
3.521652923563741,4.9823160688983315
0.5060881375108361,2.6153820143683393
4.39581264108136,1.6245221366018265
4.203802803509618,2.818836835053901
4.880255536311826,1.8589780405683465
3.362741422356346,3.0557761263005814
4.50726622549523,0.46671128136919426
0.3187772863689031,4.930117394511409
4.3967894560852825,3.676334311447445
1.3667227725823823,1.8210412644580087
4.067317831642117,3.1735890343185047
1.3135338564561216,4.203479801222403
2.2913167911192938,3.2777318616219953
2.187831288282496,4.576894864426394
2.83590757765634,2.2824341707706663
4.03981331964442,4.435482528933606
3.4494867993658564,1.5995949147633821
4.36467613561894,3.9830476843981257
3.504169330344466,4.485666390080728
0.977997525422063,0.8132903229278993
1.391642323351071,2.4427955513027837
2.236074624273083,1.2085111130676474
4.996039083029676,2.054199291466012
2.7122947407758238,2.8187658582047224
2.4816028972613893,1.316184055236909
1.8780836017952747,4.07952926682962
4.295910168445174,3.1101928574682107
1.0976380017705707,3.7999924518212906
1.0753018131940313,0.12344676156828105
1.5286850022286131,2.339536670638242
2.233375221380223,2.1440208936526455
3.9611391379534213,3.7612513114073263
3.126789647689625,1.6498480890115375
3.8076980649357712,4.748649390330478
2.4289516736253858,2.1898826701321243
2.2156556363163786,1.9742633199386739
4.470050322214666,3.109089579501841
1.016807220182299,0.5450270790602518
0.30759171463398627,0.23377608308335573
2.5085278493598127,0.9044950181028183
1.9907417268693344,2.5007958901604916
1.1997993672813552,4.13342990864125
0.8736793589981545,1.2852938398504798
2.386768950041986,0.0547431203932508
3.625805349576115,2.4887332043254236
2.723891536352656,1.8944361688993194
1.0932873909469691,3.8839772811536366
4.60580245052906,1.7845684064259337
0.7294355138387965,1.4504449018631842
4.299704218008264,1.7844797720974992
3.8554724162484453,2.838504942370425
4.5840542728938996,3.2420391778983513
1.0292284031594778,0.16595525199355754
2.769924921460341,2.974733977920774
3.457505013643853,4.996695632430888
3.465452640735524,3.964181974971377
2.230998278991046,0.7111505842758253
2.0548710173526947,3.979184734903065
2.44354776003468,0.3278543762356301
4.848397519262607,0.7643326134626233
4.1878546014903115,2.43295668955191
0.3725055659603088,2.893656137409486
2.9697160800925193,1.1093421804728272
3.507434672269627,1.848288407451622
3.824290481337797,3.8703670028207364
1.4265460765304612,2.5049799756169895
4.27180246208381,1.2974712789346865
3.668437336281327,2.402359967342113
3.681125861330709,0.874061738188262
2.394054987208531,1.6714372765894243
0.9194456148874625,4.483782623901099
1.5259356420775534,3.953885729306295
1.5690684721414128,1.2735444732776868
0.14640463468055864,2.8897223023135403
4.60056584860463,3.304432679932827
0.43723012187758703,0.09187741897370705
4.539108918240885,2.5000873726639297
2.7658502763306085,2.6744311235530653
0.3939520112648237,2.12001556197895
2.6317732153604427,2.291636976351465
1.0200999080137474,0.44247044051233864
3.928700769778732,0.6759547714434372
1.2925778664152658,0.5225910525821453
0.2611215816498441,4.8635197846738905
3.3661480763354796,0.7351678414376972
0.6276166467488825,4.951976437547433
0.7996283267123472,0.8737045144677247
3.819359433810642,3.5881700881591905
0.9164579883727242,1.5867075958871908
1.627358923907638,2.4772191460926987
4.634629185085207,2.0297997861370565
3.60056158460808,3.1841568185585425
3.165421888509191,4.3045598336353095
3.1838754492976062,1.3182477110103101
2.1514729911012838,2.7379905287777695
4.31584302673311,2.346458339273292
0.9682974986012804,4.782577017410018
1.5703843990257744,2.2345170985463985
1.5649239360436074,4.044287123935858
0.826036634279585,1.956979779239012
3.00977773666276,2.4340968739200664
2.16621298892232,4.030786048909239
1.4253769226767554,3.396685260615679
4.746938466355005,1.6716959374028324
3.9330407659401305,1.0901794750591471
1.4878235724630025,3.9844986631392536
1.2412995888181984,1.507153387516396
4.395250225810219,4.561815789468865
0.7527809768344373,4.563056650911086
0.20636290500191057,2.7654658244750507
0.3958335836336968,1.1911444894411156
1.9714356420953,2.0131321132307196
3.7473803660109386,2.8939574659207468
1.5738183055749744,2.4526018292576968
2.6001327407295722,0.684886463602673
4.22643686512286,4.007780040589568
3.8135401430915667,1.9505756453167362
0.8360266299395991,3.2548708917377174
0.912850463027291,0.7138458294047823
3.257296272662344,2.060742657983661
0.7315496306556796,3.3390182485964264
4.349130580230463,0.8799668309097913
1.3129616252813647,4.371525352612965
1.0888832304480633,0.3983248482713181
3.2955473130573725,1.6264372832581309
0.3410274471906283,1.5004533789793646
1.2675606885787771,0.20852635716942292
4.038107699081113,2.688511126050352
0.6874452903730688,3.4132920997053673
2.7717873830305413,3.9793703718587095
2.925525429339269,4.743762133690842
1.2795690640768291,4.492512528137563
4.238754702315645,0.5862435647365516
0.720696260163457,1.1601464725021404
2.7996289353125654,0.6515087753954596
1.8314777401749815,2.4840359520426287
4.806987526529543,3.3802456674984476
1.022042055411268,1.2540737473690395
4.726912198331086,2.8074068533984926
4.294809222870461,2.5050290478126156
3.300537550618517,4.525541882913134
2.443360833873576,1.688299517830421
4.00903173770367,0.659726228192688
4.117130317725267,4.128407389595914
4.8982008838894275,2.573743830405357
3.607735868000104,3.0698156120310722
3.94172624599443,1.069335037171499
1.034259138382675,0.7070818959457342
2.723417847256216,1.479620607323554
4.193977400934537,1.7203040377252838
3.674046977657171,2.899812663305099
2.1309842916988,0.6419211030588173
1.465623770085197,1.7160253799826908
2.755972679956877,3.1109505719283037
1.9324562258483473,4.101236323899963
3.3210408875780866,4.619573512234299
0.39330415237192606,3.7185553492319934
0.4384191950066846,3.7574059793325354
0.5553503278595695,4.057995979988887
1.5524351649802592,1.5108013725154024
4.223408577536075,0.9133109522599053
4.687878226328221,1.7966453600308
4.073651009287506,3.9229786048836814
0.34158855988038306,0.05833886475329175
3.0433202397609205,3.2765733470879246
3.7246478661683833,1.4725452429666586
2.389902119948255,3.8328174290524304
4.336854097529988,4.201148982120044
4.048967600634498,2.879150215518501
1.7657908771977309,2.939142400977126
2.6976893147933616,1.236397381996066
0.3219399824161945,0.33521962594351085
2.688194464677931,4.769128909919684
2.319372400074201,0.14925297440042784
0.21953002296877688,3.902392896369556
3.6004475805010157,1.1989929791917608
4.446354537320515,3.0524912474143817
