2.5,2.5
2.7756471339337914,3.0829729323853483
2.2768516975876025,3.450008536316322
2.503249776849903,3.5887642376067768
2.6917286249049885,4.474361713442498
1.8272150387978074,4.2722565953583285
1.026449059639714,4.1131818094937485
3.6578801232611484,3.4631587676151976
3.690122168362608,4.121795894992329
3.220661014816977,2.5537848300489436
1.350430281432558,3.3124958445979584
2.9570217360214848,4.413634548581429
3.4815819520886206,2.23640321135524
3.099769185343349,2.1625603749661155
3.689079642292661,4.951888445582531
4.343185913434848,3.103753189431119
2.967293693674373,2.135629953766551
3.1977707952297973,1.3271339491044025
4.20745494562359,3.631769184867345
4.60887208897365,2.5865455017022176
1.095113716044624,2.698182601821419
2.3557287313599007,0.8084857425054542
3.453638491337606,1.6251772886367322
3.2445389380462917,4.528356496436386
2.3894070416075213,3.4544630073048577
2.7571428318018,1.9606083442292876
1.3524724203418965,3.2284654673998068
3.9932305874687044,4.360803247650649
3.1825023434305755,2.164161197901043
4.207491637004573,4.0157816596989875
2.8633506999609577,2.5881545744882257
4.095943759593994,3.9009267613342264
4.050279982166342,4.23716122522184
2.2380908690090138,0.3788217136676231
0.9300478938835649,4.049119063337176
4.267020234436708,2.3086891041542983
2.6323258304462764,4.365368831135673
2.7131611876080726,2.9156005456215865
0.6008411089341692,4.4287166490521095
2.060044655296897,0.23166701543969048
2.9306126229480665,2.5347590189688325
3.5848801679970994,4.013189481726224
4.5067005143095455,1.8948659998839985
1.8076269298234937,3.43627817025049
1.287924956257727,4.352783797886709
4.718892034072361,4.611710128123657
0.9210570076664448,2.473653738772748
1.2357965608460708,3.4085753547292903
4.880684418416769,2.054678248157624
4.711135234669172,1.5440275742333631
1.439746777722285,0.7411832826498727
0.8496117921941843,3.2404152418938352
4.9442070582753015,3.9195734237106796
1.6253159367683045,0.4240232999878768
2.8193369673044435,4.967562610034818
4.986806078021298,2.6001431007160263
1.3999389903486863,1.2600484423512985
1.1932133092161978,3.8490033792363825
4.1502793958647,1.0674195221336698
2.6529492148800236,2.2766438631045007
4.978922329397587,3.6223712634326684
0.031992383361051924,4.104230357189578
2.2465423958826736,3.6381964285700508
3.7178151038795626,0.6494697865625032
0.1997683959901131,2.1952720822052356
4.830241259296328,3.6350515374094594
1.2797841943353627,1.3538568210677504
4.508972628480498,3.6758332550524924
2.079678461432353,4.664165382115945
4.300788808760053,2.529505884337123
3.7049547908481624,2.6806849667409742
1.6092863267512052,1.7280228331324925
1.562701028022619,0.3210904738495324
2.012297187110602,2.5796011173064164
4.524644935359338,4.9619231464696485
1.2719954881975115,4.3994576977625135
3.908301048271488,1.750624636124014
3.349261824581639,2.4866476403219107
1.0195073103802454,0.3541616717445323
1.0129108711177,4.851376625235588
0.8145303010777094,3.3103271375742196
2.793498943976365,2.216366058208564
1.6673593107539824,4.444112120297375
1.963283148065464,4.375320082760238
0.0016556424617542032,4.3074647880800185
1.747563598252932,2.9599142998010053
4.129625979840463,3.238829313091132
3.6029660750532164,2.533883452890171
0.7944125405239683,1.6672300653017025
4.779530644811719,4.911333174443621
4.538148821561382,2.5405582685617567
0.5944430673940709,2.0008369394363124
0.9420256070323219,1.1416257250090083
2.7794702202357486,4.1295257030826615
1.7086357238562055,3.5063873877240543
0.7605411544490404,4.536981008775548
4.022623029030442,4.354165468109711
3.872681198715825,0.39893713733995806
2.1482242923581834,1.4326313046810175
2.7065889688332696,2.2487707539530795
0.6047141505207915,0.010017660047680343
0.7717134184009145,1.815188607199123
4.5712956135806735,0.5064754310423875
0.26940011664863317,3.071529630876987
4.204855217076494,2.4391176223660183
4.299694233313195,2.956851959301737
1.1739837429072724,4.030283399173226
2.9186194378956483,2.5379455383370217
2.685841262114279,2.682433067081513
1.8628884103037398,4.312026609531912
2.5530660344030953,2.435654866658558
0.7873662048766139,1.0186004151157502
0.3217206465837036,2.242462909373554
2.4684105035032666,4.734803650203714
1.685450018304041,4.5124446638345725
2.641242260629118,0.008379688645001049
0.17323789160594183,1.6200075175306694
2.9379709886510468,4.613998075014071
2.05923532727885,1.1438075231082423
4.982654896551643,4.66789954617184
0.16526599925188012,3.168746546801337
2.369469511614175,4.880818410221842
2.000788803519366,4.3037878809144035
2.7878369279263033,0.39083204851464826
1.6218422466386095,3.554559302414369
4.532679260959952,1.8765523149886754
2.342523842342451,0.1534969110695228
2.0045497421822747,3.7915467202931845
1.9005610210522161,2.9752549156861257
2.934142365626075,2.4250583977054667
0.3394456130149526,2.749515399137797
4.064531185417471,1.610148658717998
3.800103211910653,2.529584977782688
1.647242453616577,2.224520302522066
4.842186396052946,2.0609348566871217
0.7481406308412292,4.641292339257192
3.363134740356315,0.5888595730954882
1.7717787456022382,3.815596947219675
1.5360335985102769,0.8867629993496551
3.4566253810032475,4.2913020213051665
4.149190974141595,4.06798572478248
1.7651527319430904,4.596199407205851
0.22856228531779932,1.2767309631160628
3.9734878231311113,4.689154188110693
4.5250391756587,4.7460103712034885
4.185461339441788,1.0971400884528966
1.6806113606165578,2.366461057065065
1.6302189911387939,0.2688154612988519
3.9208220982395057,2.863407479007065
1.0119705258797507,3.7755754895024003
1.514814550013831,3.428115309707804
3.1504881552803643,4.2859515314439305
3.1990585850599205,0.46134014529757794
0.381786589512344,3.9816582653856063
3.358929488694633,2.0676426871383304
4.970240211068648,0.7838044603177796
4.899503827102683,3.015636918065815
3.911460558715979,2.1255685195568335
1.6452011411096241,4.934066549952876
4.2057780949293795,3.9781964657419677
2.7066092867446145,2.60556293177871
1.2686142824736635,2.8386955057486047
2.63801788187593,4.248896662674248
2.678693727314538,1.16080400658992
4.962639428449742,0.2590413085794274
0.4096338512650388,2.61709566161014
4.627367631817771,0.49730788672659676
4.7213724622361894,4.248479654764678
3.208497903819266,0.9139799042492869
4.381285087034483,0.7974949456489883
1.254002926796134,4.9713440945345555
1.2206569665144074,2.3756897365175527
1.5095888147856107,0.49442123464878085
1.6973648445342981,0.784415600015545
0.4102500100973411,0.24295188439777848
0.7324111137314732,0.20389692891051692
4.817928091604166,1.3038440243905458
2.0100766876362237,3.3196879891638305
2.4996664695511117,0.2879721845839983
3.5559331699890313,0.49486558872648523
1.1059608138274561,4.8705027194050245
0.30144883149591184,2.513920664772116
2.089455835297293,1.915919047898773
0.2959473943387736,3.9337998875472033
3.6646320202719695,4.6262396398387375
1.15640924297064,3.2319187282137616
3.284605882816183,1.0805940427350957
4.351171883937982,2.300975877936569
3.0337115935483427,1.2776019739825306
0.9592080796515989,0.9370535728968649
4.764094321389208,0.14809033269274519
0.25976155631541487,0.5980610738702657
0.7763492143585243,1.7735577624796321
3.297505227981672,2.865054822589121
4.027012864031107,0.8271154760173094
2.0976350575985685,3.560602287386766
3.729734999139558,1.5942661062672454
1.4785278030783595,1.2094302003981912
3.721823473282287,4.761653027954559
1.6193681977864316,4.6319119461025275
1.9585007279785698,0.7132552789116364
1.9639691946719666,3.1930623944355085
3.021799291145903,3.1792981060292895
4.698986066709508,4.642618282737043
0.8384957567891527,0.2741497122159414
1.0979023990647203,0.9694478186725924
1.525597036965487,4.04840641128002
2.0475033782470113,2.8858412732525314
3.278776438003404,0.31225472065201154
3.3471325728138552,2.725774185027814
0.7186801063167952,2.8478588851214752
0.8080322098895576,1.2985035790157207
3.9617205556955666,3.7989539780368045
1.2248280340758617,3.252918403987528
3.5214708399001555,0.8866536636339062
1.2792487392743994,3.3032103880674684
1.1446148687644975,2.7103243760184705
0.281834605814138,3.3982973609804
3.3725824272132994,3.0443307073584074
2.6964459102588,1.5179219487149247
4.722838369317942,2.520752689872862
1.2688275245254839,4.85338025765222
1.4602359389735586,0.4730411141668728
0.42543114095871526,4.800984690477529
1.0767429021564823,3.089740188398031
3.1870068589633664,3.1455641074640517
0.998386151214779,3.3729330832711026
2.652914134937236,2.420071197265698
3.708279617912405,4.196008782927702
3.393148128320585,1.3013960918067136
2.6420325650160685,4.530982700052303
0.8682843985240885,4.866411254480084
4.853409307206159,2.1118976088123547
2.326987504276476,0.4487237651780679
1.131983030942727,4.498184568307976
3.7971683170438157,0.05464853290749083
2.0267400538238767,1.2994923334840318
0.8844472292410716,0.03553912641911794
1.124142456726525,0.04178961985097818
2.811158725025125,2.300338834903407
4.098967339932234,2.2957369011038957
4.250680350412072,3.731198540194111
1.7326235722539907,4.374409810911023
1.1008145677739893,2.4828156350691613
3.824674835085001,3.643615708230845
3.2021238799186285,0.1237412665532267
0.2745030009112115,0.5006775165471461
4.563376738759011,2.7451850719207127
2.0219384797565048,2.153175193878416
2.266463342098157,2.5446130353277825
4.010229327141162,3.1989502569184003
1.655343445152373,4.407394414647145
4.006165832368319,4.9531839804731
3.4906000584763577,0.3871907330395319
0.04460112342415834,0.47070839397285624
4.8648715574106385,4.575159288450913
3.207928707964091,3.9928548633660728
3.5578438993199155,4.4197308249025955
3.7329320745222154,4.980206684108234
2.6430190715468127,2.897968525627366
4.023356085480206,2.3474531229538176
4.978211792360349,4.925507010945842
4.860602353298148,4.132173774263982
3.8655021307056625,2.4338098052779804
0.047893587109527624,0.26783611411208386
1.202251041971819,1.9234037785444595
1.218653326041098,4.264993686024212
0.7250809654624157,0.2716748997574392
1.1247773186321868,3.501917223906028
1.5181542788140683,4.135766316856146
3.7435366178020475,1.102847730689112
2.7123240714136987,4.676935052860735
2.2055518796573974,3.215146101442399
4.349576090933784,1.1874321414849147
4.17646428626052,2.361640492925561
1.1165866445872197,1.8546969062760887
4.681743271184108,1.7818214150204137
4.879133911257936,3.8374819787842966
4.217635297256191,3.8447680804945996
2.503069673362618,3.935009111652643
4.1009752745235035,2.823923453893251
0.6420425453030826,3.9648015669021697
4.1829890036359565,0.3180598721578992
2.5510112623775454,1.4612859591268519
0.5878075442775016,0.9844118106692851
2.765697857286579,1.9829879791410998
1.1873329316488512,3.0858065061792166
1.9925582957909926,2.277256746376986
1.7471998374060405,2.222699323130268
3.019751653034135,2.775167104787977
2.2027010719192024,3.1970965904473383
4.778598806942055,3.660794183425507
3.095139154991051,1.6287063811667273
2.8400219079574933,0.6848861717912152
3.54147243966906,1.8774127141693704
4.438392953073778,0.30599614983557677
4.037397717511765,1.814780412671837
2.263148768397945,4.841440112155141
1.809135333342447,0.38057950377691885
3.2684476658610615,4.536175904351718
3.9561045009655316,3.3477824530684135
1.313541014503009,3.5945278696651473
2.3670440093748812,2.157873593527934
2.7405514046551853,0.13044135254925093
4.392757008571703,4.850525474208027
2.484368013219945,3.1660606384139607
4.100054678946744,0.4930293268535857
1.6583180341791703,0.5911621302062409
4.050883283390191,0.5558923738800764
1.956994887091004,2.5535438978043103
1.3933124032872595,0.5288140247102674
0.8422404897740327,2.638471742363685
3.553635883655944,2.184339185282905
1.5240643663983593,3.72785805637183
1.6689681765587583,1.1136468363465042
0.7427956167607708,2.2456878485291343
2.8864115899203577,1.003092544997074
0.4706860141116026,4.79234822764501
1.2246363597150451,2.4858092096833087
3.7786195197032697,3.157557054397895
0.1342020418339157,0.22746740244789843
3.2480680912483,2.886532537418681
0.33261703913483653,3.14239208571996
4.148064366403807,2.5071048219556906
3.1246753510152834,2.81742731555769
3.99311992523621,4.226052565582315
3.7600839753997404,4.394094766962475
0.0619670644216197,2.591959750717617
0.4801494790510913,1.9638951348743405
3.06338808789885,3.9054604752953925
0.652552571103201,3.425171139409668
1.266697145389254,2.501302771007638
1.8240627325912722,3.9942949694755687
1.8142635367607722,4.436432236015309
0.29070571140122903,2.307678624709244
4.336524087176213,4.907312437551283
4.214908162211499,3.9882086784111497
2.8671026139546285,4.301428506322645
3.767147336288918,4.741632995121764
0.4158891969550127,1.1317321517152785
1.8748535796018757,0.28697320184759956
3.7190060586183833,0.0666743976379569
3.72243757699457,2.0421596695331923
2.21380294165153,1.3583217864894088
3.596350521691236,3.450661219077692
4.411031062819505,3.865303527969643
4.148995202236996,0.27878107969360133
1.676463392767229,1.5337381330125428
2.9248463358283794,4.374647550685428
3.5578953474859825,2.1896429725338447
4.588907728017701,2.3816785347090534
2.2265711704095406,4.454496998239986
2.619985047122408,4.878237941414055
2.7249958826387495,2.7937848981845015
1.8113523777472984,0.7999601555235564
3.4799677901782653,2.8059693249503415
2.0996132489027874,2.436900401750408
0.11689820056101197,3.7974777251009897
1.665827727613876,0.31361566183198963
1.7912057209000602,1.0705018348681201
3.4709535497625037,3.111172290582498
4.392553530000344,2.8217735506896635
1.6542345680417725,3.9142033961024554
2.768134290805369,2.5946193971762614
0.9200053006891951,3.151991591378102
3.5044021037989252,1.9292531228591954
4.484823054436079,1.7052332329949205
1.6223597648614545,3.2578582016880056
1.8447775675808764,4.4649075062975605
4.307972804436036,0.19057494524345853
2.5274720944535773,1.2467836517095132
2.0685923895945786,3.1284661348214646
0.9763312334135171,0.00922652100447896
4.997309636471194,4.932691800440953
4.19649540170282,1.0602574267544151
1.9098311989133037,3.3899849131386643
0.010428897749292232,4.866928903560083
1.025362381974001,0.23788784133096041
1.7672386023157705,3.7173897467413113
1.6051925011325303,1.88063115800218
0.6589318782369091,4.13219091069672
4.435898641610908,0.2029421107895124
4.313475350855594,4.070756066490546
3.225421632986403,1.4391744628298853
1.6703259955485388,3.2913988494744544
3.30232867195199,4.698616193587168
1.326676641531161,4.949954467085134
4.257669775650375,4.169229345037544
1.0902096934114114,1.0864312116672776
2.098011477923434,3.3009823519719497
2.3499996251791044,1.4574928683388726
2.1724819726996647,0.39173461405131116
2.1382524568459442,3.661673004649188
0.7224887722040263,3.4658139637498966
3.166798192446374,0.2706257033277365
1.4407061320018189,2.093702497493137
2.9973672328520404,2.2815902448210315
0.06952526881774224,1.5446799713267385
4.317548054147587,2.0284153454322027
2.3341159467788497,2.677449252913763
0.11000173935848345,3.665400060147859
0.5460821711136188,3.861777277022364
0.06381709075564401,2.1719774678306045
1.5098034220537144,2.7299564869011057
4.2596062866117395,2.6298615882807197
2.946719654900065,1.9242446938410591
1.6624054328548243,3.1802223227785986
2.840124702800064,3.063965739801225
0.9134845015648013,1.1649225518918505
0.4144446537017238,3.5078567776573735
2.9789516569082486,1.3199913672057444
4.0665047094730475,1.150484923997298
3.7405913102162303,2.0744330620628415
4.176986706394977,1.253146735755994
4.0074192081326,1.2723252738906365
3.9342481302180445,1.2509686757899452
2.705830997450426,2.009479397932404
3.041385809622806,2.7271851235116347
0.7478397179954033,1.5875189757371233
2.5428134813868337,2.1725814363183114
0.24826013676656766,3.3832622027345134
2.1070673490482954,2.531213025425272
3.9074441306882797,4.759160188853198
2.334792493051461,4.549270747189106
2.425404345279669,2.473664356159686
2.8882148675952473,4.959496011466812
3.8938180481337192,3.9606937399474624
3.0946261833088586,3.7256531043935848
1.9619749064973768,0.9726610790065343
3.402131556754329,1.3327424748388688
2.3251464270050013,4.858816916497941
4.608976688213394,0.11335595761857054
1.4173421346883148,0.4080725391604273
0.5250308310867385,4.020393394169937
3.320574247075872,1.8826899173628893
3.2062862955954774,4.380923576082319
0.11717259091931442,4.363817976307633
0.4618599794069844,4.792086970298913
4.87710048511238,2.703484765231315
1.410769741409343,2.4323746002937305
0.10669646924748144,0.5580429244942975
4.519728427467528,2.0743874453560895
1.1785505773440423,0.13268621292457705
3.8588979949572706,4.9866068628800955
0.7793916220295027,1.8839596165634476
2.6205490423787565,1.8799502963660275
2.5342258419225105,2.827797076960486
3.446290637564304,1.4671986653272273
2.4801194158276596,1.1580121990358316
2.1691868165840744,4.4168015536807435
1.8074371463067396,2.1784971819527694
4.909611063009185,3.0733770734853385
4.601762459476317,4.369020106611518
0.7365858572994244,2.799516911306592
2.172581815342186,1.1167482350382136
3.23973836780266,4.873642089598592
4.129440490429759,2.3462031114210746
3.787910496094568,2.0347122305312233
2.6220231748557827,3.5005505556440437
4.470389028367082,1.1030571910571356
1.3494572949909274,2.672775028157057
1.11141723846006,2.8739674842302323
3.5105587228343205,0.18118992682805257
0.5529182383004927,2.042022329036727
4.7902080407276095,1.912526676961432
3.2047387404017136,2.1972093667167227
3.743956485037189,4.345390854861121
3.4341394127939906,0.4456889120846108
2.6106580394541283,3.5482713965584174
1.9703766354229257,0.8253819365303577
0.9198630631671723,2.2897976413972914
1.0824714120126595,3.5206704714497676
2.354900320492397,3.5435034839050084
3.0174401102151482,1.8461251899880171
0.25185682612979987,4.039345441226498
2.06770888918086,4.255284143930847
3.379647921209745,2.879462681858793
4.879024716761162,1.8077730979259505
3.5769691099387946,2.5652167607468317
0.32296225110512833,1.6537488147325723
4.098957169221067,4.674200051590537
2.793240307760065,1.4612841345947936
0.0075576517379361,0.8430305574829844
4.1514900611822085,0.4405361880306802
1.0548239402332933,3.8905429979006008
2.8706926331151577,2.316695551860646
1.6845675638855577,1.358775296699584
3.71917596597048,1.4938215189206265
0.8466477239466352,1.9989226211805111
3.919203809928193,3.761326231916593
4.405589946956653,2.4727225121790806
0.404321871271458,3.9192534135797654
4.069567446813182,2.477577197019098
2.7283651919803207,2.0080360266165567
4.960606713739361,4.165010682066853
2.7033350424666414,2.0036094585278796
2.5358719700281407,1.833577441568261
0.7479492838310414,4.796570546684284
1.2648635591027457,0.8295869250007964
4.332325963952217,2.8253681741557997
2.024447669985203,4.9442185216051895
3.7890762987243383,2.0599316686314695
0.4155242078591814,2.1611754282488627
4.536462514352474,2.6736388624502023
3.370807914475045,4.593359963968379
2.229970858600467,0.6053919808881925
0.7122536495603449,1.5418282554191698
0.2020708975857749,3.318903303747372
3.194487244386293,4.396736049071301
3.5644139737060385,3.1584331010253703
1.49390416741229,2.6232691884359465
1.4659466873347577,1.1394124789648825
3.0604938528911148,3.844134395629146
1.0815356064267818,0.5873195569219558
4.537438253384237,0.8061200611575187
4.165203622867112,3.476280475210243
3.5922930192019176,4.70045063041138
2.1139187563530704,1.522799779475008
4.874314172793081,1.1077896833981593
4.639977012548878,2.809236419993561
3.76622746185045,3.692488141299296
0.7785745251703602,1.843187061861894
4.172343408004757,2.0871728636736546
0.07960619334321295,3.6215532009677327
0.589527250436781,3.678740166140705
2.5639124258574144,1.5751240655326408
0.4369888364955543,0.20619576170442966
4.083855106580764,2.669767740812927
4.621049087406826,2.4644696151205348
1.92117389553494,0.7977583242262803
4.030394538841756,1.016415009394493
2.3497970946306057,1.8483204791652015
1.0092846074961108,4.024112469391298
2.6291123284564644,2.7389647509802826
4.970098907490396,1.3027591638018206
4.453933058917197,0.6599817586490764
3.181358350550017,3.80325466507459
0.4664189738778751,3.8316517383636723
2.123195327303984,2.5635894068107774
1.3115805104841889,4.996777120983707
2.001288028400156,3.7816050274493556
3.5275723495046316,0.7291669029995457
1.957344295256792,2.021099292049132
4.839393033160294,1.1997435764672693
4.547323171839543,4.595437212425173
0.6787818986810917,0.32438235505360513
0.6436774386740579,0.4834844601450361
1.3945572899177927,2.6602217723890833
4.073337978629732,4.250742993614278
2.1260642836363264,2.392071568973337
4.587885841934712,1.7767706902463776
3.013956137338996,1.1124961456153082
1.4644439444791608,2.5226917658008476
3.9278054288167246,0.4608238723734459
0.40597102742730706,0.5280492873549136
2.260246858233766,1.8601991068265837
3.6257851259333633,4.857879591321689
0.9265874063537766,1.7494981928952058
2.497686567899521,2.5776517137001393
1.7740305758112007,3.190059243487782
3.0450483293027206,3.0517224666072225
2.8836470968468624,0.28018954350727876
4.91618389206816,0.4166031579910373
3.6744538654374486,0.22738294221759991
0.20421978783218275,3.275942556112972
2.888709190294226,3.3813367731783526
1.2492411573148543,4.183103497570284
0.736969614272705,3.5714251508983326
4.043887669827038,1.9754817223814531
1.3137587723670952,4.30488475594145
2.556334852050584,1.7362884152422742
2.0108190198014384,2.349063936090976
3.2743319091860545,4.752827053930281
3.576523981538846,4.269436808950069
4.24293533433795,0.6947486818098725
4.523768755232839,1.235475315376342
3.471123491659659,0.12063849548176131
3.5094475452536376,2.9016451574166515
0.3040731164293159,4.80528656930231
2.863312112207444,3.3034445106239896
4.203870115996607,1.5426179605856598
4.895675473520818,3.188372075062503
4.864194741301314,0.221308559031963
1.0477108021513066,4.2629489258627995
2.7942296954586663,4.859824759113717
2.233613693563863,1.2202673012247323
1.9671852575607334,4.398897672863436
1.7653055470877206,3.3317523041219848
4.100027956684169,4.135195411046403
0.29013314888967634,1.8042081087912893
1.2327243717554621,4.433275510215484
3.569243331982286,3.860993197472146
2.059215256090842,2.6935610646734642
0.9604690936637256,2.6550382871940936
3.4053473365736453,4.769965487046314
1.030716346761451,4.965238286735076
3.523471128140115,1.265651400325224
1.0682670536269763,1.3617447311963427
3.3547574717578827,1.3751130239320086
2.0897242940017824,2.5581287701421243
2.195426027333056,4.830390764468854
1.3848422803276743,4.600799021268553
4.984856637063449,0.49454962399148095
0.8047850408427804,3.6745892100025523
0.7796715314157915,2.6915638382381806
2.878521356013983,1.0165560398899076
0.9836382274150751,4.239490400358785
1.021069503768381,4.93101838620959
2.7717996673310177,3.836501111957315
0.7282305345340445,0.3385890654339374
1.6885960642354436,2.3561734672066614
3.1603216596992696,2.7725522363007054
1.3763861827376527,0.15249026005527966
2.405306315947098,3.689662313438828
1.7886612326510642,1.8348244177995932
4.3159453322383055,4.1809287946896525
1.942065130785361,2.2217502916455043
0.06611275004130501,1.0678037003091174
4.631506517753882,0.14729187938885113
3.240630391037339,0.09209485337732526
3.702426509859322,3.1014296449983143
4.990570842980789,1.0091890396345904
1.750641221433562,2.7510447285647825
2.1739344369994953,1.2837552750066865
4.0293900962838896,3.532295885565624
1.23362609821142,4.586469035791938
0.37605804870600057,3.159497051369469
1.8987408577480902,2.738837296080435
4.5383193940320155,2.1870262529452273
3.9964941109092944,1.8773650618735611
2.7401775898649285,1.9387524043273197
1.4708560317089803,1.6579232104574593
1.2172774071121277,2.9431814789248216
1.3848538651282427,3.286534285138419
0.5507785605603793,0.11429717183924992
0.9891024602015819,4.7431273013618105
3.8045222380602612,4.559222347400514
3.830397398465579,1.2545442774849846
1.5588270176385322,0.4781780403276187
0.41757061178323673,3.0616855457081096
1.27061503054967,2.9069812119116984
1.302157550847829,0.5650653440154746
3.5012398218967373,1.0944009397117433
3.730320978886968,3.390845210082362
0.5291763694247587,1.433917864447634
2.731264542676488,4.30118909205209
1.9419387427700547,4.2998795600122115
1.4257839947760491,1.6850739538368287
3.7333664981429617,2.4402676523117077
4.350094489526951,4.610865704553056
2.3971769915678327,3.1891482433043516
4.8158311736932236,1.0524901698494438
2.1955708710034205,0.8375768481367823
4.707218831963282,3.458027172395699
3.2835904159918403,0.45184046843357195
2.0210646372011976,2.964610016263605
3.5139407785185734,4.0602020152221225
2.398384821085938,2.8697980904244185
3.0013884289065174,2.896378833286553
3.0307584051573455,1.8812917749209968
1.383091748544088,3.947855845482845
3.2053217677344854,0.05806434602667332
2.7723947795774446,3.2943199988452117
1.940135617875487,3.9334798896675105
1.937632833225777,2.8887772107371252
2.475174274885032,4.684266568978076
3.19970294211347,3.1972111888057997
0.33667307800832547,4.260812581777211
2.728647620507401,3.9389209634871363
4.232990968622262,4.678494684318094
2.205023240589974,4.845751596179101
2.8084897046410076,2.7758057000542506
3.626327460684064,4.415547606639263
2.2939971226592886,1.056019246214575
4.204433858129921,2.3550185963743493
1.3511895775463016,2.5753061892818474
