2.5,2.5
2.229771951206608,2.2681913392679363
2.5766192726229824,3.0380932978925363
2.886865225382494,2.1976700062697403
2.1818202851501294,2.284029973340749
2.680739049604627,3.0282145172826263
2.7354162770678463,1.3779413163913923
2.064500619713285,2.6794432650202133
3.198600059406056,2.1004564137525126
3.0409492107938614,2.337750444807668
2.222727932494799,3.584041525547298
3.0196771311226356,2.8788121846788046
2.5975452644883106,1.0527075237413008
3.104693621145898,1.2782183063986852
2.374191459658404,3.394341582651803
1.5675873101080695,2.8520600213996805
2.714516895072969,0.716796162662689
2.3523557891261304,0.23037475041734146
4.098007450366427,1.2369498640682535
2.152614890545231,4.113398294385142
1.5990685658044375,0.19473247827850815
3.2240571508326528,1.8904301008466535
0.8513536173610275,2.685813749181974
0.3812491720278216,3.4168130333661346
0.7923493731103198,3.9756997303868618
0.9006316145945947,0.08379430747511629
4.259535937227695,0.3000276540998542
3.9460124022449805,0.09354159513992988
3.213551612185104,0.8715288281198513
2.999555650397701,0.40210239944816595
3.357165533913173,2.4277433882112867
2.8867405212341963,2.676769478559602
0.8687003862523585,0.38142702058492184
2.3308997945469945,3.6682082142388235
4.78527795284701,0.31464929413181686
0.4403737659185608,0.0387279550549785
0.32862983758154773,1.1203578493097566
1.2624550819189135,4.3631498716299895
1.1105663791277898,0.7938599667471263
1.2323311651891227,0.26837459111904327
4.174004892931294,1.2063898880273016
0.335642995383319,3.351551982039545
3.115821270465633,2.1556080722410536
0.7437745102185844,1.9064927389323516
1.267931826769454,3.6348448466313226
0.07891324213777695,0.04812589346036511
3.4220105026491296,2.0865299152591494
1.2349659980445966,3.0956757736965597
3.5150257487380947,2.2410103100001333
3.986235315631614,2.988123386320986
2.1150891343364626,3.992845743804712
2.685871996527964,3.9400072413151124
0.10423733135198954,3.4645813466592075
2.216672349088947,1.7296347681980202
1.0047494462559858,3.094054632180199
3.587654689733839,1.5945862463266565
1.5410222318001692,3.6521367289813735
0.07329345553151456,0.665416885757178
2.0322900831430095,4.851523683477323
1.1780590324476115,4.05331050686433
3.7709271027242997,2.6225203498267757
1.0952652691432307,1.2238510601948644
2.3513451404432937,3.8739269171550523
4.132697797253762,0.7739216607518268
3.6710451879826462,0.51876077650375
4.656739930147011,3.262826599305997
3.1565798308374027,3.581115627372161
0.38328307076421764,4.314904053011125
0.8512074417703414,4.146664294483558
1.3117385939605635,4.795153574493922
2.2604409997926913,3.586244241256811
0.45919299563487115,0.3087754569940221
2.145021543379194,2.9481670519314567
3.539710002356382,3.585936104896967
4.894002843363659,1.582599246243273
0.795948287821937,3.8795383928444287
3.5069842733108105,0.6281978568941277
1.7307286618675477,2.2450848301082704
3.6025620464659402,2.0156623786983277
0.2565605613958549,4.7610236354525535
1.3977836585402277,4.692541504773425
2.17163915807237,1.3124919946691904
2.912111757646082,2.6840676392247076
2.6198387389020383,1.1182274186871788
2.762849849938154,4.1413497032747335
1.4697801830907808,3.0227037289415586
2.893297001367872,4.855312704780065
4.008174150225405,1.2754104638223274
0.834517085367853,4.11181872098761
2.8656286798923967,2.138843713719734
2.146674166481208,3.833518588869977
4.569842205409655,3.263008458779724
1.6168120319871933,2.577816379522442
0.15219848873142594,1.8746172046509435
3.615652135030321,3.904303935827334
3.243891019429823,2.2359515274120727
0.0984340669548811,3.469563831102483
3.0566004858849865,1.2928663403907366
3.8745137781081085,1.0832522579361132
2.671155922126343,1.9763225007287906
3.3332090839487516,2.921604961578211
4.363630721747127,1.4695332993989392
0.012215548153648448,2.912583821195333
0.2321808952873028,3.3593349815135323
3.6895379866903673,3.779090707823461
0.8236756195211081,1.580242585593596
4.557055758514003,1.821519551900734
3.485165912172673,0.34577917807936454
1.5358388876641067,2.1733075940460855
4.657707906184881,4.129930814639296
0.2954163272064181,1.7336084518800217
4.110184725906048,4.398749363735472
4.855401384015786,4.985531770457153
3.0774485966990497,2.2687043384626064
4.32027477668475,3.7592651176309113
3.142768251417384,1.9935789278782212
1.4512444864213525,2.0435349874565727
0.5084112029005017,3.215553428315721
1.4449417027205609,3.4876436259986408
0.1643438342465603,4.95933993185111
1.8686513969249603,4.953752532570532
1.9723055836621532,4.632431949249654
1.847143150947848,3.2036540760441174
1.6667131479972879,3.787883554011451
4.732537145165338,2.9176630063523805
2.2794616447905804,0.3495448997256645
0.8810643988067496,0.9121321631269513
3.1704886264296483,2.964897622423244
0.6028976440790246,1.5096232633085198
3.6692593142923142,4.2814778645236
0.9231181232262758,4.911409727854285
1.15674490335202,4.028209367360295
0.01557219464330628,3.252657091106186
2.9086441009344055,1.5354901631339142
0.8600357590411684,2.937908507646308
3.967027564683934,4.010731314744955
4.121762860041324,4.646551471051204
4.755234147233259,0.7961881377534635
0.6884955843554047,2.364873447153613
1.314583234336436,3.3816984657442117
0.8294660951938337,4.838436461529661
0.3186301772295913,0.6530366563031592
4.443834480987154,1.6515133571888863
3.049729152947975,1.8602300106460234
4.578470920775878,1.9059611183578418
4.172545333233356,0.6839434068397582
4.080963502632143,4.0650802242718935
2.5391775467178435,2.5036476077837393
1.0378077861255104,3.4109320255685125
3.7000193052299846,3.5800090542516045
2.3922234816760053,3.0983952474609753
3.280359378500568,4.730299259534471
2.211012281971809,1.0650525498065588
1.4189434579415088,0.308182545668344
1.953730745713167,0.37095010536086215
3.054463172617024,4.646390416420302
1.32341446918335,1.3097455378672236
1.4189128007175262,0.25716243741169154
2.4598860559513955,3.7224600731658435
0.898540141722759,2.0359238677296174
2.937273442696225,0.13728834261709622
1.485121161047721,4.073460247073099
1.5347892196236175,2.0004474288719343
3.2698277894726897,0.7988595394686421
1.4090376757112262,2.2143885350367087
4.4228689618890735,1.0080131321480805
3.5364805972015483,1.4392535661070094
2.2492698146130707,1.3918523166698293
1.8134405439186907,0.919856426451377
0.563267282379758,4.44783565755845
0.7846957673771426,3.7196928631433135
1.68604145946947,1.1682703278904367
2.9646044076291873,2.0812449004611855
0.42761921954795057,2.426279945354714
1.8572339083363638,0.30592891874441086
4.011191272685223,4.556248802718639
2.9173793814320685,3.556124145759389
3.1048082170729363,2.4874262333088786
0.5497864679502484,4.876521009418752
1.2725554869911644,1.038285080083308
1.223555229615958,1.610286278087918
2.9828498097529255,1.6924783271843218
2.997944488030967,2.012639960297304
1.6122383385509935,4.736469552743711
1.595284519495776,1.9219366731375842
3.07286189765356,2.747585727204918
4.590223955474757,1.7724457303027679
4.262568661395848,0.8287774195713798
2.4305662116582694,1.4927457701894509
3.7751471698532373,4.923802928513762
1.4286930894829075,4.266997021702897
3.008280227699374,0.18414782567710064
0.2270021674806394,4.862631632097976
4.950000982213403,4.719374669280462
1.3776974752491182,2.574391454302546
4.006211768622542,1.1877104838679509
1.8480941205704016,0.389581287136575
4.344178754793627,3.143471851420468
2.5397835117407856,4.250909926043164
4.7792540230883604,1.4832474336089647
4.671144644083726,3.224698141889866
3.660411463712529,0.7463084760455724
2.600520011366152,4.7605457910181785
2.1224639625727857,3.652287238813421
4.923055889234825,1.565910751461859
1.217888805340528,3.91320803377829
3.80361598489176,3.899411982757276
1.1681739906359512,2.843860347204938
2.8578271824597468,0.7981119098714323
3.0029202580029466,2.3554734024205977
0.3116786892174722,4.586810885911979
2.173818172146225,1.2656604462312275
0.9093693237121758,3.071274365258943
3.2484557752188485,3.4191249073955383
0.6180587138354837,2.3689283925536353
2.7244101494593087,2.2128724060723615
2.846353943834897,4.919577132474585
2.635319422383449,2.098308716707979
1.2825639538480793,1.923806103373649
2.664614829246859,1.2069767882749223
4.942390286004707,0.45752611804759924
4.258500328826217,3.6140237505670507
4.815157919259568,3.9268362467739157
4.707216028051759,0.674292822099013
1.4457347872697113,4.680672701938672
1.6262344233990067,3.8039563063857167
3.0215931340853865,2.7446148112671773
4.796309203280818,0.32240675427827215
1.7582318730057684,3.38857784432066
1.8044043932160276,3.163569935935806
2.382638678359774,0.050126340987096674
1.0053359111091065,2.4484639561297623
3.1306499661358234,2.7016552060329118
4.69219938092725,0.5110178114605735
0.6585660087135026,0.8877654122731898
0.08194285453058225,2.77476865549152
1.6978165000937624,2.9608153536899113
2.0886909180721958,2.078988013996147
2.164550951392828,3.539277549889644
3.6410827051437127,2.539375969734406
4.59659708091663,1.7813777569202849
3.9293884850926526,1.6229135285364054
2.673100410924996,0.6619618230703139
1.0524965938123099,1.630530693791719
0.33634781721288587,3.4893205561177876
2.350002092762165,2.001599344951126
3.630696016754217,4.724964267193598
3.1971848876259363,3.1887497368375977
4.832333553652792,4.644236241251244
4.0929889341306085,0.454811434011933
4.369657614425117,2.71033891449946
3.2313723228902926,4.599156457442805
4.63744874099501,4.409405732360362
1.3090637704282337,3.71302090465326
3.431909118039134,2.671356442092272
2.7602542836874684,2.8973524841304936
3.114916126760938,2.020818140086436
3.2086036525749155,4.256963583580534
3.074941013896364,1.487269670664343
0.5482707470257242,3.76771393919368
0.2255146627210236,2.6931119199862925
1.0814523358909085,2.0700943132035943
3.3634072148468013,1.199431216640345
3.4711042223663107,1.0155581715705804
3.5586700467607053,0.2127347515742617
4.927705355099876,4.627346739747849
3.1899469817636334,4.623590271220225
3.193432837396627,3.3810496559620473
2.8247332150460656,0.028277525506651413
1.7992380441298705,2.3449047302039427
3.908285848972568,2.602402530195442
1.281716687267781,2.7213380374261793
0.08862257791604766,2.56955722256899
4.209680314919031,0.5661253520723036
0.04829387748391034,1.693855034106242
2.0760940103502374,0.8282245415585177
3.8199782255037555,3.7244390812557064
0.03577021931540969,2.5224349024060206
0.9029213689785076,2.5448223041911215
0.3769060511083372,1.813747896546214
1.8076438193374234,2.0331210734034095
4.805871666389645,1.7139913811049978
4.487645637024506,3.7062535119232054
3.996689434617326,3.1012593895771667
2.2388666479102683,0.15472078072325812
2.222453761125819,0.7570444625012185
4.890295080959868,2.743718141030167
3.074597424595411,1.3350333711011726
3.480216931747334,4.510300890940869
1.8117154387893715,2.3656872413369556
0.47180609018526387,0.07359962492440308
1.1680029702428678,4.193300696559719
0.4380495721243549,4.687731311797894
0.5913765531420234,4.355786246676053
3.8554298831764235,1.2428802966208141
4.977047605393368,3.0118826495678035
4.6481639068590646,2.7524106318212804
0.70539597840305,0.8830145423834268
4.035272001888597,4.907106341440725
1.5230059589617944,1.4459749145070249
4.2543498166341704,3.672833736433312
3.3640905595496893,0.20662704190757886
1.4929802128193463,1.070051123522664
4.1514964867858675,4.536595814971319
1.0377355129441264,4.421561103016149
2.691218766664779,0.2076413858690379
2.2764901314031465,4.487024556739226
3.4649520550088364,4.4934046029294565
4.597773245681148,3.07539237003134
3.2327970035940035,2.7071028352703803
4.617101193984736,1.356765480983253
3.194823326503362,0.08686660971805538
1.6880119113633918,2.7336783037415717
1.2897897793640634,2.808263612146726
0.049648837012601366,2.384356805865852
0.7022249529260544,1.680028862187588
0.5318915286435377,2.456967210035174
0.29974468326657844,1.0702279654104785
3.0137542120958463,0.3492755028365885
0.12076108085188053,1.279984147730986
4.737060439495501,3.8920126539289006
3.109652273294289,1.961877221866502
1.6309792657110056,2.104607696611494
2.2776777533562633,3.6307837667595564
4.615989167757725,3.8586934903241046
4.972495759684794,4.698654980535651
4.358383728049999,3.329350831266034
2.0617536397050578,1.8621744800636382
4.587917127851155,3.528905551046011
2.0360328343446037,1.5454731011852534
1.6643335362644396,4.411363442422277
3.8361839101221697,4.342022175171564
3.7770161238640405,4.292507712731719
1.9231493322845594,0.5656701996263042
4.706184628755295,0.7816504306000777
2.0610021095736513,1.6590351932536658
4.234068557174757,4.132756128595354
2.2356395383998113,3.3032074969134007
0.8428541478788631,2.9110036038840343
0.0467841194020896,0.7580849458425598
2.0321872716652485,4.515393069272488
1.6446287888332094,1.8765026215170388
4.5129330952769875,0.3591320752118038
3.119684512056699,0.7431869513099915
1.3690910836455494,2.111425799454011
2.1643805506271345,0.7775006475505358
1.361852726296684,4.351447665402231
3.526549986083184,4.71684457141882
0.1933185876278254,4.028932845319616
3.593205471519597,0.08258625220685767
4.835099618077644,1.1453881286401435
2.24431651433258,1.3323337464389433
0.9067036037640158,4.586586991605605
3.783979858417865,2.140421570529848
4.263791976683857,0.30614308899909015
0.055061291609938556,0.9391415612651155
2.805286301246058,1.4758298242808991
2.0438228203115556,1.857155250884908
3.0599316820350775,3.6271738183875177
0.32413477158919735,0.08398955921937068
2.1769325380366245,1.604147119299002
2.813229812939116,3.320220627247985
1.1528798525709494,0.2921082891449045
0.6271916474768768,4.108382674422088
0.3709556710833123,2.0332802353369024
2.1772525350130856,2.9374874567405977
4.824314260299005,1.0953656270214418
1.6160906734503384,4.802401380494335
3.910634077057048,2.49851196026915
2.748034076727957,2.282572441448722
0.5475180682715697,2.2471097976039993
1.5883458465271438,0.18840154650433982
2.7588967981175907,4.2759022607975625
3.4466501665610787,1.8058938995072453
2.948167307366863,4.683208297523413
3.139563735858641,1.4434787908497448
3.493210947430006,0.8490712194960465
4.517810959717975,1.3136246506456117
1.5331337108985026,0.5453471109463448
1.3761047562280004,0.6700710344966876
4.5625344726680455,1.3287193163117872
4.384031176341709,4.88133386200101
1.8578040247433536,4.996446318353252
2.324001882697062,2.485665694972588
2.937008332896898,0.9919411015531837
2.27968653414874,2.4223313908621997
3.4314134021057594,4.277487415458856
3.6254542854602057,4.145582636386129
0.34987109531161076,1.436425489367853
2.369963298361019,4.19485178788829
4.353948514047447,1.1235937765869475
2.3716792595319056,0.7948313368027005
2.962926337105771,2.8270350860840616
3.1772675114040356,2.006038322008174
4.377939186661262,2.578615903902064
4.644334518834111,2.4094461469580315
1.7710602386658514,3.3113330737849718
4.459671676337282,0.639900880566957
4.44012648927871,2.6722466394597717
4.15592811602001,3.6930361345590015
1.8453862588782666,3.613824839401809
4.630233159832139,2.483875443168104
0.15006605268753193,2.190911127925745
0.48888856931487756,3.8513207379131345
1.953316217176091,3.7433161347834636
1.5842535823609027,2.911470627301507
1.1635772285187385,0.18463664945264135
3.033788130846795,2.1478482455889614
2.559002114020007,3.591875239339383
2.2344412074809834,3.787190269021278
0.04704434737628771,3.1879403189989377
1.3420734083237478,3.035818943923708
2.3894173580030587,4.092754540129942
0.3031267564643031,4.918298424317308
1.1041838726114062,3.798855141451403
0.930391547922208,4.6858050517705525
2.8522221512279677,0.5088838079899544
2.301944110874354,1.8192519815511172
4.933245530099664,2.0623972681422393
2.4391607141413933,1.156693852454167
0.5102188482238007,0.4483229535367428
1.2704828007717288,0.05504759709571372
4.0731030348349995,3.067797781918173
0.8939928637650918,3.302224940579122
4.924203895574335,1.5235676347333338
2.590577997084971,1.677737442701166
1.9263445447609762,0.7640820197473058
1.9580326941299226,1.278011667073104
0.18431812505004974,4.789192715719032
4.924464099293621,2.9186420785272285
1.041047285170149,3.208369510267435
2.806176795705546,4.814041541574245
2.2675254548582235,2.4634746220417405
0.3995136433481211,0.039562274988388935
1.9056260858545877,2.813372430038095
3.1436840087998053,2.0417067043957573
3.9871356778481597,2.2080349557329706
2.8506088680441923,3.3938743458310117
2.007563814910926,4.319031415004442
4.317595866648308,4.001481354049991
0.5908166769350398,4.572436821795557
3.642146737375975,0.39550970998058654
2.3518453602732183,1.8583495492000974
2.71349323443233,4.053586829292238
2.418762337673609,2.0669985728063005
0.7817678844578485,3.096007309860461
2.2063468110604214,2.769707619709734
1.2629721323483556,4.1981215445199584
1.9930985719414958,0.6671416061263274
3.4923838667989253,0.8665566267626001
2.738091078123994,2.629060803601844
4.622496454349787,4.533209383385065
0.903333776551617,0.5532949048613239
0.7947957660335003,3.592045855774326
4.536674004123923,3.3258670163640596
3.3140076359450443,1.3147718529224584
2.3061996637695708,0.6791852290173656
1.8291635411024059,0.5617837653861485
1.5878550032000105,1.6092585753048516
1.8130803821155583,0.667451886913169
4.902033450111139,4.221618423871435
3.5790699604760947,4.047064958470983
3.549183545226962,3.8287826498693205
4.431224265838913,1.0668911480840926
1.2500907219111579,0.400958536171957
2.6866955469992684,4.352036977022788
4.499626701034523,3.0743731358721753
0.8452396121488825,1.8411215373093865
0.5278333190673534,2.4908331508125863
0.42870832382526314,4.512930500962518
4.361806563192367,1.1513543754326205
4.723752715202342,1.0706389404382173
4.087625166373031,1.9104275344089083
3.465161182560999,3.792162331153855
2.3463761132072736,3.8890673137570912
2.1170321103380756,4.454425647406395
2.6620129845794507,4.2552580498441746
3.493968642983845,2.202985175830646
1.2672184295080358,0.013737069304924354
4.51955281660761,4.449067842180631
0.09409354036387929,1.7749412816390953
1.3396880050639948,0.4813785089733019
0.8170150172087459,2.1630205468325974
3.9784744914649255,2.8919171810681252
3.1518487240302075,0.2666240313814333
0.7575238450177685,1.078626159671905
1.5935581975235324,4.942319262708675
1.2563326982501155,0.20573764618671497
3.6611945852555703,4.423520883805385
1.0459615535046018,1.6477227136019916
1.9033302994514967,1.3525802255127128
4.016675421320064,1.4098236685148553
2.9588595421672963,4.132567819920498
0.49762429392585683,3.3294441492771742
0.9471748254676604,3.1957621308206408
2.5932224142906386,4.306267570092166
2.9484653799906573,1.7243969168900346
1.3570434845322525,1.6146950777363052
4.511953527839443,2.550429751288157
2.387429986691539,1.4921117044638503
2.971237882581767,0.26089044068736245
0.8814322883268011,1.0456175244809751
0.15370125476088403,4.2204243428471315
2.0742260004733817,2.1493675376043706
2.0191289741601826,3.248085786631928
1.0764642319870077,0.7532249569711824
0.09709702188365976,2.6393532689946007
3.152264181418561,0.4155285199139208
2.820106707335366,1.148243184145591
4.415849092244657,3.8855239337555463
3.2869688309471092,3.1276655011235666
1.437329307333803,2.5442158660943557
2.860950539334496,0.5762709299556218
1.4392032913124093,0.30461536091939245
3.415381183320294,4.203878650031391
4.439621607268191,3.3865388961226155
4.857387229318274,4.8106860221359975
3.3114065127117103,2.7317059478645387
3.9073534786685906,3.1350755350996247
0.6388317166299712,1.4622093015015043
1.6253687800720984,3.0432723357312836
4.280932590819548,0.5001249401397762
0.3003889665148052,4.523525320161808
0.9497662610404617,3.447180298591206
0.9760431028516758,4.631075040419114
3.0633416038360926,1.1908916607876852
0.4018917593031529,4.641495038394664
0.6881179951234684,2.7621478154852652
2.5185003582042547,4.8338402217611645
3.0783603984258456,1.3753226353967607
4.032841164493193,0.2350151253930266
3.7372713528405517,1.16238067563612
1.2176232000561116,1.3666550797159323
3.4391667809703326,3.672212685039799
2.7525225271776814,0.6835731047733523
3.2432114484283563,2.8891791770570197
2.8382774051205706,4.114995727252885
1.3990980798212376,4.674581776367303
2.979707367853071,1.6788876349266524
0.812366242270563,1.0042297522114114
1.9145424677771194,0.6334488933477478
2.7624088282935584,3.521154460190899
4.787379994258912,3.4655095100391975
2.441959359257029,0.29381885497226923
4.815284204582634,0.45241278679857
1.4141598222692502,4.0076226588485735
4.601259272146863,3.970161820696978
2.9357334125687498,2.236279961489668
2.8735738341078987,0.08389815909354559
4.908909363897747,2.8673927178346412
2.9989699272793287,4.3907168345921255
4.930145763601309,4.149819883767779
2.309054922142778,0.37522338079150674
3.5995715052013706,3.2210488609552823
2.2948597658645515,0.7963162709268612
0.7008913461873517,4.108320726583045
4.242340202335129,1.3943764140863402
1.0602638350585603,2.756353651878946
4.501774477799459,3.7821694133201893
1.5523451154700296,4.177317192354683
1.8131285640807915,4.10672079470339
4.267867931822241,0.8755511945846289
3.0218165372746233,4.467720330333108
4.605182622826261,4.951290845934946
0.43821055003614995,1.8844439951214182
4.086370545860209,0.03502558702687231
0.846060233542959,4.039421066541177
2.890719144839057,2.869966684191254
2.615683273645804,2.629901051183836
2.020440362373064,1.1483915974249297
3.826578397976512,2.628545236785444
3.4685226057163447,4.516646855780705
0.4600533339454127,0.41195831933109384
4.983105136594934,4.031037236095905
3.1277088459642393,2.450919463710819
0.4393996749846696,3.304695200624418
1.744668774338674,4.03184654185229
3.8610638771454346,0.25722232271609524
3.7460390998284576,2.312665074709304
4.425362616260911,2.081634669501053
1.9545497290622365,1.6788539569066923
4.003055140932529,0.29165614683038243
1.5577907693306514,0.508214036326961
4.613867674841681,2.3029737650031694
2.423298677574163,0.5591782551633417
2.201253872251303,4.839209814884432
2.8004680364206487,1.1754265020088832
2.006409895476185,2.1945754668234816
3.515962959059507,2.0787771756419593
4.704006371798802,1.3918579865306029
2.150702879234052,1.8931049394348638
2.883516831443023,2.260813705506899
2.261770225540056,1.8123228395507835
4.70704679678624,3.4127023685620275
4.306131883337855,0.2490819854945986
4.809254224106963,0.19878854232949106
2.040831976256445,4.98383859011842
3.550897485272286,0.42256218714279814
3.446145969867233,2.246380853332525
1.211277726157403,1.2868218758642314
1.9561589162945003,4.685084457468005
0.4452342234107798,2.214904680676181
2.968391677087899,1.701540216316646
3.352105385455502,4.353297001952182
1.2903431931398242,0.5352576953399685
1.5093318419560964,1.5193392254364713
3.749969381831968,2.058521857016196
4.121717158929997,0.47039627530390926
0.2808433271868138,0.19883409623212278
4.282549987506164,0.9925915055318274
2.510614799093072,1.2384827153781046
2.221726371640772,0.4230717207294882
4.382727859755212,3.148278738791001
2.5265748672564907,2.4001203756293066
0.1293590950701745,0.28841417745701425
0.6128595121337305,0.49037692048793713
1.5432754505133213,3.317297937245489
2.946261301833661,0.23263825275318117
4.513211303937606,3.104258027796258
2.903529089725681,2.4388569487651948
2.268263324543924,0.34568922073396957
0.5270233200314622,1.1527344753869906
3.512206741674359,4.163511970953487
2.1986973859122596,4.55886837299208
0.6218270264337661,0.6323917418316272
1.5447528789881315,2.0205888405891597
2.2008600132257987,1.646207212433789
4.830036331999217,2.2975572157440465
1.716583370387526,3.191882924610299
1.2850395109543167,1.8666828014510766
1.4665924099502186,0.37571229698754427
1.0335829818292663,1.7172379094618984
3.4620114797508252,0.21298731000861937
4.979014780668171,1.5487261893127957
3.1859691549498685,0.9751568931123722
4.233611649735804,0.9341580901016228
4.550811663697792,4.689463767887071
0.5852031578616002,2.850422533359833
2.6535359524735727,4.2180987852801834
1.8444977288600306,2.535247668711058
4.349963519124007,0.11743217541137163
4.312472342041911,4.979061477490603
3.400720478533365,2.2077687792013294
2.3745188589624306,3.245699537352347
4.881128359395481,1.269403980858892
2.249951947742093,0.5666438904648041
4.540077470849409,2.2444588235178218
4.309746224283005,4.9645349734607365
3.795370160567037,3.819772106935639
4.986111722954133,0.5800771329545684
2.6696028742011517,1.6119625674535714
1.4072467432504876,3.332273610240957
0.11511648218962556,4.724246086268128
1.9128883342587544,2.4814582166243153
1.0363336400239236,1.8734216251451836
0.7483362674463678,3.6704889693734004
1.9405096528683226,0.9719533137568342
0.14276746236786875,0.3908748280956076
0.2776388621499415,1.8756971112022203
2.8979126530645782,3.813634294138323
4.9268119262189325,1.2544577134036528
3.5490371843548276,3.9917312845047856
0.8992240956229253,0.8409524710807448
2.169807477309754,2.3533159478220105
0.8820113144477099,1.5262821560824746
2.1254029324446,1.1234632259702253
2.7885986103279308,1.5269177457432348
1.9625237566909182,2.036164359357367
3.8229729825436225,1.0885322173949885
3.9870475180690312,2.050195393783417
1.295207204291371,2.379558404699
3.025296552559121,3.1100438912394983
3.1405642437676278,0.8829396404386358
2.747002445871619,3.9292886683943387
3.338754003055222,1.2001880567467298
4.8297307801685125,1.8834232054968365
