2.5,2.5
2.0150136626823025,2.0009242070223006
2.7315874982450787,1.9607071502330287
1.6376607021142575,1.6362245424536077
2.9886470278736192,3.342778892753672
2.7240155889639572,1.5412396545709912
2.9762730924884924,4.214368727810159
3.251021734618455,4.287040353932631
2.9201537576932397,1.294389015231311
3.1704598722400785,4.786704441599378
3.0970736624577806,4.489316833141546
2.5736219157098583,0.7561709685296059
3.3857701260037407,4.796331097981281
1.5608597487447278,2.6381899915093983
2.5162800239315315,2.523937955833465
1.9434179707104715,2.035921019948588
3.359707764498227,0.7561467219666584
2.741292909162384,4.842245004070705
2.652278348378129,0.19498356381369764
1.84093649147401,3.4769075977689567
3.447484523992852,4.230462272592867
2.403365301343592,0.4181230386195567
3.2812917770243937,1.08598952819572
3.782918503076471,0.6236173512464299
2.2681228937509426,0.8007209117880609
4.270622404134702,3.7171631090238213
2.136068464944347,3.5926970075089133
1.9173095726861051,4.546494645817426
3.078484878873464,0.2642531672280368
1.064559862278126,3.670860932179037
3.5232400183867347,4.790085809742549
4.4799745663552075,3.312374431365343
2.3799636929860606,3.533107142208909
1.8779217362345058,2.515996177266176
4.338766335580297,3.553784918963089
3.4156049883625483,2.3104980005005933
1.6203240725098955,2.6540251946801643
4.501312971218162,2.572640972170746
4.0647101717267144,4.221919857083445
3.6140856922879405,3.233491120641644
3.0506220328108085,3.504382229889567
2.7873598821059757,0.0007604543824918375
3.5122500412627162,3.3542745229704813
2.535671623225628,0.27901764269709306
1.457053960996582,1.8725350978625033
2.713478203377857,0.18518501611572702
0.6176041311048525,3.943970648082213
3.2925888449443983,3.4948116482631923
1.6989688027264505,0.4626775570003272
4.953172942256289,4.04807663373408
4.0191468529765215,1.6662724248925493
4.496818833471181,4.532066386160672
2.813797639397071,2.7501139854464176
4.280067220025118,4.017510349866117
0.7666035662019238,2.6737373474378496
2.186705035964493,4.820921825953099
2.9097621669433966,4.836264730254913
4.408328330612129,1.267086704389326
3.3393626629370154,4.077414001688045
2.1380852687326923,0.3761462893297074
3.318299874612186,4.78632796991321
1.9195000099792825,0.15492252265670137
4.328300232726448,2.998152839084134
4.546428934719826,2.563259032321618
2.4027010265612105,2.1390328630788624
1.7114350786207333,4.974112672851763
0.5731486908122702,2.439109515872981
2.0258265427308575,0.48482225740099805
4.214500755680467,3.295862165933665
1.6915117524274959,3.3667920257314194
0.7493532634711136,4.508855714104529
3.214861527561967,1.1906337316863536
2.114661291771892,2.1222528004786883
4.764224025289912,1.7081212753627644
4.684137905981357,4.279343627796813
0.2042921375846396,2.430356246947145
4.276699002328587,0.47955397766214436
0.9750207005648537,1.3575034553714778
4.395011317018249,4.944003874534825
3.0372768716683707,1.7523375043303524
4.092598206917924,3.744212115617878
0.6795850948056287,1.6303280296267575
2.0230627774216474,0.06164438489952129
0.9340008338739658,3.275020932025552
4.992205984124514,4.3498798905004055
2.4039961967500885,1.8022986952563147
1.3076519432463156,1.3926215550721244
3.610007738402301,4.270094447955882
1.8712319347248778,1.8757811894659915
3.2441482767135206,4.901244153244564
0.836167293889935,2.1117944051463673
3.529405378436233,2.024147913866167
2.0808485513171266,3.196994318892263
1.8992813203882908,4.0618080358787045
3.2292388712255726,3.550042914681817
3.163272065430329,4.562867222870631
4.330521176138055,3.5814619136322765
2.362014317576727,3.468470723596851
3.5824133069298547,3.8747958319996827
1.0187875966248567,3.5095199991001866
2.9298747541067307,0.11077185728219086
2.6617729002640744,2.797697025122934
1.7307077394575665,2.438066870377088
4.187991061951331,3.9959969608658277
1.8454289514493643,4.1417410548880245
2.459845907905423,2.4858922858967714
4.169173001025047,0.5247849303500868
0.5934597759843385,1.28431618963815
4.3481606222112354,3.4709885062549533
2.384516408197101,1.5544695025221107
3.2762307085763327,1.2612707865275352
4.902505325369723,3.3884859996230094
3.6746278897065436,4.97827267614953
4.321376653440528,0.6038707338749061
0.8345154287436579,0.4452561741979061
3.0204667980550184,3.604461938840886
1.8972964625677884,3.9653940729265917
1.2888829745434855,2.444411528658559
4.547207470913825,3.7888914472367006
4.0645718039696215,1.6650684247930143
3.2932864746077635,1.4183132439837203
3.777881459799197,1.7044235766123872
2.2477744967388142,2.331095165273652
2.6664463887329832,3.128808514595487
0.41668921788071356,2.249861426004329
1.6073766547113444,3.865203869487182
2.1515879610512116,4.772684118778482
0.5011852449712323,2.5988473781391623
2.071534458269923,4.774102210965221
0.8236706280077011,0.23751544176998207
0.4910352682677599,3.5307546092703603
3.81111250518708,1.8099267489616615
4.351370776996456,4.190774749388104
2.3485187927823032,4.20635191146654
1.9105475255173916,3.9060489984911495
4.860135965897109,4.051634060527473
1.9718735804662586,3.7817813869678267
4.646230797122489,1.5670329511345704
4.81975820578953,0.5508911299526981
2.2989722794802203,0.5651406753673366
4.339080450027831,3.671677165447556
2.9655183746047067,1.3104906767354563
0.29076444135402113,2.7860039863848964
0.6444931169717238,3.313439174898434
2.6809076298275607,2.848142406748168
3.5437060725567755,1.949021677147678
4.171523524364974,3.3333445994229445
3.6819318529571365,3.625564238249001
4.334098876714544,3.4415798488354126
1.5044693746197142,3.022791138249035
4.1755551535153455,2.025164634069764
2.3033083142447937,1.2444230844783926
0.051541907003618825,0.2823316687843441
2.2896388640460232,2.5851684369213954
0.10949735957595408,1.2958946499412616
3.594223759755453,2.958768700309288
0.9621885784774992,3.2506080793049823
3.638311365238707,0.29259791947134794
3.2409314218004948,1.4975468700094086
3.1557297020884305,3.215714718870304
4.7157242526855265,1.3548495946115309
4.410696187454247,4.300697328887722
1.493679919804335,1.8501900699766312
0.3112466720770607,3.676179939350648
0.12822869295132433,3.3212020094664654
3.5635427401301074,0.9448725760744248
2.5343000389790173,3.9196065021587994
1.3508225543762586,1.6080582230611147
0.35754711530222916,0.9363801176394165
1.032970685060739,1.5033845286351148
0.6086608473842325,4.243844926226796
3.961452146260866,1.096338604369238
2.931912307811091,4.1004526245878905
4.920633698449517,0.42572373330090063
2.0606646532329775,4.198759050635654
4.369879398261897,1.0435743676425742
2.1428984618595672,4.197970993584572
3.7112286935847525,4.976651471133305
3.050912059293196,2.4299289069776804
2.589807838337629,4.614320181455305
0.13775186383899518,2.435048663661818
0.844589072899592,1.0522677892284142
4.278214178605105,2.788049020499427
1.1710981714847024,4.565062524230462
2.766069256349163,4.13928972606975
2.5234245238054225,1.4487128158768026
4.2290713871193955,0.848688416886228
4.020971647916301,1.083597036440866
3.842261920711473,4.914749675132252
2.4997791894663868,4.562507449499506
2.297333869536679,2.9922214491666494
2.56825704830287,0.3624088684153076
4.015556577238772,2.8132498198439198
2.4506762207749726,0.9027396873682425
3.854156564504389,1.1300503115364307
2.5120871081763854,3.7796641805667672
4.6978037660143706,1.2624106330206186
0.10647126723592193,3.9826817058340773
4.401305488049901,0.7529877178770106
0.8238935154596999,1.9976176254658373
3.720665857977761,1.7256023342749756
1.989502838326087,2.2503684568349707
3.155265571217595,1.6097060225953574
3.128667360121203,1.194722089536811
0.7413120937458545,0.5712194653150876
0.07171122809997488,2.6520347333321825
4.691953324831541,4.389846862368126
2.8291681265590514,4.7627687438506126
3.0285669421646118,0.9226585205074367
4.855452127658674,4.617811403395235
1.341732634497953,1.8852432289590397
3.2059429160236435,4.146776517658192
4.8591705902001765,4.989910774292497
3.616764929805918,0.34873416932273416
2.0770147271598027,1.1377770432229972
0.8982388314859241,1.1201164935932406
3.405059706775905,3.678276051309674
2.4242078103535523,1.5025505016890723
2.302823057653163,2.011335948315435
0.0018018618893556049,0.9894208334721122
1.2467992807225758,1.2941524158739286
2.372923039950688,0.5407848445017854
4.751777924837696,4.238183865959571
1.9718378369771128,3.1714497704525098
0.8316894575076672,1.71533721716242
0.05922621279152995,0.16846921113123192
2.491640552406616,3.913273822534897
4.643598293333087,1.3982399698402133
4.131625683832201,2.1779293832647055
4.296758553912962,3.186810655700747
4.31967744252748,1.9165661693979963
4.106919807713237,4.6063359126492465
3.128993503125905,0.8073214319680394
0.378222821739182,4.236446528323789
0.26642765684823044,1.4628170904984201
3.119610713097147,3.4908550582715723
1.5278361762711539,3.0705713414230855
4.866702556057209,0.5774513601011988
1.1960653574656872,4.588224878668174
1.8477902068030372,4.800352395771477
3.9846834041407324,4.895237915107213
1.8518677794777894,0.20333656771551578
3.6401720248066343,3.694052281506093
4.776798222942938,1.6586969143438295
3.86908350835508,1.1282953504089437
4.681796022280439,4.9613535303389265
1.1467427966515968,3.9396856008393173
4.271565978592658,1.8979470885939405
2.028611692969755,1.9688840659578033
1.7681387079078341,4.985086246218494
2.0122578019494157,3.2564092239275344
3.0911933380976215,4.840937926114691
2.9100020275263665,1.110237078326723
1.3177800669129003,1.9001392621990258
1.0045932737681347,1.3803109615619618
4.761942817570907,4.4474968391804115
1.694961953448545,2.662255381540692
0.45296719658219187,4.481070340995704
3.6878897686503076,1.1363881068176336
1.4087839672811875,3.873083887911262
2.1072902407679983,4.725422876457311
1.6676859933789012,3.1009845545242514
1.0562781215101325,2.55820802230045
1.9683548327307887,4.584715643979006
3.308251943899332,1.916668245573071
2.510324176281109,2.2775607803782605
3.3743834416716783,3.42505000264196
3.8172615393069877,0.3524742945786574
3.0501220907615663,2.1848545565173327
1.7249622538726728,1.6346227314448458
0.5283864682063949,4.709222957488943
1.4251285840576522,2.3495027960623833
2.848724413136568,2.4360263504356445
3.6942245735222983,0.07378996617611044
3.619128523964278,4.68590746230483
0.0824764460001215,3.344425429214002
0.3415342746762007,3.3983777098618613
4.4194535674813356,3.484062614360327
4.3329109835678565,1.5039491421968942
1.3346160967317915,4.898293436478246
1.6090040244084265,1.256089865533847
3.916595605878066,4.809985321289237
2.150444220666694,2.34323668728406
1.1746215151359714,4.608780464440463
1.4265395085873678,2.8152536293998107
1.2211976927830592,1.5254472663369167
3.040645363566734,1.4295770099089262
3.766038747300427,2.171204329327589
0.8246117643318329,4.65947590602209
2.4201837784696285,3.671438457997244
4.885005839678685,1.9426761566850064
3.4179482875956966,4.483505192382253
0.9439102926500964,2.3920101116373886
3.1116446731727,0.8125887083552386
1.2988420110984404,0.016758169893386632
2.817875123260319,4.917083653022702
2.244978865582727,1.5268098235835796
0.7108487769313221,0.6992105499985524
0.64212797155008,1.3827393663755194
3.1039973933995317,0.06310478688497101
3.610415253206574,2.2360219771005108
3.9501199973735956,0.1847749492411832
0.5468222745720291,4.943652785196085
2.2301168302433134,2.0779354574944584
0.8793996314189112,3.931510802632942
0.15524950680976812,4.20412350679715
3.0202302577781404,2.8304730922277024
2.539322217788569,1.3861280694906497
1.093640395901423,1.2735407135275556
1.7042097576069053,3.2099310365730096
4.205744074467068,1.3279070567027822
0.3985804385171404,1.9275353172780378
2.922602265398221,0.8323707668451741
4.042910060617829,1.0623467286466914
4.097024463562907,0.14434456925064565
0.0030344161369727507,0.8796789258873083
2.4498984987576855,0.8833225268787082
0.08560520580084385,1.7822592653385827
3.0181231670898017,0.5708155705487589
2.719080654835854,1.1354881752922452
0.8947641397145406,0.0948031597647242
4.961169200430696,0.01171965828393795
0.14971015969423074,1.6111224213734199
4.597760980400027,1.972836282359292
1.0956778732026862,1.3321240559285448
2.035775738140138,3.181003961759588
2.482837611358988,1.3169603135661374
2.0226247500357672,3.8747630891180425
3.4750202725778623,4.95156898251866
2.528681757100118,1.2360832708921032
3.2638049465464194,3.5113672808089342
1.7826727851073765,0.2127856945492862
1.8957004598775402,3.2243309357360532
3.1327185702337057,4.859068621769086
0.03645031010090005,2.165570840527835
1.6869410129698132,1.1579700119019964
0.4605579381635594,4.194051743640024
3.019541215958505,1.615137196900494
3.5095208152545436,0.47918993910411434
3.261404570039283,2.1213136131165724
1.3594813120060123,4.769099857912799
4.25440986951238,4.791022663146056
3.301283197288365,4.478837335775738
0.3024870402111396,3.9185801310927424
0.7395197050205804,0.25863724385158493
0.7051360613032948,3.069667163662148
0.9025825142476884,4.942892263940108
2.7724806968818716,0.29332104606208775
4.10021905086675,0.468183106736616
2.4054686650812935,0.621425466147642
0.907025615048096,3.592651109375027
3.052876117280448,1.5241781928743476
3.1913988831264324,3.03190070166701
1.3892558966882946,3.6262663361459895
3.3206434746043847,1.2656772035561108
1.2781722724065485,2.1078952012204226
3.3970628023001432,4.982928721324279
4.077350231595661,0.7426134445674026
4.850360787098234,3.7008359643823803
0.3408084840785369,2.5435811672398216
2.179869460697513,3.6004933047278413
2.1621755751105667,2.2927327538620657
3.7438273524055985,2.363434650245555
1.345322612971966,1.6803321305193002
0.8547271234877457,1.5629665505722063
0.3293048884820132,0.318086866201156
3.6846977627231836,3.8497136676876256
3.769365278261284,2.4464100948519807
3.5556659168799754,2.4516264877943366
0.6582515808873945,1.5982211266947333
0.9336565739983943,1.91667783888068
1.4830367795260542,0.2248208076401348
3.9289700762415505,2.848981835661001
2.2294524063791354,3.1674110424882764
4.376736772335996,3.232323206901255
1.338538172477552,0.7050185081821875
1.6903620422808185,2.4165351824097785
2.6311669498059076,3.3102875628620727
4.82999390431686,2.7461117158469635
2.4311637941641595,2.46148203585482
0.8647104124858923,2.735857424775941
0.07258993265888469,0.16967838561535387
3.6142747158578095,4.849767655230728
1.4685602849782042,4.179698404476374
0.6298579183085667,2.9631794211534803
0.6365350187768509,4.139739596186507
4.400871576249278,2.528481521964347
1.975291300398208,0.42037954207932715
0.5837471997054078,0.9202816469051078
2.4854189159564513,4.067188830602116
0.11017264091373935,0.6892595341578039
2.7340825732572416,0.7208841758846563
3.1742079979630877,0.7922772029714137
3.052327493026024,2.6980789562889247
0.14518128707392497,3.5871514720613185
1.979932117990593,1.4094878250850518
2.131745545192895,4.055097392328137
2.237042978882892,4.868697277068729
0.12713857688095132,1.4177433127046246
3.639549175323017,4.236253444223829
0.6489404761032191,1.4858588848477376
2.113711026320562,3.064412161923511
3.2990157099158983,2.2046573891345416
2.803131701447501,2.0544247102576882
3.4098246452024488,1.3865290998771773
0.5879542206985144,4.894652205146103
0.9281584869980936,3.8475816740516016
4.304404327447563,0.32273346003921954
2.847345058904627,2.487816035199298
3.0728618567741393,4.705678727189385
3.33339314105,0.6104259452861976
2.228816507699243,4.9354190785812655
2.3940067762402393,3.5833079980815525
1.8414307956244143,3.518667164852353
4.173415127576553,3.8623368841115884
1.5978208008894672,1.8625652679385714
0.09042029560273557,1.398785235752833
1.9124730817917668,4.217917157535421
3.878786995482812,2.1364987959659
1.5563970101569846,0.5675227834131302
3.305892258492316,1.9261993118012226
0.3057271960132196,4.0831725969816075
1.7030246972142966,0.5083391373516821
3.0321961020317287,4.519446630414075
0.8199498664703098,4.321211987425678
3.280406540806551,2.918999526158399
3.3004359952198348,4.11377666568237
0.07522272657156881,0.7416849454419916
1.6483673653824065,0.7674132099702674
2.3820417872909565,4.3256676023056935
0.4303202764209574,3.959330641022547
0.02885359996870951,1.6462807434406939
1.7721600498314434,1.3338081611017323
2.3409301417461608,3.617338449983849
4.355352451042803,2.686266767169308
4.070650592360535,1.8284590023771026
1.2245764724588615,1.591753876230178
2.015332995633977,1.5986082615202708
2.1236804039793005,1.4327713896345773
4.580398029766942,1.6518090773449217
2.1073653774059187,4.92003273186395
3.4962680235395287,3.2063569514536128
4.715401368205561,0.6608048751466294
4.019236572164547,2.4980473258506026
4.407958742146495,4.858303382899339
4.406163264518514,3.325445433461019
2.9052668062970604,4.063990456311915
0.8524517579426549,4.4120872922333545
3.3629625530775735,0.04701683429456538
1.4282410573203375,1.7141937197575992
4.164484386921592,4.838845402685879
1.0569862233762,3.744998514315321
0.1054082858089872,4.16402954356106
3.3081027292785015,3.0910535649423405
3.4402014961783642,0.6556269171822149
2.865798425230501,2.2304146661122317
4.389613174745149,0.07452760041416262
0.07333115869361695,1.4006978233731942
1.0320389497974503,3.9564594891154266
1.9680312247663516,3.9400294754016247
3.3360271443250684,0.8947823484074285
0.7363748799631414,1.9340250459330999
4.182623816157801,1.136551072045422
3.9058647985656685,0.7305314881668179
0.9687672723918933,1.4956844379907892
0.45396408841888947,4.99750154123921
4.693528516800646,2.7036462634891665
2.8455679705165697,1.5895660906857256
3.40920063113882,0.6258589644545326
2.7476305451263605,3.9445520755849244
0.8694762457653316,3.8684542094997814
0.9131070170365957,4.56639286810536
3.130940671075419,1.5902882121177915
0.02140903724449028,2.7651535105396112
2.334855375338593,0.2123246721707983
4.890570663922128,1.3516267463197167
3.875240963736499,0.8571232399676726
1.3884826820167961,2.478175158958505
0.6286443707966993,0.7298219088912555
0.7549082984221084,3.3894563295126816
4.63750147949452,2.387001148896337
2.296398207169117,0.9428041691644318
4.35618707981938,4.189189069032022
4.549764734238375,4.287466750909329
2.0724678413031605,0.4901963336649434
2.521050831696971,3.6885373586512404
0.19620695656273557,1.1614820345852945
1.342659666620409,1.7498333734654055
1.0179270312694104,3.5933681571372005
2.6037307391953393,3.5581116528475114
2.0566365622148988,1.0491442666957718
2.9260548484106597,4.182796555853154
3.5683406578712584,1.6767214521867946
0.7853246640149919,0.00437955536530088
2.088940167749866,0.6281291953139828
3.8370092651175947,2.5651429325995236
3.0939937031210176,4.029717905894606
0.02200680351728934,3.4256798061988554
2.339164347258369,0.330887233409799
4.221048218639747,0.8995795182596117
3.8073669744130156,4.00394205083993
1.1426162945612484,0.4804153053100463
0.9459472702398752,3.1203211763445386
4.105449539465406,1.840776352521859
4.674400677346518,3.5559352399235205
2.1445147006437635,4.948631874100251
0.33395198087246225,4.762591148026856
0.10695186374091337,2.056820402711118
0.4477142345909496,2.0882905138984813
3.835191961891754,0.06115443445253277
2.361810270934408,2.3791313144198822
4.075881206857796,1.19145382274011
1.0632033361998672,1.8392820377883052
2.661034026245245,2.6635372698737148
2.9899188298205366,2.4960413050631987
0.4877441712160674,3.368505983323126
3.8413840425250205,1.5283575572066577
1.9041437349737922,1.1725228635298452
3.449841160027281,4.550382274564434
1.3812542091597986,3.000766529221284
2.0824992700668936,3.5913239975482325
3.0251272182052142,3.013987555674103
3.7527643303189295,0.7420802294409035
4.49025678632992,2.583079887299269
1.202933852116066,4.938318817234892
2.186344549261485,0.009442437614842758
3.6859882698533597,3.4456205334203465
4.149981016421763,0.0673325788163931
1.2687035809436127,1.5288750531901836
2.772991591461796,3.076396914781152
2.8203502767619684,4.559546636468664
0.7495910814181816,1.597211695196571
2.51368181564783,4.260709338416277
1.0811182141039004,2.2643975937089547
2.1582951108144233,0.5246847596836968
4.696826981915633,3.424301577838413
1.3518636618832847,1.5110357003264245
3.8257996462812667,4.852263632990138
3.6590486120857006,3.6472346066125376
1.2936213111920392,3.5528332653937067
0.30079413188430437,3.9263155157900336
3.668366147620375,3.189521756475679
0.27851820048865994,4.133651626481641
1.8270325359088995,1.2881285677851395
0.28367794135076285,2.1423061370479006
0.25028535463198,1.6733392444468453
1.338381595405932,0.7842133664958606
2.0485139540420585,2.593370999444434
4.057675688167755,2.6508812639733845
1.1152676137284023,1.5025569250763526
2.339344199747491,4.666952539080077
3.889305635409431,0.5490320848907421
3.941271950642365,3.1265147795738395
1.502575673851168,0.5170026094519992
0.7594110851720376,3.2661080884161935
2.622237485626227,0.9915847777058528
3.412045764831817,4.07083233179914
2.402322597541752,2.4642328789169152
4.640664159227666,2.4276588049587633
3.757896111811092,1.9807521050382308
3.189135885872509,0.9643424057629568
1.6057236006563076,0.5947102469892074
0.5454063926050745,2.882795927921387
4.615018020987002,0.12198451809200261
3.3736573260933684,4.37267626637842
2.8464532854059543,4.804171760717634
0.13363858858773559,3.8858421507229086
4.54224222818373,3.3882637394348425
2.9586597525983405,1.6767829954847846
3.0075687647156544,4.298759838065612
1.508426163730372,4.2471564350410675
0.34852882828562637,3.066060218730455
2.049036428729907,1.7943627677070357
1.4450030801919982,2.54215514033156
3.589879471053959,2.8691725872335287
1.9039769112082938,2.0738385868914393
2.476567729873948,2.036135955777723
4.450078441034837,4.349655900733942
0.9886991977031406,4.0482124639029635
4.54532328362035,4.431548145847569
3.174989390311971,2.417935713579955
4.441482796512729,2.4351923899142696
0.2250606767709329,4.920248271842176
3.3426521823941613,2.2871603932576097
4.412507475222444,4.007647232919825
3.6973575709368047,0.8088549422360342
1.5392854697032876,0.4894517146277777
3.3255494122471068,4.382512320448872
0.6236556012038674,1.4000227335273734
2.7708987981657747,1.4955503179525365
3.021060073522847,2.461892876118947
2.908697583296924,3.610543270662938
2.0464953766145113,1.5796125887677008
2.244062462703905,3.6821129560678716
3.170778849621509,1.931276458805415
0.874328967655234,1.1771541427453502
0.20337461738646145,4.366168074409183
4.060927016855994,3.698210875991934
4.335641056114606,1.3317937684130925
0.9977732563207031,0.45731835323800263
0.3872449232244085,2.1824744140606307
1.4601050985859332,2.947783767093881
4.313066707446949,3.9872122256495555
4.339171330327105,4.906032651094835
1.38777821730106,3.1786773037517806
4.084013825753048,0.44906944488719847
3.3408215706055646,3.1691203803998707
0.7577861050051027,2.9068020840123228
0.9944764926856536,1.7550851293254122
3.0970753198176086,0.4526631845544721
3.8658664474188598,3.638983040997454
4.612145446511729,4.752394350670893
4.819641688764732,0.4276834065410956
3.4467616951409434,2.9825126434761446
0.6252145988921254,1.9805129740843652
1.0559487494378639,3.3064689472899724
0.3006404959971598,3.5783214139809765
0.12067034029583756,0.2870378998932799
1.3001497557685777,4.57114789941867
1.5821735905521788,1.556990094506134
3.315626445785422,4.792267801338024
4.695176194191111,0.8393986798327863
4.457305292149215,1.952594673228694
2.390745517044484,1.3299503225315357
2.4183042285214733,2.0821195483687016
3.0172519045544695,0.49781503864869125
1.361692452851622,3.767268341697798
4.386833411452667,3.952977099173336
3.8530252182556395,4.146165446799362
1.9997676864986684,2.33926757295774
1.8704662959989977,4.161584561583928
0.6146768393606855,0.47462793240045154
1.9737662339315587,4.786072205399831
3.376682272692611,4.992375408058821
1.936513364938199,1.5009403278443005
1.4339070834568524,3.037331261635594
3.4091294389988915,1.9726375240064171
0.6417360262507565,4.074070059366792
1.3332391258079324,2.8192574915401307
2.216785426314529,3.282089554021333
1.0293396262791616,0.40976793107371123
2.3754835418271507,3.4801495748784554
1.8327571623604866,1.2553718576933175
3.5390631918987485,1.940823976372033
4.218387625325856,4.016658988627329
0.4164961052247296,3.0060351280603177
0.265249988933714,2.429229380377868
1.9793129078666005,3.5390242319705556
1.8973535635225298,2.9504519174285666
1.3485614447407528,1.1879007538176978
2.559503359975157,1.2592004411291424
0.3275841898731785,2.6304131107022832
0.6039880994172597,2.0114793923157297
3.8303068434588927,0.3130251674334289
3.9696373713655015,3.7675648383495237
3.8579635425187075,1.4085060993707677
4.027273311788392,1.1180772953644773
2.4618302920950343,0.6403672144027417
0.5218297991461313,2.985093859495822
0.6603359810206805,1.700015416617842
3.6965186471025717,0.5366295437497559
2.009938853879553,0.2753481647064526
0.289934869678089,4.002762664886459
4.329457637537035,1.7413157291590808
1.8716735550537518,0.6502017287307477
2.1567625744936847,1.8152424048624232
1.574145844948947,1.6933264482666732
3.3750705325819057,1.1413301668700349
4.3750264235251,0.2880807081415687
4.50896695965452,0.9423664594988096
0.04833028990687216,0.8148896736718436
3.435672588512052,2.6793474177665138
2.2779294413260502,1.9837824061251863
0.8624540387985208,3.0908710606049827
0.671390309537141,3.3839148481962855
4.852393619199625,2.3893595580454714
