2.5,2.5
1.8898167036790547,2.5692771015546683
2.574221710163412,2.9391803733000614
2.098138994864656,1.613133856538388
1.4534504628541811,1.6711027081441998
3.423794899954184,2.897009710425644
1.875840734544096,2.602691176596937
1.8360123352542952,1.1723017251116685
3.6752696790872275,2.753376875615456
1.2687906207892108,1.2176200815495837
1.4938792762309365,2.2215464646602285
4.0725809814684295,2.608089224790904
1.8334582969093338,1.1771051581286036
3.6316983175803914,3.4375179980100623
3.1858051901925033,3.826032647534529
2.8246412268833074,3.300134823998868
1.2186106034607307,2.1858544034511276
3.804963964583119,2.783183157604509
2.645796577262759,2.2200384481265667
4.103224772503728,3.3374435896505594
2.056395832525772,1.8541363955860617
1.5592213063163944,2.3916318223764508
2.070618056304615,3.212253559659366
2.5492420960374145,2.715714243169814
3.609315836070097,3.8072404452605597
1.011378250615842,0.5633209309959675
4.8942117917280195,3.6836153959807474
2.2440386683397056,1.5811348985359803
2.049946285674302,3.37318864759641
3.64743566760056,2.5920476432287574
1.4786561666007747,0.17174238014872445
2.1718205913841313,3.0070653358418715
3.970715185027381,1.960857143265713
0.5716069360464915,0.40965776254594743
3.2179111994261733,4.096437500163998
1.673944269251884,1.8055170949557453
2.051416106144983,3.6896681633052175
1.383990483786951,4.107458498927418
1.3551257205028682,0.17568172724729936
0.9969159189658916,2.5021351358150996
1.1728761552116467,2.730262675551525
2.4407775590312673,0.44108120933326944
1.8618174673284504,1.0403895511441297
3.2567436238435943,0.6313588527154318
1.765911413784329,0.5328079462279589
0.6114231348815546,2.340496526817951
2.0739556437931466,2.741893282295344
3.6027370420825786,3.9692778957727857
1.2771909841275508,3.4759751423390144
0.7582514829871118,4.284214335090847
1.555260668447932,0.11826306126498265
4.595003109904882,2.095114646927983
3.4635307534588193,0.2016873977820166
4.012144918449837,1.2716689048552565
1.7618962003171683,0.5971293770805586
0.7084414700641911,3.9975572122525267
0.9885037621237619,0.5253887916573668
4.296618470491808,2.3678435078160587
1.3099095497380024,2.667052800254541
2.393307519613171,4.018876927573297
2.3672292254828013,0.3849483883955984
3.0942395894837404,2.259770337715227
1.6484185306698107,1.4783152786941167
1.5480001449600516,1.4872652996823228
2.296038517337904,1.3945915066004133
0.14226149313910752,0.7436838345382024
3.6964400874622703,3.671151572945303
2.7417661154439084,2.13131065428064
4.314697488293601,2.942451696223625
4.241417343036586,1.476062212676461
4.88305101121573,4.240257999747568
0.2660046996508708,2.4343247171618603
4.074502543937272,2.5197209383091974
2.5433229194474247,2.5798307285179503
0.829456900884879,1.0935804102066489
3.3443383524483963,4.187186628591876
3.0666840221819722,1.0640218546553997
1.4201852040078138,3.02702929492282
0.6235078642576786,0.008870374409121196
4.033568206761677,4.768550262552607
0.5680410919477363,4.3234942417423685
0.580203139718683,0.5236435414604035
3.4919765920053076,3.2791033047382645
2.5818709441170107,4.505062294211918
2.716361672353598,2.8793240347456948
2.282284040973137,0.17478389572508912
3.22306951774727,3.477772021958315
0.3426247170283714,3.251392223630642
3.899219063149564,3.4983715524986825
1.392510909574023,4.476523138467002
0.8207442340804744,0.013511701315893632
1.7088486453947127,3.632323966090769
2.875700761274373,0.39450397518614844
2.292223643174016,3.109542221427658
2.5824357822640325,3.0193335493893505
0.27576329412865364,1.2937788265324224
4.8392552756205545,0.9917407042991278
0.400736145254742,3.166722537149403
0.23299352196585965,0.16817150609782616
3.1364199597769526,3.0751631382298505
4.040393366047994,2.2938570193220453
4.500318237070927,0.9476767580806467
2.079391848254377,4.810228591350535
4.648040435178133,3.7532796609429893
1.358361795959215,3.7795692778477488
0.6880005229296027,3.2484757697068534
2.759632574309609,3.026536946984237
1.0965635875975088,2.1371232499844557
2.0007430617897617,3.5121863257393637
0.8875769651782695,0.4544951074769582
2.989884540616696,0.9414235241069147
0.36399871656786653,2.2098367453126744
2.546048453457128,4.029491315162642
4.817082381063548,0.2165457865813336
2.2358565959403394,3.9873390827743442
4.356838728650453,3.4076398510010417
4.833872780495208,1.1282004923746354
4.976775643705168,0.38659646670229086
3.7650761244338526,4.193664676264003
4.675054300775199,2.267867017663236
0.3964792922413446,4.242092894502466
0.22497192857576565,4.237818773268806
4.630143672883958,0.34220292577443523
1.8389953473207887,3.7399801517251223
2.6404181747626856,4.6466715824901055
1.5080294894938313,1.1439654682814904
2.168683719180817,1.6808846250837322
4.879737043871277,4.057361587037897
0.41687304709384865,3.0556015650649564
0.9926769719076078,0.20606017938293475
3.887291337724105,0.4885727646178972
1.2130412963672699,4.590471379426827
2.370457534915567,4.7117854870537315
1.704162115679257,0.11808484893570059
4.438549403705937,4.345907143802956
0.19604844222866236,4.272760612670069
2.0063324786203256,4.440665785036
0.06189707231709585,2.7708137585132784
1.2163016837359963,0.8787962114543274
1.8898985609253827,3.121336579490263
4.587675776230424,4.712132987044808
1.3993381231713276,3.146651997668984
2.1781706657457867,4.046193397130505
3.4410963711133014,2.662419305092858
2.660933887844379,1.1965843875169002
2.415153824677543,3.9605720631575276
3.0750991360323034,0.2633160183800132
0.1699469607761117,3.3370659220464605
0.1661904455960267,2.2371853097127445
1.0567986619987395,4.340621285312728
3.7729400899156706,3.023386236116451
4.344808761200258,4.03512216958554
0.9733509211565067,1.04682685361147
1.9571448223196248,0.3738511627389124
2.7355442268698353,3.3757288066895503
4.195500441400671,4.130270055764842
0.14686522181446338,2.639606883781762
1.152372226077432,2.8116278511295407
3.6262861071174965,2.471541999097471
0.5839488578224333,2.168787289542036
0.34344627375745507,4.406247905835601
3.284619883595875,0.517176794675554
2.2177588472819263,2.277826752669489
2.0478402131280333,4.019439844345828
2.3397151421906996,3.9680109278733027
3.9421599579858624,1.2741016661983413
1.2509185893563035,0.36853998585830827
3.910178608055163,0.8054347536158435
3.9487535272042704,2.309188822060338
1.3820519817226662,4.6588960255077785
2.5175743231143533,4.084756638464298
0.42618725925646583,3.05924715179466
3.8387839102732975,1.6952249802629693
3.4011405280000555,1.5746544702203058
0.8821383565614588,1.6015542184802274
2.151887082069856,1.5917534804992828
2.6260153160144424,2.286724696035112
2.1734553849518075,1.9386379735264525
0.5705109611232839,1.8350668539293957
2.6834038622457386,4.118962052684352
3.0073653333363204,4.905386889917844
3.305655089840032,1.7614656076992978
3.086309706598957,1.0200134367994984
4.27232867001543,4.427476541656943
2.143201170632629,3.1241152097006792
3.0313526493008682,2.7193907873441496
3.416375322646685,3.063406466178532
3.101800888317973,2.221577244105268
1.3666717604627798,1.356313454756345
4.416874945239517,2.1488771676028975
4.163212350554487,3.1068314521718188
1.0342688989364657,4.230326203407103
4.772337870312144,4.917759453034126
4.166617252880292,1.605880056469024
4.778328003099885,0.1924531939983809
3.9570454784882587,3.793162952790566
4.91015724541064,3.3946490837270478
2.2454749353084518,3.2557245149532426
0.14975736555433106,3.2188240295380997
0.21091021319616543,3.6563956881980286
0.6601039252317814,0.1390660663943699
2.1053924834390623,4.753280920903407
1.5504663414015785,1.5797627168528132
4.108456402653265,3.2524002814033777
1.6516557701043377,3.732561541948723
4.054723173551759,1.125306263021535
2.9690912143228267,4.868053694790489
2.4558844903775863,2.9286985713366813
3.9862532163454834,2.183265756631232
0.18558483730336695,2.6303703680095953
3.299325292991826,3.350389888487821
2.040227157740606,1.678847621030621
2.729054250533873,2.3809379459260422
2.1928349338629367,1.3233512349380367
3.5907397420415306,1.1111633258154774
0.931791453263548,4.322412254560583
3.80747641355887,4.887955628811857
1.72032884415152,1.6682508555332705
4.641545629613827,1.1004859414392654
2.295492025657391,1.7369197867649822
4.364785162748536,0.0010766605375861493
2.5018435999281694,3.6737594794643873
0.569717823881894,2.3338021115077283
3.811458070018849,0.40475442984688026
4.208864273736797,3.7363480248434735
1.6374440541402624,2.497199238060685
1.6617247851661998,4.1747722014198265
3.6731997877595552,2.8980037723140084
3.9577918799717677,1.1602589408896575
1.147142558589721,1.8240562493380175
0.6453011129974817,3.3026189622666506
2.7156395879554394,1.6827395039895698
4.820589128603178,2.9603522510201823
4.806953034045965,1.9673590072195313
0.6069568329581776,0.4351686339676414
1.7521607148138578,2.49688806323499
3.0567031687815325,4.368761951688107
0.8490421997670766,4.8833303868703695
1.5166000527933576,3.1016819563044375
0.5600746322377542,2.2367600891225266
0.82015151174398,0.47227609252135816
2.587257716828906,1.1751962687402473
1.0752221752267566,4.985486297757691
2.3754934066590536,0.312288715701734
1.1728858837021656,2.7456079600658505
1.2549245546028303,3.415904772083373
2.782845185382103,0.6320487168502342
4.458248868138657,0.6816036867162995
1.6909031542042703,2.4587098408431576
0.41447162004368154,3.144744324527341
2.3866385408969166,3.5257485549754404
3.5646524462321545,2.8317975600424123
4.30707629921829,0.9460221689442994
4.7878605593606185,4.2189172947331315
0.21894427733395616,0.31089746586278333
3.1935672673531834,4.217468714494468
3.4506148525163938,0.29675326407913427
0.7064683663616417,4.422818235959299
2.459367599492426,1.673853791954691
4.3693600524755105,1.294489510022061
2.0327722285447973,1.4720419087708296
4.411900830337846,1.985594567005406
4.752772347817499,2.0089230135074705
4.009165194224042,0.7956096965086817
3.3039063723400957,2.865183332252279
0.6940909261053957,3.790600717827388
0.3086465831689944,4.589675568547531
1.2621387835487474,0.14283285413078384
3.1564301556401118,0.42250593589424457
3.319001797287428,3.7794186232004594
1.4819467662317338,1.079018765503907
4.79247258094728,4.934236750769799
2.694910589666181,4.388536311008976
3.708826423405128,4.591363315574371
2.2977350832233094,1.5248121801475811
2.2897035200721074,4.575828926268844
2.369283888021169,2.3556185604358353
1.935725432285198,1.5349510085250795
3.3502850163528692,1.4407623664477465
0.42408458517252556,3.487384759334648
4.380791482221271,4.115664205851715
4.15448555303078,0.5238758743734245
3.082001495995978,3.850632235964703
1.3442927884361666,1.939645606488276
4.8925138205036784,0.6478691568074874
0.22517602452606367,3.2539615494141465
3.557205974373447,4.204686029489132
4.82991574421,0.02712766062819172
3.0762276454856234,2.656876677157156
0.228083605583691,4.514301180590657
2.330147285872827,3.905777888115145
1.1621883924615557,2.9779945066088667
0.9475076005527472,3.1729012292557357
2.4145551888616286,2.3039345307886
3.4179825893341755,4.585187153217825
1.815478880245986,4.190552255076129
1.8814280296907953,3.0646948845154203
4.8270035033920315,2.9085715479683163
2.63182631716072,2.315535963465538
1.238106296512076,0.2907505541295591
1.395352925729025,1.7495943765019888
3.991764865881545,0.04888770779700846
3.8773785907657543,3.0214399414036235
1.8346864039540685,1.9335195834190237
0.9908943812555099,0.7509366437738235
0.7342233492522937,1.5338024595025168
2.405875361178503,0.8725489970175154
1.2870937957511903,2.844031354938479
0.6559979352510714,2.5700358411522246
0.5762238281178561,3.874354786129289
1.1497881237190062,0.5255646805330699
3.9190495069669766,1.781451256234305
2.2715287592406597,0.26806744986431097
1.226349878334752,0.4050610584012432
0.557231033681076,1.768769344039507
0.2682036808057875,2.9552852148146598
0.9593619443098622,3.040076208425058
0.5959289390969108,3.0250377919836824
4.017230293332531,2.751048896725259
4.7420135121279605,1.7780803687289954
3.6874222082279045,0.3228897850601453
2.39719407137843,3.711939418836689
1.2092352632758163,4.1351906673042835
3.708566512169385,0.4263501613965853
2.0944533901932387,3.4068697385480275
0.36869519364346237,1.1272960778912722
3.144475360972154,3.436597265286307
0.8448361183358949,2.519613555336413
4.6227137792222015,4.1010730717170905
4.428360366014505,2.8549710546084217
0.15159654489774244,1.7778519958863277
0.06120479082792951,4.146152438637259
3.23930944803934,0.49422300503407735
0.8600029327014636,0.006399687321062553
4.267801578710543,4.719931222723117
0.2557457225514487,2.4065332137189617
0.9997492133878355,2.2803435040074254
4.16075030131744,0.8484152386919641
1.129420492681299,3.289068295549507
1.3023616274578997,0.5834609284992409
3.213421639281213,0.9469904250487865
1.8907402501511479,3.1882255759797227
1.4296639736229717,2.320184003575341
2.36681188958127,4.040756348067639
4.698214154219997,1.2232318331764809
3.159877612603761,2.324869653713655
2.955149599569858,3.9673140133687608
2.668511736817254,2.736651253134511
4.894492755164032,3.7242102590793658
3.2904982179950633,2.3330739637912137
3.477740666575022,0.7320823393909393
1.386672797835805,4.736532449715404
3.8221965392835306,3.5443975291274117
0.4534400712738895,0.5208655483383506
4.804694697448371,1.307492367484779
0.5602967455647956,1.9340824274458857
0.2970430839167848,4.377808103339431
2.302879572725098,4.03306708126538
3.630027470381938,0.7116152231325984
2.1263323233689704,3.921450496243209
2.049083553977096,1.6264051651661515
2.258768237424405,4.337701326358218
3.8048848319676583,4.458933766288667
3.085872769258478,4.357695903794804
2.716863446181754,3.3024170121045504
3.3281145755650043,3.393287690666864
2.111784744494001,0.37971057428670796
0.305261317083787,3.4348233284436165
3.7077863565805775,2.067757226509452
3.5426341461116078,0.8162460971997076
3.85051291441055,0.6780191725147239
0.7813877546344228,2.1634906223089128
2.569211187372776,1.9004939272539985
2.684795732086125,0.23670371884715657
4.4435191621266465,3.7515896238529587
4.761750314731924,1.7006360111134105
1.7071532107323506,1.815639603528803
3.585752602299263,2.3616022437818067
1.0012461672770794,3.922147430919298
2.7355932065489723,0.21271771582357157
4.666980957211479,4.805310109696429
2.926520112324344,1.428941248390832
4.685933484527217,0.26687138996302484
2.6129813937549096,2.8706887237750482
0.317305735334254,0.2778344329780347
0.9071620159463301,4.005020415229304
4.840956639192567,1.7728104250886023
2.422848552682681,4.562803966347169
4.434613388642288,3.876320042858579
0.6104815623159215,1.1816834855649438
0.892316813087824,4.725807286245439
0.780000488430691,3.913916108322363
0.22304195899703838,1.1755986999868773
3.596797252203155,1.384548063478079
0.019784697584238065,3.79086188013819
0.8387349585104747,3.454666066650155
0.681692579513582,3.4149808027016606
1.4430957577933494,0.6012380089421138
2.529456068735288,3.508068393195053
4.698211743972564,1.3363298512571375
3.524253046503248,4.638577913582229
0.31396778901568445,0.5629722671990406
1.1768389251761553,1.3451242712243006
1.467523446349167,0.2123202099761562
4.2436713454380355,2.249327772496706
2.537612268605207,1.7908553481321747
3.226606339488536,4.450680080681492
0.3922292094787305,1.505838224286053
4.465772900576282,2.443347497921546
1.160196104935764,2.9288517348305945
3.960903099493922,3.934266444832649
3.3902803587765327,2.314406285963151
3.8275758993991142,3.8843793086272234
4.714757926198422,4.802519478009415
4.107895115861963,1.5329597776051322
1.67336898684603,4.719436830031959
2.1815520084909923,0.7474101363239644
0.7279490569654212,3.560904627184817
2.5826650943234144,2.329879597358267
3.765604901641188,3.5700590598274156
2.5149140986354013,4.973574535343107
0.17429246783814634,4.2483510313015485
4.942855734466784,2.779141782142328
2.2488332720258923,2.474644444308194
2.75234570905609,1.3991643237165563
1.2941362374183667,3.6865963292797193
0.13284584795071164,4.677812703897397
2.4624490118349085,3.7873399209791976
2.7750294737428045,1.3638355227343002
0.04395732626632898,4.334515473528165
0.5700305732995697,0.2555740265508266
1.8334727050512,3.0552002570369865
2.169443123082928,4.707922747482552
0.0506983345763562,2.817389648847677
0.03216872513069735,2.086320850001015
1.8760280327485312,1.4384023341558283
4.220688101618254,4.748475349784566
3.437474940262181,4.513782911273064
0.5105789671643701,1.3930809353741918
4.032782621918818,3.7016909386901222
0.5709078012298618,1.9787150802370868
3.210784370654311,4.368494111549477
4.326741552531222,1.69032530466712
3.2761141691678697,0.31735160394717965
2.113524785668537,1.9927070089643224
2.052284508272736,3.9174215545511233
3.1209481909618537,1.3083318700648205
1.6550131040680338,1.95662485600193
4.923029617085722,1.2206138967654239
1.3747074680651323,3.2560946645047077
0.9958709490588735,0.7190871616767885
0.5167743952159071,1.703661157579579
0.012467608037183275,1.720201025801834
0.4884525192760619,3.151572884208247
2.5183185729092172,0.5692702106899605
2.311507702923495,0.6100028046550887
0.6706367859092754,3.1257133632943024
0.08523907792766794,1.298857182692984
1.2889012769798351,2.1018587204665784
4.708407629624256,0.3720480512518404
1.575515395735816,0.15809311732470244
1.8664651339943679,1.8404239954202146
4.365957167342996,3.894187627714825
3.1413973390208545,1.0787572192047818
4.271588052739578,1.396893161017272
2.4116409559755336,3.769516495615108
4.167663721062576,2.757260835084953
0.08266861445739238,3.3027256296995553
1.1968984726773035,4.864945582298094
3.3265976905726227,3.7117058334611652
3.466469993107854,3.7554426171231245
3.4313041651552285,0.02794113598018788
3.5077756336473764,2.313710664463011
4.110164725167189,2.9473082472353713
1.8078213475851128,4.77011373506129
4.153591869200294,0.3145981506158857
0.6307539066396101,2.4412522651108097
4.264954269269891,1.134953522918556
0.044698739620901984,2.403537667710239
0.07561536084159493,1.4305120400311782
2.6471434439615815,1.1110278596534444
4.166384948389581,3.2008668290478153
3.73027839343664,0.8340817853069799
1.5979934509273956,2.728315759527323
0.7921643368547593,3.8267056064852714
0.33590553220233077,0.8600489092655023
1.8858946505795142,0.5521980614521088
0.3718779933110006,2.8051497333257873
4.003783872741767,3.9977543916388116
0.8933138939647212,0.5804685190318004
0.5703552141887763,2.9884020267787337
1.4117351400569706,4.822722218834183
2.504651016665733,3.9229265666617277
1.3198862095694652,0.9968851373777526
2.2285382526812185,2.9985795464089615
1.7281218971878802,0.4062907329325599
3.8230523285528903,0.6174754407031391
0.03837035352448892,2.1644748979162314
2.7535784446251825,1.5299913424250255
4.104858118118151,3.8202629377768305
1.9432485127905053,0.3766389703000861
4.157152301384135,4.153369371607722
1.5356962098067517,1.449182049490712
2.003190415254882,0.2632073966877724
4.755960791025569,2.3891169293820185
3.576490625771513,1.3188609495800119
3.3126309273386494,2.700488499218285
0.09110674377937389,0.49143457160324866
1.2446578360197074,2.061375246048876
0.10000921211240688,1.1711818671252094
0.35065153737021737,1.5764415744893767
0.007444792154795432,3.1311107259830475
2.363981018510757,1.9309397141513212
2.6098224735570996,0.8549301311464191
2.5197063480597333,1.9206030758947468
1.0155006434762153,0.9469525312821098
3.5356891880839996,1.938211858602411
1.4071907128764911,2.230854200206352
0.5743292905729391,1.1379958804583656
3.3150425536970793,0.8430675058242582
0.9814986151628441,0.7990723930179522
4.594158904351142,1.5985716658376847
4.52118460864024,2.4088716519769853
0.15116182336620487,1.225711273592951
2.2101455915602575,2.3641483158064935
3.4109742692265215,4.739009406310899
3.1604268589777167,1.7952308325416
3.0482845561919527,4.238575676840972
2.397926503548162,0.8958892107083094
3.949631160640497,0.7861701849225167
3.874386965104587,0.889074672400722
2.597457536625453,3.934002919622181
0.7031604790496787,2.9900201743554398
1.576245819869706,1.5676956860326863
3.1150861285676124,4.803900365017835
0.5451213923525366,2.1717142996183303
3.287515347818789,3.799420887440983
0.6974941890725278,3.9609835329888705
2.9593217245552146,0.8204739925051358
0.5868291112295743,2.507893371066436
3.078436477853545,0.4862181433017554
3.8605428082813247,3.5710563530520427
1.6320652670158975,0.18944809213281233
2.998546134235557,2.040158769445663
0.3073279198131179,1.4237984222638684
0.04986538736319546,2.871596628361512
0.24407555534436076,0.20032135978454102
0.4678467151364968,0.3132655859323469
3.6049575803028544,1.6648508855927697
0.26792916406002565,3.106762074350151
3.3186332694713356,1.9613267501989917
3.707749954734801,3.2501453680814816
0.1284364972811719,4.269109893903453
0.3722777296718227,4.283348712409084
1.342072831045853,0.6361802966178798
2.289184081264159,1.9636989453629228
4.722620612591203,0.8550413888459041
0.19676128916735314,3.4103203563037283
0.7657110625820074,3.7232998297096564
0.7294977497842825,0.909412053304986
3.4272629106847905,2.810803093003937
2.781756458643216,0.17059580836724986
2.9604413605894546,0.705540957124875
4.713875464873226,2.046087286010454
1.6390817275169982,0.18161225839065986
4.60247763918196,1.4127584766939671
4.434019428401964,3.1092238235483434
3.6188386119274107,2.8718668786578845
4.503678344081471,2.5176719094692745
2.5305523526919265,1.021035051005506
2.6897598586419753,1.6126196884064614
2.131321835754054,1.5918173542584975
0.2000198443617457,3.9423661956319753
3.1703035503552024,4.319725088094405
4.307602561253724,4.352472767043954
4.831271408629162,2.4994599724294044
2.1548776228245496,1.7094521108269438
2.5582194680649235,4.529825313826366
0.7731172578781931,2.905654808010782
3.4336870204651753,1.350076429160586
4.79208558233932,0.5511260876606483
0.4161243021000699,4.345917844150672
4.348459435928417,3.0894889777667918
3.9687791855502272,2.7426231452716214
3.4612514764840263,1.6905901292608667
2.751976952821251,3.2473137303535085
4.1159783644810455,0.7923716147975834
3.5781068814796217,1.7231182295814162
2.32273217582047,1.2454195192223732
1.647829056533472,3.316145702165131
0.9893711214650519,0.40543080301127854
1.5881517781852106,2.841121750526521
2.80330396672479,4.262754790226504
0.42844460413456076,1.14899031711797
3.1629769259866047,3.726623333028303
0.45615002295635976,3.173111097015867
4.205814686145316,0.003939140639334648
1.9376562740974883,0.40844448476458683
4.419062794348376,0.9678988660889393
0.6237373721583067,4.8656087035640665
2.306297630081884,1.978693269160735
1.5939836408167936,3.7067829164019415
0.2712653162116446,0.9460691195272847
2.3993885898020717,3.2736541791946228
1.771374379387749,3.183632227420076
0.8305967412519211,4.626329564004811
1.3183305150072395,0.42873000212413415
0.2015516912473625,2.8788388552194535
1.2383572976323587,3.296053293801491
1.5395008514437736,3.8494608527402434
1.7704786832555657,2.8933029119860736
2.2975591770970993,4.482838366791198
4.500530581600367,2.13061522376812
3.9899132134955178,3.5569790025354515
3.203173804288296,3.650081946354788
2.9092455866194933,4.657668340112332
0.3166022122336315,0.29482008001246507
1.4129848965210123,4.912955187647553
2.9436297074097197,3.204843055843143
0.9869848735733261,3.978023962891133
0.20823173887324242,4.8273420686514354
3.148309125723659,3.7857782638030772
1.574130438443595,0.24953830074344818
2.497428119227491,2.6919902169411207
4.091242232613497,4.410875945349
0.7867339214304603,0.08268844868086822
0.7962125945263182,2.538408441977818
4.139950830144213,0.448481063702757
0.7805315235055399,3.3355382814288403
4.554041712673259,3.489094024078147
3.7386587479313853,0.679277695454929
3.788452815640274,3.581603702379627
3.9749993571093216,2.839070979040393
0.5246241992740719,2.504860036985286
0.7686800958569462,2.0090723853094676
4.514058306260903,1.8225257658273941
0.8898485100675824,1.3587713850657117
4.030642380542245,2.979087259985345
3.7971494524948772,1.8355717852339888
4.648123304195265,0.8681932963288236
0.0584610220857934,3.609116948099574
2.8003672836907727,1.9991204551218384
4.832630172648356,3.3194929646966886
2.1969893946423653,3.9206027466240867
2.570540272428263,2.1356601323056568
2.892428611746795,2.3825910700322988
4.406435003279,0.013571791884319229
3.502374387141625,0.3906121664399592
1.1516896533686072,0.5085937841635568
3.3818242180787244,4.624170663812593
0.6704439960951714,1.6453505333656286
1.4871749090765385,4.198058992942579
4.465440669586223,4.510277737930664
0.9489187205498473,0.14691411790050402
0.05865040828806123,0.3627062524453012
0.618896240393555,1.083928015441407
1.3279440677234762,4.700093338726663
3.6067624285768334,3.811693811273924
0.6182291921953492,1.124549501033949
2.2836704173776208,1.5047188548034185
3.1276227661141442,2.105801282955996
1.4731806244209982,2.9441422522993497
4.364588690415686,0.4802971938632389
0.43939097342219235,1.511902497870938
3.1443708094175116,2.3599267060240425
2.8397574967622594,3.884776544243889
4.215042567300326,2.990083541699396
2.7435041160897695,2.318785850355795
4.841884683685729,3.2775297667075147
0.48055811125657877,2.7716660066904137
4.461488056731946,4.026992416284695
1.7895057047883667,1.9629792852414534
0.036455122764310066,1.4304332139766536
3.1897883064479844,4.945337613875369
2.9903096490402277,2.781568300379071
2.2024595887240306,4.54846358873118
