2.5,2.5
1.9295078458812491,2.342769607713999
1.411858216225625,2.5341070432269057
2.803452363859896,1.6189857372168954
3.0548559457751905,2.3372625440203003
2.56170929066964,1.308814831613328
2.973181095498405,0.6320929551928078
3.0678460399917142,2.66046743372753
3.647757368511744,2.950098263958796
3.2980710286836534,3.6797778096182494
2.381039747830375,2.6516268908694207
3.3939128905226075,1.827972806793821
1.630584768442317,3.4062580763721324
2.7419748972745466,0.7017691333624976
2.3115518591164115,0.5750451767502768
0.9337613787293708,2.4972077887777604
3.3506536075429336,3.854630085511401
2.4012127758796358,3.238965798559048
0.694296861227332,3.3270903658135937
3.944020267093488,1.1519590086958935
3.542093658623621,3.440389388084198
4.070997086230229,2.275764073198769
0.17894265200020132,3.322118231354712
0.18177588734502814,3.56315195188813
0.6924116000713598,3.350510959238709
3.2555091020456124,2.979263479409627
3.632207204092151,0.07054826708743023
0.5778391893954299,4.016072476193886
2.039668444788484,2.5369731618422975
1.3674928994547286,0.6526593880673071
3.9504768840243534,3.3964679295844453
3.444899213330474,0.5667062208501261
0.37455370963413004,3.6004618875319725
0.8886302637184645,4.7723316713363015
4.111431180730206,4.377825873452611
0.6293943626566367,1.908579024401425
4.419372273770251,2.3747929730617057
2.352537466262659,2.928345325529717
1.6563288507127338,0.09089759230625105
3.5670887620156004,0.4650755932535522
3.194730922473882,4.39868089272444
4.956608915653808,3.0375500626918823
0.06833605830422029,4.641935804322633
0.40326396380474805,4.605985634981051
1.4646799513847046,1.408340141438179
1.403053911139573,3.4656436101124433
2.979837111027747,3.74927599268779
2.8480186171212436,0.7156603531870787
1.8538026210224285,4.022730513918339
1.1720485298358585,4.033094049479273
2.5403926374494623,0.9761591912545242
2.5241928883190408,4.303384296009035
3.5978099871233664,0.5896051324677742
2.172994631273686,3.6018831559980873
2.7842942245514584,2.1833494600721046
4.921705989147476,4.136164724505617
4.465822951622036,0.9359793228012153
4.326200935115755,1.3101098934836342
3.6503063120372885,0.7882557430674775
3.063287369047339,0.03089192029891996
0.1815197501399196,2.426866453252954
4.397262882673058,2.7947244142751897
3.786869741005777,2.9855063007652918
3.0788685899571218,1.5639993042942728
1.4266147928962587,2.5721249003369477
2.9303871916460196,0.49914192599924745
2.5634865513589613,3.9127107957935747
1.3536167175919696,0.09489645325042262
1.9466821856578558,4.652054666001096
3.080132615862696,3.0621219124006585
0.283137570143685,2.2789276052912104
2.86564534701332,0.05723868787949615
2.866168783510891,1.0927727498201762
1.7510768478271432,0.5916926041100595
3.8753379068251337,3.1000974555041845
0.9836812008664059,0.40202179821847484
0.5643636213659053,0.6688095372882658
4.636505373300394,0.7090430344236176
2.2378435654332858,4.294654548674159
2.6057438278177476,3.7434736501158046
4.005631369197869,0.7702209025699891
2.3623049766772803,2.1932038918702106
2.9797374931184066,2.158552563458484
1.1040638253743014,4.508402102398825
2.6434105764990856,1.7936364253651071
2.1623972687635735,4.4295258387024035
0.858926534539543,2.1111345040151486
3.7437741213815023,4.1642495447588965
0.46325519082084543,2.0803525301153467
4.701036128407812,4.832073044232098
2.8448835316563494,2.159153621099677
1.577340852931679,2.8726773881751537
3.9552337233224755,2.292092762162958
2.3420037042487496,0.9627841021801342
4.774655585501323,4.260273049701959
2.2336387201716645,2.0585634775457597
3.9502720300652676,4.229950885494223
1.8329992848132677,0.2986103284507513
4.430329134386684,1.6590147363944814
4.019068800853251,3.831871095021272
3.9139169836811716,0.5213254563249187
0.9071247445485298,3.5317301124625455
4.850726734524596,4.792510468478201
0.03855708704261385,4.56894049672696
1.5835178132044496,4.361685277178192
0.7168483488259186,1.6697279760297827
2.2604434705946232,0.8695523678520384
1.5230465386800385,4.086027627797267
2.1377168791633014,1.7776528861681822
4.424936837487378,4.6451697557165925
0.6247514608781796,3.5514019698965664
4.1050242634753005,3.7276811841813506
2.3621282853429904,3.638132542879056
2.1061329920101644,3.80246952416037
2.3812313183710594,3.037813860118097
1.8004620203661914,4.833643847345135
3.2522526697640535,4.68191159029102
0.36839248196785523,1.299954566456064
4.7730179171765785,3.8796757488789413
3.8380724973935374,1.8727655920085018
3.2224603095459665,4.396713724610794
2.6263628026883072,4.883463976962644
1.4095436935951873,2.788716658549275
0.23255204528790208,2.8092647778358097
2.637876637738027,3.0458852751229752
3.670987934246619,3.491132795278933
3.356944234582058,4.9405897128178715
1.3418070663666275,3.7720939641063445
0.9812592954604094,1.5719362193306923
0.4613474031621584,4.157012671841755
0.3780971292996982,0.9433990173713336
3.6539381261302983,3.6526865184398982
1.8746996079238898,4.416273161821781
4.270227271718334,4.29595042967499
0.4570985008276224,3.7078557878739056
1.9474706796437125,3.9997114662382707
0.27300954013767254,0.08643979765018295
2.193873366880635,0.8161751438661458
3.3295439627610457,1.6504166878885285
3.0752049050129386,0.4177508985924566
3.7240490148709515,3.5102195123818842
3.0927677195304337,2.311360512373795
1.4779377722803022,4.290308911383951
2.794314242328675,3.5643506596513337
3.1446167468928357,4.825994639692429
4.7367040265396,4.534527005630562
0.8619135499400593,3.771726596209319
4.818435451471415,2.0385266970001177
2.951209778609234,0.896882274476985
0.4981326151207005,1.7028742079689492
2.7631100078676765,0.9692582360139818
2.0445703187108792,4.4559217832656834
1.0078381818538311,2.5008931896527375
0.648390695451565,0.30504794667508883
2.5701516220016933,2.348665524433369
0.3990071915167537,4.847274500540882
1.9571897272281058,2.4833006079330806
0.8989428914209935,4.3236147892525425
1.201918884639449,3.516097111747448
2.2720949015383507,2.234762525087003
2.0866850679374576,1.0931337604503684
0.45238763047606323,1.0635375689476645
2.3135443401800018,2.526776800237216
1.6717970083064952,4.354240957886156
3.32553568327525,3.1523301771954095
0.5686938518527285,0.16840730563122686
2.1275535700494093,1.9266707535306626
3.1138597969619237,0.6113479558043033
3.289839726368509,0.08171123131060387
0.6510484738617967,3.4175553282274445
1.3353321353324532,0.2485076224545929
2.151946733889531,1.1239377163189408
4.69663983849152,2.8464864634441556
2.552982725661275,2.181610744180125
3.5834507694092723,2.4968111326005022
2.1155301883725954,1.9730903727195033
1.828800818858064,0.7197193967357829
1.1718192939548522,3.676338981407792
2.3902868290149915,4.250623375650486
4.633270829554651,0.24254939295965172
1.5114541797161285,4.7284340790904515
4.788595526376447,4.648724600914374
3.7030280268415003,0.9562171019737759
2.6227494364792907,2.8481524058449597
0.1355707852068866,4.154055617226739
4.914055094041036,2.9186080805816688
2.8988255507781786,0.10909232008945946
0.28285939536637494,3.5177121545838053
0.48939661058352346,1.4174157690009164
1.522566200647535,0.23565768981754165
1.160752918768141,2.0787576579059315
0.93077496779641,0.818975018110617
0.12795288525447424,0.8548899670855958
3.487159164588097,4.9136726629174525
0.6063999897383443,3.85476494299287
2.624648056371433,2.540682293606288
1.6610066030404735,4.405826345390383
2.5479915211032154,0.4837501646561626
2.521334440866791,2.3401995278331515
1.2313829475620515,4.973901629162739
1.2042022160884551,3.7801797457949577
3.019714119409515,4.072160158476289
3.631135429744257,3.234391066945071
3.2439226868859565,1.7997996458337928
3.0612497223967496,1.0058138684834483
0.9091427773497812,2.637100033015783
2.3274097706744423,2.9794662711494357
1.5661730424296805,4.523263957913993
2.2412810115917203,3.4700386053950734
0.6198786737519918,0.30128365630919196
1.1544394935683844,0.7375588253863347
4.979024396569104,3.670674758636811
2.9613850757919495,0.6902612104775507
3.661165852488658,1.3433863403922364
2.112103080443757,0.7557617625986296
2.560630519604759,3.3680462089108527
0.6111098156769185,3.07499870481138
0.3042861019432813,4.780521216575818
3.735169161452137,1.7151248586104777
3.923625191174684,2.463360540578576
2.6923759559691716,4.414122219109868
4.734860304362201,3.5333890970187087
2.3810517649298846,1.1456702274978388
2.306138321590426,0.3865777612904153
1.8090407147085275,2.0387547036893143
4.034212134276139,1.292097743583049
3.542942829259209,3.3304003686917945
3.3695044781618293,2.0821346262758427
0.8553253615863327,2.1641241852028408
4.712401972212598,0.32316859302822576
2.626162990252221,4.055632965348467
2.842206503812999,1.5530442869451226
2.3661706821403046,0.46240690450299216
4.976499249527605,0.5560472189298843
2.0671254163291106,2.7579869478778414
3.3648932050443197,2.1579628820358323
0.22679903029947046,4.207801123028808
3.6473225834631524,1.4781768603362777
0.785026141200057,0.1717271742911941
4.464649960109561,3.1785030535674688
2.4707651912831112,4.864811151120836
3.324741755095851,1.2856663676018103
2.051922063517642,0.31632212141363025
1.0469508117252913,3.449745712369477
2.482004052174262,1.3767984054256077
4.45183315843259,4.033661316091711
1.5128719998387359,2.261979419976798
2.767454492542168,4.859646291785016
4.073441944189035,3.8598574472087495
4.439257091069752,2.5032803262121046
2.898089014772916,0.46761161383118754
0.35493074759939514,4.419145341992233
2.7435946263864213,1.3136051229717893
2.666662477542517,3.7535430842576876
2.0486531766904243,4.509655219383175
4.245786714018242,2.491945805877498
2.1351449333325117,0.34415804103760717
2.2248482943950765,4.164094361826906
3.3711026355659963,4.455402520447108
3.063409680384615,1.9425879370943138
3.273454165746981,2.7964224486581655
0.28630550259593657,4.090617093175518
2.945052147429912,1.3294595094981754
3.5250749008463926,3.077685452539903
1.5481757462015555,2.3398172258437504
0.11896379926556566,1.3919615389813689
1.6338965868291688,4.983196915420435
3.4289127305387135,4.066832078887008
4.829032161035088,1.0500445446967466
1.6477589677727422,1.2733675725569416
1.1032442905860056,4.291551891176465
4.772414540437364,3.9552725318608
0.31751119715605125,2.2869701062413945
4.741840801516241,0.6552581870269525
1.5839143997675709,2.6471651487991417
0.16387235516349408,1.1744872600318246
1.6754050020892945,2.0878777121496395
2.058507855566589,0.8850562809369822
0.1291894255583026,1.1878961945651934
0.24994424879430932,0.02928937481700311
2.5391245737125585,2.891464499903225
0.36665467698488885,4.429047727498111
1.2528356689767501,2.858300524406154
2.464446008954905,3.777778899159622
0.5911400470955919,2.0421974229677415
1.7373000578964948,1.759775828824199
3.2188332244721756,4.2844479226309575
2.7203075625766253,1.1891335368693938
0.7622473967342736,0.0333742110069013
2.0141241636869522,2.9298074462730073
2.52708030484949,0.9669499554750272
0.681282448733378,3.5191525041181593
2.435424049124037,4.868827371249228
1.693671919185236,3.7046796665425425
3.731577936552513,4.411778931831725
3.050761219976072,3.8539063910078166
4.995409236228191,3.004394655505767
1.8172996921389433,3.4623796168125773
2.0520789492558444,4.853309913908528
2.8772491556543582,1.6793198416770188
1.9936474149850518,4.943157651367162
1.4350413212975028,3.633412272628948
4.32540899360652,4.185185523619479
0.02029019844805524,3.5644479500730513
1.1356426460728264,2.1837901646650693
1.3476621181154058,4.927192337985263
0.9846497379988517,0.4851837202919529
3.954082269483971,0.13529251523685448
4.245796297606735,2.8408642269803437
2.124366265048445,3.6629886188981233
2.0548701118071806,3.3615439481616645
3.5635881622379824,2.873458647025291
3.4406996808947987,1.6734518598544723
0.7840502755454898,3.2514001342412406
1.1535276067519091,4.866208876173913
0.0066576119818928525,0.933328840678006
0.11254668029193504,2.4318497270691743
4.485315202068342,2.80586873237438
3.831832432282508,2.497307382263227
2.141861314883587,1.219334554391449
1.1554753393801798,0.3329667431979716
1.4992093667043627,0.5636382919251542
2.007657392093147,0.687220732861063
4.880181232717505,0.15349452705547662
3.960100539137303,3.579752569834951
4.680380740330808,3.632233914977202
2.6677913010206877,2.052276665707835
2.4588307226978494,0.39835944851976557
4.581660541212164,4.0986566067355525
4.76952203708668,2.408039095126422
2.453710735374287,2.0224943370345123
1.133226620968082,2.3615118127310977
2.4698730773202273,3.1496082325692476
2.8523487151552307,2.289882673855944
3.152997411011645,4.693041862203111
4.156133138541745,3.3878329443369815
1.9233510603266142,1.7543731043837836
4.824849380531226,1.9490964051963018
3.7347816668129585,1.1642855530793668
4.247302838673199,0.08389140433688824
3.080269599778406,4.899208877320618
1.8573636266166604,2.4054674056702527
0.9497607143761488,1.954965491230594
4.38913616977874,1.6182550659283983
4.197115626832276,1.2585642269560882
4.015481622913159,2.816932953918265
3.002610813961004,4.286698043763686
3.916279036455557,4.897501329685528
2.468080080836663,0.2964214688624922
3.378077811369846,4.792745691950021
3.570236451832981,3.9971605712587044
4.646153899458786,0.9666905449480967
2.823210275978515,0.32971465370426
2.6092283137158105,2.27908326266266
3.5295451830041804,2.706849523366447
0.785545815190834,4.863406695968766
4.599911384079197,0.6110203373604184
3.6265487573134254,4.692570871103337
4.537732160185372,1.778705695463253
3.22045228077184,3.452940203347789
3.620715324355494,0.24955337603991545
2.6921439146179815,1.665673199581108
3.4741245808594683,0.03956660520875677
3.542743861141208,2.683836862536926
3.682264949190893,1.6186155549530745
2.2263754102579094,3.5673788670750057
1.9987928431989999,4.3133794591653505
2.260963135986789,0.6380865251475187
2.9911003319361833,4.1186494429882865
0.7253700612136565,0.04576622824706167
2.8982923059227215,4.693348152981572
1.0098282461078123,1.7167565340703455
0.3233470197773558,4.629944265009059
2.836101468925607,2.71269730416962
0.20858987543216245,1.8659943936854084
4.272910409827176,0.779895574685921
3.3234863716215135,2.2117205336879975
4.792809167307974,0.4654456035492893
2.663248898660631,1.039132072249468
0.5435953209818917,4.381490004678773
3.986328654470201,0.7264302549540547
4.782383944322265,2.4560701498236117
3.936350817140128,4.883756142891277
0.626622815262734,4.766567807044691
1.7334044061855063,2.2160134289050233
3.5469462833876495,3.7867652811801444
1.9007463738439123,2.449603120900971
2.6676364795775367,1.9597343376410603
2.523496191891901,0.516893449344421
3.6613628628942516,2.791481714320276
0.16642084730908335,2.492741612053555
1.9747991099672264,3.8545871677351307
0.623523059960458,1.0923655077766266
1.0435884629018473,3.4076153796417237
2.509472519408677,1.9355423295900769
0.7466229540858194,2.63523003252896
0.2566168801070351,0.3049351118247762
4.420767041474239,1.418053004941825
1.2050191067153464,0.830244571877839
1.8854769301611285,0.6069888950829511
1.3419917573791584,1.7472639105462977
4.632599495105647,4.497283653809063
3.8846218216306276,2.02759815606027
1.5570482623814756,1.0215968662007124
1.4897126676288792,2.519117291416138
0.7296064857211232,3.8720615233149456
1.7440084862617322,0.5119888897511832
2.352760595726143,1.1768647745466314
3.477188832885774,3.9329434581392055
1.8419198111607915,0.19233405418801752
3.7471387143084263,1.9253544110742504
4.608175082839086,1.6025631220402685
1.8156610883829016,1.80398132827079
0.8460348031276926,4.637757899410029
4.681010562525155,3.3147367631492006
4.2252786025263225,2.717213494733579
3.254803828896021,1.9207286177352323
4.634275524780363,4.339615811090942
1.3873556367828015,1.7096890905405338
1.0151170592602954,0.3313727043168724
2.03551560547208,0.6180718107690819
4.321856532922546,0.7968174644208847
4.488352623374731,4.840666414687671
4.839866704590992,4.561295597508924
1.2963063021932602,3.511680375352654
4.299545502605672,2.853734204491114
2.934813858892534,2.7322462373201235
2.052907794982267,4.3571899280283874
0.4849243772415668,1.7364234700752275
4.161552722625102,0.07725088404365532
0.27178722159411195,1.0327950010691938
0.6589191689731971,4.672382740986064
2.5364290272271335,0.3319261563972331
0.5102152700268342,3.5486719138379113
2.1378548766505907,0.8423744585219906
4.007693215064634,4.705502301915938
1.1759027885238382,4.937390342292513
1.1935692466730552,4.810699597834509
0.14296628716946314,3.281552677531055
2.310580652973275,1.7512405624284666
2.283470479862743,2.2627155155726077
0.6941663930837538,2.322875828579617
1.4368701410079943,3.0537789155009545
1.8184456094348256,0.9806827727002732
1.3904431128777857,2.902709773246754
0.2891313694985115,2.7966453969039122
3.768321902910584,2.7273848088347297
0.5598760223800375,0.16344958464517445
3.7352382333448158,0.552713467366297
4.258588875935456,4.448673776024771
0.06618325546420334,3.6518321276717454
0.5194158268827748,3.7741088097249493
0.36550536176231774,4.244770370304642
0.7494180008779439,2.4386930439889816
2.571742067272349,1.9705358342360457
4.088018481597332,0.4265364822421308
0.9749489196603639,0.6250061801540058
0.08369144518421967,4.685516196786407
0.5623170571335834,3.7540786247260005
4.626129310499723,3.5285838390774145
2.795733549010465,1.127969755090229
1.2306833475276386,0.11313812094607023
2.489955147987895,4.577968116645586
2.2406914136435514,0.8893231316252892
0.8862529372695716,0.35189241656915615
1.7035174850066288,0.449432419009127
1.978927875625291,0.8500288129387273
2.1997785737221354,0.2358827486820414
1.0829798574454568,4.62032972886984
2.2500309078856158,3.622480523307694
4.876836997967552,0.7254892854728373
1.8822725033963206,1.2455146916300108
4.382140512152171,1.2202689651940375
1.8216451924559145,4.367364044145835
0.8625032158399326,2.116347437520644
2.660759106932431,2.52874519510802
2.2753379731919243,4.133652377773182
0.45377098568152474,3.046336366889215
2.762692667654416,2.2969190658378236
4.039750835071411,1.6393218843778778
1.7401821588203892,1.5538975035352964
4.803875840782692,0.5795373391005626
3.793747161779547,3.897920169657904
3.869881751516035,3.9943123991174616
2.5320794560730135,4.2824930599552
3.6624752330714347,1.0568207147748039
1.4936045871874082,0.2779982580549195
0.6397875517139123,4.813360659182738
2.7919715606248214,3.397272946967492
2.63362776572059,1.1267677244527103
2.865212073514913,4.536402849986579
0.10157816433964795,1.8420736277168719
1.5651624201895142,2.058571414799329
2.016856641466236,0.6316365448214761
2.3075269892931964,3.190860800334165
3.123154994970184,4.393459021862418
1.4586383356800474,3.24274961636366
0.015744275597041058,2.393425878495802
0.25221110961956617,4.752926947781861
0.34620459210082777,3.1484740273808103
3.813037898201959,4.893824313644744
0.5665052674883719,0.31990245645071247
4.410786830068166,1.85660749867447
1.9299082905335267,3.396654458297799
0.16023996147519537,2.665909634819945
0.47806889951966025,2.240943658768419
2.7049753434702,1.9906378374040745
2.2049315407612498,4.777162874654219
0.2655804702736675,1.683499936597862
2.76767826963537,1.640293793468817
4.858601012578897,0.6795984524980436
2.2060852515953626,1.1772792796942677
4.464903422624763,1.3165647993958352
4.5846908352896145,2.5377241762866634
2.503921763352947,0.2883688692615116
0.9249297644302268,4.274508145729203
4.881880270389275,3.220024081474942
2.136070318567038,0.4620382745641338
2.7912729048057585,4.973504885595011
3.8310610132080565,4.037859129906935
1.0619149147291507,2.436253519470216
1.349529000571286,2.6612788536613063
1.8737619588205723,4.52009203318697
4.932768618663648,2.5836102397169136
1.6115840526202374,4.7329434360765745
4.874717126493217,4.268011608089453
0.801550296810376,4.067915972933749
1.049254781502193,2.868451813618265
0.3308041847282245,3.2642425004903397
1.564764290632109,3.7888828628250835
2.282601070583433,3.0689274581528854
4.086749443358553,1.1983477766646222
4.7601656517942255,2.1277548919790195
4.999451346429603,1.3710874485255797
3.5900462317014643,2.520405690801252
0.2987796061083253,4.999117211615261
1.9366993532386894,2.0919162073095525
2.0610519409524377,4.930847468261575
2.2117333636351417,2.2831935312505403
1.9462164689929402,0.11472214109559009
0.14894887696702663,1.7153963309723568
4.937895962714338,1.5204338079628832
2.321023264375881,4.9886192140191525
1.1460158351777676,0.8026633884866957
3.387745904127606,4.928190446323511
4.392383794780359,0.5613755940416293
0.1589624785368765,0.44125919021798243
0.23172101393091782,1.0287817443312468
4.143037412527441,2.5093993464676774
2.8281822704719644,4.452051961939409
1.221371293733704,3.9213742132252483
0.7124121949851603,1.3632589904756203
0.07889077070203976,2.05678216268586
2.25741042812504,3.6280608350378802
3.8125595396268483,3.220199755527599
1.9982964921241746,0.21977388789266528
1.1327085078327932,0.7099879526122421
0.12180753260516097,1.9090974079954108
0.9153749222086377,1.7822323876812962
4.91571115670999,1.5490356995429466
2.2286595465277106,3.4241159250855357
4.032275206715778,1.1126383949597052
3.010702228653182,3.9479161164821646
0.7273591017654646,2.7528910733230134
4.792814592702123,2.957474096990001
3.05013504487816,0.5384295506873316
3.3744227836041225,1.3179418386301904
3.788186351785469,2.210851849472686
3.4572537968580317,3.156204753467719
1.3740581216294856,4.427613618560197
4.9859510950978265,0.8006746597132769
1.5852302434141703,4.018449791691175
2.0344022000425594,1.0231068416820899
0.8320672454192135,1.954773301179145
0.06090436544803346,0.9717693463271948
1.2031951918129673,4.364729898395217
0.9005160380434113,1.004879057581236
1.8870695658766583,1.9641250087134892
3.1185157795964935,2.1479803870997
0.8491281680482926,0.8777214859807453
2.010375980574881,3.2852308824643286
1.4450868912358446,2.8160801423685653
3.283846349273655,1.3062059670276671
2.012351337195658,3.300020849969723
3.711847045100573,2.970863057349101
2.271200485298967,3.946300635991661
4.2524391150019065,0.4980891314469654
1.0220427874125053,4.39940239053683
4.612371752300553,3.098969579926237
1.847630609366664,1.7487412805904745
3.8866028732325377,3.670619655874921
3.9204233999253586,3.3495171377099364
0.7814938688099293,2.6425716757292927
1.1456487423790844,3.114834137254175
3.900209927334785,2.0717508941956946
2.933608182661693,4.949321118825476
4.960729747936527,3.569984508300392
4.931957150283833,2.8262585597027767
2.044360523546713,0.22473247187455136
4.167640995660588,4.708936170759402
4.20429084110518,4.871337208772388
3.0328941677052357,0.18523692811870995
2.2529996015077898,4.306376074557106
2.4758543978207332,3.545460145067725
1.0916987482577667,3.8806916846301927
2.383241253411961,2.926287930209755
2.2241658046817046,2.5321444614969675
1.1046036045254448,0.07961599647098472
1.384040991617122,3.325243477457676
4.46146001086293,2.966881003768342
2.221525205602261,4.739254662945565
1.35931142539172,2.994551089781683
1.7477125753050915,2.182771128439671
1.2580607935724297,2.296635834062437
0.7131880378203598,3.668123936369454
3.3043901312394675,2.985650863377484
1.110221686578381,4.344655535800657
0.7067839479534621,1.2513941034120513
4.157911029811359,0.0666441718463312
0.43201202971117236,1.2390666256815934
2.3148960754492154,0.4762788477195551
0.38674660311068365,1.3079819314646024
3.477538596402239,2.3913097123610005
1.308199328415423,3.0243890159296343
3.7147175307319538,3.474965236702157
4.562194175617708,4.611381552097825
4.022109906067961,2.091258671279937
3.374968946714473,3.4689120739872785
1.9412481694846917,1.1280069434790212
1.25827005250014,4.658179505417588
0.7547672635734226,4.336395243168508
4.069208862702772,2.077174269351721
0.8939611583789503,0.47569452653440925
2.2315612636774818,4.359774276330083
0.8186606476526537,4.222591045805596
0.008747475379083935,0.43939361862680437
2.1074919445359788,4.950750417480893
4.516237624277615,4.862376685864486
0.13020752540996994,2.9791233475469148
3.411155088791819,4.465416971428706
0.5220580244249873,0.024758303836282525
0.059109640379378936,1.8412178688290426
2.5892834928209085,0.29446651530308565
1.3436430712870273,0.9400393447279864
0.8592611736418831,4.847241749115074
1.0028338621226722,0.595485879500251
2.9790837947967135,0.4030335615742592
4.237269683539075,4.125750504055075
1.0871435078771623,1.0379738585087979
4.122425822119983,3.8612083981833707
1.0197474571977878,3.150765331923884
1.291925352898109,3.0667227381071003
2.432778199082199,3.7505716787580026
2.054756645165963,4.1764269997330485
3.7251462736233067,3.07483139551682
2.2520257971814726,1.7006571943120714
4.757657034331971,2.88812865954893
3.065550083290456,4.2143785427167115
3.7745838745765212,4.357454450047854
1.877265882894759,0.12063775445564473
3.7069555330289816,4.067237005663967
1.438209141975118,1.5349836318157728
0.17594954271881846,1.3545225717061142
1.1348854493233147,3.5806424043404785
4.110689133597116,3.6311851995812643
1.1677364786519724,0.8521308842353065
4.213378729221799,2.404424656025064
1.2345689608077288,0.029333140154718662
2.5414990688456305,2.949870326940576
2.9083623656995483,0.9667644562998223
4.081603057409947,0.2162553285714841
3.1945312546138878,1.32998150471668
4.481590877232541,1.2562371978001545
0.10948841289553479,0.5117579491280461
1.7546095636224885,3.8737684135874977
2.6301221918700444,0.5049396212302032
