2.5,2.5
3.1288397199458187,2.481434087370766
3.0669514146068506,2.6799062208272413
2.3533054452495152,2.5000520086305085
3.464037785548694,3.3164190379380414
4.202286425506598,3.0306097134109407
3.3653508156448493,3.3240040551386993
3.0429354521092646,2.7953296794896065
1.69823700033835,3.2485692287675008
1.4303929109412268,2.645876618070461
1.5683264021551908,2.706445412569977
3.657827117200421,3.9153249513242394
3.06090155727241,2.419068158898796
4.3239540136026635,3.125770970606019
4.611036000378219,3.790617865677004
0.9114037971940564,3.7167089823468764
0.9943006031095641,2.627042059052126
4.77595795806815,2.6336677332989393
1.8232907024074185,3.6550304677186234
3.840368296156202,3.7472762708566765
2.880643274218383,3.9396543248998745
3.1662972919369055,3.908341226153553
2.2623143394961014,4.206595460663304
2.966554933143228,1.8299691357527519
3.025938363922397,2.551343735254586
1.0005286405021474,3.0941699818470876
2.1124587827489867,1.653747090473493
1.5082253367783538,2.865702826593826
0.09795599665840926,4.016298599321991
4.703469501957457,3.512502370119865
3.2743531660592455,4.830642655881663
4.629560739423785,4.750498683605943
2.540071436788953,3.702659542466515
4.1670919342635395,2.853241816702463
2.3618660897893062,4.4775441097322854
3.850390437944562,2.75803395294641
0.32726507330528287,4.022096186409917
2.653586798797794,1.0673239864526725
1.1885122048351433,4.575629034661342
4.465277844306847,3.240748965942866
4.523730252748942,3.126983113134666
4.466409879778012,1.694177178864904
4.60859386256045,3.5305787198111065
0.12668157486116105,3.73260300975226
2.3162625158673453,4.31774771300443
2.805397919604,4.872324758139156
4.680161783717606,3.649887459434726
1.7237757891490442,1.3239872841588707
3.4295951347449534,1.2630980521723916
3.1896865898302815,3.6821011803075105
1.458456695842087,1.838493949420189
2.1898836979742264,2.9375142991938756
0.3278094816421634,3.993704901091961
0.407161838197333,4.115216080257963
2.603308207368726,2.770630037139734
4.8780761621343975,3.87011447720975
0.9064365084007475,1.246798369612669
1.7019488641404705,2.728328901850789
0.2591241124333632,1.6848270071879186
0.21272958725794988,2.1222354404556847
3.853042801150105,1.1905912687219584
1.1692607408041393,1.7309660506987246
2.7155633118809503,1.8574520851039584
4.256710148471394,1.9710401077595585
4.209193388337252,3.9585416337622292
4.740616697464422,3.4080100904967345
0.03358191627452878,3.0492763485511114
0.6820705373499225,2.2367525616192934
2.9814286502493332,1.3701333477003852
0.8502769618039668,4.460340466063401
2.2391576576637657,0.5354166640311231
1.5026834695798852,3.0431731378828215
3.3509784631764417,3.53105809384361
2.295717573848556,2.1217039745403996
4.8225271249837185,4.916694724798205
2.8055368691470366,1.2538288353382077
3.4156813265882318,0.7331127669657883
4.450673977951013,2.085735929970605
3.62336046564082,4.11087082999202
1.6514937054066148,0.8062389169374495
1.2600333108579653,4.084220120683694
3.901418995603931,3.353642510724362
1.4093998828853143,0.983247761591794
3.855040806828118,0.892675705724626
1.82727910867455,2.568643612981708
3.316794878102534,3.6575245059888357
2.263451942055275,2.6462456206883243
4.945248099785979,2.0301457365901
2.00538792389296,2.2765076026931568
2.9176010823261,0.7617898789217753
3.3342477220291107,4.33443013085905
4.7471804136785005,3.9950513898989333
1.5997273812181483,0.6477711937406772
3.018670709711451,4.0455433987965534
4.345498843219159,4.365726183983584
3.3976784482246067,2.155670505167398
2.3501837373015504,2.205007939437291
1.9675806063640726,1.987562944924444
0.24188173022491766,3.0368036651846735
3.247370628693872,0.0017859138605563762
1.205312989986601,0.5542878635730158
0.7527624560429141,0.6492884714050573
3.960589396443575,2.5833456733561535
0.6256122667052094,4.653631155874139
2.3495641017030207,3.057595219069631
4.583185623577202,2.3785313304335025
1.6108200793040122,0.19127172054941965
4.8283418882611215,4.3897749010327605
0.9764222427278563,4.921707251095461
1.3353203297912675,0.8881670535949904
2.213384232858414,1.3401397566572348
1.659752006191833,1.1649164968756798
3.32598775141917,1.3383563763802009
3.657143910326522,3.21942221602524
0.03148738357832026,0.23544858677473468
2.6200735548002068,3.5308739579640487
1.1964949557425542,3.677945195847559
2.8840784106320765,3.9112870965376647
1.5390176144476282,1.972083910842971
4.033172490522841,3.631545399309263
1.0128379011125888,1.2719391653896657
0.7232029173407406,1.3261542112011444
3.356231667168572,0.05798723980135145
0.16368880128120267,0.17180661096120875
1.543085976442381,2.244912579014641
3.7212994317900625,0.09594270340917088
0.3549026907257813,1.8749980717582393
1.1312466742999168,2.5629990474785806
0.2173283768234513,4.3052408258968935
0.8796262220424972,0.8881925505680804
4.5073506288823975,3.3742672525575577
0.6484476124520111,4.093538310339596
0.25446770824706033,2.1106758956393112
1.8493711835414257,1.7505419569873037
3.521477182100705,0.42481088818814794
2.442647670616476,2.3196825108906656
3.433347803857064,0.15265923494275135
4.715732993424716,2.4137133673331435
1.4653241361018825,3.0629441165796045
4.002481694704358,4.877405824889441
3.2789132286381357,0.7947555843898069
2.298176894936052,3.629743930692544
3.0754932198534006,3.7155083865482026
4.0779929317221795,4.583698074637143
4.17045359811757,3.7459149224947375
0.035608692135077336,2.9864048591268393
0.45689507579717625,2.3649421058527924
0.41536950731259015,2.2647132979051934
0.5160223430829469,2.034989823419116
3.672042371785208,0.1527103013956549
3.7496177128470363,3.4596333174699274
0.5154694666068005,4.9040748072046085
0.23217965915153238,0.15244402035269056
0.5778477646639901,2.1372236930196205
0.8048693924389433,3.412587002674728
4.820254104822038,4.691790001378059
2.9973417111700673,0.13592661735626177
2.251402669103006,2.6587962064768162
4.895092044476152,3.120110400791612
2.123946431434853,1.8288696946923029
0.9830905536583084,0.13277639564479304
3.241467121995638,1.4630221682611966
2.000826271887876,2.9436279907936225
2.195524328915842,3.3814544225138565
4.105637708333933,2.9861897631457044
4.978914642613733,2.0541541385514566
0.5829879616921441,1.4528445688818663
3.833074525624486,2.472150730947387
3.677122290000825,3.696415157780695
2.904072109009955,2.6885863046263974
4.615702454688979,1.8813671866265136
2.3334478062984703,0.9464865744480083
1.994087605793124,3.105391711780725
0.6753591781196677,2.131768963449312
1.7522344310544384,0.9879417972445387
2.575630811999332,0.5996071076871418
1.1529979986683854,4.54048641874582
1.9675046620540764,3.9456463345189867
2.331453426258256,0.5137262231872081
0.9878923258231659,3.324189059289615
2.8808278222258927,2.495660235229074
3.1678151170365543,0.514672239833564
4.332530568181091,3.4546131597012053
1.4975009047275596,4.038799564207473
4.07634080805498,4.459811371279388
3.6027672687674563,0.21327203905245617
4.4722585703697995,1.4573587598059734
3.0877799026198147,3.1245552073102782
0.943194132814209,4.700671468489272
1.7894028101118447,0.7935382914906336
4.238888071168334,3.734893481868928
4.60259321570944,4.685529559940332
3.5425214267078258,3.0957224618658334
0.2571305563173537,3.4572701736328355
1.5545161415455007,4.705650812714519
2.270667757585266,3.8390357094599015
4.420692141475694,4.234417396602412
4.1274021382392325,2.709891751759548
1.6961804886441034,4.709577087545315
3.151159125798899,0.5998465739004194
4.052348319826638,3.4515844281797348
0.20929055253953832,0.5008836012442525
4.134329633696938,0.3208496575465991
4.696216186757852,2.9778600165930946
3.4823493723050465,4.709862121150542
0.6856519442730785,1.3503717976376968
0.47421127413515063,0.8907587130967282
3.322142171276595,2.739861540822618
2.314463408043688,2.950974812254967
3.604012201391156,1.039651870100905
2.76896427578635,1.9155372319804735
3.2469516333244544,2.2500197444585748
0.6500885951911795,2.2385070750269302
4.184394197822151,4.9277424392877265
2.7087229828643506,4.441015127833442
2.7668839521097297,0.08249676582646026
1.2317503703033439,3.61062565409508
0.19117773195734433,1.72738713569959
3.760413093450283,4.086642935530228
4.287665585207389,1.1454779951938203
3.2375670777962036,3.4957412163352988
2.331037178297302,4.086514906401083
1.4916138494355202,1.4566096692160446
4.466690165933339,4.440170842610318
4.606634929076006,2.5483042688582893
2.7096383426431982,2.0969968550809623
2.0559292900486397,4.0024125306258735
0.7027230354515812,1.6431079026510127
1.7944778745660077,0.41291099378257423
0.6243947488554408,1.924043450978243
1.732519445756047,2.298774368700061
4.767694722849782,0.5378676918081787
4.1115993860814575,3.169139974348812
3.5610674920690895,2.6134656647987335
0.23301968724129152,0.9755635526785494
0.4992879197353767,2.492490836588493
3.686105595727092,4.114923538580719
2.2290086481277704,2.1365369765596363
0.7918280195304522,2.23130579427643
1.6749453268216263,0.7990098321537348
0.8048572260275844,2.3572637074258393
1.0961058862478672,3.0181627726465416
4.644444048997544,0.7144716116811028
3.4817644869408184,2.5750860647814005
0.29797657224168383,0.1651169229318361
4.000681747540108,0.6237263130593218
1.0716241036592167,0.1130562281327796
4.358144269613378,1.4687415507710244
0.7715188437920983,2.5547570247469755
0.7324264336452013,2.3587985318700664
2.2589573899252517,2.1157911715257107
4.921418448377405,4.464148849506765
1.602324337560323,2.247426120119893
3.934729568515917,0.8781030947118323
1.6135533116664917,4.985654390558944
1.3829882165430762,4.246785187647352
0.04001500106874667,3.053806354596684
2.7688163214199375,0.8566837034708469
1.888934008813406,4.0563346799858255
0.9419394349063354,2.6971536109276513
2.3689570779043976,0.08315355718485906
4.243927163237099,2.481034167106416
4.3836048411352335,0.08110902095160966
3.2967328378525207,1.2875050102521053
0.7546599392979136,1.8724390218795894
0.719058891111663,2.840372885873212
2.4216947122989745,2.279979487343496
0.8241445731775826,0.9267089703733333
3.7424276091787294,3.454277073525793
4.920643515005232,2.498339644854015
3.6559348622230816,1.481352871420023
1.3118293341730642,1.5914056448020364
2.210814464448219,1.0928991631121936
4.267918307928238,0.3869966225996202
3.2663434263878823,0.1710499696820017
2.0011676209253295,2.1547757115030084
0.5189546332242767,2.4711586478984664
3.0074851606889004,4.088695007718695
0.5133412983609298,4.189453597183407
0.187022217627133,1.539535050309857
2.235505164026942,2.505049918978814
2.2089441967389685,4.401326402452476
4.7938167027479786,4.485079970448506
0.030497997804529997,1.9712130016908291
1.5351030542875028,2.715843562778039
0.08525213169901402,2.4386179568685944
2.3534056082128396,2.74911208848527
1.3611641385446989,2.6627039184247865
1.2870670178020116,2.801767613650271
3.1357805539664585,0.860149973627079
0.9658070716787331,2.725302689033721
0.23281524167432344,0.2909677252463405
3.977663288481062,1.3855715994312616
0.47805494503253776,3.0727532821666603
3.3794641297813044,1.4346215166529892
3.5134415412127544,2.817333054857338
3.5344622417592353,1.4967699651286004
1.146329731750192,2.4345215726168727
1.9579056662442325,3.1716811500659157
3.33174570446255,4.674999701006314
3.175818259501591,1.527365603636226
2.087941123816772,0.7347569511205526
4.4857445042586725,3.1873445571662016
4.192714865557629,4.712627638319651
1.084443856938313,0.5948099799187384
0.5565774358574321,2.2141908134288437
0.7968943186413313,1.0349132405840584
3.0011092224256606,3.953680813434655
1.0965374428443064,2.5474994625579006
2.476174149131558,1.3204047776810202
2.3034543583964306,3.240386140879333
3.2793828043889386,3.9223885793724045
1.508402488307169,4.552257776676366
3.161664317980697,0.039656493220033284
2.38162757174138,3.743089991911602
0.17376908715173056,1.6359193539672097
3.449320096041273,2.8895232821574606
0.34901800030330776,0.6099036292159138
0.2081610566428882,2.0565569343823227
3.333874468545523,3.3144159045250934
0.9644921991150068,3.7287956637551964
0.5737441549342476,0.09376266605553574
3.0698769881727865,0.9762885779497749
2.378201995727261,2.8993973421206403
2.363732482332056,3.680034012372423
0.768260190357774,3.5934047492090153
2.8530910113399126,0.19210880540623698
4.22190374958755,1.1245665671646443
1.9889012579725045,4.5161575780066485
3.357992707345379,0.819672839152536
0.2142567850415783,4.169236334273681
0.03505277269857443,2.374415436192703
2.5945012750376146,3.0728403971923006
3.2946957321784973,3.3212219332420956
3.285915907862951,0.5608167309736345
4.720046893044097,4.760486064075982
1.7682825162438913,3.315829709009772
1.6184186479872997,0.3842131428087381
1.003559363880377,4.089659725464406
0.17769391056832173,2.6774094170980245
3.8432030784757694,0.8896109220279169
3.6342550940143674,1.2646152755968376
3.2624923343463914,3.7465957459578907
2.654456668094107,1.9561045040226825
1.157472274748041,3.441577837782873
2.6028188304320987,1.755428077950263
0.4761213349290283,3.3636498389050122
4.7190414601251724,3.135861085201521
4.601148071121385,1.074086561028786
3.7399159330778624,3.3624457760339794
1.6327914455575914,2.047412164729841
3.8945835661412413,3.144700946989258
0.37329526381962685,1.5613237860911633
0.798361686317024,4.519440938671501
2.928940220865304,1.3344340441413145
2.3615669519676534,0.7008885072776899
4.205144174765662,0.6050857925989545
2.048428774319944,3.576783044859253
0.738229583622016,3.398748742242608
1.8595197829014127,4.798610429339943
1.3331200681567978,0.6052517833226612
4.773967706813831,1.5617186434661745
0.8024284920612235,3.830684062574327
3.1086671412459483,0.7428748140505048
3.075006221378309,2.005680126256263
4.501679537703875,1.6342474487814735
4.811952115268644,4.932643259082965
2.917067667853919,0.07761525670182123
1.1580018059713326,2.000531239852939
0.44069404537694423,0.34181152167281126
2.9579067637721232,0.3975658172352847
4.990260924197912,0.8689586152380074
1.6329008166782522,3.600290911017625
2.972987305525017,4.009425139405768
2.290443836608791,2.8215021105001896
4.778131430052018,2.9992453331665336
4.830014296963705,3.4403798233740646
0.040959265661837385,3.410493875170293
1.4984255680859344,3.3344220299491107
3.2318290663107714,4.133569819445556
1.7654427819771152,2.240682644682339
2.0411053048841126,4.907411566872158
1.3110125421722185,2.5921244969413504
1.9594356381210043,3.89445331182737
1.726356280788119,4.868377451467831
1.4639259402017064,3.7628560401674616
0.9653869732346027,2.3813994523166695
4.598280678427954,3.6372578310423274
4.357015126287925,2.414101548423405
0.6580969159085043,3.0888706856285157
0.9612765704671306,2.367653652827308
3.518445620346864,1.6599691290566647
3.6174493083365173,2.8203079464331577
3.253546127629416,0.29851455442052643
0.7362474606234604,3.9920244657697275
1.7836154241725306,3.8027726165002234
2.9199351200918704,0.25431155723751264
3.675290772945386,4.752649210059145
0.002202721256203133,3.789202108885031
2.4103218901065,0.47173110547550356
3.89976510547004,0.7053280581064758
1.8772550851231569,4.213624722038585
3.4408073390099885,2.0981551506292972
2.821837051040195,1.4146909568963373
2.9370921801377903,3.454589425618823
0.018863608858101233,2.5748320108567424
4.8561510523460285,2.7541240650722747
0.13419809466377441,1.3895924354624518
0.6041729749299884,2.420083368867914
4.547203450204568,2.1729878370529883
1.1263105508997389,3.553787083759003
0.9851323129852024,0.13438622274445589
0.9912976911585064,2.421972100431788
2.232743035916529,3.984915081661332
4.067461378068812,4.298490666698861
3.1214513429600905,0.5376911823810682
4.980831695745755,4.043763049644172
2.2085240819085046,4.04774861155397
0.9100963826273961,2.342731059136733
0.08328822474881759,0.8240593985009376
1.2053456847182447,4.5883872370824355
2.4021226197362937,2.5201411834894283
4.420032810784649,0.1611982173438642
3.3484869572763465,1.0565231694404398
3.0565971526469466,4.467406344241185
2.497618398601204,2.224121386109052
4.45833710143091,4.712504039872079
0.687476436190062,1.7158409482569514
0.7751424111136884,1.3475200568664296
1.458916515523963,1.3123708876888496
0.5638090812634233,3.352657953285523
1.6352427020488425,2.7780344417947633
2.3233250443905846,0.43851093623879067
3.814253727927896,0.3388388124559827
0.10400711683703989,0.677611943818634
1.9071010309994492,1.0813483505658616
1.1049162812512903,2.652324175084323
1.7033113630836212,2.6530221723016805
3.216900447767546,3.584158474937307
2.832018208538885,0.7565562169490869
0.6744352186756297,0.015482403937621125
1.8462230142473235,3.1690552645308534
3.2382952468548454,0.9599164457923481
0.22590314549043644,4.266749292786328
0.24543325251470016,1.9122635152469392
2.7094573978437864,0.8929758228869666
2.6323898516101254,4.234403699053156
4.1483972866460235,1.6420911760516632
3.225528260105852,4.52347089495523
3.940427722093438,0.15357620008635497
4.987913006592631,0.8447637752528364
0.6362107498343283,1.038823433819197
3.594372056080034,0.5355617641472171
3.443696782682077,2.1793605181081293
1.9416983795273484,3.5502376022204145
1.5925622971018423,4.239681072283527
2.025284581285268,1.1468460581853412
3.874715780978848,2.8416807886286506
4.078091796099419,1.5676934589291225
0.5193068878438001,0.26141503650052467
4.531124869887771,2.8833149331981165
4.2793256494669745,1.1817476043745345
3.412186618003342,0.33729274580314883
1.6877721808472796,4.946474515842282
1.749326205631565,4.225169337569851
2.828972226368327,0.433074944932334
2.6915162762104816,3.1895385086594668
2.2893960141617797,1.455987961691842
2.6838256291699696,3.9124537844429916
3.247556402935865,3.973165333139343
4.825204331544162,1.3846277824307367
2.6104238024504434,1.0756603019436917
2.2507067503436056,0.09456597782651843
3.5245793661091773,3.6157237237863047
0.25859963401503316,3.473844126646714
3.423454728233059,0.8077085227656006
3.438448816401878,0.6253041430149231
4.288194223574125,0.042287881988524734
2.284426428758338,2.6332332268639718
2.4494999266269653,1.176448705560576
0.2289377371339124,2.540899458109786
3.578917065978274,3.66151084402763
3.679669101994013,1.5899233450186872
4.260265944168307,4.252037445797699
1.3954969066075285,3.9001363302877063
3.4733989174978745,2.949053694754009
0.6897416027267339,2.6344174544463854
3.078752317453497,1.6154773964859537
3.101893214530223,3.4205352202009554
1.7435281552080995,1.539001197427658
1.6319839238077711,0.4394888817313847
4.869243281439639,1.9811822983665295
4.023885922489859,2.5002660680203634
4.5332515465655465,3.6020798085521144
1.752762411774328,2.7037672358468567
3.2048587683848506,3.635793441798634
3.4291895697618364,3.9860807054353584
0.9504336845322259,1.9361380671529493
3.9387048726878064,2.1361654237127876
3.8827575710261106,1.2412934235916206
0.017784013110889174,4.809100512647616
0.3733752491448511,1.9295184995139725
1.7058092228867183,2.983073682844121
2.3921661423033047,0.10034643684848521
4.40443016470194,0.9271881596960879
4.407396328661428,0.9922997578756199
0.5186689019724772,2.7899317723217414
1.8888052881493307,0.5271741182605449
1.0057437581546051,2.6608387278557415
2.991649995156968,2.256489142282943
2.780149029879984,2.588721487826622
1.5610943423270751,4.863532031620059
0.15106391037239653,2.0710759514433
4.147788979086764,2.7926835986463465
0.643958199617507,2.491801535380672
3.099119810853303,3.3526385669758123
3.0883618231059318,4.414146287457512
1.9082307828776857,3.233615946541895
0.14486862681455992,3.1189903884486108
1.669889308387193,0.7235462569018336
2.666456611140076,0.24380639608648558
3.6480880066158132,3.3423598774658507
2.937861541750251,0.6786264732306968
3.922136079522028,3.6955288521744074
2.8589909122404897,3.8811684156055968
0.3881703640734785,3.6147293238156095
0.08324519313966827,2.3182566913936964
2.9288685800085155,1.5720046554756433
4.219012957602553,1.5633581185560659
3.59048955367494,0.16604470497523338
0.14538024426758445,4.974152476779686
0.6709127733045273,2.8993412952079134
2.5493324670812685,3.1657858384282744
3.0340395210427147,2.3598482799753233
2.142247561794519,3.2044060253895412
3.4212086411791445,1.071395837971198
0.42455998207347745,3.6468266542026924
4.257549596582683,4.193431576526127
3.62592605514586,1.7814806724715881
3.454997244964846,1.2417880962203254
3.324997205665885,2.741930114333411
0.2851393781709466,2.7049519899123995
2.874229886643624,0.159634133597491
2.122761488910112,4.9625179468755185
3.254911224098953,1.3455598720388844
2.4653611715660495,3.6503008423097634
2.0820682584246675,3.312676286134692
1.7793740597444123,1.1545059866342355
1.6570891159605567,2.328037549203579
3.3366676621248326,2.1558372102950427
3.3769652398182703,2.9720841893350336
1.7842466119136657,4.388360969540357
1.169585372411646,3.6832537822770646
4.173989468650644,4.97582716016756
2.688879304439146,4.4704397945463805
3.238139693334851,0.38191933697478864
4.242374186604954,3.62748509551754
4.49483431700622,2.8930273701121694
4.458209325011857,1.3918903059346077
4.235484274425243,4.45684998762557
1.7370177598828813,2.7617697235998504
0.3843082888399868,4.885465383642488
3.572980327706011,3.7453649063771977
4.294156355258231,2.0609167323659006
2.0796494049589347,3.209977130561721
1.9732101041272636,0.3831482212025422
4.406889173962966,1.2212437408710826
3.963680049825821,2.902988799891841
1.249713312736827,4.933578025661371
4.112635053469419,2.7337334517943956
0.4305021157653227,1.4189151490124101
2.4888270308766884,0.8383097138035117
3.4818933520445254,3.484574493105159
0.543971478397341,0.342149083422571
2.288648751522148,2.507276391666738
3.0651425029837505,1.800296765282701
4.836892742434456,4.708646043876307
1.5145966508420783,2.0756651721724633
4.381154803261465,3.467283494007933
0.9391213342457116,4.819510789164275
1.6181525560346988,0.4503973379101772
3.869898525287379,0.875652270917941
1.9191324216292576,4.64321981804153
0.3440165335847084,2.623394277311948
2.1148235976025846,2.411420262884117
1.661463367264242,3.5037794336792287
1.0367853655548713,0.41336403895467555
2.660242619117204,2.3705373255159934
3.5042875588985636,3.2128594865793563
3.457443312063414,3.9818545925785442
1.3509302694365872,2.158718830699083
0.6911434544486661,1.2029554564071332
3.706878487497867,3.5360670785362656
3.6112277102099215,2.538446561977908
3.6372293378023164,4.551210776835849
1.2241759437910131,0.5137572924155503
4.567033397255414,3.364464335635224
0.44128043854737453,1.6512396260383566
2.6418691431565158,0.961015450042671
4.741095192193731,1.2379813389389216
2.12114328536819,4.871905508847727
0.805600962163629,4.154392012585988
0.39505105815473174,2.528275316671989
1.8968216556046813,2.248913543747782
3.0656213486325434,1.332908916214866
2.035970566555392,2.6894501715372754
4.24291672891389,4.7473451590153815
4.05841540744044,1.1360728961538964
1.579276417875621,2.283333813422045
2.3744454921313944,2.3905203320251687
4.198945976560033,2.3837460898280467
1.6299680898269198,3.8976622396212477
1.6074862383128834,2.9216477630196573
2.717105952516449,3.098877783170959
4.820488212154376,0.3849607302952257
4.217711465051885,0.29506177278271595
2.3578328682666188,0.5117849266294455
1.8796917963555404,1.0490702098534999
2.2823853103237166,4.039531132910841
1.8777988440611986,4.177693128988212
0.12778466154244106,2.0333927525808533
3.983293214730301,0.18480771254303363
4.064150944248892,2.9479032847310793
3.425052633017992,0.8687381552983447
0.5590909648210418,3.660984363120297
0.9759381242422738,3.06386453518174
2.920069329077703,3.8494005511475193
2.8965951192638375,3.293181344589429
3.5648240295909517,2.813730975521667
1.3549281416336334,4.816919118081432
4.434825615974944,0.08607427047246707
2.3261814235702145,4.971456131624315
2.185620964585956,2.1298484972175045
4.183215940156493,1.819377280915484
2.0611028566635574,0.9023033586410711
2.912109315449384,3.6752360382800893
4.698313579507987,1.6182642098272852
3.4107091913330185,2.1646034992437384
1.151001114910581,1.366853139353153
0.6410023818724792,3.914491219429086
3.409957345965884,2.98768852880978
0.9825126712591298,3.5592411711790106
0.04155289560972719,0.3626385847918029
4.0518872024592,0.510763175356212
2.3116357209402,0.7153775687812958
2.6032655173955934,2.8161851167684677
0.10486779429585924,0.36320074254343415
3.807738251915932,3.841720137470727
4.631007697604495,1.843348315205597
4.1572355284190685,0.8613738918853298
1.8907545239967298,1.1414833924178631
1.9500013303588037,3.5609125344772736
1.7358522464592463,4.1106922812036615
1.3631927688223993,2.3538299699534555
1.53464628856887,2.6543658142497577
4.491484956828414,3.7016001910914627
2.7045410068743445,2.9334445927123936
3.969259132062399,0.502609723672095
2.5970258068402967,0.8862786410794316
2.615584252107121,3.113209940559897
1.3109981828923134,0.7615461803750334
2.563244043470376,3.929249377699227
4.566654110175316,2.0356515170256895
2.96685149147856,0.4915124451983893
4.002656038061451,1.3084131996093362
3.2706833222319958,3.599014591477481
3.1553363506085224,1.7915572429145732
4.042097431529885,3.19767709330665
0.01761855289476255,4.221948410377622
3.316531546669017,2.872993021763839
4.803561660198884,3.1349723002255865
3.826764065192363,3.7171359773140673
0.5902905662864166,1.6088592922933864
1.9697203381523138,1.0354872454333897
4.589875215036615,4.5026754042896036
1.5925121566320266,0.8127071820849152
