1.0,1.0
0.6956269041744265,1.8176891818706447
1.150727135325609,0.9415000602881862
0.9054101391377412,0.3773298664983187
0.33092913394777357,0.48348861346360006
0.6614755475337568,0.783487535662692
0.813982647431055,1.652617973060461
0.45608089734252144,0.7632284912083354
0.603091030156486,0.9645249270611156
0.47178489924858735,0.2848280877375682
0.34301332491844483,0.11126568453410468
0.7157829603875405,0.9268332530681924
1.7389893208415723,1.6606514914062112
1.4737391813063323,1.4924164200725836
0.08689642536993114,1.5023437179045422
1.2744936139675311,0.76338257809481
1.8939198840223226,0.2549284791759221
1.1393573251224922,0.5079741723151072
1.6424684039946333,1.046068985211547
0.6991734763272801,0.3018437945814836
0.6048858605228933,0.8834669392135093
0.4146691065792951,0.9618567721953875
1.6158683979876332,0.9323830253902088
0.7475365331217152,1.9053572143555095
1.325071062405219,1.4564011744614531
1.0241997611154672,1.1076982332942025
1.2455979189401003,0.36208995524409615
1.1868425954930222,1.3294122526362135
1.960769555108509,1.9315957401990516
1.7545815961824487,0.37872652223851966
1.9949218086324665,0.8326534766026872
0.10306055541546488,1.655468947415323
0.25819641037052565,1.97987427947188
0.7079410042679686,1.2069678376485702
1.3251649739773348,0.28710671308121904
0.20723217627885204,0.8582252351576878
1.2089196555890291,0.30361571663501774
0.05653724135906879,1.0157700764536652
0.2792336909098678,1.8042444603883516
0.035265281463011444,0.44921267184944846
0.8692731521338763,1.0923508207210468
1.283837061426582,0.5683771645516404
1.3832980333517237,1.9293727151412883
1.399071923348377,1.624880809608883
1.3706593104675524,1.4838161422398286
1.1245539815329382,1.7410061873894187
0.28651029489506064,1.8460235589947382
0.3923171391677054,1.3598069454617794
0.5590262936600459,0.9114232139755363
1.3539043943889797,1.4346108278605314
0.9550832099935538,1.741259326443001
1.7827773339891813,1.1573932294232638
0.6075383414262581,0.09329267456695622
1.650437609324908,0.5756690923247976
0.14446030057506998,1.7810394709105282
0.6801681843722842,0.9622163907956416
1.6980583108728269,0.48783728792095227
0.7122510688160439,0.9815498660218382
1.102582096169632,1.9404245960413489
0.05744533018170217,1.7743363923565556
1.0486838615269707,1.1364129236218403
0.47999231785677776,1.3551225817029828
1.3766870627895857,0.004852597675819359
1.9073237221133483,1.0042884336331699
1.3934615041141956,1.5854910678517695
0.2433414677835095,0.9669060366785127
1.0368975440480526,1.472538978440928
1.084888659487516,0.7281789223252362
1.5362162155392602,0.649535774775631
1.9512862483665818,1.8069752942302066
1.7343426136397364,1.0946136699379965
1.3649465645608105,1.1754745775557205
1.310939730586372,0.734715913509745
0.12243573419159515,1.829327875690821
1.5639332705545148,0.9712888255971492
1.357467478757897,0.5073009024410482
0.028537329213410123,1.8882894936224892
1.837466146579844,1.4664008095869012
0.4063973740479796,0.4129793296286801
0.5071859165000476,0.9192660366720802
0.3234699377140948,0.9965973131222972
0.618322028246485,0.9085350148228151
1.5564007365594696,0.6082398148626107
0.8536844568631838,0.3214072566350259
0.4970683879140416,1.3268328069857969
1.1439942556109868,0.9862754975237944
1.1698615198289979,0.3967353311499151
0.5184269222742717,0.852444330976887
1.382673767577339,1.6747418873988444
1.1122615238263245,0.9761336196248827
0.8620944960326531,1.6029896203399767
0.34269479934675395,1.0542440145308865
1.2821621197175883,1.1184258538047345
1.7125573980709323,1.0460130935805854
0.45550253650589356,0.1940522220257288
1.3953471178585302,0.2067406278749382
1.3348486111159037,1.4184586657491045
0.15726388003371228,0.49946154928083275
0.268806795526346,1.3572383890277693
1.6245683537605664,1.7503359114475692
1.6785646418431477,0.45976067421209454
0.9482134591363758,1.8579983653363294
1.5613288487471806,1.0093186205545102
0.2699237914551207,0.590639568049754
0.7124025335619233,1.7041659990375084
1.7701011891057379,0.0955091331748692
0.6849999374136648,1.5355555138576507
1.9050773889292594,1.6897429007880507
