1.0,1.0
0.7014262543348573,0.1480294633025767
1.2519526571403565,0.36923422703477615
1.2519526571403565,0.36923422703477615
0.3503813234026796,0.17953417599627675
0.3503813234026796,0.17953417599627675
0.3503813234026796,0.17953417599627675
0.375047955654908,0.12079208615492276
0.375047955654908,0.12079208615492276
0.375047955654908,0.12079208615492276
0.375047955654908,0.12079208615492276
0.375047955654908,0.12079208615492276
0.375047955654908,0.12079208615492276
1.0268586764020573,1.091534046902298
1.0268586764020573,1.091534046902298
1.0268586764020573,1.091534046902298
1.0268586764020573,1.091534046902298
1.1043195646074446,0.057442029702319264
1.1043195646074446,0.057442029702319264
1.1043195646074446,0.057442029702319264
1.1043195646074446,0.057442029702319264
1.1043195646074446,0.057442029702319264
1.1043195646074446,0.057442029702319264
1.1043195646074446,0.057442029702319264
1.1043195646074446,0.057442029702319264
1.1043195646074446,0.057442029702319264
1.1043195646074446,0.057442029702319264
1.1043195646074446,0.057442029702319264
1.1043195646074446,0.057442029702319264
1.1043195646074446,0.057442029702319264
0.09267850726118354,0.238465621464107
0.09267850726118354,0.238465621464107
0.09267850726118354,0.238465621464107
0.09267850726118354,0.238465621464107
0.09267850726118354,0.238465621464107
0.09267850726118354,0.238465621464107
0.09267850726118354,0.238465621464107
0.09267850726118354,0.238465621464107
0.09267850726118354,0.238465621464107
0.09267850726118354,0.238465621464107
0.9373562082332139,1.4661421572531645
0.9373562082332139,1.4661421572531645
0.9373562082332139,1.4661421572531645
0.9373562082332139,1.4661421572531645
0.9373562082332139,1.4661421572531645
0.5864802216008087,1.4737887289175224
0.5864802216008087,1.4737887289175224
0.5864802216008087,1.4737887289175224
0.5864802216008087,1.4737887289175224
0.5864802216008087,1.4737887289175224
0.5864802216008087,1.4737887289175224
0.5864802216008087,1.4737887289175224
0.5864802216008087,1.4737887289175224
0.5864802216008087,1.4737887289175224
0.5864802216008087,1.4737887289175224
0.6664687535040732,0.9620769190352687
0.6664687535040732,0.9620769190352687
0.6664687535040732,0.9620769190352687
0.6664687535040732,0.9620769190352687
0.6664687535040732,0.9620769190352687
0.6664687535040732,0.9620769190352687
0.6664687535040732,0.9620769190352687
0.6664687535040732,0.9620769190352687
0.6664687535040732,0.9620769190352687
0.6664687535040732,0.9620769190352687
0.6664687535040732,0.9620769190352687
0.6664687535040732,0.9620769190352687
0.6664687535040732,0.9620769190352687
0.6664687535040732,0.9620769190352687
0.6664687535040732,0.9620769190352687
0.6664687535040732,0.9620769190352687
0.6664687535040732,0.9620769190352687
0.6664687535040732,0.9620769190352687
0.6664687535040732,0.9620769190352687
0.6664687535040732,0.9620769190352687
0.6664687535040732,0.9620769190352687
0.6664687535040732,0.9620769190352687
0.6664687535040732,0.9620769190352687
0.6664687535040732,0.9620769190352687
0.6664687535040732,0.9620769190352687
0.6664687535040732,0.9620769190352687
0.6664687535040732,0.9620769190352687
0.6664687535040732,0.9620769190352687
0.6664687535040732,0.9620769190352687
0.6664687535040732,0.9620769190352687
0.6664687535040732,0.9620769190352687
0.6664687535040732,0.9620769190352687
0.6664687535040732,0.9620769190352687
0.6664687535040732,0.9620769190352687
0.6664687535040732,0.9620769190352687
0.6664687535040732,0.9620769190352687
0.6664687535040732,0.9620769190352687
0.6664687535040732,0.9620769190352687
0.6664687535040732,0.9620769190352687
0.6664687535040732,0.9620769190352687
0.6664687535040732,0.9620769190352687
0.6664687535040732,0.9620769190352687
1.231246170123908,0.9251897667519682
1.231246170123908,0.9251897667519682
1.231246170123908,0.9251897667519682
1.231246170123908,0.9251897667519682
1.231246170123908,0.9251897667519682
1.231246170123908,0.9251897667519682
1.231246170123908,0.9251897667519682
1.231246170123908,0.9251897667519682
1.231246170123908,0.9251897667519682
1.231246170123908,0.9251897667519682
1.231246170123908,0.9251897667519682
1.231246170123908,0.9251897667519682
1.231246170123908,0.9251897667519682
1.231246170123908,0.9251897667519682
1.231246170123908,0.9251897667519682
1.231246170123908,0.9251897667519682
1.231246170123908,0.9251897667519682
1.231246170123908,0.9251897667519682
1.231246170123908,0.9251897667519682
1.231246170123908,0.9251897667519682
1.231246170123908,0.9251897667519682
1.231246170123908,0.9251897667519682
1.231246170123908,0.9251897667519682
1.231246170123908,0.9251897667519682
1.231246170123908,0.9251897667519682
1.231246170123908,0.9251897667519682
1.231246170123908,0.9251897667519682
1.231246170123908,0.9251897667519682
1.231246170123908,0.9251897667519682
1.231246170123908,0.9251897667519682
1.231246170123908,0.9251897667519682
1.231246170123908,0.9251897667519682
1.231246170123908,0.9251897667519682
1.231246170123908,0.9251897667519682
1.231246170123908,0.9251897667519682
1.231246170123908,0.9251897667519682
1.231246170123908,0.9251897667519682
1.231246170123908,0.9251897667519682
1.231246170123908,0.9251897667519682
1.231246170123908,0.9251897667519682
1.231246170123908,0.9251897667519682
1.231246170123908,0.9251897667519682
1.231246170123908,0.9251897667519682
1.231246170123908,0.9251897667519682
1.231246170123908,0.9251897667519682
1.231246170123908,0.9251897667519682
1.231246170123908,0.9251897667519682
1.231246170123908,0.9251897667519682
1.231246170123908,0.9251897667519682
1.231246170123908,0.9251897667519682
1.231246170123908,0.9251897667519682
1.231246170123908,0.9251897667519682
1.231246170123908,0.9251897667519682
1.231246170123908,0.9251897667519682
1.231246170123908,0.9251897667519682
1.231246170123908,0.9251897667519682
1.231246170123908,0.9251897667519682
1.231246170123908,0.9251897667519682
1.231246170123908,0.9251897667519682
1.231246170123908,0.9251897667519682
1.231246170123908,0.9251897667519682
1.231246170123908,0.9251897667519682
1.231246170123908,0.9251897667519682
1.231246170123908,0.9251897667519682
1.231246170123908,0.9251897667519682
1.231246170123908,0.9251897667519682
1.231246170123908,0.9251897667519682
1.231246170123908,0.9251897667519682
1.231246170123908,0.9251897667519682
1.231246170123908,0.9251897667519682
1.231246170123908,0.9251897667519682
1.231246170123908,0.9251897667519682
1.231246170123908,0.9251897667519682
1.231246170123908,0.9251897667519682
1.231246170123908,0.9251897667519682
1.231246170123908,0.9251897667519682
1.231246170123908,0.9251897667519682
1.231246170123908,0.9251897667519682
