1.0,1.0
1.628976071357552,1.6761082220747332
1.07096413415423,0.9232984855936159
1.07096413415423,0.9232984855936159
1.2928563370121795,1.0186806415196057
1.2928563370121795,1.0186806415196057
1.2928563370121795,1.0186806415196057
1.2928563370121795,1.0186806415196057
1.967302093022917,1.8435947745267698
0.36397293500942274,0.6685808495743208
0.36397293500942274,0.6685808495743208
0.36397293500942274,0.6685808495743208
0.36397293500942274,0.6685808495743208
0.36397293500942274,0.6685808495743208
0.36397293500942274,0.6685808495743208
0.36397293500942274,0.6685808495743208
0.9132611282392173,1.2246707502425274
0.9132611282392173,1.2246707502425274
0.9132611282392173,1.2246707502425274
0.9132611282392173,1.2246707502425274
0.9132611282392173,1.2246707502425274
0.9132611282392173,1.2246707502425274
0.9132611282392173,1.2246707502425274
0.9132611282392173,1.2246707502425274
0.9132611282392173,1.2246707502425274
0.9132611282392173,1.2246707502425274
0.9132611282392173,1.2246707502425274
0.9132611282392173,1.2246707502425274
0.9132611282392173,1.2246707502425274
0.9132611282392173,1.2246707502425274
0.9132611282392173,1.2246707502425274
0.05767951721767073,0.9100748248600186
0.05767951721767073,0.9100748248600186
0.05767951721767073,0.9100748248600186
0.05767951721767073,0.9100748248600186
0.05767951721767073,0.9100748248600186
0.05767951721767073,0.9100748248600186
0.05767951721767073,0.9100748248600186
0.05767951721767073,0.9100748248600186
0.05767951721767073,0.9100748248600186
0.05767951721767073,0.9100748248600186
0.05767951721767073,0.9100748248600186
0.05767951721767073,0.9100748248600186
0.05767951721767073,0.9100748248600186
0.05767951721767073,0.9100748248600186
0.05767951721767073,0.9100748248600186
0.05767951721767073,0.9100748248600186
0.05767951721767073,0.9100748248600186
0.05767951721767073,0.9100748248600186
0.05767951721767073,0.9100748248600186
0.05767951721767073,0.9100748248600186
0.05767951721767073,0.9100748248600186
0.05767951721767073,0.9100748248600186
0.05767951721767073,0.9100748248600186
0.7595127516676321,0.9346358683080307
0.7595127516676321,0.9346358683080307
0.7595127516676321,0.9346358683080307
0.7595127516676321,0.9346358683080307
0.7595127516676321,0.9346358683080307
0.7595127516676321,0.9346358683080307
0.7595127516676321,0.9346358683080307
0.7595127516676321,0.9346358683080307
0.7595127516676321,0.9346358683080307
0.7595127516676321,0.9346358683080307
0.7595127516676321,0.9346358683080307
0.7595127516676321,0.9346358683080307
0.7595127516676321,0.9346358683080307
0.7595127516676321,0.9346358683080307
0.7595127516676321,0.9346358683080307
0.7595127516676321,0.9346358683080307
0.7595127516676321,0.9346358683080307
0.7595127516676321,0.9346358683080307
0.7595127516676321,0.9346358683080307
0.7595127516676321,0.9346358683080307
0.7595127516676321,0.9346358683080307
0.7595127516676321,0.9346358683080307
0.7595127516676321,0.9346358683080307
0.7595127516676321,0.9346358683080307
0.7595127516676321,0.9346358683080307
0.7595127516676321,0.9346358683080307
0.7595127516676321,0.9346358683080307
0.7595127516676321,0.9346358683080307
0.7595127516676321,0.9346358683080307
0.7595127516676321,0.9346358683080307
0.7595127516676321,0.9346358683080307
0.7595127516676321,0.9346358683080307
0.7595127516676321,0.9346358683080307
0.7595127516676321,0.9346358683080307
0.7595127516676321,0.9346358683080307
0.7595127516676321,0.9346358683080307
0.7595127516676321,0.9346358683080307
0.7595127516676321,0.9346358683080307
0.7595127516676321,0.9346358683080307
0.7595127516676321,0.9346358683080307
0.7595127516676321,0.9346358683080307
0.7595127516676321,0.9346358683080307
0.7595127516676321,0.9346358683080307
0.7595127516676321,0.9346358683080307
0.7595127516676321,0.9346358683080307
0.7595127516676321,0.9346358683080307
0.7595127516676321,0.9346358683080307
0.7595127516676321,0.9346358683080307
0.7595127516676321,0.9346358683080307
0.7595127516676321,0.9346358683080307
0.7595127516676321,0.9346358683080307
0.7595127516676321,0.9346358683080307
1.938026326873215,0.49636289365610997
1.938026326873215,0.49636289365610997
1.938026326873215,0.49636289365610997
1.938026326873215,0.49636289365610997
1.938026326873215,0.49636289365610997
1.938026326873215,0.49636289365610997
