1.0,1.0
0.4500218926942865,0.41845466670217935
1.2976245006957703,0.5609002445317635
1.6294663694711584,0.587533022834646
1.7748185881731193,1.5905717616810642
1.191790386179679,1.9760221754719436
1.8486793140918012,0.07184901293112556
0.8592271285604631,1.3657490060683966
0.4349914618789139,1.9862203594536545
0.2545472581459516,1.7795544654044944
0.27134475897553423,1.2977809955629966
1.086804776650307,0.7181434226408312
1.3741142422607466,1.5674478430521914
1.6067205288724948,0.9657146849912914
1.9608418884892327,0.8464564620662847
1.262701698799708,1.0033606105110842
0.8339240958732936,0.010140383592478264
1.6220382163852147,1.4056204095193872
1.6292931083240034,0.525221195702142
1.6762576110615113,0.5804699862988398
1.008089809513231,0.48231618850975466
0.7293210998065007,0.06258182730150774
0.8885354294833081,1.4475580581352288
1.7510835966230798,0.6322079383789829
0.3907492269687407,1.9546971097184842
0.37239598474845303,0.3013774393932964
1.7143363729126229,0.39037616460687574
1.523506707513785,0.06387245326065716
0.4086888871895211,0.2383888363695632
1.144186037319734,1.077388303963358
1.4113850265139656,1.8534464393065644
1.6748984735513182,0.6293128121991838
1.7640745270935387,0.5171605953404004
1.6293370134409713,0.36910781454002906
0.7680876645190486,1.2153330678712775
1.490241108977784,0.7733149422937817
1.2277921317301994,1.382537842049152
1.3890562570427187,1.6304013457540785
1.7833359519347258,0.48648214434943915
0.598944526814654,1.9110701580060614
1.1110915948362605,0.09437585497700574
1.6101784762509155,0.15898912317017566
0.706777181914886,1.360884317935709
0.8727405576178766,0.7225584590919698
1.9486043916847329,0.5660977781424223
0.2789384354236426,1.6444234523348102
1.0710696947345844,1.4628922874872547
0.7066656083107568,1.6650776803695766
1.9331154697874358,0.20892149869323928
0.603402205167588,0.8260423956171736
1.4231956896398241,0.16903286458904976
0.7901569220794495,0.013548837903933242
0.587590266244284,0.12187716420058137
0.9605552445700494,1.187304484538114
1.3662816403084186,1.1765130466124782
0.44876368135728706,1.5168841734503626
1.926634142367956,0.897842589736763
0.5457445008629649,1.4443006768487916
0.7461664788647,0.4513625335012552
1.5367007379965454,1.5387146438067045
1.501856503717577,0.3493019748329209
1.3456617148826504,0.7125580776751852
0.26438499469367294,1.0128513487975277
0.7871880194808747,0.9272989383205685
1.4646873235242621,1.2391811332040923
0.5884797126619006,0.40494669251928106
1.820940038902314,1.138166637372047
0.4834102749364093,0.23602302379339624
1.2069282739623088,0.9016394625875948
0.3104723392877953,1.9101266981242624
1.4042933681418734,1.6302879433653898
0.49290310066591947,0.0573230532362452
0.7071358108986858,1.8687964332204865
1.4400766560271208,0.11395549418650419
0.7550048522321646,0.790074798483809
0.2742686688118565,0.10514465242485271
1.3440989984750589,1.500110239411324
1.8835626472030926,1.4980076324397193
1.7349831548096653,1.3245871614211457
0.5429237124069306,1.0034100916855506
1.2698317828221437,1.9617101225646645
0.7789805406487724,0.07224694601095738
1.3957376704351618,1.8894782759942326
1.7778608194278338,0.1989912848526285
1.2513383668161764,1.8236432504388607
1.9245647854726406,1.5441861234090115
0.6001186042725069,1.466474650809523
1.4355237101085092,1.9537046430090297
0.6288869755348139,0.047637273939646674
0.2779398755668878,1.0301770959035133
1.22277159679396,1.8017575358488045
1.8217113986925593,1.4499358548776886
1.5795995157037135,1.648143499932094
1.6620556878250612,0.9897279265885075
1.460437921523483,0.724755037926692
1.1202864838986295,0.9316382346860501
0.3421720088725875,0.22962780173683472
0.9759015731416001,1.0734852821259346
1.5004104177591815,0.026033133197754132
0.8199603512577387,1.1426797550666639
1.8840534947240388,0.18538154988393196
1.2847567163772011,0.9985320542291145
0.796422639929417,1.9128806719807592
1.9227506873127584,1.1364127415778136
0.5895291583298072,1.227662713401814
1.956650264816064,0.434482996528603
1.3614379876025524,1.372385242381974
1.9745906480737638,1.1697857682852857
