1.0,1.0
1.449156033505986,1.3400857783258306
0.5817710923569672,1.5595954978148712
1.9465720971363507,0.5408248694312638
1.6420815087043659,0.701904762856477
1.3822262244079166,1.2711611521142914
1.2665409053986183,0.9954056889839511
1.0269168295116913,0.42643084659770114
0.16362003816509407,0.862600842545115
1.7597135806681383,1.0255107315375076
1.1596689964228437,1.2320072937869602
0.2372610015630885,1.4336981218706306
1.7416340770902323,1.9864179761838934
1.1773522597384636,1.8942121289958584
1.3478494085304655,0.9342629249041359
0.062231491305618114,1.719307821831061
1.5313462019809647,0.6494373166077299
0.6132183301113272,1.3223740573010045
0.3152661964094039,0.38622412314088206
0.40757595191022267,0.08879484122744974
1.5788818514064353,0.24200594024815758
1.667606837620884,0.9258134538601703
0.6106515618667838,0.11019013763418317
1.3614853806244225,1.63722716206716
0.11441702689385802,1.3732129623368075
1.1729567452836374,0.400252696207005
1.5366056066109484,0.6608454260265515
0.054716645900508176,1.0966332554464502
0.27213541774305106,0.7374174982590684
1.047063455072205,1.0393081945030043
1.9569855056946723,1.872665851505844
0.3629312456832816,1.3324016640290584
0.19306575663858938,1.1022857597310214
0.26731271151601166,0.7930575219614173
1.261580836795928,1.5859988147008341
1.2702656138271982,1.9962193351720436
0.21087204137801452,0.1794032194654651
0.30381194175163295,1.9799324911836422
0.9341504767362807,1.1557273886582056
0.7368206055425977,1.2858801180609454
1.477799905668117,1.529620334549172
0.044675289283635955,1.296740826673221
1.6223290152533532,1.0940094411184964
1.115210599586289,1.3914441861954105
1.1455767407862478,1.3789914519315407
0.9837946191324907,0.2827326695449768
1.7744746759643335,0.09302958955711604
0.4219568574837811,0.10123922009570197
1.1415134989294045,0.12391543099961666
1.3447402362058207,0.24578695883039026
1.4984787732176792,1.533751827959594
1.109382871785407,0.20914181824662936
0.5772329772829039,0.02372858719675719
1.5795360625189225,0.21554424700427743
1.0057649426571014,0.687674321830424
1.8609399284026826,1.0132426024883059
0.5966215598128493,1.9298069293675764
1.5833426081235533,1.3842968390461936
0.21933345059116105,1.951683013093062
1.0591835120204638,0.03168743392270623
1.8188245242505,0.8772711941422873
1.273815731662094,0.5425333342296095
0.2889824445700022,0.17882311454232114
1.7854476882581503,1.3778801430796643
0.3413727987840578,0.9788522507271069
0.5427160017896813,0.42143434631301124
1.3837921242469646,0.3509072491734919
1.7392046680429691,0.41882070254557946
0.5196207949303306,0.14849070085421
1.4849781161600577,0.08576166596337376
1.681415580467708,1.4041064046929064
1.101494728661865,0.12915637531044655
1.9146791490247426,1.1536738474621648
0.9982515016231674,1.448894796875985
0.13558385117299698,0.6604184742477401
0.18755224842010754,1.5202498845738581
1.2199503551161777,0.9194259002187488
0.9807759787221852,0.4286796177644192
0.6126975740835949,0.9927289453034884
0.4095304671294062,0.32478224877457085
0.22537080763513284,1.8976291249631085
0.33336258852689626,1.2597256582101277
1.210218577855948,0.17443457087185377
1.6339992137737924,1.6420055624632128
0.7947193797241205,1.1859907652674704
1.1601666901982373,0.5742003918630603
0.5819148217649486,1.5308361197700018
0.35828790319468107,0.3392840003806923
1.8963670081728472,1.0327321823140616
1.2637734144473376,0.42350190111797814
0.5400730040961697,0.19027321365705085
0.018567157576531157,1.8575363561661828
0.6593003062208793,1.9687112378456115
1.651426220535848,0.5300044482383595
1.568407966013802,0.2471455881358322
0.7725763400054244,0.6269644986990244
0.3941207599175105,1.930178984631269
1.0175492749696922,0.2459512730900033
0.901610187592409,0.12016515991362575
1.5242604726261895,1.368999299639253
0.09646961487986361,1.795672738865372
0.4680081231139237,0.4050455441185574
0.22455166458332787,0.3451231940486039
1.206636080832291,1.165931344883688
0.4159975161668876,0.30471208057945454
1.4466278229414324,1.1576709941827084
0.532529234535805,1.7811835505212223
0.13696617544693646,1.7330780425087464
