1.0,1.0
0.2937826587726371,1.0942817549442243
1.6234001937548288,1.1703496526325334
1.9667862378490677,1.816338013977877
1.6890522186207533,0.7582896718556094
0.8741992286617128,0.12564503403553462
1.644713030206244,1.0549148849636407
0.5178849637795437,1.684853626959048
0.9289697882304795,1.8726297057645047
1.3178399102716436,1.753114372331211
0.4874292370563751,1.8234571240965278
0.7179622140653732,0.3229273670852788
0.48322581660054365,1.193886298200754
0.5203278442184938,1.8384346454678446
1.5825572770107685,1.5078768069323978
0.7616411449962177,1.3073288799134617
0.9012953376013344,0.907064476936029
1.8617536870094753,1.1430613413732782
0.7382078389532813,0.09100253612471598
1.3718837599700737,1.8085007792300771
1.808358035341572,0.3331583953705535
0.853943264603449,1.1931630153719535
1.0845925384396227,0.6843500552437309
0.7534301889026831,1.8176179646226385
1.4752039023329668,0.09019858814505377
1.0836834723411228,0.8853236380229488
0.45152725673213934,0.9257122729122651
0.6441321186122093,0.29449478743517443
0.7090330168667145,0.3305476623963284
0.5319218562386296,0.4754957289817865
1.5076865433231441,1.9119826644991493
0.5633685504652242,0.2773693435404492
1.1226742704496444,0.7526922881312901
0.1126377259053255,0.03882838961851798
0.6478535405121468,1.666692641180704
0.8345627801077122,1.6876215612375702
1.7159996170359142,1.0396842518983516
1.7336678165603776,1.1749560955821148
0.7052207171886862,1.5690734513458915
1.0087459876664273,1.8322599571232225
1.9314371501051355,0.401799458520294
0.3976366278445491,0.22747453753951064
1.906214350931207,0.17987769365150297
0.40188391718819405,0.41528810777674363
0.6317656493880477,1.0131971628987806
1.573457872687467,1.597368202357896
0.1245611453529718,0.2776803684255291
1.6927866115648331,0.01726470778010314
1.5086654557104522,0.8897680122046399
0.008543596230188522,1.10536573172118
0.4105637964906499,1.7234081568810269
1.2855376064705542,0.510044544421258
1.1486174859198177,0.35878391478919536
0.8038133770947766,1.3789002627519222
1.37047427634827,1.748810181448291
1.630209420668987,1.9449417099207007
0.825491995126475,0.6618564169832637
0.5704059679977391,0.9913384759819444
1.166584910181882,0.7873432093949944
0.6848606792907979,1.6997301052084848
0.9394201755611229,0.9774892637870052
1.770400814845044,1.8922970245310209
1.9664015779060755,0.35066618510057523
1.5532917894410354,1.7994493249577272
1.8047272544712964,0.8342543465984429
0.027583685364518162,1.2649099917436373
0.050706251005185665,1.9029740081678732
1.403161643335326,0.8099144047085205
0.896913114001489,1.5408398466746431
1.4965439361157111,1.7798781661506915
0.22388317765956134,0.33611216120253995
0.7867597403532376,0.2455217858779486
0.767023940864042,1.859612550039361
1.2192637841811753,0.16961567263110555
0.03151374127545803,0.675938333939369
0.2201797060248174,1.5484664176865504
1.253226300857614,0.00942021666629067
1.4104504711292196,0.580395248500357
1.1243772252090694,1.3444099960467635
1.47130251813779,0.18291739869269907
1.6930140367190014,1.361360095577669
0.38669822300597745,0.20057437376587894
1.631027564042594,0.8043557952344351
0.6805777655780394,1.1198888090076358
0.7314264491133657,0.20777688294293584
0.9420558158584584,0.9896664159183126
0.4289742324553292,0.12146794558070084
0.534726129513162,0.4425934548009063
1.7943774857136123,1.277562563340272
1.8453443533452571,0.8651435741496332
0.5426732498091646,1.0952857936689167
1.6435011667779595,0.30935256761827956
0.08137116820877188,1.5981453912930612
0.7437981304388035,1.8516792399953381
1.0033437470324564,0.04086800182919492
0.12229868839478364,0.7219130262241205
1.4417320080808833,1.8658986127773758
1.2997674270656452,1.0110653702878172
0.7343379853486063,1.951611922102726
0.06313620625271232,1.328207387665164
1.1453394651499411,0.007416110888862626
0.4427898106869761,1.2893683504854068
1.524465042233755,0.34961290119275334
0.8266565874899194,1.18619345055228
1.3079202957774247,0.5830048559497671
0.8151977168357938,0.8974309769418287
0.45365546131993684,1.0480181582196608
1.4847141368499315,0.1605075509973295
