1.0,1.0
1.272423299352062,1.228275923620078
1.6350579868587964,1.9111427018984817
0.5848835205404628,0.5446651388562689
0.5980809264746643,0.625840717286213
1.9272187867844264,1.569540416735749
1.7804256886116674,0.5614688260319018
1.978505125929869,1.6394413820089622
0.1793439119264757,1.434800644475456
0.03387887629379782,1.5409794623477384
0.5213253795283908,1.9356370772859741
0.908492981887467,0.10230895663081951
1.612647875194708,1.4744338334722948
0.788956602218327,0.15215103870550117
1.2967160746385882,1.3648094133077344
0.195564255946981,0.45416562324725174
0.042584622961588714,0.6953609404963237
0.38984585851047915,0.9415422380668432
0.560347275656077,1.5050852007848978
1.2543055170982595,1.364819496659972
0.4310375130289017,0.31670439286674235
1.0335436925969936,1.780481784730265
1.4881162542264224,1.275347133129525
0.3840913400273276,0.5862458604308216
1.6154587511910594,1.222912337253832
0.33732857346063594,1.0632283975345826
1.4667724560339266,1.3374694906539
0.28117760366636113,0.1908163132774996
0.5584826754728667,0.8289456018938495
1.6903478275617736,1.3171868699394964
1.3389633493312332,1.9878410017937798
1.2720571666737237,1.9369318155532615
0.8618954562035046,0.10671354002737266
0.4859206026784746,0.4027522968726065
0.21103545426418013,1.975641322187069
0.38341147967859723,1.3499719293820243
1.900437183852591,0.028933174157668384
1.5726772146955865,0.869294564435704
1.8067846538767713,0.29115472665807096
1.224972433343835,0.3707071950018779
1.3806424032022317,1.578141083767292
1.0823622037328522,1.4854907645585276
0.07398285944941141,0.9932594088686415
1.041147009299918,1.7173412673533959
0.7389123681135912,0.4521246829097638
0.8214836814341775,1.6780579647490115
1.6958215414216575,0.21990935104044795
0.7948567637191231,1.3158744443530126
0.8835187489262881,1.5511873786972799
1.3262321268128778,0.723729609252034
0.07842623458752862,1.755643311791038
1.6344390350118816,1.6833097626296127
1.7946444533514896,1.1301108118711751
0.13057846292300956,0.07550610367485078
0.20807156044767172,1.8662123963147232
0.9769179337526588,1.1864167550046871
1.1313304593199764,0.9388071497222037
1.4784984981382268,0.1695717589817194
1.7330215896106287,1.1726875734733535
1.4966611154397687,0.1846248365911043
0.957912842788444,0.6014890853101487
0.6194174302644677,1.233906857073869
1.95843865993917,1.715799117138914
0.7758025845120846,1.2668741944119892
1.4708871278332158,0.7250010663512791
1.8655135990027334,0.46733795174854387
1.9844863479606567,1.8812062392169608
1.972874482533244,1.043242877007491
0.9284768239756496,1.5757944486871995
0.43104509649815803,1.183905991399003
1.5324385183976619,0.10941145127838614
0.1511193619521094,1.4936094770748514
0.5341087462087544,0.07249073026605224
1.9929586209107528,1.8973872174967883
0.2564318235852838,1.4018472332428984
0.4549577461878125,1.6112173129545813
0.05432572579928907,0.9496116376150243
0.8191508707068611,1.4753788625319957
0.3621277973345487,0.9937989779143901
1.690225720495338,0.21207707143542653
1.1428047155084786,1.1954287901473304
0.15216281152123035,1.8427697134938847
1.4376638617584796,0.9756924654099444
0.27192829048846523,1.3668940734536936
1.9550538599477305,1.0502551448351327
1.1659554933503236,1.3383408978181826
0.9961754924509638,1.6698300707916773
0.08717608789402265,0.4728531482291318
0.6861168180015027,1.4647415870103955
0.9397517873003092,0.8653138904707462
0.6681046903581151,0.32562699954130037
1.2459311952824532,1.609057301209103
0.19178643912614302,0.8933667136058538
0.0742056932305073,0.9595940771630775
1.1558391362844127,0.23860322971923664
0.1383674642025008,0.9952654401919736
1.620785709849566,1.7177394587982866
0.7776730581475966,0.6461536632894371
1.5762585817903598,0.3400350731496016
0.9356856663857409,0.9447043967506701
0.5613021258169533,0.3075118952194702
1.901946852007859,0.7019119585819753
1.6929242234482065,0.1958349910160031
0.685811771657852,0.6304155067866515
1.7945715810032035,1.3214584771413653
0.6736717356851596,0.9738152041476973
0.1787809412328516,1.9393813420602708
0.518108258437687,0.09242459823961835
