1.0,1.0
0.7635697807728108,0.41827054149605614
1.0736572809714626,0.10862547464856309
0.7773916953236131,1.2591047555900117
1.5841352712457946,1.6275783282281269
1.9137652004280352,1.5038120189699828
1.6401081259842223,1.7704594640107782
1.3950567635129352,0.010888598326759702
1.3128499548145462,0.4012588072709973
1.7376029495756053,1.8607433158231361
0.8346683235293644,1.0493559028921216
1.3967957434689633,1.2518972385883338
0.3212669627781033,1.9268841797257263
0.35258788686919473,0.5248579540036391
1.5406382637723601,0.45470908526874565
0.5647798604271907,0.8745616609758817
1.82040538149407,0.25839678454943527
1.908740618204675,0.34720154327313124
0.6647273001283878,1.59784534764614
0.257331034587041,1.1136604237640715
0.6122209258196207,0.11216629461801042
0.9093714976351812,1.896712110322874
1.6977115639871592,1.5968766433263548
0.5483225776604204,0.18023322509628192
0.3747438418864457,1.3733473270870598
0.29760573581933736,1.0867684967127884
1.2758696473114821,1.659572139219663
0.8981223203841844,1.6440216600454045
0.9879131891001669,0.7896130625954603
0.4053909915927454,1.485613034967093
1.1487505220831804,1.7077135781749309
0.9043382368913031,1.049690408167098
1.7857786602693715,0.34147369864097743
1.8249168313858737,1.5630749753248423
1.5987505379745341,0.8221888521550202
0.5683308853206688,0.8312859340128689
1.7699223260722357,1.4915123124987242
0.15112647551775793,0.02637312104693712
0.29403487272130335,1.0375060478396463
1.510839916117349,1.80943952776291
0.33547208023155783,0.4072606162640371
1.7669411896881628,1.042228123251268
1.0417445357506216,0.5565628067739452
1.2745472360973895,1.4912374689273171
0.11761231831293051,1.9838420241038737
0.4768118491561266,1.5227585923756382
1.4737851355760985,1.268710572655621
0.3134311582677278,1.206394448924886
0.7885959029619607,1.2780578841082162
0.9539503165432759,1.2400625545463697
0.3909555793307351,1.6006681339811197
0.8528485153833041,1.2165957603700774
1.7810989454500707,0.4901736819043807
0.11211225691814786,0.1991208631338428
0.21204051152944636,0.7720426302231236
1.0587034660420263,0.10057358249025361
0.9737822439931856,0.631558360963004
1.4705953893103112,0.4161812276010681
1.7697780973283264,0.25125487557365567
1.8680361809324977,0.28553233473639694
0.9354333331162492,1.275866994348871
1.1348028709868303,0.5198359596689677
0.1848160500616658,1.735373426019448
0.7359435877945755,0.2835676649934522
0.6208463754285798,1.032533962864746
0.4444603107152727,1.1148328160118801
1.18449455232626,1.3862179073314713
0.6355642226434577,1.7724186617151554
0.65381733025624,0.538477666147416
1.892667716165959,1.5504922606295828
0.4978669554576902,1.2104429586371015
1.8305767894628633,0.7277387242761657
0.37505408432067644,0.9152423241045833
0.734414348944068,0.23737728639500277
0.29894050578505715,0.5936856187685071
1.5230328358205492,0.5685711853345188
1.5462282106262097,1.8447454944387813
0.4474926551507743,0.942525989874649
0.0774039990973685,1.6126909517125367
0.4043797094165611,0.06812664608484287
1.2562549879387421,0.9010723381456931
1.0677503334265837,1.6961232333270067
0.5055523007550242,0.583590768103633
1.5884126388297144,1.4548698990639666
0.50493614403413,0.5165898784422664
1.576926786344654,1.3347654001092277
1.2584617788138233,1.9621482438391458
1.3749371261913308,0.13579470326944354
1.0156398659472874,1.8413829148039835
0.4893518992615904,0.04622522434191012
0.9231211606297962,1.2169312169811681
1.5313333285857038,1.0038727045594877
0.02935258176963562,0.013170870248717659
0.3520602273820481,1.2204523778883396
1.3233445631743233,1.6057106249812139
1.150934888210088,0.8053684988248035
0.5070339494779881,1.2416675063187215
0.2822786212785868,0.14211858894454887
1.217132633871384,0.8786063965890631
0.6146526113438024,1.2705091928515755
1.8089826260543498,1.8264448929175734
1.7017941996357335,1.2179919427412722
1.9678236839318168,0.6437130050895363
1.7383528914635324,0.8785210489215938
1.2505473347811185,0.9867289443080416
1.6541020915391516,0.0864152707348751
1.1450294979044524,1.8729322869511775
0.9699071730634441,0.4259224563305304
