1.0,1.0
1.529330747996034,0.8728178660552575
1.4773133100512714,0.5691307738173061
1.4773133100512714,0.5691307738173061
1.5404222191210983,0.1265376808902574
1.5404222191210983,0.1265376808902574
1.5404222191210983,0.1265376808902574
0.8453572634622659,1.2473750371302992
0.8453572634622659,1.2473750371302992
0.8453572634622659,1.2473750371302992
0.8453572634622659,1.2473750371302992
0.3804965744994395,1.580361889921087
0.3804965744994395,1.580361889921087
0.3804965744994395,1.580361889921087
0.3804965744994395,1.580361889921087
0.3804965744994395,1.580361889921087
1.3087570925745855,1.201714835074707
1.3087570925745855,1.201714835074707
1.3087570925745855,1.201714835074707
1.3087570925745855,1.201714835074707
1.3087570925745855,1.201714835074707
1.3087570925745855,1.201714835074707
1.3087570925745855,1.201714835074707
1.3087570925745855,1.201714835074707
1.0816762267138313,0.7853738656130427
1.0816762267138313,0.7853738656130427
1.0816762267138313,0.7853738656130427
1.0816762267138313,0.7853738656130427
1.0816762267138313,0.7853738656130427
1.0816762267138313,0.7853738656130427
1.0816762267138313,0.7853738656130427
1.0816762267138313,0.7853738656130427
1.0816762267138313,0.7853738656130427
1.0816762267138313,0.7853738656130427
1.0816762267138313,0.7853738656130427
1.0816762267138313,0.7853738656130427
1.0816762267138313,0.7853738656130427
1.0816762267138313,0.7853738656130427
1.0816762267138313,0.7853738656130427
1.0816762267138313,0.7853738656130427
1.0816762267138313,0.7853738656130427
1.0816762267138313,0.7853738656130427
1.0816762267138313,0.7853738656130427
0.3420276760626981,0.5654400500808685
0.3420276760626981,0.5654400500808685
0.3420276760626981,0.5654400500808685
0.3420276760626981,0.5654400500808685
0.3420276760626981,0.5654400500808685
0.3420276760626981,0.5654400500808685
0.3420276760626981,0.5654400500808685
0.3420276760626981,0.5654400500808685
0.3420276760626981,0.5654400500808685
0.3420276760626981,0.5654400500808685
0.3420276760626981,0.5654400500808685
0.3420276760626981,0.5654400500808685
0.3420276760626981,0.5654400500808685
0.3420276760626981,0.5654400500808685
0.3420276760626981,0.5654400500808685
0.3420276760626981,0.5654400500808685
0.3420276760626981,0.5654400500808685
0.3420276760626981,0.5654400500808685
0.3420276760626981,0.5654400500808685
0.3420276760626981,0.5654400500808685
0.3420276760626981,0.5654400500808685
0.3420276760626981,0.5654400500808685
0.3420276760626981,0.5654400500808685
0.3420276760626981,0.5654400500808685
1.3769585794073658,0.42697464745694735
1.3769585794073658,0.42697464745694735
1.3769585794073658,0.42697464745694735
1.3769585794073658,0.42697464745694735
1.3769585794073658,0.42697464745694735
1.3769585794073658,0.42697464745694735
1.3769585794073658,0.42697464745694735
1.3769585794073658,0.42697464745694735
1.3769585794073658,0.42697464745694735
1.3769585794073658,0.42697464745694735
1.3769585794073658,0.42697464745694735
1.3769585794073658,0.42697464745694735
1.3769585794073658,0.42697464745694735
1.3769585794073658,0.42697464745694735
1.3769585794073658,0.42697464745694735
1.3769585794073658,0.42697464745694735
1.3769585794073658,0.42697464745694735
1.3769585794073658,0.42697464745694735
1.3769585794073658,0.42697464745694735
1.3769585794073658,0.42697464745694735
1.3769585794073658,0.42697464745694735
1.3769585794073658,0.42697464745694735
1.3769585794073658,0.42697464745694735
1.3769585794073658,0.42697464745694735
1.3769585794073658,0.42697464745694735
1.3769585794073658,0.42697464745694735
1.3769585794073658,0.42697464745694735
1.3769585794073658,0.42697464745694735
1.3769585794073658,0.42697464745694735
1.3769585794073658,0.42697464745694735
1.3769585794073658,0.42697464745694735
1.3769585794073658,0.42697464745694735
1.3769585794073658,0.42697464745694735
1.3769585794073658,0.42697464745694735
1.3769585794073658,0.42697464745694735
1.3769585794073658,0.42697464745694735
1.3769585794073658,0.42697464745694735
1.3769585794073658,0.42697464745694735
1.4654356659841248,0.8217141004685948
1.4654356659841248,0.8217141004685948
1.4654356659841248,0.8217141004685948
1.4654356659841248,0.8217141004685948
1.4654356659841248,0.8217141004685948
1.4654356659841248,0.8217141004685948
1.4654356659841248,0.8217141004685948
1.4654356659841248,0.8217141004685948
1.4654356659841248,0.8217141004685948
1.4654356659841248,0.8217141004685948
1.4654356659841248,0.8217141004685948
1.4654356659841248,0.8217141004685948
1.4654356659841248,0.8217141004685948
1.4654356659841248,0.8217141004685948
1.4654356659841248,0.8217141004685948
1.4654356659841248,0.8217141004685948
1.4654356659841248,0.8217141004685948
1.4654356659841248,0.8217141004685948
1.4654356659841248,0.8217141004685948
1.4654356659841248,0.8217141004685948
1.4654356659841248,0.8217141004685948
1.4654356659841248,0.8217141004685948
1.4654356659841248,0.8217141004685948
1.4654356659841248,0.8217141004685948
1.4654356659841248,0.8217141004685948
1.4654356659841248,0.8217141004685948
1.4654356659841248,0.8217141004685948
1.4654356659841248,0.8217141004685948
1.4654356659841248,0.8217141004685948
1.4654356659841248,0.8217141004685948
1.4654356659841248,0.8217141004685948
1.4654356659841248,0.8217141004685948
1.4654356659841248,0.8217141004685948
1.4654356659841248,0.8217141004685948
1.4654356659841248,0.8217141004685948
1.4654356659841248,0.8217141004685948
1.4654356659841248,0.8217141004685948
1.4654356659841248,0.8217141004685948
1.4654356659841248,0.8217141004685948
1.4654356659841248,0.8217141004685948
1.4654356659841248,0.8217141004685948
1.4654356659841248,0.8217141004685948
1.4654356659841248,0.8217141004685948
1.4654356659841248,0.8217141004685948
1.4654356659841248,0.8217141004685948
1.4654356659841248,0.8217141004685948
1.4654356659841248,0.8217141004685948
1.4654356659841248,0.8217141004685948
1.4654356659841248,0.8217141004685948
1.4654356659841248,0.8217141004685948
1.4654356659841248,0.8217141004685948
1.4654356659841248,0.8217141004685948
1.4654356659841248,0.8217141004685948
1.4654356659841248,0.8217141004685948
1.4654356659841248,0.8217141004685948
1.4654356659841248,0.8217141004685948
1.4654356659841248,0.8217141004685948
1.4654356659841248,0.8217141004685948
1.4654356659841248,0.8217141004685948
1.4654356659841248,0.8217141004685948
1.4654356659841248,0.8217141004685948
1.4654356659841248,0.8217141004685948
1.4654356659841248,0.8217141004685948
1.4654356659841248,0.8217141004685948
1.4654356659841248,0.8217141004685948
1.4654356659841248,0.8217141004685948
1.4654356659841248,0.8217141004685948
1.4654356659841248,0.8217141004685948
1.4654356659841248,0.8217141004685948
1.4654356659841248,0.8217141004685948
1.4654356659841248,0.8217141004685948
1.4654356659841248,0.8217141004685948
1.4654356659841248,0.8217141004685948
1.4654356659841248,0.8217141004685948
1.4654356659841248,0.8217141004685948
1.4654356659841248,0.8217141004685948
