1.0,1.0
1.7042504874334796,0.3216632032780258
1.103009767507288,0.37922546746878005
1.103009767507288,0.37922546746878005
1.624539338728379,0.06984206289378192
1.624539338728379,0.06984206289378192
1.624539338728379,0.06984206289378192
0.5723169814330782,1.6942070979705028
1.1101291745513444,0.6788227891239305
1.1101291745513444,0.6788227891239305
1.1101291745513444,0.6788227891239305
1.1101291745513444,0.6788227891239305
1.1101291745513444,0.6788227891239305
1.1101291745513444,0.6788227891239305
1.1101291745513444,0.6788227891239305
1.8095852959400909,0.22068815338398595
1.8095852959400909,0.22068815338398595
1.8095852959400909,0.22068815338398595
1.8095852959400909,0.22068815338398595
1.8095852959400909,0.22068815338398595
1.8095852959400909,0.22068815338398595
1.8095852959400909,0.22068815338398595
1.8095852959400909,0.22068815338398595
1.8095852959400909,0.22068815338398595
1.8095852959400909,0.22068815338398595
1.8095852959400909,0.22068815338398595
1.8095852959400909,0.22068815338398595
1.8095852959400909,0.22068815338398595
0.4715620672886365,0.724906348554444
0.4715620672886365,0.724906348554444
0.4715620672886365,0.724906348554444
0.4715620672886365,0.724906348554444
0.4715620672886365,0.724906348554444
0.4715620672886365,0.724906348554444
0.4715620672886365,0.724906348554444
0.4715620672886365,0.724906348554444
0.4715620672886365,0.724906348554444
0.4715620672886365,0.724906348554444
0.4715620672886365,0.724906348554444
1.0813930241120095,0.6060232490944639
1.0813930241120095,0.6060232490944639
1.0813930241120095,0.6060232490944639
1.0813930241120095,0.6060232490944639
1.0813930241120095,0.6060232490944639
1.0813930241120095,0.6060232490944639
1.0813930241120095,0.6060232490944639
1.0813930241120095,0.6060232490944639
1.0813930241120095,0.6060232490944639
1.0813930241120095,0.6060232490944639
1.0813930241120095,0.6060232490944639
1.0813930241120095,0.6060232490944639
1.0813930241120095,0.6060232490944639
1.0813930241120095,0.6060232490944639
1.0813930241120095,0.6060232490944639
1.0813930241120095,0.6060232490944639
1.0813930241120095,0.6060232490944639
1.0813930241120095,0.6060232490944639
1.0813930241120095,0.6060232490944639
1.0813930241120095,0.6060232490944639
1.0813930241120095,0.6060232490944639
1.0813930241120095,0.6060232490944639
1.0813930241120095,0.6060232490944639
1.0813930241120095,0.6060232490944639
1.0813930241120095,0.6060232490944639
1.0813930241120095,0.6060232490944639
1.0813930241120095,0.6060232490944639
1.0813930241120095,0.6060232490944639
1.0813930241120095,0.6060232490944639
1.0813930241120095,0.6060232490944639
1.0813930241120095,0.6060232490944639
1.0813930241120095,0.6060232490944639
1.0813930241120095,0.6060232490944639
1.0813930241120095,0.6060232490944639
1.0813930241120095,0.6060232490944639
1.0813930241120095,0.6060232490944639
1.0813930241120095,0.6060232490944639
1.0813930241120095,0.6060232490944639
1.3343356199601375,0.07765275847679609
1.3343356199601375,0.07765275847679609
1.3343356199601375,0.07765275847679609
1.3343356199601375,0.07765275847679609
1.3343356199601375,0.07765275847679609
1.3343356199601375,0.07765275847679609
1.3343356199601375,0.07765275847679609
1.3343356199601375,0.07765275847679609
1.3343356199601375,0.07765275847679609
1.3343356199601375,0.07765275847679609
1.3343356199601375,0.07765275847679609
1.3343356199601375,0.07765275847679609
1.3343356199601375,0.07765275847679609
1.3343356199601375,0.07765275847679609
1.3343356199601375,0.07765275847679609
1.3343356199601375,0.07765275847679609
1.3343356199601375,0.07765275847679609
1.3343356199601375,0.07765275847679609
1.3343356199601375,0.07765275847679609
1.3343356199601375,0.07765275847679609
1.3343356199601375,0.07765275847679609
1.3343356199601375,0.07765275847679609
1.3343356199601375,0.07765275847679609
1.3343356199601375,0.07765275847679609
1.3343356199601375,0.07765275847679609
1.3343356199601375,0.07765275847679609
1.3343356199601375,0.07765275847679609
1.3343356199601375,0.07765275847679609
1.3343356199601375,0.07765275847679609
1.3343356199601375,0.07765275847679609
1.3343356199601375,0.07765275847679609
1.3343356199601375,0.07765275847679609
1.3343356199601375,0.07765275847679609
1.3343356199601375,0.07765275847679609
1.3343356199601375,0.07765275847679609
1.3343356199601375,0.07765275847679609
1.3343356199601375,0.07765275847679609
1.3343356199601375,0.07765275847679609
1.3343356199601375,0.07765275847679609
1.3343356199601375,0.07765275847679609
1.3343356199601375,0.07765275847679609
1.3343356199601375,0.07765275847679609
1.3343356199601375,0.07765275847679609
1.3343356199601375,0.07765275847679609
1.3343356199601375,0.07765275847679609
1.3343356199601375,0.07765275847679609
1.3343356199601375,0.07765275847679609
1.3343356199601375,0.07765275847679609
1.3343356199601375,0.07765275847679609
1.3343356199601375,0.07765275847679609
1.3343356199601375,0.07765275847679609
1.3343356199601375,0.07765275847679609
1.3343356199601375,0.07765275847679609
1.3343356199601375,0.07765275847679609
1.3343356199601375,0.07765275847679609
1.3343356199601375,0.07765275847679609
1.3343356199601375,0.07765275847679609
1.3343356199601375,0.07765275847679609
1.3343356199601375,0.07765275847679609
1.3343356199601375,0.07765275847679609
1.3343356199601375,0.07765275847679609
1.3343356199601375,0.07765275847679609
1.3343356199601375,0.07765275847679609
1.3343356199601375,0.07765275847679609
1.3343356199601375,0.07765275847679609
