1.0,1.0
1.117642475371602,1.0005168610361816
0.8751644273475447,0.5039119952613722
1.6262777898600638,1.2143728565562824
1.8852301674117315,0.5891354724440803
0.5706639299797607,0.001066334875146513
0.3337861071082753,1.5946628907353575
0.02051206298715802,1.3366581034566347
0.5764691275578837,0.25455713579289485
1.6151901046950345,1.4186196633641506
0.019685655960486326,0.4560361979028169
1.1020569759954755,1.814337636366909
0.17969787764740586,0.36377118538330855
1.463692866118654,1.7518314343690664
0.11204254162124538,1.3123644368931828
0.263750375065386,0.6721929051486935
1.3335295300263852,1.26228420489579
0.09499568706312678,0.7060282178317572
1.0247889912097436,0.8132717725114675
1.5777106274799058,1.5293416869275136
0.13064901866434275,0.7580797326380517
1.1696921708609225,1.7661907923553102
1.405573225130079,1.8683191546099442
0.09931002910913711,1.380911298552708
1.3736215762171335,1.8886792577897342
1.4928520473998816,0.12380368798794827
0.16133603139573016,1.29884873897679
0.7468193793661511,0.12349392123150538
0.24026671425241553,1.752960325296868
1.6443841892518993,1.2064107052627593
1.844107655746552,1.8437474718095652
0.7403301152971877,0.3854712273265364
0.10375644282432384,1.7473407749593186
1.8630728143720678,0.512119743984397
0.1287010722493489,1.6768567120359164
0.3634587074825053,0.151253557441827
1.8902059774264275,1.8439862757847865
1.177386223924083,1.9290644090080156
0.0337025624190086,1.3997011250621139
1.332879189647998,0.4122600925972735
1.7173950603735937,1.3335355458791707
0.3277420314596091,1.2489097542661733
0.9985548853609791,1.0259464551845865
0.5211972743637621,0.5885853445022802
1.9959543240024256,0.0176621694887944
1.943264029401203,0.6032770935454024
1.7259950964339783,0.4017183817492218
1.998514149093808,0.6179825646938326
1.453962370298255,1.326496747198878
0.8308228102374708,0.9183100584866521
1.7871621610613866,0.8161724720171424
1.4332384639582356,0.8153685361932874
1.0469781824711262,1.0165087339715768
1.6266801868213905,1.5087957152254725
0.412182150500664,0.4425228256122713
0.3901712194474689,0.6343830477101529
1.4856349832682305,1.458355535791155
1.7944894877486517,1.5957108324609535
0.9389824508406655,1.041201313268384
0.40253547693091796,0.16752941912583474
0.10858711911323238,1.914105987472361
0.9181231585716301,1.4782097593645684
1.9640905524613255,0.10561990674612609
1.476877851138554,1.4936396690687597
0.02077441248795453,0.7567358854034472
0.7912495768831382,1.1447085982666
1.8874172647542315,0.8443917393335432
1.3612068056659699,0.06991074491624683
1.8572092897368286,0.7794682731092024
0.816042391585097,0.0039463711458209705
1.3800796823463695,0.5513964627348646
1.7022123465290537,0.8764880803585302
0.3483397580727945,1.5388940743035964
1.6834752369011001,0.49487696135825
0.9365636736438572,1.497937317424916
0.5332033512628274,1.6555408663436872
1.228576439940188,1.1479485885382097
0.9216662411820569,0.1555048189355248
1.1248759191710194,0.0025139900118702485
0.8588757032637666,0.14269419573071396
0.48097200309570254,1.8044227370852728
0.49305293939128303,1.6866861261336068
0.7915121932935101,1.773361645167929
1.7873322365236557,0.47694495454874186
1.8890556616031984,0.08592392065112331
0.7791597370328374,0.9575544525329143
0.18747272734883547,0.8074174626021886
0.09987892143858734,0.5099096735084783
0.7804085730525934,1.4320503892208067
0.6417100121006665,0.9975875442524438
1.9030074823008407,1.147396695967091
0.2943035427481584,0.2557366615071044
1.7054369963484655,1.7451138901445669
0.6350672811737779,0.13430990316598423
0.9877945729000865,0.017053491458966397
0.7388346850192307,0.6069379794448211
0.20622844299578058,1.8656699680229742
1.2637862446608454,1.5788886927126369
0.45602370203382137,1.8537872432480005
0.11094994045629147,0.8825769533021341
0.8841464974012436,1.5628033691636405
0.9556060869479583,0.21619345362140474
0.5251691734130386,0.5666987045084668
0.6786669207644782,1.3110311560069783
1.7853244986595809,1.011855963790877
0.8808681327391108,0.41677721244042076
0.5781947019950038,0.6557228339983201
1.0565493281011988,1.2756692836179968
1.7892480691636303,0.6494266047297206
1.6160746759668794,0.24821309295651672
0.7685881994775643,0.6558668029270003
0.8445016516709472,0.9834294303823443
0.2591598449857935,0.5567803460810288
1.8096696788994262,0.9128897507022891
1.9924743948745263,1.9374401906068985
1.4295479163830613,1.7018783112283935
1.031883205910494,0.7705478587933143
0.3958406194342574,0.7931189418288298
1.858213181309508,0.5720895369895702
0.5174960107124771,0.8138228051926286
