1.0,1.0
0.6737221931906334,1.7463544673156652
1.4752813664921445,0.0008529114775890356
0.13289088194113186,1.406848715119892
0.45739131332600014,0.8602480576713416
1.6249178452577915,1.1763595772474489
1.300379033004865,0.6179374486363078
1.0320864166181563,0.5256564110245414
1.0664217292181613,0.700157498786923
1.6763920009970286,0.21191976707365878
1.3129512891291666,0.9609144067287085
0.9397636913006733,1.5957862232042441
0.26931816045290047,0.9745771506705272
0.23281206618571582,0.7280597351689941
1.904024286090276,1.0256861026403847
0.09281350480529205,0.929484899208292
0.19704018470803453,1.5645327213404963
0.11586648966138235,0.3973629376712493
1.8016019560787522,0.8143834423353833
0.5877105403199689,0.3558202969956292
1.9013030325037286,1.5649067872821332
0.6397629571101555,0.23379031639873982
0.9330564153749992,1.8932951131394136
1.217233465735514,1.7887244281300652
1.5757668760820323,0.6174493149690159
1.500591139595163,1.5262266843369434
0.5300053297129326,0.08107461066334287
0.9623719154971768,1.7371422900089872
0.3285101960722696,1.488133223646081
0.735606076117113,1.383453389237112
1.4892959941845156,0.3892837248430805
0.3396958387425455,0.361760786081359
0.9965894859651123,1.0056913568659032
0.9633624855796454,0.30306540185410547
1.8366258615337858,0.08737469806491616
1.1565828490602936,1.5287727402378248
0.05031632914995887,0.4850176385993792
1.8412471263651637,1.0592961557007194
1.2348031017221122,0.4256222857304066
0.5858812014496069,1.6351841411171937
0.21321446923622656,0.7666498110665274
0.4912815506147552,0.4886054976954559
1.3361138819914813,0.7597534516196305
0.2661550596924944,1.3064477754816914
1.487311026507922,1.8462804753349589
0.0918707445404503,1.80980630655962
0.0619031465090325,1.0184804130351717
1.9560814470458578,0.6890469670156592
1.1734300816153178,1.5254401011114325
1.2142398602267892,1.574520442746695
0.7444445776138111,0.9706059567772027
0.4768603790567474,1.8657281851936964
0.7838581711870463,1.3917995233024294
1.4916612383876686,0.1493530476349405
0.619357778778479,1.0239645764222702
0.5245613695863309,1.0182866630146317
1.8609558640895518,1.1026802493427543
1.6737813608213912,1.5259652132934007
0.8215505650281427,0.48075497351903795
0.7024153251003138,0.9008189564319706
0.46584867837503774,0.09568421676707439
1.2079392621820373,0.4233320359037145
0.8512458793746922,0.599355527495699
0.09718263087372714,0.26468402156491644
0.23922803178602203,0.8992727184055405
0.41012029913988024,0.9556781651902988
1.7004682139401601,0.5960794368862876
0.8339152027917811,1.268352324299852
1.6397817987217684,0.7244393291328202
0.9169587460962216,0.6821785680921959
1.1343122824457814,1.96587738102041
1.2391272502514523,0.8292301504284225
1.4619579705676087,1.0956265957262854
1.5005179384884009,1.7926357285348522
1.0206747544296617,0.9554642720875932
1.8968861017005996,1.8033868326555311
0.8183733182504662,1.7902832182919495
0.2356570261756603,0.8513877961844374
0.05620164512396797,1.2708695958481508
1.780133557370927,0.5367055303405295
0.6610289439092256,0.44349352778832873
1.5252339994209627,0.7886844845650447
1.3299864145459097,1.5531295212206675
1.4424904814960393,0.44083564948516796
0.43256010129962874,0.2812969012280142
1.7509326404718262,1.429147784475116
1.6016440799967904,0.7821627703339313
0.6920896514436901,0.2340805987109511
1.5940927767507342,0.7431336582533012
0.38429743099881586,0.6342516128426945
1.1580046787018898,0.2764963121806301
0.7892347109624236,1.5078070281470146
1.6561494434631634,1.7099023253703103
1.4688931056437886,1.1661802869161588
1.7090451221793497,1.985276443791388
1.2037574599050997,0.17309231650432855
1.56897780587128,0.5279442464337074
0.5329628295356414,0.4240690609572346
1.6012983889833488,1.695328975156011
0.5934310557478819,0.22581973298424107
1.1918156591595597,1.5359355988011183
0.6150267640574667,0.8584699021201447
0.4650085202165608,1.359745305334491
0.5475981828947731,0.9259246167101678
1.99552494472994,1.4639071112992053
0.1367290909806389,1.6096143120185198
0.5770515409393573,1.1050727193519922
1.6014996828764678,1.2282038694346145
1.0013267246981146,0.4139755987698339
0.7012681736140887,1.2818818115289952
0.04755949314825347,0.820405939410773
1.6495794230860308,0.42983084726268994
1.8869336054888124,1.530496217084539
1.2673745876524694,0.8111567717522234
0.002842594947856769,0.20224111566166436
1.4555241200127869,1.6559766906656577
0.29690934088851484,0.08372568221332655
1.376838003945055,0.8900755892271339
0.859270841550595,0.04056477562684324
1.5998486046093956,1.5599005803444144
