1.0,1.0
0.6184778779072824,1.6520827054132299
0.06665683272117073,1.42039886239677
0.41945886318825054,1.6015159384753455
0.41945886318825054,1.6015159384753455
0.41945886318825054,1.6015159384753455
1.0032322065185038,0.5679969331797721
0.4622644826622264,1.32831251529619
0.4622644826622264,1.32831251529619
0.4622644826622264,1.32831251529619
0.4622644826622264,1.32831251529619
0.4622644826622264,1.32831251529619
0.4622644826622264,1.32831251529619
0.4622644826622264,1.32831251529619
1.3059152527665963,0.7990141672065509
1.3059152527665963,0.7990141672065509
1.3059152527665963,0.7990141672065509
1.3059152527665963,0.7990141672065509
1.3059152527665963,0.7990141672065509
1.3059152527665963,0.7990141672065509
1.3059152527665963,0.7990141672065509
1.3059152527665963,0.7990141672065509
1.3059152527665963,0.7990141672065509
1.177825399828009,0.8235787245093593
1.177825399828009,0.8235787245093593
1.177825399828009,0.8235787245093593
1.177825399828009,0.8235787245093593
1.177825399828009,0.8235787245093593
1.177825399828009,0.8235787245093593
1.177825399828009,0.8235787245093593
1.177825399828009,0.8235787245093593
1.177825399828009,0.8235787245093593
1.177825399828009,0.8235787245093593
1.177825399828009,0.8235787245093593
1.177825399828009,0.8235787245093593
1.177825399828009,0.8235787245093593
1.177825399828009,0.8235787245093593
1.177825399828009,0.8235787245093593
1.177825399828009,0.8235787245093593
1.177825399828009,0.8235787245093593
1.177825399828009,0.8235787245093593
1.177825399828009,0.8235787245093593
1.4037835581880862,1.9468078782972602
0.576295934822125,0.6852607578055814
0.576295934822125,0.6852607578055814
0.576295934822125,0.6852607578055814
0.576295934822125,0.6852607578055814
0.576295934822125,0.6852607578055814
0.576295934822125,0.6852607578055814
0.576295934822125,0.6852607578055814
0.576295934822125,0.6852607578055814
0.576295934822125,0.6852607578055814
0.576295934822125,0.6852607578055814
0.576295934822125,0.6852607578055814
0.576295934822125,0.6852607578055814
0.576295934822125,0.6852607578055814
0.576295934822125,0.6852607578055814
0.576295934822125,0.6852607578055814
0.576295934822125,0.6852607578055814
0.576295934822125,0.6852607578055814
0.576295934822125,0.6852607578055814
0.576295934822125,0.6852607578055814
0.576295934822125,0.6852607578055814
0.576295934822125,0.6852607578055814
0.576295934822125,0.6852607578055814
0.576295934822125,0.6852607578055814
0.576295934822125,0.6852607578055814
0.576295934822125,0.6852607578055814
0.576295934822125,0.6852607578055814
0.576295934822125,0.6852607578055814
0.576295934822125,0.6852607578055814
0.576295934822125,0.6852607578055814
0.576295934822125,0.6852607578055814
0.576295934822125,0.6852607578055814
0.576295934822125,0.6852607578055814
0.576295934822125,0.6852607578055814
0.576295934822125,0.6852607578055814
0.576295934822125,0.6852607578055814
0.576295934822125,0.6852607578055814
0.576295934822125,0.6852607578055814
0.576295934822125,0.6852607578055814
0.576295934822125,0.6852607578055814
0.576295934822125,0.6852607578055814
0.576295934822125,0.6852607578055814
0.576295934822125,0.6852607578055814
0.9419497117984881,1.8701981550232363
0.9419497117984881,1.8701981550232363
0.9419497117984881,1.8701981550232363
0.9419497117984881,1.8701981550232363
0.9419497117984881,1.8701981550232363
0.9419497117984881,1.8701981550232363
0.9419497117984881,1.8701981550232363
0.9419497117984881,1.8701981550232363
0.9419497117984881,1.8701981550232363
0.9419497117984881,1.8701981550232363
0.9419497117984881,1.8701981550232363
0.9419497117984881,1.8701981550232363
0.9419497117984881,1.8701981550232363
0.9419497117984881,1.8701981550232363
0.4110231866907963,1.0999796700982207
0.4110231866907963,1.0999796700982207
0.4110231866907963,1.0999796700982207
0.4110231866907963,1.0999796700982207
0.4110231866907963,1.0999796700982207
0.4110231866907963,1.0999796700982207
0.4110231866907963,1.0999796700982207
0.4110231866907963,1.0999796700982207
0.4110231866907963,1.0999796700982207
0.4110231866907963,1.0999796700982207
0.4110231866907963,1.0999796700982207
0.4110231866907963,1.0999796700982207
0.4110231866907963,1.0999796700982207
0.4110231866907963,1.0999796700982207
0.4110231866907963,1.0999796700982207
0.4110231866907963,1.0999796700982207
0.4110231866907963,1.0999796700982207
0.4110231866907963,1.0999796700982207
0.4110231866907963,1.0999796700982207
0.4110231866907963,1.0999796700982207
0.4110231866907963,1.0999796700982207
0.4110231866907963,1.0999796700982207
0.4110231866907963,1.0999796700982207
0.4110231866907963,1.0999796700982207
0.4110231866907963,1.0999796700982207
0.4110231866907963,1.0999796700982207
0.4110231866907963,1.0999796700982207
0.4110231866907963,1.0999796700982207
0.4110231866907963,1.0999796700982207
0.4110231866907963,1.0999796700982207
0.4110231866907963,1.0999796700982207
0.4110231866907963,1.0999796700982207
0.4110231866907963,1.0999796700982207
0.4110231866907963,1.0999796700982207
0.4110231866907963,1.0999796700982207
0.4110231866907963,1.0999796700982207
0.4110231866907963,1.0999796700982207
0.4110231866907963,1.0999796700982207
0.4110231866907963,1.0999796700982207
0.4110231866907963,1.0999796700982207
0.4110231866907963,1.0999796700982207
0.4110231866907963,1.0999796700982207
0.4110231866907963,1.0999796700982207
0.4110231866907963,1.0999796700982207
0.4110231866907963,1.0999796700982207
0.4110231866907963,1.0999796700982207
0.4110231866907963,1.0999796700982207
0.4110231866907963,1.0999796700982207
0.4110231866907963,1.0999796700982207
0.4110231866907963,1.0999796700982207
0.4110231866907963,1.0999796700982207
0.4110231866907963,1.0999796700982207
0.4110231866907963,1.0999796700982207
0.4110231866907963,1.0999796700982207
0.4110231866907963,1.0999796700982207
0.4110231866907963,1.0999796700982207
0.4110231866907963,1.0999796700982207
0.4110231866907963,1.0999796700982207
0.4110231866907963,1.0999796700982207
0.4110231866907963,1.0999796700982207
0.4110231866907963,1.0999796700982207
0.4110231866907963,1.0999796700982207
0.4110231866907963,1.0999796700982207
0.4110231866907963,1.0999796700982207
0.4110231866907963,1.0999796700982207
0.4110231866907963,1.0999796700982207
0.4110231866907963,1.0999796700982207
0.4110231866907963,1.0999796700982207
0.4110231866907963,1.0999796700982207
0.4110231866907963,1.0999796700982207
0.4110231866907963,1.0999796700982207
0.4110231866907963,1.0999796700982207
0.4110231866907963,1.0999796700982207
0.4110231866907963,1.0999796700982207
0.4110231866907963,1.0999796700982207
0.4110231866907963,1.0999796700982207
0.4110231866907963,1.0999796700982207
0.4110231866907963,1.0999796700982207
0.4110231866907963,1.0999796700982207
0.4110231866907963,1.0999796700982207
0.4110231866907963,1.0999796700982207
0.4110231866907963,1.0999796700982207
0.4110231866907963,1.0999796700982207
0.4110231866907963,1.0999796700982207
0.4110231866907963,1.0999796700982207
0.4110231866907963,1.0999796700982207
0.4110231866907963,1.0999796700982207
0.4110231866907963,1.0999796700982207
0.4110231866907963,1.0999796700982207
0.4110231866907963,1.0999796700982207
0.4110231866907963,1.0999796700982207
0.4110231866907963,1.0999796700982207
0.4110231866907963,1.0999796700982207
0.4110231866907963,1.0999796700982207
0.4110231866907963,1.0999796700982207
0.4110231866907963,1.0999796700982207
0.4110231866907963,1.0999796700982207
0.4110231866907963,1.0999796700982207
