1.0,1.0
1.2049528815676886,1.0278543032427112
1.0847447413110813,1.6601644637300024
0.0891196480708385,0.5219187019651526
0.23790653369610615,0.3300618045829731
1.9800201955503187,1.2396908615778548
0.5743279076846797,1.1572755664712966
0.8812030001087825,1.5942266794289814
1.53181312276672,0.1379798548086124
0.4154635348062503,0.9477954131063486
1.9328485655048808,0.5692034370555481
0.8944668184679856,1.1623672208406348
1.8114396385377711,0.3179727240536252
0.18952313984433555,1.3926414821532085
1.2716737498191835,0.9629571125335912
1.5892040116494104,0.06094907992606835
0.048546160017022943,0.4809354978432572
1.4599503899708681,1.2124725181090257
0.9262011711839375,1.5471348415361346
