1.0,1.0
0.3009600714050873,1.1758879807813094
0.9083250668023883,0.3411382341967042
0.006253801546450166,0.315647595046491
0.006253801546450166,0.315647595046491
1.1748964238414081,1.354594648362219
1.1748964238414081,1.354594648362219
1.0493929639876467,0.20062102055598063
1.0493929639876467,0.20062102055598063
1.1478205952389668,0.10983314389603871
1.1478205952389668,0.10983314389603871
1.1478205952389668,0.10983314389603871
1.1478205952389668,0.10983314389603871
0.0987576586340233,0.9014334536216078
0.0987576586340233,0.9014334536216078
0.0987576586340233,0.9014334536216078
0.0987576586340233,0.9014334536216078
0.0987576586340233,0.9014334536216078
0.30248547117440694,1.41190347612515
0.30248547117440694,1.41190347612515
0.30248547117440694,1.41190347612515
0.30248547117440694,1.41190347612515
0.30248547117440694,1.41190347612515
0.30248547117440694,1.41190347612515
0.30248547117440694,1.41190347612515
0.30248547117440694,1.41190347612515
0.30248547117440694,1.41190347612515
