1.0,1.0
1.5048716818701449,1.8828359524975675
1.3453308037205594,0.08704479660682862
0.516982753265689,1.5057684754468346
1.0451887130286195,0.30218556010581543
1.8128098363070788,0.6066348205281085
0.3972887356358137,1.3902935022642648
1.4871688502894256,0.47753379280617425
1.3500879223826947,0.3234301102757715
1.6408624453157632,1.7988431624663055
1.7851824326354035,0.5830875265383346
1.5828206426173834,1.7183540960891996
1.7509542626049832,0.3341995793963539
0.17770056758156683,0.29911484320203074
0.8086914247013826,1.6513960814890842
1.1707678880401728,0.9138032564663114
0.8448290838293346,0.13258266548549935
1.957622034806611,0.11276405207453943
0.8090561587871998,1.7661651596255048
