1.0,1.0
0.6465764955388376,1.9839771209051258
0.6614380024517676,1.32178331487572
0.27800539706182215,0.6732947671946601
1.725172131177979,0.37732377228434255
0.5126767440022795,0.017185731212638444
1.3435449370100558,1.100694377860611
0.49722133297750326,0.9289531404866214
0.06602036163717795,0.0562446291751213
0.23016182655554096,1.5719010787327374
1.3805480595738138,1.7213472997978105
1.2659460028332694,1.6798391893916262
1.4905424062413484,1.6521065381089932
0.9295451182475223,0.8069791909613115
1.8590395405563267,1.52008684711699
1.8340605099048155,0.05911280143887332
0.56806504873318,0.6019042788341769
0.44522847702775037,0.497948501952195
1.678713416548107,0.5217893264106988
