1.0,1.0
0.6139076349002266,1.3422829423181664
0.6213168889002414,1.3564833444090285
0.6213168889002414,1.3564833444090285
0.04280384491818845,0.9453098981191856
0.04280384491818845,0.9453098981191856
0.04280384491818845,0.9453098981191856
0.04280384491818845,0.9453098981191856
0.17108352249722691,1.0890647505125508
0.17108352249722691,1.0890647505125508
0.17108352249722691,1.0890647505125508
0.17108352249722691,1.0890647505125508
0.17108352249722691,1.0890647505125508
0.17108352249722691,1.0890647505125508
0.17108352249722691,1.0890647505125508
0.17108352249722691,1.0890647505125508
1.086943716436977,0.7924941259686409
1.086943716436977,0.7924941259686409
1.086943716436977,0.7924941259686409
1.086943716436977,0.7924941259686409
1.086943716436977,0.7924941259686409
1.086943716436977,0.7924941259686409
1.086943716436977,0.7924941259686409
1.086943716436977,0.7924941259686409
1.086943716436977,0.7924941259686409
1.086943716436977,0.7924941259686409
1.086943716436977,0.7924941259686409
1.086943716436977,0.7924941259686409
