1.0,1.0
1.4355096071665239,0.645610541388145
0.7987021344602301,0.9605302862315488
0.3424886582403406,1.0064358356414314
0.1846272902873336,1.0887232164286624
1.2225135480286324,0.21605656134733664
0.5497269252338255,0.5327608461326774
1.4419546387746942,1.2992386907831912
1.8766844830243765,0.5266500644249836
1.7509636879254091,1.6464092990985182
1.42765449327937,0.9036166564366093
0.8763421515240368,0.003734273616948336
1.5132160207348955,0.7330987861956091
0.7938452447922235,0.8145251496806238
0.4803635370621595,0.5594445583295102
0.9282658038899632,0.22350855109865453
1.0842225725687635,0.7619204389640903
1.9496615663880372,0.09620925545292702
1.5516645591339835,1.663706466564421
