1.0,1.0
0.32189061195014923,0.01875903614809582
0.8935657485048567,0.6831704670816452
0.6169789136337795,0.08611716065491315
0.34732299372316766,1.5176904380567302
1.6764634238291523,0.41309099847831954
0.19523766933772735,1.8234794922243236
1.767344730491224,0.2981893269895417
0.18705278039278972,1.597899209606434
0.4145284067858992,1.9470436456190212
1.692541807675535,1.7581987094266245
0.3098980082721281,1.997753110206776
1.9334005342649196,0.5074903436708806
1.4062385279603515,1.9030187264156349
1.1562432815133425,1.8119412267023778
1.5026096969592886,0.611218935200436
0.3527578968415259,1.8050892365483122
0.5777861271317231,1.0444009487847024
1.562330383068094,1.2597898683102224
