1.0,1.0
1.4710062655387854,1.417357274392757
0.9578918760518835,0.9073665030929869
1.8859473334877708,1.201812585180917
0.5595239137779158,0.028794781589603247
1.9792947206461475,1.7803449068441266
0.5667403278184386,1.843277888704682
0.09201219527106863,0.798754071852543
1.0798524918495416,1.4875214100553782
0.9537438483549285,0.6828685020947562
1.3010188954416897,1.9451987653138063
0.3388372830951967,0.883548649760616
0.11041989863443047,0.15407553680007924
0.021321426482808548,0.355890156544578
0.1093395602159628,0.35044953714319393
1.8124382554948975,1.70183758827324
1.041024660674419,1.2725407753079887
1.9730719828305856,1.0070477000868947
1.4117299738094333,0.40426375354742783
