1.0,1.0
0.29796134082641434,0.8479233709902234
1.9657840912581452,0.7227550384408252
0.7761177951314304,1.5939291549449617
1.7190519320232107,1.1007499115030133
1.844303201740172,1.3907377905398766
1.7869483174854641,1.2661469977542366
0.9862367619254018,0.4960832547743359
1.6014642240318422,0.6961218259964144
0.9261464933156403,1.3504036689344192
1.2081316766590957,0.811058532222936
0.37725914986684117,1.6276369793015557
1.8370788310529143,1.335190246700741
1.4084902572516445,0.5893096231867729
1.4009000437724919,0.24949403230178757
1.2186729333559838,0.06975463770649126
0.2599744799312975,1.258945214084679
0.269537819650403,1.0960346032377377
0.8059222606838403,0.5964270904141362
0.7221297147031487,1.2273307127890472
1.0633709554512443,1.558788820095251
1.6083572090949445,1.1244263590360293
0.6099021259299604,0.7446102187072008
1.0036918396713748,1.3512090055633745
1.4960703555092578,1.6217084931562824
0.12600815414218958,1.9935859392252588
1.2403504933867595,1.3143057766480486
0.5222771469428487,1.7199766899200843
0.05695578594405459,0.3611880459968013
1.2669277294440773,0.4644184618369802
0.1601144175677911,1.710922526102044
