1.0,1.0
0.44847710962533993,0.8132418567659059
0.1826389145744276,1.7618583876056044
1.2695581037814383,1.4744246614642367
1.4118114511659954,0.01757765738247752
0.5317438387147251,0.17793998624187468
0.5476561760094021,1.8517714395174718
0.33307196112322335,0.1893261998379263
0.21028459698959967,1.0023446353649208
1.4073491899061654,0.46411519472444596
0.21457288166871202,0.3263598333859816
0.7708446686254671,1.6234076389410155
0.9887429333371831,1.3769526849155638
0.5559152688855229,0.8370171405368423
1.2456524275146346,0.4979975173844584
0.2738473193471209,1.9867630711571758
1.4177760449238057,1.3348512102283685
0.6582283151623982,1.7190832736639616
1.1984026079352808,0.9186866428870222
1.9869883707792002,1.130842237345607
1.0801754135369868,0.9485551982435283
1.6270353510185518,0.32888801615557317
0.748480917349583,0.5195863874645128
1.3691203130821321,1.4348242124926052
0.8318911026557687,1.3757774051506209
1.903427199327034,0.23060754575254627
1.1738901215063593,1.607630697856376
1.415992185627297,1.9620828425933257
1.170271262108636,0.13493354771565236
0.860444412498153,0.13882331086505673
1.5444127475077905,1.1115636515972789
