1.0,1.0
0.09614847911006885,0.9367814855829044
1.405703478882666,1.692630812889612
1.4199014691785157,0.5990959433845944
0.29053714302363076,1.01104899136334
0.11526362503044263,1.6518510114959601
1.687169175160378,0.09572712000525407
0.6455985341511741,1.3678085187381215
1.6044578574518293,1.496308344302794
0.47401366476611506,1.4852099594957087
0.6392092688270612,0.22830557962685316
0.8205097451285279,0.9573289850002
0.37066441069076017,1.7857454398704438
0.6009479872274968,0.008016470706425416
0.1421006686448072,1.0201798202719907
0.9252418273857503,1.4264338828761542
1.7036933904306089,0.7493476758270841
0.7114052487771547,1.1204429009726289
1.5582165082113202,0.2960138799932186
1.405889719997312,0.31316095222120843
0.40790957498056524,1.165582272002856
0.42654905920641895,0.15662236912562788
0.6553810880078665,1.6737842864764152
1.845353643000548,0.21469449746892866
1.43140451959087,0.688128302612026
1.4968679880586777,1.8044565510078938
0.24201148294653185,1.0204098981885639
1.7261696935195108,0.9287818381955264
1.1383982658567757,0.9784707666535013
0.14218025206857354,1.966914238381079
1.9209555434964245,0.932743310589182
