1.0,1.0
0.033972631175402945,1.159279293690115
1.120216827764347,0.21765981929523615
1.8259302786605487,1.3477394635870912
0.7490194752858703,1.5930429557273305
1.7390539019645,0.2267786966960359
0.3347299899840903,0.23555550187899787
1.6179066841073924,0.5175275717559531
1.4008827684360836,1.5029346357147892
1.8475264671236595,0.2850799413025593
1.0473018198112798,1.7689392813184341
1.2376552023284682,1.8457055731096956
0.6939025167988759,1.6614157099586204
0.1664899763117167,1.9028155811310088
1.5424336048150387,1.1754078631314095
1.7232991057077116,1.9927877187978715
0.2345991896910702,1.6667876907865848
1.1251627461692015,0.8918979048322404
1.3924069495922409,1.9087998966047128
0.9305147377804863,0.43275249894095924
0.5192077264140209,0.02110614532870847
1.803320983530778,0.33909481301294186
1.359243204178686,0.8245630299564781
1.6409166833120872,0.20876880786868446
1.6123997285989295,1.4754596465416387
0.9124797222518515,0.284330797212629
0.6220310700520011,0.047251459476342905
0.3708323581699131,1.1286827396491672
0.2935941726312503,0.7103968025877676
1.6497455992149646,0.5686449421845983
0.9732170101743489,0.22659168542276764
