1.0,1.0
1.2084500173783432,0.15410265459898564
1.24499582684944,0.9126969706300396
1.4907101681543062,1.1133398951834599
1.0404771782475195,1.3570239554285917
1.5214184095014618,0.9571739544280067
0.2117947267622582,0.8821078353886085
1.7264688878003245,1.6689008359062338
1.839154985991139,0.4914658940559935
1.2399083638032142,0.1291461020659168
0.6428873161915072,0.1913868564879544
1.4345765611974108,0.8785984675652305
1.9655249482940564,1.8103113225234122
0.5617050565306059,0.8557832095368885
0.11840689554300332,1.8945391387186634
0.7153231954998569,0.7195975020987135
0.5334077330737954,1.2825081386222763
0.36390459898124905,1.1017681583326993
0.15388558652627116,1.6846466813533971
0.04472551991980733,0.6126849589321937
0.3460138894455256,1.5222892453002579
1.574633582479435,0.5424758334988176
1.5634124000780334,0.5707189305367915
0.2124955596245035,1.7332794057852579
1.9832391811598429,0.9959626301161719
0.5216549638324486,1.855997109623611
1.6951537930295393,1.8075149652052622
1.376085659184331,1.044806151939969
1.4579587460298324,0.4749211042839807
0.4433081253232034,1.2422635950257623
0.21735532301891247,0.6466730916609444
1.4391905437449857,1.0388213946920655
1.6289899390953557,0.25946649488949514
1.437603797562822,1.617912124847443
0.6451658068933626,0.7035283625803286
0.7292650562766516,0.8245104676876678
0.8968562493230248,0.7332986871114124
1.0424456105866626,1.1825562776977576
1.8436792813703282,0.01280250145333417
0.4314990486407875,1.478852240260828
0.484208666461736,1.193970585435976
0.7584222031619572,0.9419453262293587
1.476714430360736,1.3365229762111994
0.07207041038799034,0.9156640104462139
