1.0,1.0
1.470568644398223,0.13005839937889374
0.47703549553189206,0.2547455273970771
0.10248436724623544,1.13696355757226
0.10248436724623544,1.13696355757226
1.7629906942585223,0.11689520087771577
1.951427588580475,0.0735008019712875
1.951427588580475,0.0735008019712875
1.0858909934725816,1.4663813194390654
1.281934609734635,0.8135402680065962
1.281934609734635,0.8135402680065962
1.281934609734635,0.8135402680065962
1.281934609734635,0.8135402680065962
1.281934609734635,0.8135402680065962
1.281934609734635,0.8135402680065962
1.281934609734635,0.8135402680065962
1.1698789789860375,1.5277799848397506
1.1698789789860375,1.5277799848397506
1.1698789789860375,1.5277799848397506
1.1698789789860375,1.5277799848397506
1.1698789789860375,1.5277799848397506
1.1698789789860375,1.5277799848397506
1.1698789789860375,1.5277799848397506
1.1698789789860375,1.5277799848397506
1.1698789789860375,1.5277799848397506
1.5713380458195876,0.1617053662770529
1.5713380458195876,0.1617053662770529
1.5713380458195876,0.1617053662770529
1.5713380458195876,0.1617053662770529
1.5713380458195876,0.1617053662770529
1.5713380458195876,0.1617053662770529
1.5713380458195876,0.1617053662770529
1.5713380458195876,0.1617053662770529
1.5713380458195876,0.1617053662770529
1.5713380458195876,0.1617053662770529
1.5713380458195876,0.1617053662770529
1.0937014336368776,0.8276809565974039
1.0937014336368776,0.8276809565974039
1.0937014336368776,0.8276809565974039
1.0937014336368776,0.8276809565974039
1.0937014336368776,0.8276809565974039
1.0937014336368776,0.8276809565974039
1.0937014336368776,0.8276809565974039
1.0937014336368776,0.8276809565974039
1.0937014336368776,0.8276809565974039
1.0937014336368776,0.8276809565974039
1.0937014336368776,0.8276809565974039
1.0937014336368776,0.8276809565974039
1.0937014336368776,0.8276809565974039
1.0937014336368776,0.8276809565974039
1.0937014336368776,0.8276809565974039
1.0937014336368776,0.8276809565974039
1.0937014336368776,0.8276809565974039
1.0937014336368776,0.8276809565974039
1.0937014336368776,0.8276809565974039
1.0937014336368776,0.8276809565974039
1.0937014336368776,0.8276809565974039
1.0937014336368776,0.8276809565974039
1.0937014336368776,0.8276809565974039
1.0937014336368776,0.8276809565974039
1.0937014336368776,0.8276809565974039
1.0937014336368776,0.8276809565974039
1.0937014336368776,0.8276809565974039
1.0937014336368776,0.8276809565974039
1.0937014336368776,0.8276809565974039
1.0937014336368776,0.8276809565974039
1.0937014336368776,0.8276809565974039
1.0937014336368776,0.8276809565974039
