1.0,1.0
1.9441459395330756,0.3970719945721859
1.397706052785896,0.6654149041882382
0.6455718357081184,0.6964614253368024
0.3233260445206725,0.11927372187799268
1.1420885628660968,0.4334463184056083
1.546717758076716,0.10211579251792302
1.7696280139936211,0.9222262394415248
1.4926657580140257,1.034400148167183
0.5508495470601307,0.86858220447522
1.8923286119270706,1.707267326270371
1.1436015783555358,0.7640854585223225
0.45968942429738835,0.39039420021051274
0.9521678759500458,0.025436395299468506
0.8304336187765344,0.1342267326587614
1.8885838421873848,0.8730302746542231
0.6214715062887541,1.2211910118716227
1.0572687857590006,1.8778035670621562
1.2371609899851879,0.17137880568355102
0.2417247429321252,1.8366189019730643
0.07645360307833426,0.6788774025552493
1.1745643894419253,1.907035415291714
1.3577573790287505,0.2460259070766917
1.3769584113782316,1.101610747742742
0.6645435120199139,1.5121075567797093
0.7876823166383744,1.3356090955571185
0.9407920451135834,0.3469500719906502
1.6861291241856562,0.5475733901033755
0.3749896759897695,1.33998039368234
0.8717236538740902,1.4288454451491768
0.3312183023699171,0.9260825943611375
1.906992527938436,0.19674430707641233
1.7887618560887641,1.5603555057684124
0.4887788668742501,0.6217216673133987
0.5788352223227788,0.8734963665861013
0.7695612485767314,1.7084847036674868
1.2114086001349593,0.841076681543615
0.2723350070707833,1.9255312408444099
1.23508315756225,1.4968132893483137
1.583107498843029,1.7922747103306769
0.810873671742214,1.3431118436489022
1.465249106360742,0.4249037174270667
1.584650062682061,1.221750577274226
1.022367729126481,0.5813068632389331
