1.0,1.0
0.6841952948210936,0.5515775303102395
0.5462020822744813,1.3142715367591538
0.8505238929309633,0.356915149656416
0.5660944605183347,0.3051036005221437
0.4853169620045872,0.3433076232953076
0.3181118397300886,1.8339097463322325
0.08388050647070333,0.6728653603263033
0.1742367162568612,1.4443941664888291
0.9380178620659285,1.1672930606264311
1.6758707978098548,0.008691985484242881
0.9405053678264861,1.664707093011103
1.5963096898416056,1.3161531915044309
0.7047276228876358,0.8045106105903417
1.5811415077656532,0.5578655302281263
0.36609763502363224,0.993372604059372
0.3855654605164547,0.12413672175407431
0.1461775363792741,0.3862802514626429
1.8934031402826346,1.9032580400915828
0.19236368330788478,0.0563160648473906
1.8445879179990066,0.0988177018225882
0.10060613051618561,0.18278641396699946
0.9263311706086645,0.3882245092209171
1.6062307419955868,0.5004430698183493
0.9332845942495882,1.1858876116101218
0.9307548618290156,0.11072978057822791
0.997178967174992,0.9905429391469931
0.22519059919247875,0.7238937837913231
0.8769145105793594,1.783577774721635
0.27571791188933714,0.7516543053206934
1.9335017786099091,0.5189996923831472
1.4770052635768154,1.243823372164907
0.6992626662080434,0.4304819692114621
1.428588208398247,0.028578629185748383
0.22818544627382642,0.1976010889586819
0.5486191068857003,0.03681370473964862
0.18117092669265733,0.8774293210154367
1.4845766890820706,1.5283374716683684
0.9603841831735593,0.6650881303475282
1.6322348406544733,1.850391463718036
1.5991111061782928,1.0504457145553308
0.7081594718320972,0.5656330839532948
1.091318450614276,1.161483136825505
0.6301540727350308,1.6025243453449043
