1.0,1.0
0.19295581053290345,0.5496934331809686
0.015211970361301397,0.5004810019041481
0.5995087954158487,1.5084711219381075
0.2867815315310107,1.5373717710305412
0.2867815315310107,1.5373717710305412
0.2867815315310107,1.5373717710305412
0.05528325850498739,0.04980078280643396
0.05528325850498739,0.04980078280643396
0.20717513013021427,1.2125847324116292
0.20717513013021427,1.2125847324116292
0.20717513013021427,1.2125847324116292
0.20717513013021427,1.2125847324116292
0.20717513013021427,1.2125847324116292
0.20717513013021427,1.2125847324116292
0.20717513013021427,1.2125847324116292
1.2018153710682498,1.521293070021418
1.2018153710682498,1.521293070021418
1.2018153710682498,1.521293070021418
1.2018153710682498,1.521293070021418
1.2018153710682498,1.521293070021418
0.3645463098311641,0.6659599886685623
0.3645463098311641,0.6659599886685623
0.3645463098311641,0.6659599886685623
0.3645463098311641,0.6659599886685623
0.3645463098311641,0.6659599886685623
0.3645463098311641,0.6659599886685623
0.3645463098311641,0.6659599886685623
0.3645463098311641,0.6659599886685623
0.3645463098311641,0.6659599886685623
0.3645463098311641,0.6659599886685623
0.3645463098311641,0.6659599886685623
0.3645463098311641,0.6659599886685623
0.3645463098311641,0.6659599886685623
0.3645463098311641,0.6659599886685623
0.3645463098311641,0.6659599886685623
0.3645463098311641,0.6659599886685623
0.22497842223285658,0.12241311380444708
0.22497842223285658,0.12241311380444708
0.22497842223285658,0.12241311380444708
0.22497842223285658,0.12241311380444708
0.22497842223285658,0.12241311380444708
0.22497842223285658,0.12241311380444708
0.22497842223285658,0.12241311380444708
0.22497842223285658,0.12241311380444708
0.22497842223285658,0.12241311380444708
0.22497842223285658,0.12241311380444708
0.22497842223285658,0.12241311380444708
0.22497842223285658,0.12241311380444708
0.22497842223285658,0.12241311380444708
0.22497842223285658,0.12241311380444708
0.22497842223285658,0.12241311380444708
0.22497842223285658,0.12241311380444708
0.22497842223285658,0.12241311380444708
0.22497842223285658,0.12241311380444708
0.22497842223285658,0.12241311380444708
0.22497842223285658,0.12241311380444708
