1.0,1.0
0.7254988837906207,0.7575022390424249
0.8432549149365725,1.420203268180841
0.8432549149365725,1.420203268180841
0.5355341457136373,1.8409787763884724
0.5355341457136373,1.8409787763884724
0.5355341457136373,1.8409787763884724
1.0001600977270568,1.3867173593296838
1.0001600977270568,1.3867173593296838
1.0001600977270568,1.3867173593296838
1.0001600977270568,1.3867173593296838
1.0001600977270568,1.3867173593296838
1.0001600977270568,1.3867173593296838
1.0001600977270568,1.3867173593296838
0.1988119256519254,0.38394085605493933
0.1632710819294665,0.6075006590217777
0.1632710819294665,0.6075006590217777
0.1632710819294665,0.6075006590217777
1.7364772493139145,1.7230391561097118
1.7364772493139145,1.7230391561097118
1.7364772493139145,1.7230391561097118
1.7364772493139145,1.7230391561097118
1.7364772493139145,1.7230391561097118
1.7364772493139145,1.7230391561097118
1.7364772493139145,1.7230391561097118
1.7364772493139145,1.7230391561097118
1.7364772493139145,1.7230391561097118
0.9837955349947327,1.1183146007728846
0.9837955349947327,1.1183146007728846
0.9837955349947327,1.1183146007728846
0.9837955349947327,1.1183146007728846
0.9837955349947327,1.1183146007728846
0.9837955349947327,1.1183146007728846
0.9837955349947327,1.1183146007728846
0.9837955349947327,1.1183146007728846
0.9837955349947327,1.1183146007728846
0.9837955349947327,1.1183146007728846
0.9837955349947327,1.1183146007728846
0.9837955349947327,1.1183146007728846
0.9837955349947327,1.1183146007728846
0.9837955349947327,1.1183146007728846
0.9837955349947327,1.1183146007728846
0.9837955349947327,1.1183146007728846
0.9837955349947327,1.1183146007728846
0.9837955349947327,1.1183146007728846
0.9837955349947327,1.1183146007728846
0.9837955349947327,1.1183146007728846
0.9837955349947327,1.1183146007728846
0.9837955349947327,1.1183146007728846
0.9837955349947327,1.1183146007728846
0.9837955349947327,1.1183146007728846
0.9837955349947327,1.1183146007728846
0.9837955349947327,1.1183146007728846
0.9203516021876386,0.2632128394088393
0.9203516021876386,0.2632128394088393
0.9203516021876386,0.2632128394088393
0.9203516021876386,0.2632128394088393
0.9203516021876386,0.2632128394088393
0.9203516021876386,0.2632128394088393
0.9203516021876386,0.2632128394088393
0.9203516021876386,0.2632128394088393
0.9203516021876386,0.2632128394088393
0.9203516021876386,0.2632128394088393
0.9203516021876386,0.2632128394088393
0.9203516021876386,0.2632128394088393
0.9203516021876386,0.2632128394088393
0.9203516021876386,0.2632128394088393
0.9203516021876386,0.2632128394088393
0.9203516021876386,0.2632128394088393
0.9203516021876386,0.2632128394088393
0.9203516021876386,0.2632128394088393
0.9203516021876386,0.2632128394088393
0.9203516021876386,0.2632128394088393
0.9203516021876386,0.2632128394088393
0.9203516021876386,0.2632128394088393
0.9203516021876386,0.2632128394088393
0.9203516021876386,0.2632128394088393
0.9203516021876386,0.2632128394088393
0.9203516021876386,0.2632128394088393
0.9203516021876386,0.2632128394088393
0.9203516021876386,0.2632128394088393
0.9203516021876386,0.2632128394088393
0.9203516021876386,0.2632128394088393
0.9203516021876386,0.2632128394088393
0.9203516021876386,0.2632128394088393
