1.0,1.0
1.61072575937614,0.9921098480455652
1.0981359470659973,1.140500190960151
1.0981359470659973,1.140500190960151
1.514014173180509,1.764059312623891
1.514014173180509,1.764059312623891
1.514014173180509,1.764059312623891
1.514014173180509,1.764059312623891
0.7207611471514113,1.2645924366119257
0.7207611471514113,1.2645924366119257
0.7207611471514113,1.2645924366119257
0.7207611471514113,1.2645924366119257
0.7207611471514113,1.2645924366119257
0.7207611471514113,1.2645924366119257
0.7207611471514113,1.2645924366119257
0.7207611471514113,1.2645924366119257
0.9211022608544019,1.7067024013229892
0.9211022608544019,1.7067024013229892
0.9211022608544019,1.7067024013229892
0.9211022608544019,1.7067024013229892
0.9211022608544019,1.7067024013229892
0.9211022608544019,1.7067024013229892
0.9211022608544019,1.7067024013229892
0.9211022608544019,1.7067024013229892
0.9211022608544019,1.7067024013229892
0.9211022608544019,1.7067024013229892
0.9211022608544019,1.7067024013229892
0.9211022608544019,1.7067024013229892
0.9211022608544019,1.7067024013229892
0.9211022608544019,1.7067024013229892
0.9211022608544019,1.7067024013229892
0.9211022608544019,1.7067024013229892
0.6266038712047166,0.819937098691097
0.6266038712047166,0.819937098691097
0.6266038712047166,0.819937098691097
0.6266038712047166,0.819937098691097
0.6266038712047166,0.819937098691097
0.6266038712047166,0.819937098691097
0.6266038712047166,0.819937098691097
0.6266038712047166,0.819937098691097
0.6266038712047166,0.819937098691097
0.6266038712047166,0.819937098691097
0.6266038712047166,0.819937098691097
0.6266038712047166,0.819937098691097
0.6266038712047166,0.819937098691097
0.6266038712047166,0.819937098691097
0.6266038712047166,0.819937098691097
0.6266038712047166,0.819937098691097
0.6266038712047166,0.819937098691097
0.6266038712047166,0.819937098691097
0.6266038712047166,0.819937098691097
0.6266038712047166,0.819937098691097
0.6266038712047166,0.819937098691097
0.6266038712047166,0.819937098691097
0.6266038712047166,0.819937098691097
0.6266038712047166,0.819937098691097
0.6266038712047166,0.819937098691097
0.6266038712047166,0.819937098691097
0.6266038712047166,0.819937098691097
0.6266038712047166,0.819937098691097
