1.0,1.0
0.8363836160989011,0.11500313805462792
0.588695875135081,0.7592095561475478
0.33555506898132825,0.30061849684725384
0.7288226164589116,0.12715204934108826
0.9022341763159007,0.7933490506145531
1.7548038007759341,0.7275730000515623
1.000960963909778,0.978164397854739
1.1056031146643255,1.8965762518849743
0.6820349966216288,0.6721390754702663
0.8145674915896917,0.7845139370090772
0.45619365316599625,1.9414957536000403
1.7046764936358887,0.9639407119504313
1.9513036653474845,0.7391420002778257
0.6511542839606499,1.3019772207718618
1.0294984672128873,1.9060143612071982
1.4993194812627073,1.410511160510204
0.6899735566398004,0.024113526907165284
0.0585254792493104,0.9055326200625815
1.4646290475834274,1.1981661466972608
0.46165328003904493,0.09406943943097978
0.5282587301038928,0.11687761853517675
1.1702831926012922,1.397534115157154
0.8816678141689906,0.7153444525020118
1.0601720415433133,0.0018170745914745101
0.8872532422634867,1.0415271789714946
0.3621020753269806,1.6823808865958112
1.1447732428317299,0.6818284434860262
1.907656772567391,1.8070041718841057
0.503919417177149,1.0703405138128828
1.2337032472587548,1.1319944058196385
0.30280829521409713,1.6960087403560065
1.5524235143898137,1.0984045645645288
1.0669713421553122,0.676048596475938
0.7847668300611705,1.466558123396428
1.0361579318219334,0.5662925711609514
0.7288461555946208,1.5136497455585718
1.4960351558543397,1.2103681555088062
1.3445011564430205,1.9079888539195804
1.7170401520226815,1.418954990259726
1.027975589007027,0.9008184868994338
0.09501557349108425,0.6860991289454497
0.6491868786654882,1.8065326602548062
1.2166985434279902,0.6711148093448578
0.05068101606985831,1.5615354917936626
0.34037670923600083,0.3209786931761478
1.3053697980910914,1.099788742459954
1.2383887631108268,1.2978097972429234
1.455820593643624,0.30995917789982785
0.6836314759462676,1.6483024812068483
0.9724450004907403,1.043655388767685
1.2243322201988192,0.4720078733557951
0.10984887204654248,0.8295599773868638
1.212358953129265,0.9385521333685223
1.1154004310723225,0.36966854430802587
1.1351223509473305,1.034998535219292
1.2698811059123314,1.9122601498369176
