1.0,1.0
0.39388025667619164,0.634896085374592
0.9340604955113578,1.4118107066141699
1.300114676807242,1.5886262580630715
0.517977049599315,1.1302973370766165
1.5169393722608195,0.9251688557579871
0.6873926412697628,0.805085066733414
1.6202346063747743,0.06561683776557059
0.8502254621628504,0.16406385824568814
1.4844304258112797,0.3438411451808565
0.13783290334562603,0.620491142967841
1.085440090410578,1.344915773117103
1.5165458780261656,0.6204733219801728
1.9413149469472895,1.7857101240173643
1.0117002895289564,0.7541920092214947
0.09345332108097892,0.7101795963775104
1.0281306805336439,0.5089076194772169
1.504482838620154,0.7530602410384102
1.1593764088242955,1.1765878089542994
0.7172375761680612,1.9110295534990698
0.560802826711176,0.9302084403594404
1.414654999514663,1.9824240201727343
1.2647063603487885,1.895892867045939
0.13999886200730938,0.44169244721005496
1.1249744690516392,1.4182658743402217
1.348619673681496,1.010876244295585
1.9905086329340214,0.21074835070207
1.0223816890802355,0.07841857292216492
1.93958257943711,0.31838978012451036
1.3528070222210933,0.7537264183151571
0.9755799577261592,0.9456192037899798
0.24453591761653137,0.1898038795155108
0.931464214556158,0.3080076085643666
0.5909621681217594,0.43395689893007905
1.6823950227207118,0.2697456498239077
1.2950684658030112,1.241164468737364
1.3327615021190369,1.422522139179181
1.2546918723244656,0.5497394321221405
1.616995206189989,0.8013018045516507
0.2642112599737494,1.789323246736765
1.7638711076407223,1.369525784661344
1.6299040140039058,1.5365107932400455
0.7285551424485552,0.39677606183327363
1.3765525046232783,0.7791910676633287
0.4657000868442298,1.7204252981009684
1.7698033455992421,1.4830213675867054
0.7507292757952195,0.653926961160779
1.7251360002288232,0.5358311197885612
1.8889941942086963,1.6118255878763958
1.488400505226601,1.966442954667946
0.8679993823868304,1.9179236659184795
1.2774639380425412,1.9776348663203533
1.3382606732516058,1.6050431509031904
0.07151457415728402,1.1947395438950934
0.9647196525096273,1.3436568814930514
1.4082997579193561,1.4060074495649182
0.8508979211878227,0.928871769873223
