1.0,1.0
0.11344470148744001,1.7145651453150759
1.2897075780572267,1.643897647271924
1.0411094722489012,0.47141545779930505
1.6540834858919884,1.8995946128814056
1.1498943339658487,1.0365161469677617
1.72526275092777,0.8407261075009491
0.38479369095658456,1.4839563037662649
0.6617463683643381,1.148963754436162
1.8879356253097954,0.25014944778597337
1.39630455722951,1.480778017081323
0.22458428882346682,0.08547635132170539
1.6916643451241564,1.1246749485160878
0.2091205955441311,0.19422240311264605
0.4869307928421951,1.1865575923447398
0.8626688417182886,0.13326549221052986
1.6318431418028032,0.11715657897518716
0.3503619696421172,0.17275334901466421
0.8361136808014493,0.9636774063375513
1.6547130480256893,0.27616583247958926
0.5791712713464112,1.791380123543493
1.8346727202890472,1.3447142029886838
0.6436940455475606,1.6426400639942658
0.6742989158212009,0.2106984401940697
0.9810723309713587,1.4448459735310335
0.00941258054427263,1.2644297595141645
0.6633218488596049,0.0024237307984775747
1.522180746646892,1.4951144671211518
0.6404016831155064,1.5422750616982812
1.0999250338875008,1.2093614981677638
1.9702998021253646,1.6804301705600004
0.5078632283320397,0.9687573873394111
0.9373707831410538,0.8505303882538748
1.5375463993821625,1.1004180036758093
1.0088361205928362,1.0460739863311426
0.879893695798224,1.1040704418058935
1.309841613399978,1.4248248007157682
0.07743737195069267,1.354626005646657
0.13071543564361154,0.8676760204506493
1.8995826617108984,0.018921799885701418
1.8607512477493133,0.9901412098166391
1.700978771202423,0.41117360150297344
1.9745778160791247,0.9727693876905676
0.2652254303483843,0.4725474379218
1.752366894769029,0.17970236150198526
0.4760664295838992,1.6046240431029983
1.5392920524148832,0.27858191624729867
0.416145338221273,1.5259060779522213
1.408993806452097,0.008180248940067525
0.20524989059037502,1.8244349488611493
1.8606475251974726,0.07107146118342555
0.8865844140663943,0.23017164911895627
0.16383401976697787,1.4401959863947125
1.9761583707760848,0.6188076583965774
1.502008817993767,0.21552588199942568
1.2522689169732897,1.942007233198392
1.1471247078285602,0.3132583064918617
0.7162485981877913,1.3264997991553407
1.0488742387688152,1.3439578054615076
0.9702914424476388,0.03748295449793004
1.424830309244544,1.258249916686573
0.48885597079566656,0.25509074907690255
1.803158041000183,1.1133839099608733
1.3298947736912796,0.15081628923431545
0.6559492921441405,1.08560387509546
0.05480154950011129,0.5956788574182392
0.6036853294803863,0.7247759954354571
0.49541937040643824,0.18339990801104156
1.4803150868364081,0.1412560973092174
0.7462884717146976,1.5166488456358003
