1.0,1.0
1.4174926873289895,0.917698724577972
1.7409376402577907,0.31617037042552765
0.9429496700160427,1.6677160672656657
1.3884252280621077,1.6775819802482952
0.39919318514026014,1.573671711875101
1.9642948646064142,0.460608796361466
1.0250606564426334,0.8341502427906999
1.6851260287743195,1.4367640719382524
0.12724771730024265,1.6963251703157447
1.0838666314055945,0.39104527811883627
1.7378064376262328,0.9248743873198892
0.2846984360138247,0.7119214886010126
1.2611329363002022,1.0994331142173983
0.29860533796326494,1.8826712682861058
1.4153981497944583,0.3742307481580951
1.713799905928408,0.9348334054245266
1.9153200400994757,0.5765358723889069
1.0337286635116714,1.5582924737044856
1.7386290346726379,0.9002169808890883
0.3479900956302855,1.8103534991991355
0.22130014894562633,1.1021489659882813
1.8980185496155306,1.616305360382163
0.8630590678919667,0.8603406615956852
0.5478880901325143,1.1323228140622483
1.1664064179851383,1.7648630952233486
1.9068503441333726,1.8772348685484885
0.5503839720394321,1.0903539280407593
0.054945859098569194,1.5282368572368248
0.01781116901512214,0.5412902503570067
1.930465202349975,0.06706933075412747
0.6027493776523178,1.1663117851187734
0.9304920957614189,1.3671835283730769
0.28449775291123114,0.5018489432316691
1.8534157378495655,1.2952704896751563
0.8594772546868585,0.33720753717014595
0.8788775433831686,1.674010409324978
0.16691827098329193,0.4743545452027136
0.8971951135413556,1.2811846717032636
1.4606517727469712,0.99935842635637
0.8330798475982277,0.5758570576128916
1.935296902380742,1.2609147950266202
0.2966186949070704,0.9643448843046487
0.5058982726606218,1.1737507459059608
0.5865391455490623,0.5477399389333155
0.1770639040333064,0.9996340206218022
1.5163235933710009,0.4922227788245237
0.25066877575198565,1.5778397726661817
1.092361063285035,1.3881584964261544
1.3048982552705255,1.2676418541353442
0.5722754291776604,0.9549523110431268
0.08257052066886361,1.2075355281377562
0.4673038452543068,1.9603794523688451
1.0152729623054997,1.5792634563517502
1.6773958075983804,0.4488547179746225
1.6938579190032526,1.547466788548007
0.8155209737596802,1.0352729673833734
0.09206254676106473,1.667396489586277
1.7321013929537372,0.7785306242884267
1.4423395648512236,0.8257263472814749
0.21447349936395366,1.0234853891160558
1.7959561235106354,0.5830501778836477
1.4677580537620503,0.9786731473243366
1.656168944343496,1.5238545290115375
1.965867312700795,1.8486820278044611
1.8357254630221902,0.11522527247062997
1.4062061350169446,0.46728092714517566
0.9830388393676537,1.4292248309560125
1.7162807554447317,1.9918833695885356
1.0926157303758004,0.2709954029671391
