1.0,1.0
1.466788584294727,1.344411230647089
0.3220211101935062,1.6542291754461325
1.2762953901309235,0.13894185692073946
0.20828874261529706,0.7049616833561303
0.2756307030816041,1.0690600381256694
0.05768211668333789,1.9587815794006467
1.4092593470115473,0.4549575675097206
0.375530415561492,0.4269584045999544
1.636965825766717,0.7367202284972343
0.32022800277157293,1.0661610456299218
0.5801407949879176,0.2381477417178648
1.533917006463562,1.9613357271828191
1.4431990650909432,0.22083568257005237
0.1669200435058158,0.41063082843329624
0.5535525254157525,0.6606920079840002
1.0637219504618276,1.3071750015756123
1.2228508415028645,1.9248385590168635
1.3643698793729562,1.0933098974916047
1.5549627607182788,0.14592398854893895
1.9700663233973716,0.8117271764886651
0.07864586094719406,0.270441963084904
1.340084075313982,0.11870198988299885
0.6796859435341389,1.6387248581982514
0.7173198268759813,0.5581111328507578
1.4642199211954707,0.23624871793869784
0.8877988897880116,0.32463369323635227
0.5721034410597026,1.6775160867734644
1.0379772753286165,0.2665695078462913
1.221068391529613,1.7307147077469482
1.7390053665894711,1.5712819290875697
1.3211592505768,1.631193733146163
0.7272022382000347,1.77509771292904
0.05205499559500626,1.5393715141384166
0.6048324734530435,1.8628135608870893
0.6777635864137039,1.177466525890832
0.6197499581569692,0.8045895701853216
0.43411525305322707,0.9352504823948906
1.2226570876727079,0.896101118532016
1.8517376259553722,0.6050305534717302
0.9904626286910023,0.4190558640287698
1.0862805182667317,0.18624708172628446
1.3108486864912632,1.5045379854864511
0.2991973811854052,1.014559489486149
0.9586263126761505,1.1839692557354329
0.33058104211831085,1.1245048120983545
1.629586761991593,1.7014091237729734
1.0398447861083022,0.5428643658809813
1.6306576405957152,0.028923784651841755
0.32713214956262293,0.6073236030581111
1.1389340395748524,0.5416513569326877
1.7153153238735583,0.9375919877727914
1.22075073662291,1.085431927704572
1.2381599841661983,0.7961255025098419
1.527808057057965,0.5268733960330243
1.0907820455924433,0.4577691783766449
1.4363147259431193,0.8112751755549192
1.0954316411079421,0.054757105523908445
0.19415845522541253,0.04059725884732179
1.362031912911823,0.06264013985369976
1.966554914006823,0.9176531998025081
0.47347255480868244,0.7003462680859234
0.3684300351663292,1.5822334416756545
0.9523070117805312,1.2871120652488672
1.5485220873179335,1.1419038267350161
1.1336506085435045,0.2784429730006903
0.34042367491233017,1.2285895191598741
1.4246533694340442,0.3500582972396331
1.9498430490917245,1.4578222824033158
1.0717331788506528,0.8392804453544447
