1.0,1.0
0.09176333218626631,1.9386221352193524
1.709434508594331,0.012369073705271294
1.518884102707222,0.450800195554091
1.9689175510644907,0.34467339039024747
0.5478054309542233,1.6538112165449967
1.0125243177734862,1.1352601190335874
1.4330206512942756,0.6005828735912122
0.6333973325281033,1.145988740096386
1.5978100451956025,1.996282018488169
1.241282274395305,1.4476608187347264
0.8730074194316495,0.8852731469841901
0.1960160994888711,1.6084519960877377
0.8684561068332535,1.8168394404522907
1.8991638032101799,1.6827846158754312
1.9333712620649635,1.6356721285927556
0.5624582952670645,0.7605808715516895
0.6993778563163264,0.9579147367559391
0.7851429909419037,0.8044348613158183
1.9284194188365649,0.6476103245827094
0.9939452657166792,1.8759093700970184
1.5848378228232856,1.4009842474253866
0.7091710085474132,1.4174341196592708
1.1831996432986593,0.2465697429743603
1.2748994832962652,0.41289593806005187
0.6881396597933327,0.11661625903643258
1.3884297048169632,1.0567925929307393
0.9687629327008818,1.5439085073763985
0.7246724783212819,0.7366609654221199
0.9446676571472756,0.2366736692743887
1.5323189083876538,0.3132308219989721
0.033907294918446684,1.4336505380617555
0.2420012322980143,0.28699854570429717
1.8773258994161444,0.1538098005642914
1.465634486862888,0.8928567347268139
0.6353681922909298,0.08148529193244713
1.6830125320586031,0.9695145827887939
1.3203747927800034,0.7554174749317291
1.8794298495284303,0.3308838106335392
1.419196241149022,1.9055452670971316
1.0181048562987645,1.1995418384812602
0.6663402747849876,0.745378618345188
0.8446922249089277,1.2733377704825315
0.7261618385829292,0.39765982813753586
0.6204329658632826,1.059389492536175
0.2468214219232272,1.2550720692921
1.156439217510292,1.6810141594639723
0.4860918713344038,0.5390382215157565
0.4660019610367079,0.5677421630124948
1.7684324818996378,1.2322704056490976
0.10139560169915307,0.996436258421395
0.31801651222800364,1.0155445310505142
1.6035566107209178,1.5113657450367208
0.44666411116828963,1.6880001479501225
0.09321698335865292,0.7313205286769822
0.3491032862304648,1.9462084861962294
0.19152308435051246,0.8580751609937214
0.04499958125816894,1.767635295340223
1.3391489347333327,1.964559099973954
1.548564525900498,1.3981844436402318
1.5971072298224054,1.358617069265478
1.3364923106413318,0.021249394837153934
1.7516275590413664,0.10313364914951206
1.8725494258716873,0.6319832618011307
1.819252022600527,0.5947811310679316
1.6226364997067508,0.6357368356728004
0.9680633849320202,1.5263025979967089
0.6950480564523294,0.07896452564232037
1.5456291798456707,0.6869218205534315
1.8836318515803931,1.387717720968588
