1.0,1.0
0.8601322858884188,0.018596741137804074
1.6517363418489897,0.5835459919726691
1.6517363418489897,0.5835459919726691
0.52493401658673,1.3782397991147755
1.7727704737956165,0.6800260651418961
1.7727704737956165,0.6800260651418961
1.7727704737956165,0.6800260651418961
1.5403436596013864,1.473368868675911
1.5403436596013864,1.473368868675911
1.5403436596013864,1.473368868675911
1.5403436596013864,1.473368868675911
1.5403436596013864,1.473368868675911
1.5403436596013864,1.473368868675911
0.2537871539246679,1.351975455821664
0.2537871539246679,1.351975455821664
0.4570774957437682,0.01942324677481211
0.2629352669303655,0.34303342584065444
0.2629352669303655,0.34303342584065444
0.2629352669303655,0.34303342584065444
1.879222144154801,0.8803651917966573
1.879222144154801,0.8803651917966573
1.879222144154801,0.8803651917966573
1.879222144154801,0.8803651917966573
1.879222144154801,0.8803651917966573
1.879222144154801,0.8803651917966573
1.879222144154801,0.8803651917966573
1.879222144154801,0.8803651917966573
1.879222144154801,0.8803651917966573
1.879222144154801,0.8803651917966573
1.879222144154801,0.8803651917966573
1.879222144154801,0.8803651917966573
0.021965788290902788,1.5550032453278557
0.021965788290902788,1.5550032453278557
0.021965788290902788,1.5550032453278557
0.4537512135883188,0.7243292346449257
0.4537512135883188,0.7243292346449257
0.4537512135883188,0.7243292346449257
0.4537512135883188,0.7243292346449257
0.4537512135883188,0.7243292346449257
0.4537512135883188,0.7243292346449257
0.4537512135883188,0.7243292346449257
0.4537512135883188,0.7243292346449257
0.4537512135883188,0.7243292346449257
0.4537512135883188,0.7243292346449257
0.4537512135883188,0.7243292346449257
0.4537512135883188,0.7243292346449257
0.7102226831012801,0.4697463721750492
0.7102226831012801,0.4697463721750492
0.7102226831012801,0.4697463721750492
0.7102226831012801,0.4697463721750492
0.7102226831012801,0.4697463721750492
0.7102226831012801,0.4697463721750492
0.7102226831012801,0.4697463721750492
0.7102226831012801,0.4697463721750492
0.7102226831012801,0.4697463721750492
0.7102226831012801,0.4697463721750492
0.7102226831012801,0.4697463721750492
0.7102226831012801,0.4697463721750492
0.7102226831012801,0.4697463721750492
0.7102226831012801,0.4697463721750492
0.7102226831012801,0.4697463721750492
0.7102226831012801,0.4697463721750492
0.7102226831012801,0.4697463721750492
0.7102226831012801,0.4697463721750492
0.7102226831012801,0.4697463721750492
0.7102226831012801,0.4697463721750492
0.7102226831012801,0.4697463721750492
0.7102226831012801,0.4697463721750492
0.7102226831012801,0.4697463721750492
