1.0,1.0
0.8685167089820309,0.027912510205273522
1.1387776010632205,0.8653731747651878
1.0047484948664633,1.3814444493475295
0.73913457616295,0.9469603335332961
1.8108549122226687,1.0517239633379598
0.34081504274517904,1.9249221811094404
1.5087512314034746,0.9241746952678451
1.5212839252077166,0.2486335924870533
1.0580477782669315,1.0253217617769854
0.7964504944973849,0.7299089900069013
0.8248454506711151,0.6170862408260269
0.8109720757930634,1.1791467915829819
0.7622106241437006,0.9074369138625269
1.3834513688652845,0.9600053363454746
1.7672858157008975,0.6532893748069903
0.010527066733592383,0.2481366365355484
0.7990930758506474,0.31865036439773764
1.7656716934871581,1.352258079939431
1.9938496656792717,1.4133600816833929
1.5266298666468685,1.6659096024171787
0.6726612841439956,1.922219008346097
1.599261229766097,1.41636223998744
0.5102778545044122,1.3722765403840123
0.7098727706256371,0.05889983315988445
1.7192553655768965,1.863366623307642
1.0608685705182974,0.5942351388203488
1.7223237965601732,1.5857743034772136
0.1738147193045434,0.7139884026686358
0.8684925180008667,0.3996799840236267
1.7043907775510834,1.0697477643634843
1.776967067474046,0.9179718220853192
0.29562556794353756,1.5472239528544829
0.7240926019928855,0.5002359874500433
1.9291507746322445,0.294350100324259
0.9276435642943177,0.46416903187910896
0.6191816813383193,0.2715414019166922
1.2790414844240403,0.4726826601146308
0.9924026124553216,1.9214087161005198
0.4000822506025259,0.18310045649303586
1.5036822131366263,0.6969045484001237
1.6898034605899288,1.0350542151562319
1.6167884960491397,1.142890189487446
1.7814521842937618,1.776621908992389
1.2460538389273874,0.5712064401631236
0.6930652365284351,1.3288925591757095
0.32209849007576397,0.5174942898148622
1.6615338577226761,1.2880688100000048
0.7183609383557799,1.521354575965628
0.2452619738372852,0.07971756135944563
1.2761838508904826,1.251811454709354
0.5571587206496877,0.42942580090161386
1.2431210705578397,1.4574128096413184
0.14389652041297185,1.0067175597104425
1.3874130029820613,1.9838663377716135
0.547642627018434,1.2697899221644535
0.4979315416100494,1.860018133757592
0.31832947590501615,0.2726635102333519
1.0119943903584827,0.4607982265084354
0.17257428862350688,1.2295967305678566
1.844008684297759,0.03370927088105624
1.9067228541369634,0.03724457937654324
1.1490153612568692,1.3410523464284183
1.0894830629893484,0.10379977289921083
0.03949043974820121,0.4923349575773568
0.92317284950357,0.09183100003388844
0.14229346542780075,1.2517478564535098
1.3916564223018917,1.6399258208000917
0.11633413239702417,1.9664986805414866
0.9949839535158758,0.5040751079312904
