1.0,1.0
0.3855146404984784,0.3730343323955687
0.5114527766997046,1.0805444798046413
0.5036322270718332,0.6245262938240097
0.3173215181053448,1.8941882558443333
1.1047330120177785,1.8608701660492006
0.29808384571659574,0.8501871861408823
1.8980286813907306,1.2976661046983313
0.8386423326643011,1.0554814022734644
0.21866952976119913,0.9823630859203125
0.7176017047654382,0.03248823243287413
0.7329902972583935,1.4699811924992814
0.6959699954698659,1.5519692766487099
0.21796157179839692,1.0242415840621628
0.4744863413317555,1.6149782819376297
0.9396943410138971,0.2817034580943212
1.6819514928043344,0.650728458720409
0.6497509799853327,0.41680489935785303
1.931479005889793,1.4530408569743263
0.628295897223101,0.7246529908217796
0.6476617972731984,0.20683590878312308
1.1079407758218414,0.4813108502589596
0.5599184724538071,1.9846647805889148
0.28942409338179886,1.3344878255466783
0.019887541942811282,0.4742544081588671
0.8716495884382749,0.5445213769190589
1.133805484949195,0.3492787212909163
1.1277263210650046,1.1275880113931096
1.5151680849403026,0.702346261302164
1.4865167446960164,1.708797164161573
1.6411496401782573,1.4208840995325402
0.26933215288120316,0.9567624050352013
1.4460090860023354,1.3370703499014007
1.0055300201634279,0.5345368410844138
1.8449080404428384,0.4984569806415906
1.3395333048400473,0.011538988222729474
1.4410731750959649,1.5114933710423297
1.3444718721226752,1.1041926666203863
1.2218426958891682,1.3785388175609372
1.3503338239641154,0.03435089613915565
0.4389123928535632,0.9347065533538692
1.5018430678686703,0.06374006704109703
1.103407552708396,1.0832754174760113
1.9292667103167283,0.4403732802049405
1.8389461741998256,0.4702675535784966
0.9091810570314438,0.07669216428816816
0.14381593231256096,1.3214560589355933
1.842755778364048,1.043459199916635
1.0784657496347334,0.8990326764002425
0.19234436375267538,1.1328376246736784
1.7914148899785352,1.6964712796092372
1.9064049570584898,1.6267363067792622
1.5753353532004568,1.1384687915720837
1.1944604489779573,0.5865857130394696
0.6596594345985001,1.1729180777661603
1.0977080707048337,1.0770275947232961
1.636656851662447,1.6651671920090412
0.17447314888971044,1.868639126838696
0.5025527852063478,0.333464546062733
0.7523910772917821,0.8331688711707739
0.9806895279323102,1.9044426950078
1.8086861141605626,0.4372671728796147
1.0401669512177183,1.8565914347457593
0.5491843271657944,0.9251531324448818
1.058262203352299,0.16307551268139964
0.53086265672599,1.5045004428765658
1.3732037868230547,1.2915767356445613
1.8162826934374192,1.2059106948972693
1.9609686386282297,0.8267483616147708
1.1725555058264194,0.5657118276051323
0.009787274699949888,1.0631332813283936
1.6387579048524015,0.5660263339339675
0.4231575232592122,0.8949492094803781
0.07741964785047428,0.7569874256319469
0.3383476714899978,1.1344140536485947
1.2687886122227183,1.4124507228405985
0.860993059899728,1.2883580219495423
0.8200318852739463,1.9457854753676782
1.090178315107734,0.05562910836461188
1.8254482559436336,0.8482228224681465
0.5525755470011031,1.4731723956631477
0.8034921212115802,0.14545476765931742
