1.0,1.0
1.9817473107998078,1.618684901913444
0.0725553789489155,1.583268942386678
0.8782267113475681,1.361380106641977
1.2985714588790054,1.889541313629911
0.43964542696664033,0.9508918923717924
0.7097798974566594,1.3758336703887022
0.2059010873925491,1.508655601025389
1.824639549832302,0.4958711561895546
1.227858718719532,1.1598341793837958
1.358325998937197,0.3711494008360703
0.6183445654545543,1.39315099494409
1.179202179269448,0.843771222154778
1.7842125689589092,1.0968455019361671
0.7374423234347642,0.3288754980073356
1.9711805162458147,0.3051680474103615
0.48947862895230254,1.2636070676270983
0.5313948592880953,0.6074613770195463
0.23213136972084514,0.013036392981261802
1.4039476019736725,1.9744560658524986
1.9692963008484194,1.4489704287819622
0.9596331248080698,0.9113835730080355
0.16926873155971056,0.5779947603969784
1.8835868502875945,1.2425140103152454
0.8316817139586024,1.8995864435588836
1.046387409520298,1.0098065528475442
1.611621041823168,1.7094623855096314
1.3289379162785222,1.4948303168266488
1.4288025427558486,0.4092862258168435
1.5877922827375126,1.833410727585819
0.47643167198264647,0.6044770863466249
0.04960184020317926,0.7840951087615613
0.09526667891930285,0.6926990641484243
1.5406313315712814,1.9289867483884056
1.7536620017513493,1.238613893504679
0.2093495581400331,1.937316493069686
1.449032639869524,1.4894579191425728
1.8780247863456674,0.3474224057771902
1.2494667683763594,1.0545221159023557
0.8507873033347015,1.9027432609500088
0.25616714387187445,0.45217113045120816
1.2290622481859614,0.7142705048269502
0.34003449619538983,1.5910508724204389
0.6133779058033368,0.2529216439657762
1.1905575851414827,1.358326321384642
0.44828784057462534,1.2827414592610877
0.33954472685654835,0.34211983647320254
1.2083492870620944,1.2923460289618387
1.3449039240195337,0.7727883529824562
0.4236366797901472,0.16046996276528214
1.5991320527294945,0.14509028380924494
0.6042557454420838,0.30859284165642165
0.4638067681403082,0.8544938712918035
0.9318510913941218,1.6647072273094805
0.003639908181464424,1.837599699995221
0.9439626744820864,1.6196430368332713
1.8322053525333868,1.0193757075966754
0.006555395499318939,0.6532861619735721
1.1601656712596613,1.914035080405986
0.3038186007451704,1.3512118663661503
0.23962652540877194,0.392553340219844
0.40293016386130387,1.201327691926739
0.2517043629134168,1.3798182276596571
0.24739915996137984,0.7181939222515457
0.23447980166085003,1.6055247111083342
1.0715158131938711,0.630831251919594
1.4012201756632716,1.1437194363930072
0.5093182976943769,0.600798721974803
1.1925303807508714,1.1207898440880466
0.36495620400028095,0.8836541751396405
0.11176252201517056,1.0390346491414306
0.9746512817802473,1.1013628259459836
0.14843073638025683,0.26455122347623217
0.5811803378152502,0.6204723058453048
0.7265875186719546,1.6359783574766646
1.1366330276753442,1.830511466361595
0.36840175752335913,0.13352496745703624
1.485098268415368,0.09572572963046055
0.04725726501642824,0.8330760106118835
0.611345586616701,0.1402985394503835
1.586908516630997,0.9589584603724941
1.23140751099372,1.3260758980002096
