1.0,1.0
0.586635180669405,0.29288500707419507
1.6750332421793976,1.6597959229046588
0.9354906561859004,1.6248210264935588
0.9354906561859004,1.6248210264935588
1.0478531692885096,0.4827247301274198
1.0478531692885096,0.4827247301274198
0.6466837270807153,1.4471669934436149
0.6466837270807153,1.4471669934436149
0.6466837270807153,1.4471669934436149
0.20838447747967348,0.34319377426624165
0.20838447747967348,0.34319377426624165
0.20838447747967348,0.34319377426624165
1.2087005465953329,1.0736412054575717
1.2087005465953329,1.0736412054575717
1.2087005465953329,1.0736412054575717
1.2087005465953329,1.0736412054575717
1.2087005465953329,1.0736412054575717
1.2087005465953329,1.0736412054575717
1.2087005465953329,1.0736412054575717
1.2087005465953329,1.0736412054575717
1.2087005465953329,1.0736412054575717
1.2087005465953329,1.0736412054575717
0.5572700651378035,0.8203965274355518
0.5572700651378035,0.8203965274355518
0.5572700651378035,0.8203965274355518
0.5572700651378035,0.8203965274355518
0.5572700651378035,0.8203965274355518
0.5572700651378035,0.8203965274355518
0.5572700651378035,0.8203965274355518
0.5572700651378035,0.8203965274355518
0.5572700651378035,0.8203965274355518
0.5572700651378035,0.8203965274355518
0.5572700651378035,0.8203965274355518
0.5572700651378035,0.8203965274355518
0.5572700651378035,0.8203965274355518
0.5572700651378035,0.8203965274355518
0.5572700651378035,0.8203965274355518
0.5572700651378035,0.8203965274355518
0.5572700651378035,0.8203965274355518
0.5572700651378035,0.8203965274355518
0.5572700651378035,0.8203965274355518
0.5572700651378035,0.8203965274355518
0.5572700651378035,0.8203965274355518
0.5572700651378035,0.8203965274355518
1.0797914232649382,0.4627251917233022
1.0797914232649382,0.4627251917233022
1.0797914232649382,0.4627251917233022
1.0797914232649382,0.4627251917233022
1.0797914232649382,0.4627251917233022
1.0797914232649382,0.4627251917233022
1.0797914232649382,0.4627251917233022
1.0797914232649382,0.4627251917233022
1.0797914232649382,0.4627251917233022
1.0797914232649382,0.4627251917233022
1.0797914232649382,0.4627251917233022
1.0797914232649382,0.4627251917233022
1.0797914232649382,0.4627251917233022
1.0797914232649382,0.4627251917233022
1.0797914232649382,0.4627251917233022
1.0797914232649382,0.4627251917233022
1.0797914232649382,0.4627251917233022
1.0797914232649382,0.4627251917233022
1.0797914232649382,0.4627251917233022
1.0797914232649382,0.4627251917233022
1.0797914232649382,0.4627251917233022
1.0797914232649382,0.4627251917233022
1.0797914232649382,0.4627251917233022
1.0797914232649382,0.4627251917233022
1.0797914232649382,0.4627251917233022
1.0797914232649382,0.4627251917233022
1.0797914232649382,0.4627251917233022
1.0797914232649382,0.4627251917233022
1.0797914232649382,0.4627251917233022
1.0797914232649382,0.4627251917233022
1.0797914232649382,0.4627251917233022
1.0797914232649382,0.4627251917233022
1.0797914232649382,0.4627251917233022
1.0797914232649382,0.4627251917233022
1.0797914232649382,0.4627251917233022
1.0797914232649382,0.4627251917233022
1.0797914232649382,0.4627251917233022
1.0797914232649382,0.4627251917233022
1.0797914232649382,0.4627251917233022
