1.0,1.0
1.958880705182079,0.8780035642524837
0.7486880326816776,1.1900203071621764
1.1751141865154162,1.7766890187110058
1.8864086560292899,0.7654062686710812
0.20944380420879805,1.6715092581790598
1.232109450531115,0.5714540850372756
0.5586776477570088,1.4233614876197354
1.3414430140742162,1.2530082911694378
1.2965794770176706,0.7968755709935633
1.6170571256454374,1.8114153010922263
1.7943931524559518,1.3421139851162658
0.7000500561400298,1.3344757246676506
1.2603347014278077,0.6338095636178178
1.9476204983765992,0.4013644872132216
1.8338852595197621,0.6960093326536791
0.6449159876375823,1.1204931428303808
0.8801907733882846,1.0071107866067681
1.110349507704124,0.3360044547160421
1.9036862444191176,0.918643378573216
1.2514841545544013,0.3285721596449547
0.22935092500789778,0.18747483176156687
1.9934227817859478,1.0517211436753824
1.4580151455929549,1.5339571095260294
0.818844936359588,1.2264556111956244
0.8829618650482536,1.321147775522157
0.8664371140681526,0.17979706515248428
0.34817171820060033,1.0323000439546424
1.8175837111529092,0.4645437370843877
0.7470158480662517,1.6557267190704814
1.3514002633233748,1.5832277996099398
1.8127021999313835,1.5684446512400254
1.0127767771838774,1.5454501777849894
0.6952399099573232,1.8595836260900676
1.021185060383827,1.1151644556644482
1.7628570284319938,1.4217322621312187
0.7100031543178957,0.733578523843164
1.7004687665393172,0.33326047618554555
1.0102226581770368,1.3916091682103453
1.7804503247261343,1.9405462645634184
0.07233672128048219,0.09810343856117387
1.8463078138353608,1.2579274037870047
1.009392402632511,1.5776095723518766
0.478901934056686,1.2085322848002513
0.9163108692593951,0.79820059420598
0.5571925215938973,0.5233818572345483
0.4945525265535824,1.3159944359287628
1.825136020662188,0.6487815550580633
0.9883604326224116,0.07333093834846727
0.006125836652237204,1.4755164457888839
1.1648853895430684,1.7231129977692006
1.455101346712331,1.5864092574172668
0.42584754463966346,0.8435135871824442
1.3593924642066126,1.460979223642255
0.4055556647415126,0.39195193878708645
1.0860207179696462,1.1734379262411474
0.6118321949651635,0.38490628325565535
1.776628923130187,1.480575730971424
1.510056864883606,0.28576798706669626
1.5008024466295802,0.05025335072376125
0.49150931857278013,0.7285831757369607
0.0019491032284386645,0.653324992502726
1.3807975460434592,0.3080754706142912
1.9598856500777329,1.1735027015359836
0.3248702974041937,1.6481588376265723
0.5059858027948656,0.6875806624389165
0.3513277748665955,1.4511418523726518
1.4894926110445685,0.2708624936930062
1.1225560078630046,0.6012901728173219
1.0585434760398489,1.3235452139854438
1.4299120144246444,0.8493499307323882
0.6852278866388075,1.063286881613572
1.1099256172959564,1.6064313985230736
1.9876085360465001,0.6856306214824126
1.5918770867640097,0.386965454207731
1.9431064651400352,0.851239546159088
1.7245083984083607,0.1375043813155874
0.47198885099476007,0.1942358693906976
1.2479475116164789,1.0297462697744129
0.07673408649239422,0.4083447658687547
1.0422833250943109,0.7313794695059839
0.7852765646135347,0.05717884011443819
