1.0,1.0
0.06710035200487696,1.9272626538075355
0.6756826083137912,1.2637292336583086
1.792973519537185,0.7451451627903865
0.7398644524873719,0.6256534834334941
1.692053511484131,0.08804243833634673
0.42716521330891255,0.8662879028596044
0.4751658621279975,0.2305004336292511
1.8579071155074778,0.8801013539635429
1.7946907016660016,0.16452363283733207
0.9788216187270662,0.743048550388022
0.720873409527921,1.8866984117800911
0.22273245911413997,1.755203855070202
0.662401479933153,0.8498365429892265
1.7080372479897141,1.268639811644442
0.5398300874254598,1.29666492024228
1.7629617345369333,1.853234372986346
1.1987173302050362,1.3533054663237531
0.7242073181919961,0.8873521184332462
1.4308084709343805,1.8531290386924717
1.3299704394150496,1.9621493078049452
0.04311289404335583,0.852179454310942
0.6076063315028866,1.4008804254416098
0.13053387351012669,0.061493610440050084
0.4350209505827509,0.4554538462137083
0.9570673318362883,0.14624224625879312
0.5387715881672406,1.6235504455816738
0.8862382388234962,1.873153612761838
0.3040396117004509,0.52314662663855
0.013001784392389304,1.9617932634780648
1.2385467614833898,1.4095613620946097
1.8961951266419335,0.6613395927473429
0.728671091155046,1.4268080319002947
0.0014700746863620662,0.9169229305268405
1.1516424730466632,0.28320104239711186
0.8123152605219985,0.5206731118099044
1.0690502109251812,0.0693435834915821
1.5819518689214531,1.9354150954250897
1.2062105342510285,1.9538913973459549
0.07769667508489952,1.6456713701531571
1.7856599907504738,0.2799034091756569
1.6181530724840734,0.2142629732230712
0.5367630428884291,0.5001943272400855
1.1834663304033635,0.7226893512606787
1.6090464341478996,1.668205087439248
1.6298735980731482,1.4461839602353797
1.5264159544639633,0.16578215187306689
1.9660371554038658,1.4107576172454008
1.4149445264770544,1.1611299479462558
0.2969904429011292,1.8780322229099453
0.15520084384303234,0.7577778004024429
1.3066157538279124,0.38223623567160026
0.4756654870814099,1.3354809772494318
1.7326195590963367,1.7049280394949369
1.253734337005819,1.3906983962809143
0.6655935584846304,0.07953547960368734
1.5052182731807136,1.8370050720743885
1.531743000790793,1.3395922702345189
0.29283452505381447,0.6281312002204349
0.9948637329652616,1.8414455119979447
1.235639694261095,1.0968606632908031
1.0089862200655735,0.9067934460829057
0.40199856184875205,1.875258887765032
0.7500539691175652,0.4033038540283569
1.787168491259543,0.7191006321694715
0.8748790339183474,1.5463338560293165
1.150279090729783,0.49103451059242653
0.5194230187394049,1.9228022273978596
1.9681210118842183,0.5578965734150945
1.7269306763791838,1.974768767907991
1.877660733610642,0.6372878953403822
1.2178448142489644,0.7774283617660087
0.6623788483545898,0.9605058387564995
0.13520636286112286,1.9855017161770752
0.7473400794209435,1.1819000088379719
1.2900199037759237,1.1952233118718323
1.9850891736313492,1.634290372556919
1.3405544089003545,0.5022529950679591
0.7806725113992261,1.4667576051272018
1.161039446228999,0.7807736065895599
0.9329521711907638,1.7090118372018832
0.5578519473554346,1.153675807417532
