1.0,1.0
0.7851275518761676,0.8377579307104974
0.6900786996843837,1.0326066300080423
0.7182500577210216,1.6722799831975588
0.727151961347219,0.7679884812535447
0.37383057412673737,1.058126539796814
0.0494202426575463,1.4864998396438895
0.644607510370248,0.2946185387773672
0.5843229177031619,1.281338113258744
0.7241183146330301,0.57612800689987
0.3341795406911652,0.835168752897026
0.6834122289716889,1.301617779208061
1.1774175537799927,0.260437344790037
1.549736335592189,0.7601180942675043
1.4882879796053283,1.5051665873807887
0.29925568787095025,1.7367074064894668
0.7312441477364875,0.13472304542565405
0.9877858431783615,0.7901794173796475
0.8971082829784358,1.288944158879898
0.5483861050687722,0.6341025377321647
0.15105910859665306,1.8614474378125545
0.6643131716599413,0.2921641306904996
0.4473624477805487,0.5139087552553576
0.8763345890770182,0.8026014458354562
1.8131875954676229,0.4344329087169416
1.5135643805305736,0.660898274257613
0.7253446316184253,1.7622765600993728
0.3931353357607086,1.1793103419249193
1.2806346986618693,1.8464723095181197
0.24978961187188142,1.358084663516679
0.9216957246119051,1.7904298693632323
0.2574620116844075,1.041776761995684
1.8050997171060494,1.353771855309916
1.7331829229766347,1.9241332078849929
0.4576905043838744,0.16416617592041916
0.7341004772986539,1.1471799308524315
1.6450899641111847,1.6951366233144762
0.6068330445011443,0.013550756790110752
1.45317951012845,1.1336958045007886
1.1861402971744202,0.30233211611452093
1.2791092480246946,1.8682593770373235
0.6508022423871038,1.8414031615980107
0.7787105201550233,1.4403895849123107
0.2566915778322001,1.0015250719398632
1.5042145314975426,0.19644341680160027
1.651645821333665,0.8496681172978453
0.28272353946721673,1.8403839258683208
1.493269443802586,1.0410344859316376
1.171272539394161,0.12007233753551749
0.7031695712022132,0.9392280179047121
1.0820371616694924,1.5309621687306645
1.396226381166673,1.5316197340427893
0.6052653987430456,0.20502609630981072
0.3256861987941966,1.953945070544099
0.06016295796127613,0.19469465177607614
0.7004628242892132,0.9818970504616327
0.4818669995415721,0.7641871513390344
1.2947473693686968,0.9012838754494739
0.3620708779268724,1.1650538802526118
1.314830779912956,0.6788346651553874
1.0490447338098752,0.7636066973359834
0.7497982316302292,1.7612538546639664
1.144000576125334,0.7253442462770714
1.7244892217080634,1.8317208944154848
0.23313921716828268,0.6997814951430934
0.9636617138157697,1.8629521664452344
1.1805837049761452,0.3416087610481824
1.8943379383696066,0.265191489538785
0.18676240228733332,1.7002912431285264
0.7274352268848716,0.6634223035286595
1.3506116609140293,1.34243549788478
1.1358068373120302,1.5059592845838567
1.456312104462009,0.49284334276617936
1.0711949657636586,1.586071675002613
0.6858097539531909,0.44139875614209556
1.133862072520855,0.9577105966446182
0.9030610868052322,0.20195812986906003
1.7855427176885017,1.8997758875400685
0.15815142213888178,1.9672232762506145
0.6686517811821262,0.8994898371239215
1.4436154315337677,0.972547539770992
0.42403737314798895,1.771903878170037
