1.0,1.0
1.1680605107437505,1.3930574495114163
1.1275005986504398,1.2636410184422049
0.8319673130516054,1.3498874012111528
0.6595338970697486,1.1440867445112466
1.5352802785918638,1.4719250902031848
1.3225570316385205,0.19567968151522086
1.8422208083341196,1.6107646130364173
1.6180874562047285,1.4832847499810693
1.56346019578666,1.6358998062631476
0.04977530759805271,0.7996649968637946
0.5238785158810286,1.0225779323002446
1.1546383928630668,0.40341493745190316
0.8269686444283233,1.9285432790448824
1.228740837790516,1.0861876386345772
0.8649637138396384,1.578397799266814
1.3072165940458949,1.1121971059018296
1.7185644280532872,0.7214287150001253
0.5076207975301776,0.3630126127765656
1.630930738177322,1.3473911439683066
0.24218639774273543,1.787003321172966
0.41935539367113583,1.46156038971399
1.0889058834818752,1.997998388616278
0.9459743913600298,0.6426236149312821
0.89310419629632,1.919563943730751
1.8068439351352927,0.39557428424504004
0.7623851962883514,0.11529825073665845
1.8426125244732467,0.30933420385335375
1.235213640664185,0.8621983938219624
1.0056435789706282,1.0607521573988914
1.6028538007270223,1.8804020052190629
1.8304899385413593,0.1419207597635972
0.0201218217017316,0.7494770072686461
1.7584403572029226,0.7000453880477528
1.8656058728974858,0.17164796293773055
0.7716878247169539,0.12341496063667345
1.5125940672116212,0.27985562924898555
0.8177145165090367,0.15081479371463824
0.5756934950923291,1.700365089383359
0.5935017623849723,0.2972523025192022
0.4114397459533814,1.8322362581971297
1.8693822446183002,1.9162405389118091
0.5436499043817384,0.7270057822631235
0.9030450471954599,0.13968082242191104
0.5012285369362599,0.5615916928338007
0.6196391698529407,0.2870343899801673
1.37246508447921,0.13988120382282476
0.10700463086792111,1.4596956243042514
0.5720789213699371,1.3169262883286301
1.3530499023793157,0.6914566155732571
1.640919098985991,1.1588861587748698
1.6974749436545178,1.4794674137040194
0.5324075457486308,1.5176175828455059
1.1490133843788641,0.24313077899888036
0.4455382741652243,1.9154878984184607
1.5583988943883902,0.8288159957209349
0.3746879397531384,0.06185736301658973
1.1423193443988322,0.25831713765441555
0.5507629721887981,1.5296422034102959
1.4101074066006507,0.4182829369891419
0.05354708898076632,0.5082037291503207
0.6160656253937857,0.04897684086674281
1.39138078424581,1.7380427616189624
0.49028346671933165,0.6916027299052885
1.4587641571010428,1.1294721855569423
0.167479156701428,0.3290556753483018
0.3719877775916596,1.216604190717526
1.8950082049424677,1.327265643172483
0.8022151353841127,0.37176749409641574
0.6349003765940588,0.22694343043024112
1.6588334182605151,1.7038692547621388
0.8450812501613834,0.30911325088709396
1.8685477913360256,1.4748490739892817
1.3116926501255337,1.5910635054693927
0.901959402665202,1.8154858232329552
1.432986364016056,1.0773402169231485
0.9794476556366967,1.0167402332479323
1.0672264093017432,0.18308679198919475
0.3549999279878697,0.12155589647058118
1.4161817832073922,0.06038589685015383
1.9761979784928965,1.6059141912350439
1.6435404260980713,1.9087058576844789
