1.0,1.0
1.836094402798112,0.48743955409522455
0.7871663523732599,1.5445548508871316
0.4845937008630008,0.0639652595263085
1.7419788345599556,1.3239388622690462
1.6817380376513666,0.9725014157292611
0.74986018823224,1.213086650872129
0.12201161211888456,0.7739926657717717
1.1207814842297663,1.8764300898213955
1.9821008771928397,0.010736258087135075
0.38359633210452326,1.9408238264785882
1.3458816875874364,0.5818241873581322
1.8366386321575512,1.8894812322640226
0.8394545180364976,1.1679242023591747
0.9455017580773832,1.3496724065103824
1.5902772111174517,1.6737936799885669
0.7217149988318041,0.7141873565677943
0.9074345873663869,0.3989509281621346
0.15717841048918357,0.2751415858223729
1.8106774807166732,1.9303880469183763
0.31260689028146094,0.6421935618229175
0.2058393292885925,1.4719865822511249
1.5155895935065713,1.1214952493552361
1.9683691291472158,1.76844159380136
0.3021360409276628,1.5746967465049853
1.5592513593471027,0.9855441176263195
1.0867440868381195,0.48248528995595286
1.9783218292239935,1.1613163939368036
0.5207694195782662,0.8519277378177226
0.7270938469246304,0.10184157751140077
1.9111087193608276,1.2245327368930656
1.0098469917282462,1.191698509794646
0.9909874197282256,1.9572064228930304
1.8457886545596427,0.35647471108540474
0.10169302069201125,1.7500402935332056
1.7699012017784714,1.4950841812959415
1.3902622813822627,1.8480261809761327
0.4742260175364714,1.9009930685063865
0.5859581770561171,1.8447567643390534
0.7181905544543341,1.0844170786556564
0.543183473511333,0.32142737165436763
0.0902027807511745,1.4587377021992451
1.2663621092500659,0.378541278643896
0.876444907121599,0.7085697232594621
0.39847774384622614,0.3262350591653316
0.9974969981534485,1.8541209510981302
1.2745677034343563,1.7042378610412765
1.1541823647086291,0.3780092131114603
0.832857502234235,0.8645573904671344
0.12719990068415954,1.263029177911014
0.8468987001253114,0.6955482166399662
0.48434616704449396,1.7967532503852794
0.8562860763029316,0.3993300700543234
0.7684623348711725,0.7746004789929448
1.5241783598483971,1.97269534999508
1.7058954722050004,0.28089614702809484
1.0679240273280313,0.7841061208952942
1.5771046069675914,1.7110766182103472
1.4450948083743504,1.8285340980825024
0.3334758427734694,0.0911436749362935
1.5240017627222464,0.14000538032112964
1.4877541909993752,0.11187634718321826
0.46659692221446436,0.15288936099063366
1.3830620498423472,0.9273043350470174
0.651280539756055,1.623390565535353
0.8546452762288936,0.8698978056038567
0.7009152012550082,1.3458121551708562
1.160283396089001,1.5647850374861025
0.14448687904903523,0.47416442247833035
0.03836639445346801,0.7594947202744977
0.40272908354592274,0.0003169043347837075
0.05568278289330841,0.3069918554769586
1.051368815401448,1.9381699002587713
0.0050321702433111515,0.9776950291306039
1.0538013011611924,1.4493275149883627
1.4574679326905016,1.5198804356571665
0.6614833172199162,0.16701851564643388
1.8131548689621464,0.2896584918866498
1.8764279161698383,1.0783580727421738
0.17596809146467174,1.9143132932821036
0.786592958617294,0.8500968871746606
0.5076818891192849,0.4537973034615239
0.9975566560605165,1.3566813043062906
1.8762295175303498,1.1764900765393784
0.059464228346185255,0.09755734465287302
1.126417826347038,1.4668539463400563
1.0855552774550417,1.2639313522116162
0.43583966067375846,1.2289620326426254
1.7899815630928961,1.78004362459023
1.9483121757707882,1.53903073224082
1.7652028086370857,0.049107301266479775
1.7883023524691113,0.9380199748988434
0.5064204990616694,0.3661332626432303
0.8466536493979335,0.17109072079910947
1.096610367178281,0.0209557569238199
