1.0,1.0
0.744732268356824,0.11693672016119061
1.9652190180332227,1.2129197669692404
0.20415027768496796,0.9446261197063188
0.2188410910775529,0.291478289993363
0.02619297397905518,0.13094729953394713
0.7990695428289438,0.7029153395644765
0.20842826514443424,0.43038781945055726
0.6043867569320742,1.5786095142795575
1.714926594826371,0.43340121232782747
0.7375484338798326,0.054572598450892684
1.711094320797696,0.14765939623952828
0.38231163078021324,1.5419076131727265
0.8838777576888961,1.2745172389504682
1.8763695867427217,0.8229350508024258
0.5284158861360337,1.7117553008829278
1.3749757046581446,1.028848208538652
1.5490394997227865,0.07617565438149954
1.6091559947164598,0.9020670705776683
0.678740189392153,0.0427823789150199
1.8097919349894434,0.9705643545144387
1.897741413963052,1.8823990123338532
1.644599277633334,0.7126195417185084
0.8173354409494535,0.2504439813769841
1.7684227450735326,1.2135486686276968
0.6285617083810848,1.1460433677899333
0.8115437255244289,0.8599141258353746
0.017704669029195097,1.086849101068703
0.2830521598016291,1.5472833453732882
0.526682042153648,1.9455027623223389
0.3281389595713442,0.7936901086266672
0.7320312212231668,1.0329252166137455
1.5266364888812078,0.8416932153853542
1.205418454380082,1.2953307471490974
0.23130408337018737,0.6463120965586611
1.8741187919964715,1.2372643466174675
1.0563483845004948,0.5419399635253943
0.0015123128894987126,1.7168328413466136
1.2741331249593886,0.1236625822434132
0.776032648045885,1.0542919171636056
0.9987710227420585,0.3402783664654674
1.4344861318076398,0.07124708165318672
1.3803253016966068,1.8346159242022462
1.440698514442378,0.43926097910184225
1.566772386579075,0.893446936563651
0.9105257691453026,1.1960526068819313
1.4162188563475393,1.6619972039329634
1.3410915779175268,0.2805692858753197
1.3337232826111463,0.341161876075063
1.6538284637959773,0.32609821016429863
0.719746906237626,1.865842537464415
0.9396990468582738,1.0513174300763113
1.1710995091488337,0.4373118598267731
0.021334089513094456,1.365849475280737
0.026760158132084655,1.3124931469982903
0.9087439363855954,0.676953221002726
0.04418342364990013,1.4670560967062671
0.36280423231207637,0.15388904516002233
1.0715998012390124,0.659082301900972
1.504746858346683,1.676056405553585
0.7610730093584777,1.2181553117977544
1.7798449311105182,1.8889307955767296
0.942449964282577,0.44159226844432276
1.4685568960418793,0.9985932021770811
1.8845409906856498,1.1705771022591462
0.8810437343476152,0.4591011991143763
0.7663135702260961,1.7701826032764343
1.1776276648482316,1.1251651167498866
0.9321227727536336,1.6174189957866014
0.6343551773406171,1.6758960207644655
0.7037714356031737,1.0291367003713028
0.32404157256663235,0.6857826140845487
0.5702166087563332,1.3782341509117357
1.707273731938123,0.474363747198586
1.815992028632991,0.022867884969788976
1.811838185620118,1.133332574392959
1.0864809644290838,1.0403831193114508
1.6495207304965298,0.919216823842113
0.43843258381769945,0.9883716623717842
1.0776140494190163,1.0649046769766402
0.36204166717661534,1.1329818576329198
1.6347432340676948,1.884635219483911
1.1371793167264506,0.7986394346185726
1.3296645423863152,0.6501999691536053
0.6025264467715468,0.9169205346989233
1.9032826495792392,0.3664610240031201
1.6924707900298077,0.44346506219633497
0.34537087158327795,1.0865371424633827
0.42297425735637995,1.1035282609444708
0.9045909144140123,1.7013940549022886
1.3965940755723487,0.5305853855558278
0.0441541130433758,0.36692496872266833
1.1508151588765876,1.320210777080802
1.7996719606378206,1.1455154550051074
1.5983556372155148,0.4049053030590404
