1.0,1.0
1.2769969042244327,0.4863050192558147
0.9415693015827884,1.869333795217822
0.3530925431953029,0.8586178357649872
0.5691266825462651,0.9005579063840163
1.8950142736333948,0.7051341909047757
0.7463273331799702,0.22359546076225745
1.2061741411591755,0.003243821502392219
0.12348981580350027,0.39925613465490284
1.2446129273615218,1.3436801400159915
1.1198132083091412,1.422621007879501
1.7910210352317888,0.04388151851505695
0.12055130710244288,1.3692300890737459
0.5751220557742829,1.684822409817553
1.7711850148383057,0.9770067454452522
0.9269469993427699,0.3133953232835609
1.446931568187426,0.7480985707787888
1.5681223689001647,0.23121642547764654
1.2396934602180185,0.07821412827280483
1.3950858088259017,0.9097083004859676
1.7436775004946512,1.265786187770749
1.4932660109370082,1.3094705989116608
1.7553114266329124,0.5259556867117856
1.5566968090731017,0.10646193474935783
1.9607841038949374,1.1921563739645438
0.7353024016592327,0.24120716294209688
0.12322452590397504,1.945137614015544
1.026153231138766,1.344333102919909
0.7339434157134797,0.5169158119245727
1.8637372509181438,1.4102236240160928
0.3846008374397567,0.17557361743421462
0.20111085165825626,0.13444531757339018
0.957451474135629,1.8094685049614805
0.5548778118848043,0.9557050738236541
1.723903584506813,0.6264762950905909
1.603192783493723,0.8098063581925234
1.0143452767619587,1.1424227878353013
0.009190963313516098,1.6987709586686288
1.7704244821340727,1.1751359447094587
0.034126559603529616,1.4303016282134575
0.5784838638380667,0.7924745766587069
0.8449076575080696,0.8027734212356599
1.9741627855103672,1.8097507618394546
0.8422186402264589,1.2632976513001242
0.08406343087784895,1.8196020093813332
0.972419178344331,0.6852656694097039
0.3962615779818315,0.5594196256639969
1.8494558574963824,0.21887904368118605
0.08810440561120658,0.6835767779746622
0.4897669150425745,0.21835998334446405
0.5285946249747382,0.3742398882647211
1.9793926334116116,0.7440282373211178
1.2098634793012482,1.3026104539557326
0.2769420667867022,1.8940429699029895
1.2745793931298492,0.7658975290443804
0.5557961391744235,0.9593580614221804
1.8304202802130702,0.7075001441624207
0.8192343499504597,0.03282898959500913
0.598971328728888,0.5607447313434768
1.8113749303872584,0.7220276230192544
0.9181570322427999,1.2806162423784162
0.043419380307107014,1.5988385275229922
0.22277338967681226,1.9021748919364176
0.2931342201746232,0.40163150626030397
1.6126618874570133,1.4724635507318917
1.176998804765276,0.02526578279995073
0.8266234192038413,0.49260123904096287
0.1097587055818563,1.1075865904772322
1.4888937193316973,0.5868342448976924
0.564589024595278,1.662074589798058
0.15740634472056847,0.09953555207800457
0.21568897994002123,0.4397190865212608
1.2349763801384726,1.135515863526753
0.6607967795993901,1.0267958086772038
1.6059208671885759,1.9493692529744098
0.7321060655871561,0.2685861341284663
1.6550553953669942,1.9571575132543635
1.114446333021747,0.3009910196444794
1.5394596214144358,0.031226773127350782
1.6502513781351646,1.5730839860591401
1.6035184297976397,0.7034014750291395
0.27286077948081533,0.7748183375686326
1.6299796332411025,0.646446079520903
1.931195909920633,1.7506852433586917
0.9434234338046543,0.2059899726400789
1.7827644476869682,1.5522315195992424
0.9085414959838953,0.4645151181560907
1.0757131737184846,0.5373181292869824
0.49141636746678863,0.640334603473619
1.6362466693037314,1.893292248707865
1.3447900404309574,1.5349246084242496
1.9306919503555988,1.227795424990937
1.1686134135069206,1.2775504511758886
0.717434094352388,1.566825317749031
0.7495671322011745,1.7212164294376504
