1.0,1.0
1.5048807199989478,1.0573960044483364
1.583324789037598,0.6223238964458484
0.4228075925532364,0.3343427371287804
1.3091068218205741,0.9436414789336014
1.3722810896620878,0.7913324816789817
1.0478214526284495,0.25298707021380107
1.6449359812582727,1.8562532000681415
1.8888498691012647,1.390214516671048
1.9402552202742118,1.3143663507585213
0.11787542996916156,1.705787560451619
0.6544720085123814,0.35031743948971505
1.1909647627740945,0.3186021630364493
0.07123919184190064,1.2612176284629821
0.302797772869837,0.7109462240233575
0.5710262306509473,1.7847519901127853
0.35372945244832876,1.6909861670165263
0.1516874502535428,0.17056237225684634
1.672442113323862,0.461556555080203
1.8675550656380697,1.599293128136445
0.7704255179843569,0.8859583734309717
0.6558448044955159,1.0081391068352443
0.7546590999363991,1.6744080635407885
0.28583514173169733,1.1764432531794402
1.585811788327551,0.43613754286290596
1.7522663654651647,1.7913858248298824
1.1120469634459853,1.8193837580800656
0.4425677222575657,0.7875783916332899
0.767454412652895,1.9079665191277444
1.049632970450481,0.43001390748901147
1.8773178883641342,0.09256542258234024
0.40601636585383893,0.3973776824905271
0.8011163137572663,0.4072791223017098
1.9250250927872967,1.56181394110039
0.7028655530450827,1.4138073366750101
0.47497383606636023,0.7395547377723535
0.8788078290201102,1.8024925429154297
0.8775518321951776,1.7562299000495647
0.1417491003129394,0.2668816374814349
0.14141994067590247,1.0955248666042703
1.361718481769673,1.0928887295465946
0.3916240234477728,1.1166258997937615
1.0750648489366006,0.10746212068765648
0.6594947332389252,0.8082059126710055
0.6991137718981641,0.9751603537587832
1.180616960125391,0.7317123489225859
1.4868431509895266,1.0988088820422066
1.4176030226595149,0.028500536959975342
1.0888939295647129,1.2523017080840573
0.663373345603854,0.8729614549049147
1.0224533466385484,0.41689427162763626
0.7640420049615795,1.0142408526490292
0.25298828709267185,0.5136252360135087
1.8187073965352727,1.1501820223826793
0.07316029171343685,0.0025835111550285283
1.3294380373440358,0.23088011686305676
0.9106067185602611,1.148189909112513
0.6765473560080191,0.2836879289591929
1.823357868360275,1.0127047948597094
0.05098353940835754,1.1962923223841124
0.12523719191630844,0.37513221015777454
1.5546105086786697,0.10942414808057332
0.27965447947466604,0.058693738998867095
0.8121821311570758,1.6877035641155604
1.7649802430255601,1.4964503463419683
0.5530287743130202,1.3891352999213233
0.4784438821698762,0.5561388257329802
0.33665801985076516,1.0859554979456174
1.6037049062786086,0.38239887881892454
1.0082037081361268,0.9087994718433192
1.2521856362841528,0.9676363758911424
1.9554060817698247,0.5454750402900996
0.5033551236680889,0.5602756245963347
1.6256157418105661,0.2944504205113947
1.9845721304934054,1.9827052557619669
0.4878159563015896,0.2036189215685178
1.1967521972254627,1.729002812792706
1.086252729727686,1.8101023703052834
0.21937128026322772,0.4956620387526198
0.2991199798455211,1.5473926477271904
0.48098372801815614,1.1108623516565883
0.7038495578053219,0.21166540132742684
0.10615867392077982,1.8681587620787248
0.031210808372742926,0.08012604835627735
0.5923977511774827,1.1449609779785532
1.4963384573819196,1.9283871897775184
1.3279529543901845,1.7623999513240327
0.5932573729819137,1.8816990746480509
0.02635029640899833,1.7417309906821294
1.329608230031355,0.33403869903591055
0.9640270612458843,1.1735624270267604
1.0174023165625456,0.944018948591073
0.2825402623139792,0.41944655127487374
1.1489129426724816,0.9594039580231253
1.6205559291279314,1.6545035491778521
