1.0,1.0
0.7847323382159317,1.021066481570551
1.0874432695613894,0.09252204865625413
1.116923751617101,0.6473066281670155
0.10053886292566205,0.12735730317157112
0.7195509250593433,1.227886735700151
0.8549363628373472,1.7961817201062809
0.6875114749467512,1.815063644005511
0.1899681635025552,1.492445344805642
1.8190043874197663,0.5783943636131879
0.2304432429172103,1.4540884624590207
0.3553125854243193,0.326350431534713
1.255901920797637,1.9944854026286971
1.5412222658336978,0.8252523520175599
0.7844269413013227,0.8493943983680057
0.019822440612184744,0.5514775664795639
0.7986954938020769,0.9215465215468772
1.7512944187311739,0.8154524784588668
1.0572240913158621,1.466485136612698
0.006160819665396167,0.6259952718656296
1.0532231368876979,1.1494216374241264
0.4142751605624344,0.27214303786683947
1.6909773374457535,0.6505846822649048
1.3223866774307937,0.2277115230488831
0.772704434749093,1.3777775317298775
0.8732300827057076,0.42077180824951
1.7516680377001042,1.0512715341065317
1.4794728607089762,1.0434187736044924
0.20822106653537076,1.3768596477908608
0.24913656738382706,0.2673652444882979
1.7789138255887709,1.893494619470904
0.9330916476795599,0.4516946207378336
1.5878695070995312,1.3462118864994952
1.3983455630218027,0.9043232513922059
0.03615506792584511,1.1795734430414646
1.512731877978165,0.06537503104178244
0.6703795489870565,1.5962006162860558
0.8458363627336447,0.9851844106010283
0.6065924056306642,1.2314100854584025
1.8288596051432369,1.723851531635763
1.134290795484703,1.4595761907231444
1.3922145571776647,0.26274874509430646
1.234171939586037,1.2527885653999586
1.4756112376652226,1.1126661811177856
0.8804446606373895,1.5417019579772293
1.8311259218036493,1.0266744709561793
1.2631243126398042,1.4350690090737401
0.4798807688450597,1.6427257518289573
1.8008307458211315,1.6669698197004685
1.342108302353545,0.2648120256706574
1.3549067323278934,0.6006486208412019
0.884995703865987,1.9511333348630813
0.8311759990105851,0.1936514242614562
0.7107795502939018,0.672896665587343
1.0987076304945649,1.0132180480205708
0.14398423223407986,1.5904427135216292
0.9301134275229115,0.07146508964524645
0.7012252589861472,0.6076317121893839
1.726168373533221,1.6023927710085877
1.366450582078018,1.6623283534194164
0.7889555193078546,0.8184780369100584
0.06924170138598407,0.6189291585313625
0.4632809042829076,1.0978301336867653
0.024069203071936718,0.5584427372789076
0.5348245078215117,0.848190865915448
0.860847309325736,0.5600320928846207
0.22926152921862042,1.7114479091705157
0.6366010072889088,0.1313210547271273
1.3239861689323282,1.298735386978774
1.8703217684212496,1.0383024785482189
0.48803398662726916,0.4503088956392407
1.9940705563668584,1.8051476057422604
1.28119950805413,1.0844808887365975
1.371325113848671,1.7776797737988816
1.923876660828712,0.8943461193630611
0.6212395189300368,1.1624934845557202
0.5282650838135359,1.58983995279855
1.758168759869594,0.04120644253539085
1.168057238415782,1.8318134221099374
0.6590341233270309,0.8524432965936244
0.7036223554292897,0.3559523769549673
0.01902963815608061,1.3529457333058352
1.5123303680754585,1.971036841690888
1.988275142383718,0.6796597140301692
1.4594453322934284,0.6618645298902517
0.5540757066017479,1.39835962493626
1.5670198876237138,1.5976947959177255
1.2813994902154866,0.15298913609997156
1.4347938659797548,0.32283779898020026
0.860193833236327,1.1451087906643116
0.7472297342117376,1.4989252957430372
1.0869342387200553,1.4183923363343662
1.9933764276307628,1.9917799165412002
1.7177384708102041,1.6394160047369377
1.0295732407812292,1.4800799548032857
