1.0,1.0
1.3927464557503082,0.3450617906807738
0.5872241573455681,1.7142240618483697
1.1324433761241544,1.8905282907747218
0.9456510203805988,1.2183882221356122
1.6666315805424678,1.8876608951938028
1.5279850958730008,1.7817350936181808
1.7346972504297875,1.5764069497744158
1.9706062047487418,0.4659948976944457
0.07499773445014157,0.7421766724142773
0.7911724954630786,1.9513338349282972
0.2727844637037984,1.0262067974799587
1.3236758366459693,1.0128040277861172
0.33909649109426554,1.7846760254980172
1.3599735587906026,0.044934882325323944
0.741140999948495,1.8561002250942271
1.8439003486254735,0.7603084108895213
0.08579991850201218,1.585167489873734
1.8325894733460655,1.6765982773657617
0.329115229898433,1.435441606417441
0.6278136877468519,0.8385539543613945
1.1117947062973355,0.49122030206289424
0.4849304750110468,1.2613163621416106
0.2666717036003765,0.9980283427053458
1.960897003934417,0.27146774969471066
1.6593176721526626,1.917921148147984
0.8828925406413834,1.9403166983748907
0.20640401024044808,0.6625534196099507
1.8185543204180936,1.9396964606794658
0.4384825031424009,1.10847333850138
1.235047956175649,1.5601985157421048
1.9157644944116061,1.771287054534482
1.1646035845623504,0.4708906540985667
0.6090736984474949,1.6798407218896951
0.6935108838506883,1.1186982721927077
1.176425707880412,0.6499687388075477
0.5408248857338211,1.886697813307417
1.4301003050739163,1.1966169801829865
0.7069382742301469,0.01195774562285079
1.562033120716588,1.027656606362076
1.984961665942703,1.6197258769692318
1.8675135501890034,1.255705208124885
1.6956705391024396,0.5685312742311501
1.7271213497443603,1.5808602507286538
1.3610684520734229,0.10793517963768395
0.7247093413100794,1.096929265368292
1.8467494656278927,0.9175376318597945
0.5151567360755107,1.0849711334631018
0.8728585924561671,1.6532012431158334
0.5557849866572215,1.6389298944757777
1.213977536916175,1.5162915600477147
0.5148661479784431,0.44308916449176916
1.9639790266231487,1.189016147728459
0.3628041910489126,1.367121557594481
0.28573128677914617,1.9561339376751703
0.8426062423227336,0.1473933955877671
1.1110436908646522,1.43082608023963
0.749298192987178,0.7414594797592109
0.48131058710439656,0.7427649809802848
1.182133897055347,0.5206276030505272
1.6227897299462595,0.5294559806340737
1.7392257678801757,0.5841525606308464
0.7604396459018794,1.7075286786145167
0.21366299038724157,1.3243104129255185
1.855944588577352,1.9032026856627908
1.50802020145838,1.5458857124009817
0.6415444854696335,0.6319493776536884
0.1193802762218743,0.15009495711357768
1.4728255019205037,0.47742336957942366
0.636840474813883,0.9505741957526193
1.0121378337478084,0.4432071490131777
1.3359411638364789,0.29968609296318616
1.3459635128875622,0.9723303511523778
1.402340578844877,0.49269545338805987
0.9223929639577064,1.853066940890541
0.010358312443322415,1.9256330712877172
1.7396922339513803,0.43316023365361733
1.0301033977535208,0.07953187773117665
0.14629197276050165,1.2423504053324728
1.1552264785711244,1.0869384071348573
1.4810386331377283,1.7874035503171044
0.3098619792349384,0.43177416478526975
0.29361857309855965,1.7442654653643264
1.3401836553007096,0.43750413839566527
1.377134166475145,1.1584277393342564
0.6433604034771503,1.533661950641879
1.6928978380245168,1.3002514927167717
1.8828190873044688,0.5251382730611778
0.454183133837035,1.8747046027903929
1.3796684710374167,1.747544342630373
1.2904480678297756,1.4700907450933969
1.0127779325051514,0.8459192758598528
0.5720144544023729,0.16715645395095935
1.7170309541690547,1.2691757080191137
0.9668573883577287,0.27835317775039226
