1.0,1.0
0.6403306528455619,0.06154063725976111
1.0418460331771513,0.7287060557869809
1.7087777600864993,0.9222788604983572
0.26764464899330287,0.08926792976266085
0.15955454649107836,1.9704893212646613
1.8727974279869277,1.232759139652691
0.4892089666353374,0.29252784110304964
0.13183515832603443,0.7320961890420974
1.109174394560518,0.8470899546913631
1.139078965193294,0.5658442330801972
1.3434876564705625,0.8274445105168509
0.7451209512738908,1.9116412927913702
1.8945361111354853,0.28437764015433253
0.17306394396887415,0.6485912215074834
1.222987853608997,0.3218510088768687
0.6439234863636354,0.8082055522690321
1.1116789062642616,0.6284241547010017
0.06019012072783814,0.9243462651589072
0.29850139074441384,1.3185064373913435
1.4263047886329239,0.06435708383696648
1.4221223803735592,1.478923735162636
1.45656032932277,0.6698144412573486
1.2147689888835986,0.1250455957260661
1.8909145795839328,0.950712359512411
0.8891111291016063,1.369882465709916
0.7787715133169373,1.5196897436250516
0.6227804693216898,0.8019485652097329
0.42144222382550356,1.3047174591739616
1.5143905737663905,1.9992474551077302
1.6888738585441767,0.9070275006096424
0.053384493999335314,0.15639010620449278
1.393122115586471,0.9399353166720983
0.8048318826022818,0.9239747395119282
1.6575163627852925,1.943203377445593
1.7183542463489485,1.5614442691717108
1.8743704756953865,1.6253863372821897
0.45206957458435926,1.332152680769396
0.08785409628865759,1.0072670089745985
0.13136355179105585,1.6935819351941137
1.3027570998130382,0.4031736773594221
0.9324985475861403,1.545875740014352
0.902530901736309,0.15172932037695053
1.095766943580042,0.744179942581283
1.6511912467500507,1.2824876215264598
0.9490463426610458,0.1127169427805279
1.5456362244234296,0.17426873288651157
0.036499287470474595,1.2728724817154948
1.2565377421014683,0.036555133001746176
0.7475945778958832,0.6247893756954279
1.904588386964125,1.5550763837683919
0.6364103111251129,1.864580951220656
0.10215970677809749,0.25291917840797007
1.3243671763697527,0.9983389990318259
1.316595251038303,1.6663056423125193
1.9729450185410213,1.152225753913927
0.8635997281873404,1.09324212660316
1.2285696899479608,1.5546327932417416
0.8770695586038457,1.32755467568264
1.930000852253352,1.7801610220264565
1.4725526363424162,0.14659874292576625
1.0687479846370058,0.9653569145291605
0.5011839220200165,1.626748759642378
0.6044521905966165,0.746170759369011
1.898105854291502,0.8656386020105182
0.3253895968266849,1.2119282797269786
0.14344889646197867,1.269480284619652
1.7263863524844631,0.6752856156368743
1.262308698010129,0.5169476370113986
0.9074878939243334,1.9898798975786283
1.0035922095779048,0.04298486664921786
1.658982304122997,1.5351987485492804
1.5966777323643322,1.8977523852169613
1.4885590761895064,1.4225562789749022
0.2246218716291819,1.0546456546437166
1.8450009435863122,0.2979057996288468
0.8371261434013992,0.1373341105348691
0.777422438987079,1.614784196367425
1.6484755385045948,1.2559580710000733
0.19291129433525023,1.3284560765348443
0.6880572817328452,1.2677740784395302
0.6101282170575799,0.8731486877247594
0.40864727574613013,0.07537937554816798
1.9452880215734245,1.1339604139738308
0.026789620344718212,1.9295253890816242
0.4192987432775115,1.0484265027776714
1.6412603421025975,0.9446342571878248
0.48710563184073297,0.5319827592023272
1.6372894829007822,0.99309386834625
0.89921403089152,0.3302602835320283
1.6102880253421288,0.49410101968449993
1.6323820945582808,1.9456153725000291
0.4985753238814914,0.8208280542109694
0.8136279028001221,0.7798410664469515
0.32694144156339355,0.9338729163067108
