112,119,63,79,0,
2,0,
95,0,
0,
75,118,0,
0,
34,15,0,
37,0,
0,
45,0,
0,
0,
4,13,0,
48,0,
3,21,0,
101,0,
38,0,
92,0,
0,
52,109,0,
8,0,
98,0,
0,
0,
5,0,
0,
23,0,
91,0,
96,0,
65,0,
47,0,
121,108,0,
85,94,31,0,
29,78,0,
11,0,
105,41,0,
0,
90,0,
58,0,
93,0,
110,0,
0,
10,0,
124,0,
111,0,
0,
0,
0,
68,0,
16,51,0,
26,82,0,
24,74,0,
114,0,
0,
99,86,0,
60,6,0,
125,0,
0,
0,
104,61,126,0,
70,0,
30,0,
0,
88,33,59,12,0,
56,40,0,
66,0,
84,0,
0,
0,
25,53,0,
123,0,
57,0,
113,1,7,0,
0,
36,0,
73,0,
0,
0,
62,0,
32,19,116,55,0,
122,54,0,
0,
0,
103,0,
0,
81,9,0,
0,
0,
35,102,0,
97,50,0,
0,
0,
0,
0,
28,0,
0,
0,
27,87,0,
0,
18,0,
83,0,
0,
67,20,0,
0,
43,39,0,
0,
0,
0,
0,
76,0,
0,
0,
80,89,115,49,0,
17,22,0,
0,
69,14,0,
64,0,
100,44,0,
106,0,
72,120,117,0,
42,71,0,
77,0,
107,0,
0,
0,
0,
46,0,
