120,1,35,124,0,
40,105,91,76,0,
84,85,0,
74,0,
64,0,
101,0,
17,109,0,
0,
68,0,
63,0,
0,
36,0,
0,
0,
57,0,
0,
0,
0,
0,
0,
3,0,
31,39,0,
115,0,
60,102,0,
81,121,0,
122,11,0,
112,0,
20,6,47,0,
83,45,0,
0,
0,
73,0,
104,0,
19,0,
37,93,0,
25,106,28,66,0,
42,0,
0,
0,
30,0,
58,4,0,
0,
0,
98,79,0,
0,
0,
110,0,
41,0,
0,
108,77,54,0,
0,
0,
0,
90,2,0,
29,0,
0,
0,
0,
72,82,0,
0,
18,0,
0,
0,
114,0,
0,
0,
26,23,0,
0,
0,
33,125,0,
0,
88,0,
15,0,
0,
0,
103,0,
113,87,0,
8,12,0,
32,5,0,
16,0,
71,0,
89,0,
51,0,
10,0,
0,
55,0,
70,0,
92,14,0,
0,
65,0,
117,7,0,
9,21,0,
48,0,
56,0,
119,22,95,0,
0,
97,0,
0,
59,0,
0,
44,0,
52,0,
62,0,
118,0,
0,
80,34,0,
123,75,0,
69,46,0,
13,0,
126,0,
67,0,
43,86,0,
61,0,
99,0,
0,
0,
0,
116,0,
0,
96,0,
24,107,27,111,0,
0,
100,0,
38,0,
49,53,94,78,0,
50,0,
0,
