25,10,83,5,0,
59,0,
85,0,
0,
9,54,0,
44,6,31,0,
67,38,14,0,
8,77,0,
48,0,
0,
62,70,87,55,0,
0,
119,0,
20,22,52,0,
97,0,
80,103,0,
0,
65,0,
64,0,
0,
39,0,
0,
122,0,
0,
89,23,0,
113,82,13,15,0,
0,
96,40,0,
53,0,
126,0,
68,0,
88,124,0,
98,0,
0,
42,28,0,
0,
0,
34,86,71,0,
36,0,
0,
0,
2,0,
115,0,
0,
114,4,0,
125,0,
0,
90,109,0,
0,
0,
79,0,
0,
76,0,
0,
21,0,
108,29,0,
0,
0,
107,0,
0,
0,
121,0,
1,99,110,0,
0,
19,0,
0,
73,91,69,0,
101,0,
11,0,
72,0,
74,18,0,
105,57,0,
111,0,
117,0,
95,0,
81,0,
0,
26,0,
116,61,30,0,
0,
56,0,
0,
41,27,0,
66,37,78,7,0,
0,
0,
63,0,
17,12,0,
100,93,0,
0,
0,
46,0,
112,0,
60,0,
0,
51,0,
0,
0,
0,
3,75,0,
49,0,
0,
0,
43,0,
123,0,
106,0,
0,
0,
104,0,
35,0,
92,45,0,
94,0,
0,
24,118,47,0,
32,50,0,
0,
16,58,0,
120,0,
102,0,
0,
84,0,
0,
0,
0,
33,0,
0,
0,
