62,41,69,94,0,
3,0,
0,
2,0,
30,0,
0,
0,
0,
63,0,
16,26,44,0,
0,
0,
0,
0,
0,
72,115,20,0,
33,93,0,
0,
0,
0,
18,76,0,
0,
112,119,0,
0,
120,114,86,0,
90,118,0,
43,37,0,
0,
122,0,
47,0,
0,
55,0,
97,0,
107,0,
52,0,
0,
5,23,0,
32,0,
75,0,
100,36,0,
42,0,
121,116,9,0,
0,
12,0,
8,111,0,
0,
0,
0,
0,
105,0,
117,79,0,
0,
0,
99,0,
0,
51,0,
0,
17,0,
88,0,
25,82,126,0,
0,
84,0,
64,1,59,124,0,
0,
71,78,31,0,
0,
14,0,
0,
66,13,0,
24,110,15,0,
7,0,
56,0,
40,123,0,
98,0,
0,
0,
0,
106,0,
70,0,
21,0,
0,
49,58,0,
34,46,0,
0,
0,
0,
96,83,0,
92,4,0,
27,0,
74,0,
104,0,
80,0,
65,0,
108,0,
125,22,39,0,
0,
45,0,
0,
95,0,
0,
67,0,
0,
60,0,
0,
0,
0,
0,
103,0,
0,
0,
81,50,87,0,
10,0,
29,0,
91,0,
35,38,0,
48,19,0,
73,53,0,
11,0,
101,0,
109,0,
85,0,
68,28,0,
6,0,
57,0,
113,102,0,
89,61,0,
77,54,0,
