110,67,101,38,0,
92,0,
3,0,
0,
2,0,
72,75,0,
0,
43,0,
0,
119,0,
35,116,0,
19,102,0,
0,
108,0,
94,7,0,
0,
0,
49,0,
32,0,
87,0,
0,
57,0,
0,
0,
123,109,126,0,
26,0,
31,0,
95,103,0,
0,
37,0,
113,0,
0,
0,
93,0,
54,0,
56,58,0,
0,
76,0,
112,121,107,0,
0,
15,0,
122,51,0,
0,
0,
20,0,
114,0,
55,0,
73,0,
18,0,
0,
0,
6,0,
0,
104,62,0,
0,
0,
69,0,
0,
52,0,
84,30,0,
106,29,0,
12,0,
0,
0,
98,0,
0,
79,0,
120,118,70,0,
17,34,0,
0,
124,125,0,
0,
88,50,0,
0,
41,14,1,0,
89,0,
0,
99,0,
0,
0,
16,0,
85,0,
77,46,0,
0,
0,
78,0,
13,117,0,
0,
0,
0,
0,
65,22,0,
42,0,
0,
97,0,
23,0,
83,0,
0,
0,
0,
0,
66,60,74,0,
8,0,
0,
100,0,
5,27,21,0,
36,0,
48,4,0,
0,
80,44,0,
24,105,10,0,
28,0,
81,91,86,0,
0,
0,
63,0,
40,9,0,
71,0,
82,11,68,0,
0,
90,0,
25,59,53,0,
39,0,
64,111,0,
115,0,
96,61,45,0,
33,47,0,
