89,2,1,7,0,
10,35,126,95,0,
18,3,84,68,0,
61,55,0,
54,0,
120,0,
73,0,
104,21,88,117,0,
39,0,
108,0,
4,14,0,
17,0,
36,0,
0,
115,0,
82,0,
0,
0,
69,77,0,
0,
31,0,
41,26,119,0,
63,0,
37,0,
118,0,
0,
67,0,
0,
0,
0,
48,0,
0,
28,0,
29,0,
113,0,
8,5,0,
0,
0,
24,86,0,
0,
0,
123,13,0,
23,0,
49,0,
64,0,
92,0,
0,
0,
0,
0,
0,
106,0,
91,0,
111,0,
0,
110,0,
94,0,
72,0,
90,0,
0,
34,0,
85,0,
32,65,0,
0,
0,
53,0,
102,22,0,
40,0,
74,60,0,
99,0,
27,46,0,
25,0,
0,
0,
79,0,
107,0,
100,0,
20,0,
87,0,
114,0,
47,0,
112,93,101,0,
0,
0,
57,12,33,0,
0,
98,0,
0,
42,75,0,
96,81,109,62,0,
0,
0,
0,
80,76,0,
0,
51,125,0,
105,66,103,0,
0,
0,
124,0,
0,
116,78,0,
0,
122,83,0,
11,6,0,
16,0,
0,
19,0,
0,
121,38,0,
0,
0,
56,30,0,
0,
0,
0,
59,0,
71,15,0,
0,
58,44,0,
0,
52,45,0,
0,
50,0,
0,
97,0,
9,43,70,0,
