42,12,83,125,62,0,
112,39,0,
107,92,0,
0,
3,0,
78,0,
0,
0,
0,
102,0,
45,0,
26,0,
72,1,64,0,
115,71,0,
89,0,
0,
100,76,0,
94,0,
0,
0,
49,67,0,
0,
53,0,
79,0,
121,0,
41,0,
0,
0,
0,
108,0,
0,
68,0,
111,0,
0,
123,0,
0,
48,70,0,
0,
10,110,0,
18,0,
56,0,
0,
13,59,124,109,0,
90,0,
0,
0,
47,0,
0,
22,63,0,
46,0,
27,0,
52,0,
0,
0,
80,0,
0,
0,
0,
75,0,
38,11,86,0,
6,0,
66,30,0,
16,113,2,20,0,
0,
98,51,0,
50,0,
0,
4,0,
0,
0,
97,21,0,
33,0,
25,43,0,
9,116,0,
105,77,126,0,
0,
55,0,
81,34,0,
0,
0,
0,
0,
58,0,
120,106,99,74,0,
0,
104,0,
119,0,
17,93,0,
0,
0,
0,
14,0,
24,0,
31,0,
88,0,
117,0,
0,
8,0,
5,0,
40,114,0,
84,0,
0,
0,
96,0,
0,
101,0,
32,23,0,
95,0,
0,
122,103,0,
69,0,
0,
54,7,0,
60,61,0,
35,0,
19,0,
85,15,0,
0,
44,0,
28,0,
91,118,0,
0,
37,0,
0,
65,82,0,
73,36,87,0,
57,29,0,
