67,69,167,105,15,0,
65,156,45,0,
0,
162,127,0,
2,0,
163,84,0,
12,0,
11,0,
133,0,
0,
0,
56,0,
0,
136,48,28,0,
107,0,
13,3,20,21,0,
4,0,
89,62,0,
0,
0,
55,70,31,0,
90,142,87,0,
176,58,29,0,
0,
0,
18,0,
0,
25,59,0,
92,60,0,
116,172,0,
0,
113,122,0,
0,
32,0,
0,
0,
168,0,
75,0,
0,
0,
137,0,
0,
68,143,0,
98,0,
132,0,
99,155,0,
0,
74,150,0,
124,0,
0,
24,0,
118,0,
0,
91,0,
0,
85,53,0,
0,
114,0,
121,151,0,
49,0,
0,
0,
23,0,
0,
110,135,0,
148,109,0,
0,
97,103,157,71,0,
177,0,
64,154,149,0,
112,8,0,
88,171,47,0,
0,
77,0,
129,0,
0,
0,
0,
0,
81,5,7,0,
38,0,
128,174,0,
39,0,
0,
0,
9,0,
0,
82,166,0,
14,6,0,
125,0,
44,158,0,
0,
86,0,
0,
0,
0,
0,
130,27,134,0,
0,
0,
0,
37,0,
95,0,
160,42,0,
0,
16,17,119,0,
115,111,0,
0,
123,0,
0,
76,141,0,
139,108,0,
165,0,
72,0,
0,
50,43,0,
170,0,
80,0,
0,
152,33,0,
104,0,
100,0,
144,0,
0,
0,
0,
0,
147,78,0,
35,0,
0,
138,36,0,
66,26,0,
0,
0,
34,0,
51,0,
54,126,0,
0,
19,0,
41,0,
175,0,
0,
159,0,
0,
0,
96,0,
0,
0,
93,0,
169,164,0,
61,0,
94,0,
52,0,
0,
131,117,0,
0,
120,145,0,
40,101,0,
46,0,
146,0,
73,0,
83,0,
10,0,
0,
161,140,0,
0,
173,0,
1,106,22,79,0,
0,
153,102,0,
0,
57,30,0,
63,0,
0,
0,
0,
0,
0,
