100,134,6,86,28,0,
0,
81,0,
168,21,0,
0,
26,0,
144,177,129,0,
0,
166,15,0,
87,0,
98,0,
89,0,
45,0,
58,12,0,
0,
112,0,
0,
19,62,0,
146,99,0,
7,0,
107,0,
83,0,
0,
145,10,38,0,
14,0,
0,
123,0,
0,
113,162,163,141,0,
34,0,
155,0,
32,0,
0,
131,0,
0,
67,0,
0,
0,
147,108,0,
1,11,0,
69,0,
102,0,
0,
40,0,
0,
0,
0,
72,41,159,0,
0,
70,22,0,
0,
0,
65,63,0,
71,0,
16,0,
0,
31,0,
42,0,
0,
106,91,0,
0,
20,29,0,
0,
0,
0,
154,0,
174,0,
0,
55,0,
0,
60,0,
0,
51,0,
90,68,0,
0,
97,133,0,
50,0,
0,
104,130,61,0,
116,165,0,
54,0,
0,
74,0,
0,
175,0,
30,0,
148,157,78,23,0,
0,
176,0,
0,
170,0,
0,
4,0,
115,0,
105,135,0,
150,0,
139,0,
109,0,
0,
82,0,
132,140,127,47,0,
35,36,0,
117,0,
161,0,
25,0,
119,0,
122,0,
0,
114,0,
0,
136,76,0,
46,0,
0,
66,85,111,0,
0,
0,
143,0,
0,
48,0,
0,
160,158,0,
0,
0,
0,
137,0,
152,0,
0,
169,101,17,0,
0,
80,53,39,0,
167,0,
0,
84,52,0,
128,0,
138,18,79,0,
37,0,
0,
0,
120,88,110,0,
0,
73,5,103,0,
49,164,0,
0,
0,
8,3,0,
172,95,0,
153,93,0,
44,0,
57,59,173,0,
0,
0,
33,0,
0,
0,
0,
0,
0,
13,151,0,
0,
149,0,
77,0,
0,
43,171,0,
96,56,0,
2,0,
142,0,
0,
126,0,
0,
124,92,0,
0,
125,118,0,
64,0,
9,27,0,
0,
121,0,
156,0,
24,75,94,0,
