33,4,111,20,29,0,
7,0,
34,93,0,
0,
88,10,51,95,0,
123,0,
0,
47,0,
18,0,
0,
96,12,0,
145,0,
124,0,
0,
0,
0,
141,158,0,
50,147,0,
72,0,
94,0,
112,52,22,0,
0,
25,59,36,0,
64,157,0,
0,
161,53,0,
0,
148,0,
160,0,
104,78,149,46,0,
115,103,0,
26,0,
0,
48,139,60,0,
0,
100,0,
90,38,0,
128,76,159,0,
91,0,
62,0,
49,0,
86,0,
81,0,
98,0,
121,43,0,
0,
152,8,0,
0,
105,66,0,
0,
156,0,
137,58,155,0,
56,75,39,0,
136,0,
0,
143,0,
42,85,0,
0,
170,99,0,
5,0,
153,19,0,
16,44,30,0,
154,0,
35,92,0,
0,
114,0,
113,101,0,
172,165,0,
0,
174,55,0,
54,31,0,
9,125,0,
0,
131,6,0,
0,
27,68,0,
40,107,0,
0,
120,41,0,
28,151,0,
89,0,
0,
129,0,
0,
83,0,
0,
0,
133,142,0,
73,17,79,0,
0,
0,
0,
0,
14,0,
0,
67,69,23,0,
102,0,
80,150,0,
0,
0,
0,
0,
0,
45,0,
1,2,70,0,
130,0,
176,0,
21,0,
0,
0,
3,0,
37,61,167,0,
171,117,63,0,
0,
0,
0,
15,0,
32,146,0,
0,
0,
116,110,0,
0,
0,
0,
0,
57,0,
119,0,
0,
175,0,
0,
0,
0,
169,106,0,
177,0,
13,0,
0,
0,
84,0,
0,
97,166,87,0,
162,0,
118,0,
135,0,
0,
138,140,0,
0,
0,
0,
0,
144,132,134,0,
109,0,
0,
77,0,
168,0,
0,
108,0,
0,
0,
0,
65,82,0,
0,
24,0,
0,
0,
163,0,
74,0,
164,126,0,
11,71,0,
0,
122,0,
127,0,
0,
0,
0,
0,
173,0,
0,
0,
