32,97,2,1,120,0,
61,142,127,0,
64,57,82,107,0,
0,
0,
40,153,158,0,
163,4,0,
0,
165,6,0,
26,0,
77,7,0,
145,124,0,
0,
116,0,
0,
154,0,
0,
21,0,
16,30,0,
105,0,
0,
0,
94,0,
0,
119,0,
0,
0,
56,125,0,
0,
114,0,
134,0,
72,0,
8,78,151,0,
0,
0,
0,
0,
148,0,
173,0,
0,
9,33,0,
147,0,
172,0,
171,174,0,
38,0,
29,62,0,
0,
0,
0,
10,84,109,0,
58,146,0,
106,0,
42,141,0,
123,44,95,0,
161,43,156,0,
0,
65,0,
41,92,110,0,
60,0,
88,0,
0,
17,31,0,
48,0,
13,166,0,
96,52,111,0,
0,
91,22,0,
19,108,0,
75,0,
0,
14,0,
0,
0,
28,0,
176,159,0,
0,
0,
169,0,
18,167,0,
69,0,
131,0,
66,101,63,0,
51,50,11,0,
0,
70,0,
0,
157,0,
0,
0,
139,0,
36,0,
83,0,
168,170,0,
164,0,
0,
155,0,
113,12,0,
81,49,54,143,0,
0,
0,
0,
152,118,0,
0,
0,
135,0,
46,0,
162,0,
80,45,0,
130,23,0,
25,0,
3,39,0,
34,68,0,
0,
87,0,
0,
0,
0,
0,
129,0,
0,
5,67,132,53,0,
59,79,0,
100,0,
86,103,0,
55,0,
102,0,
0,
24,104,0,
76,0,
0,
112,0,
115,0,
177,121,0,
47,0,
0,
0,
0,
138,0,
0,
0,
0,
0,
98,0,
160,74,27,0,
99,0,
0,
0,
71,0,
0,
0,
15,0,
93,150,0,
35,0,
37,0,
0,
117,0,
128,175,0,
0,
90,0,
149,0,
144,73,0,
137,122,0,
0,
0,
0,
133,0,
85,0,
89,0,
0,
0,
0,
0,
0,
0,
0,
136,0,
20,0,
140,126,0,
