5,43,116,93,158,0,
0,
25,0,
0,
0,
0,
2,37,0,
66,0,
82,3,0,
51,0,
56,47,0,
59,52,143,0,
32,164,0,
68,174,0,
17,0,
99,0,
128,144,0,
0,
121,28,0,
0,
0,
0,
0,
97,34,0,
31,0,
0,
0,
168,0,
21,0,
136,16,6,0,
0,
30,0,
4,0,
138,156,0,
20,0,
0,
135,0,
109,0,
61,157,0,
98,0,
69,0,
114,0,
146,0,
96,166,45,126,0,
0,
149,79,119,0,
0,
123,0,
0,
148,0,
139,0,
0,
41,102,0,
0,
74,0,
19,0,
134,0,
88,71,0,
137,36,0,
141,55,0,
0,
0,
162,130,0,
0,
120,150,0,
81,0,
0,
172,0,
170,0,
0,
53,0,
0,
62,23,0,
0,
0,
54,0,
0,
0,
0,
14,167,0,
0,
108,0,
90,0,
76,0,
0,
104,132,0,
105,0,
42,0,
77,0,
133,15,0,
0,
8,65,83,0,
107,0,
152,145,72,118,0,
112,75,140,0,
165,0,
13,38,0,
84,0,
0,
0,
113,0,
18,163,175,0,
0,
0,
50,159,0,
0,
129,0,
0,
0,
0,
0,
110,0,
161,0,
0,
0,
10,58,0,
11,115,91,94,0,
63,0,
106,92,0,
49,127,0,
177,0,
48,0,
1,0,
0,
73,100,0,
0,
40,57,39,0,
26,0,
60,0,
0,
44,0,
0,
103,0,
46,0,
0,
0,
147,117,0,
154,0,
160,0,
0,
9,7,0,
169,0,
0,
122,27,0,
153,0,
33,86,0,
0,
131,0,
0,
80,0,
173,0,
155,0,
64,67,87,0,
0,
0,
0,
35,0,
0,
29,101,171,85,0,
0,
0,
0,
142,0,
151,111,0,
78,0,
0,
24,89,12,0,
22,0,
0,
0,
0,
176,124,0,
0,
0,
0,
70,95,0,
125,0,
0,
