165,38,112,86,26,0,
0,
16,106,0,
65,0,
0,
21,0,
0,
111,0,
0,
0,
0,
76,0,
0,
0,
18,155,0,
69,94,0,
96,0,
0,
123,0,
57,0,
129,0,
0,
0,
91,149,0,
0,
0,
131,31,93,119,0,
0,
90,0,
0,
0,
152,66,171,0,
120,62,87,0,
6,0,
17,0,
0,
167,0,
154,0,
32,40,74,59,0,
12,0,
58,5,0,
141,0,
0,
35,0,
0,
153,0,
0,
83,0,
71,0,
0,
97,0,
104,0,
0,
0,
92,117,0,
156,150,175,0,
89,13,0,
29,0,
70,0,
168,3,173,0,
64,77,0,
145,47,0,
37,142,0,
24,0,
52,0,
88,0,
130,20,0,
0,
0,
0,
121,0,
42,0,
0,
36,157,14,0,
114,108,0,
0,
0,
146,0,
49,0,
44,0,
0,
0,
1,0,
0,
172,0,
25,0,
140,164,115,100,0,
50,101,0,
0,
162,0,
0,
75,0,
0,
136,11,19,0,
0,
67,0,
0,
0,
0,
122,0,
61,135,0,
134,0,
0,
0,
0,
43,124,0,
0,
0,
82,0,
0,
0,
0,
23,55,127,0,
63,0,
109,159,0,
113,99,54,0,
27,0,
4,0,
0,
169,60,0,
41,95,0,
0,
151,0,
0,
0,
0,
85,174,0,
56,137,139,0,
53,0,
0,
158,0,
48,125,15,0,
9,0,
0,
0,
107,28,0,
34,0,
133,0,
0,
170,0,
45,78,0,
0,
138,0,
72,0,
0,
81,0,
0,
105,177,0,
128,7,0,
22,0,
110,0,
0,
79,39,0,
0,
0,
0,
10,0,
163,68,0,
0,
80,0,
8,0,
2,126,0,
0,
30,0,
33,148,166,0,
161,73,147,0,
176,84,0,
144,0,
102,0,
98,143,0,
103,0,
118,0,
0,
132,0,
0,
116,0,
46,0,
160,51,0,
