41,37,173,79,0,
130,3,159,0,
142,0,
157,95,0,
63,0,
176,102,0,
148,0,
32,161,66,0,
126,0,
0,
135,0,
67,101,0,
0,
0,
81,10,0,
0,
83,0,
120,2,131,0,
0,
0,
0,
0,
144,24,140,0,
122,0,
4,29,0,
0,
45,0,
0,
0,
0,
156,0,
84,0,
68,0,
0,
0,
0,
18,0,
17,51,1,7,0,
0,
57,0,
0,
116,111,158,103,0,
124,0,
12,117,0,
0,
0,
0,
114,0,
0,
0,
0,
8,153,0,
0,
0,
35,0,
82,0,
0,
0,
15,0,
0,
115,54,0,
0,
50,0,
0,
0,
162,146,0,
40,132,0,
112,0,
0,
147,36,0,
96,0,
74,155,0,
145,175,0,
127,0,
21,0,
20,0,
172,119,0,
99,0,
0,
168,80,91,76,0,
16,69,0,
56,0,
0,
100,0,
0,
0,
98,0,
43,165,0,
0,
0,
0,
169,60,151,0,
0,
31,0,
59,0,
123,0,
0,
105,0,
134,0,
38,0,
0,
28,0,
27,0,
42,94,0,
85,0,
0,
49,0,
170,55,0,
88,0,
0,
167,0,
125,14,0,
0,
0,
0,
113,0,
72,11,0,
46,0,
64,0,
30,6,0,
139,52,0,
0,
0,
0,
0,
97,47,0,
137,0,
0,
0,
9,0,
62,143,0,
26,110,0,
13,0,
109,0,
0,
0,
128,0,
0,
0,
150,0,
164,70,0,
136,0,
33,0,
121,0,
75,118,0,
34,0,
25,133,0,
177,0,
0,
92,0,
0,
78,0,
154,107,141,0,
160,129,0,
58,86,0,
0,
0,
19,0,
73,171,0,
77,23,0,
89,0,
149,166,0,
90,0,
0,
104,0,
48,0,
44,0,
0,
106,5,71,0,
108,174,0,
138,0,
61,0,
93,39,0,
152,65,22,87,0,
53,0,
163,0,
0,
0,
