80,49,102,15,0,
0,
0,
138,0,
0,
99,119,0,
146,0,
0,
22,0,
115,0,
0,
4,0,
10,0,
73,133,0,
0,
137,154,45,17,0,
0,
168,39,0,
0,
152,71,79,0,
63,0,
20,0,
0,
59,0,
0,
28,0,
0,
139,0,
0,
0,
18,0,
0,
0,
0,
116,0,
0,
0,
161,166,6,0,
157,0,
141,0,
0,
0,
50,126,0,
0,
127,0,
156,5,173,0,
24,0,
128,81,91,0,
120,0,
169,37,110,47,0,
36,0,
96,0,
103,0,
118,21,54,0,
104,92,0,
90,0,
160,94,0,
0,
0,
0,
43,0,
42,147,167,0,
0,
0,
72,55,0,
0,
0,
87,0,
0,
57,0,
0,
113,0,
131,0,
136,0,
70,0,
38,151,0,
8,30,0,
0,
144,51,109,0,
105,122,0,
64,125,53,78,0,
177,0,
33,0,
0,
159,0,
35,0,
0,
0,
158,0,
31,0,
62,0,
11,163,0,
86,0,
0,
176,0,
0,
0,
9,0,
0,
29,0,
84,0,
65,0,
19,124,61,134,0,
0,
0,
130,0,
0,
14,0,
135,0,
12,0,
75,108,0,
172,0,
0,
93,0,
41,0,
0,
0,
77,0,
16,3,0,
0,
0,
129,52,0,
83,0,
0,
88,121,76,0,
170,13,142,0,
153,0,
0,
112,44,0,
106,0,
0,
68,0,
0,
66,0,
145,171,0,
32,0,
0,
67,23,0,
0,
0,
165,0,
26,0,
25,148,0,
58,0,
155,46,0,
101,7,0,
2,0,
48,107,0,
164,0,
117,0,
162,0,
95,0,
140,111,0,
0,
56,174,0,
0,
27,0,
0,
40,0,
0,
82,0,
123,143,0,
0,
175,0,
0,
0,
74,98,0,
89,69,0,
150,0,
100,149,0,
1,0,
114,0,
132,0,
34,85,0,
97,60,0,
0,
0,
0,
