120,121,82,53,0,
143,0,
116,175,0,
134,0,
45,0,
0,
216,156,92,0,
202,0,
227,0,
113,0,
5,0,
192,0,
135,0,
136,180,0,
0,
0,
90,0,
58,75,167,0,
49,0,
96,218,214,0,
0,
0,
24,0,
32,111,0,
0,
99,0,
0,
0,
166,0,
67,0,
201,221,9,0,
171,103,0,
142,0,
0,
44,0,
40,208,0,
100,0,
0,
176,0,
21,0,
76,0,
0,
0,
51,114,35,0,
0,
0,
217,0,
123,179,0,
61,0,
0,
0,
18,106,0,
127,0,
138,43,68,6,0,
0,
158,0,
212,223,0,
115,0,
12,87,0,
8,162,0,
0,
0,
0,
152,154,196,0,
0,
0,
118,79,0,
0,
16,228,0,
0,
65,0,
131,0,
220,93,110,0,
0,
10,0,
200,219,0,
0,
137,0,
56,66,13,0,
187,0,
54,0,
2,195,149,0,
88,161,72,108,0,
0,
0,
0,
0,
26,0,
186,155,189,0,
172,0,
0,
0,
164,52,0,
34,22,0,
0,
73,0,
91,0,
86,0,
0,
0,
0,
57,178,0,
0,
170,0,
0,
0,
174,0,
0,
168,148,190,0,
145,0,
129,130,0,
185,0,
11,139,0,
163,0,
36,94,0,
0,
0,
225,0,
222,0,
14,0,
19,30,78,183,0,
81,17,197,63,0,
64,0,
159,0,
182,0,
181,0,
0,
0,
184,0,
98,0,
153,0,
0,
20,0,
0,
0,
0,
173,0,
0,
112,147,101,0,
27,0,
213,0,
0,
0,
0,
102,0,
0,
0,
25,226,0,
203,205,0,
177,150,0,
62,0,
188,119,0,
29,38,0,
0,
41,0,
80,125,0,
28,71,0,
169,0,
0,
0,
146,0,
151,31,207,0,
85,0,
0,
199,0,
105,0,
0,
132,4,0,
144,77,0,
0,
0,
224,0,
0,
0,
0,
37,0,
0,
191,0,
83,0,
194,0,
84,0,
0,
0,
59,23,47,0,
0,
0,
122,117,0,
0,
50,0,
157,55,0,
206,215,0,
0,
0,
0,
0,
160,3,0,
1,70,0,
74,39,0,
60,0,
0,
0,
89,7,0,
0,
69,0,
0,
107,0,
204,0,
209,95,0,
42,0,
193,0,
15,0,
33,0,
141,0,
0,
140,46,0,
126,0,
48,109,0,
0,
97,211,0,
133,0,
210,198,0,
124,165,0,
0,
0,
0,
0,
104,0,
0,
128,0,
