1,8,45,188,222,0,
121,2,46,0,
178,5,151,0,
0,
0,
66,0,
0,
0,
88,62,158,183,0,
156,0,
141,0,
0,
25,0,
47,159,0,
4,0,
152,0,
0,
0,
74,0,
14,95,0,
0,
144,0,
0,
0,
0,
0,
0,
43,0,
100,170,204,0,
220,117,0,
0,
0,
189,0,
48,58,125,0,
0,
226,0,
0,
0,
7,0,
23,0,
22,0,
94,0,
0,
129,0,
0,
104,210,28,223,0,
130,131,0,
42,0,
113,114,0,
0,
115,0,
0,
224,0,
118,0,
136,0,
11,198,0,
0,
228,0,
64,205,0,
0,
0,
0,
192,19,0,
61,0,
181,0,
16,0,
0,
0,
12,21,0,
0,
173,0,
69,157,0,
0,
0,
0,
99,0,
86,127,0,
103,0,
124,0,
0,
0,
0,
146,0,
164,78,0,
56,0,
184,9,0,
0,
179,0,
53,71,119,0,
133,0,
216,0,
218,83,15,0,
37,0,
215,197,191,0,
0,
112,0,
203,0,
0,
0,
0,
52,87,0,
17,0,
67,0,
150,0,
82,180,13,0,
81,0,
187,111,0,
120,194,90,0,
0,
140,0,
0,
153,0,
0,
211,0,
73,0,
0,
0,
0,
34,0,
123,0,
84,92,0,
57,171,0,
169,102,0,
49,0,
0,
6,39,0,
98,0,
79,0,
0,
0,
109,0,
201,18,0,
105,0,
0,
138,0,
32,175,0,
0,
0,
59,0,
168,172,0,
0,
0,
177,0,
214,0,
0,
80,0,
0,
148,0,
0,
40,10,0,
0,
142,38,0,
97,0,
0,
0,
41,54,0,
0,
72,0,
155,199,0,
31,0,
0,
0,
0,
89,165,0,
161,0,
30,0,
27,55,0,
0,
202,0,
0,
75,101,0,
185,126,0,
196,0,
0,
122,76,106,0,
24,0,
0,
0,
182,207,0,
0,
51,0,
0,
128,0,
77,132,29,0,
212,0,
116,0,
137,0,
26,0,
91,107,166,174,0,
0,
0,
65,108,0,
225,60,0,
36,0,
160,147,0,
145,193,0,
0,
70,0,
162,0,
50,35,0,
167,0,
0,
227,0,
0,
217,63,0,
154,0,
3,0,
190,0,
0,
200,96,0,
163,68,85,0,
0,
0,
44,0,
0,
213,0,
20,0,
110,0,
206,143,0,
221,149,134,0,
0,
176,186,0,
33,219,139,93,0,
209,195,135,0,
0,
208,0,
0,
0,
0,
