122,123,180,94,0,
98,0,
89,220,228,0,
0,
64,0,
145,0,
0,
0,
113,21,0,
222,0,
0,
0,
189,0,
90,0,
149,175,0,
60,0,
0,
49,116,0,
81,103,0,
137,146,0,
0,
106,0,
127,0,
124,0,
27,0,
0,
0,
0,
0,
153,70,0,
0,
0,
0,
0,
0,
0,
0,
143,0,
59,0,
202,12,0,
209,0,
185,0,
0,
187,119,0,
16,69,0,
207,0,
0,
53,0,
0,
36,0,
144,0,
0,
0,
0,
76,0,
0,
211,165,0,
129,174,0,
35,0,
0,
0,
0,
161,0,
160,213,0,
0,
33,0,
40,23,0,
57,91,22,0,
71,0,
152,0,
52,0,
0,
34,0,
173,214,0,
84,0,
66,117,39,0,
0,
0,
65,114,0,
172,0,
135,0,
3,0,
26,0,
109,0,
0,
194,147,212,0,
126,0,
0,
0,
61,206,0,
0,
201,83,0,
0,
200,0,
169,2,67,223,0,
0,
0,
0,
0,
226,141,0,
92,0,
0,
1,68,0,
10,0,
0,
96,0,
0,
154,139,131,0,
140,0,
0,
0,
0,
0,
42,0,
195,0,
130,100,0,
203,0,
197,38,0,
46,0,
182,0,
0,
0,
210,178,85,190,0,
75,164,163,155,0,
0,
0,
0,
0,
0,
0,
55,0,
37,47,0,
7,0,
0,
0,
0,
0,
32,0,
0,
93,150,0,
0,
221,0,
8,184,14,0,
0,
0,
0,
217,0,
218,45,0,
136,0,
0,
101,0,
41,0,
0,
104,0,
177,205,0,
19,196,166,0,
77,0,
28,0,
167,0,
0,
110,0,
0,
73,43,204,0,
44,181,215,0,
168,18,0,
97,0,
82,227,0,
20,0,
95,0,
115,29,219,0,
156,118,0,
105,108,0,
0,
31,0,
0,
6,0,
72,79,0,
88,0,
198,158,151,0,
188,0,
192,162,107,142,0,
216,9,0,
0,
120,0,
80,13,0,
0,
0,
111,0,
0,
0,
56,17,170,0,
0,
99,171,78,0,
30,0,
148,125,0,
0,
24,62,0,
112,0,
74,0,
186,58,0,
0,
133,0,
11,0,
0,
193,157,0,
25,0,
128,0,
0,
0,
0,
224,102,183,0,
0,
86,0,
121,0,
134,0,
15,191,0,
159,0,
0,
51,0,
208,5,0,
50,54,0,
0,
0,
176,199,63,0,
132,4,0,
48,0,
87,0,
138,0,
225,179,0,
