258,261,181,218,221,0,
0,
0,
0,
57,0,
175,0,
0,
144,105,210,0,
0,
0,
0,
0,
225,66,0,
0,
89,0,
0,
94,0,
242,206,0,
0,
84,0,
199,0,
0,
224,196,101,0,
77,0,
48,85,102,0,
269,0,
246,0,
123,166,219,0,
0,
106,19,0,
230,0,
79,0,
83,69,0,
0,
0,
112,0,
0,
88,31,0,
157,215,0,
264,0,
0,
0,
227,0,
28,0,
131,0,
0,
0,
0,
4,270,0,
14,95,0,
0,
0,
0,
62,0,
0,
56,162,243,0,
226,68,0,
0,
33,0,
17,150,273,0,
0,
277,0,
0,
108,183,0,
50,0,
0,
259,0,
194,0,
235,0,
36,0,
0,
0,
209,244,0,
107,119,0,
0,
0,
133,0,
0,
0,
0,
0,
0,
255,0,
173,0,
0,
192,99,0,
32,12,0,
103,0,
190,0,
0,
167,0,
204,278,0,
267,37,0,
96,217,146,0,
0,
54,0,
76,134,0,
153,0,
129,130,257,0,
52,0,
0,
61,149,0,
161,236,0,
0,
1,0,
74,214,0,
78,0,
34,0,
0,
0,
0,
0,
0,
137,0,
216,0,
0,
198,23,0,
252,254,0,
121,91,29,0,
41,0,
0,
90,165,0,
202,116,63,0,
16,233,0,
0,
0,
0,
0,
44,87,0,
240,82,0,
138,139,0,
0,
0,
0,
251,0,
184,0,
274,0,
0,
45,0,
228,0,
100,0,
0,
241,0,
141,0,
58,5,0,
0,
104,136,0,
0,
239,0,
115,0,
265,135,0,
0,
172,117,182,0,
0,
0,
6,0,
229,231,0,
13,0,
271,0,
234,39,0,
232,0,
154,0,
42,140,0,
0,
49,185,201,0,
60,0,
148,188,0,
0,
8,0,
248,0,
208,279,0,
0,
10,0,
0,
0,
0,
197,38,223,0,
113,158,0,
212,0,
127,263,0,
109,0,
176,98,92,118,0,
178,26,0,
0,
0,
211,222,0,
0,
0,
2,0,
40,207,0,
0,
266,43,0,
0,
124,0,
0,
213,0,
25,143,0,
67,110,0,
260,0,
3,0,
151,0,
9,268,0,
272,97,0,
0,
11,0,
179,156,191,0,
163,0,
220,0,
147,0,
187,0,
193,35,0,
0,
0,
0,
71,0,
81,0,
0,
200,142,0,
59,7,22,55,0,
155,132,0,
0,
24,237,205,86,0,
0,
168,53,0,
75,262,0,
238,0,
203,0,
0,
0,
186,0,
0,
111,0,
0,
125,0,
15,0,
0,
0,
275,20,159,0,
0,
0,
70,0,
0,
21,0,
64,169,0,
65,0,
72,73,189,0,
0,
145,0,
0,
0,
128,177,170,0,
0,
80,0,
0,
126,0,
0,
0,
114,195,0,
152,122,27,276,0,
0,
0,
245,250,164,93,0,
51,0,
256,0,
0,
47,0,
18,0,
30,0,
253,0,
0,
46,0,
0,
120,0,
160,180,0,
0,
171,247,0,
0,
0,
174,0,
249,0,
