224,132,112,178,189,0,
28,222,0,
221,0,
104,93,0,
0,
0,
152,258,127,0,
212,0,
263,0,
2,29,0,
227,0,
205,0,
168,0,
0,
0,
0,
166,0,
243,199,0,
214,0,
66,0,
157,0,
196,0,
100,215,0,
0,
0,
0,
0,
15,0,
89,0,
31,0,
0,
0,
139,0,
0,
250,0,
128,34,0,
53,78,0,
0,
0,
79,0,
276,0,
0,
0,
0,
180,0,
151,0,
80,0,
0,
213,231,0,
200,0,
0,
37,0,
23,0,
193,0,
0,
0,
0,
245,0,
225,122,0,
0,
161,278,0,
95,0,
230,0,
0,
0,
167,0,
0,
105,0,
186,92,0,
240,266,0,
233,0,
26,0,
0,
0,
0,
3,252,229,0,
0,
256,148,0,
251,0,
0,
0,
142,0,
257,0,
114,103,0,
253,0,
0,
24,0,
153,86,0,
155,0,
0,
0,
0,
0,
30,0,
187,0,
277,0,
203,126,87,0,
248,0,
20,45,0,
204,0,
121,0,
48,141,110,0,
130,70,0,
73,0,
124,0,
0,
0,
123,0,
1,174,158,0,
146,77,98,0,
264,238,0,
0,
96,125,6,247,0,
74,0,
118,0,
76,0,
0,
0,
0,
25,0,
0,
0,
116,0,
0,
0,
176,83,270,0,
88,82,0,
131,12,0,
54,0,
0,
50,0,
56,0,
108,101,206,207,0,
154,0,
38,0,
184,107,0,
0,
0,
0,
0,
55,0,
209,181,0,
0,
138,0,
0,
228,0,
4,261,0,
8,273,0,
85,0,
0,
10,143,0,
0,
179,119,0,
33,0,
0,
0,
0,
0,
32,145,0,
90,44,0,
0,
59,0,
68,61,0,
0,
0,
137,0,
0,
0,
0,
249,60,69,0,
0,
91,183,0,
147,237,159,0,
49,235,0,
43,0,
170,0,
140,269,0,
57,39,0,
172,188,109,150,0,
156,0,
0,
106,0,
17,259,265,0,
42,0,
219,0,
13,0,
0,
246,0,
232,241,36,0,
216,169,274,75,0,
239,0,
211,197,0,
0,
0,
0,
0,
0,
195,0,
0,
202,0,
0,
0,
0,
67,62,0,
0,
0,
236,102,271,0,
99,191,0,
0,
41,0,
268,0,
164,0,
0,
129,0,
0,
136,0,
242,171,255,0,
120,0,
35,244,46,0,
0,
0,
0,
144,0,
220,0,
218,162,182,254,0,
0,
234,0,
5,0,
0,
65,262,0,
0,
14,0,
64,0,
0,
0,
47,0,
81,97,0,
275,52,0,
267,0,
0,
149,0,
16,27,0,
113,210,0,
111,0,
84,175,0,
0,
0,
9,58,22,0,
0,
21,133,0,
0,
0,
165,7,0,
0,
177,260,94,0,
18,115,0,
194,0,
0,
40,11,0,
226,223,0,
201,190,0,
117,0,
192,0,
0,
72,0,
185,71,0,
160,0,
0,
0,
0,
51,0,
217,134,0,
19,279,0,
198,0,
272,173,135,0,
63,0,
0,
0,
208,0,
163,0,
