263,113,52,119,253,0,
175,0,
0,
0,
0,
0,
276,0,
1,0,
0,
217,238,0,
0,
228,0,
0,
0,
12,0,
0,
0,
0,
205,0,
193,0,
87,0,
219,164,0,
9,275,36,0,
4,0,
176,173,0,
249,0,
131,223,0,
143,0,
0,
5,0,
245,0,
144,0,
10,0,
100,0,
0,
0,
25,102,0,
146,0,
0,
98,0,
162,0,
37,95,0,
260,0,
118,191,0,
251,0,
117,0,
230,0,
208,0,
28,0,
0,
136,0,
3,0,
97,243,220,150,0,
0,
35,0,
0,
33,114,0,
0,
241,262,0,
0,
81,0,
179,261,0,
0,
204,0,
0,
202,71,0,
0,
82,0,
267,0,
248,58,200,0,
99,0,
187,0,
0,
18,14,0,
124,0,
0,
0,
32,68,0,
0,
0,
112,41,7,0,
0,
0,
0,
75,0,
133,0,
134,0,
0,
0,
127,0,
110,0,
123,47,0,
0,
0,
235,20,0,
0,
83,0,
272,237,165,0,
0,
0,
0,
233,60,0,
254,0,
221,0,
0,
0,
268,0,
0,
17,0,
90,259,0,
0,
0,
194,277,0,
80,186,148,22,0,
140,0,
0,
0,
0,
192,0,
184,225,218,159,0,
38,0,
46,79,0,
129,0,
0,
0,
0,
57,0,
16,0,
279,0,
0,
0,
231,0,
252,0,
0,
0,
265,209,94,0,
0,
0,
0,
86,63,0,
0,
0,
91,246,0,
0,
0,
0,
0,
19,103,0,
73,65,26,0,
255,215,0,
89,242,61,0,
121,258,43,0,
122,229,0,
104,0,
76,167,0,
141,0,
0,
0,
120,45,0,
178,180,269,0,
210,244,182,0,
168,147,213,0,
0,
0,
13,0,
40,78,0,
0,
250,0,
29,0,
49,0,
227,108,0,
88,0,
66,54,0,
201,0,
166,0,
0,
55,0,
157,0,
169,27,0,
198,0,
74,70,0,
155,132,0,
274,126,0,
232,77,206,0,
240,212,109,0,
156,0,
21,203,149,0,
0,
93,0,
48,85,0,
0,
92,0,
0,
0,
0,
0,
130,0,
105,0,
0,
0,
197,30,0,
0,
190,0,
236,39,0,
0,
0,
273,174,0,
0,
0,
256,23,0,
153,271,0,
62,0,
185,199,0,
257,50,0,
0,
34,0,
0,
214,0,
101,181,158,0,
145,0,
170,189,0,
0,
0,
0,
0,
152,154,56,0,
0,
195,0,
0,
224,0,
0,
0,
211,278,0,
53,0,
59,0,
138,0,
216,0,
128,0,
15,0,
137,0,
51,67,0,
226,0,
11,31,0,
24,139,172,0,
196,44,0,
0,
64,84,0,
0,
42,222,0,
0,
0,
0,
0,
160,151,135,0,
0,
125,0,
107,0,
163,0,
266,6,0,
72,0,
0,
247,0,
8,0,
161,69,142,183,0,
0,
171,188,0,
116,0,
0,
0,
234,106,0,
0,
264,0,
270,239,0,
207,0,
2,0,
96,177,0,
0,
115,0,
111,0,
0,
