162,132,46,80,93,0,
209,0,
0,
199,0,
243,55,0,
249,91,117,0,
0,
0,
0,
25,0,
0,
0,
235,251,0,
0,
0,
74,118,23,0,
150,278,0,
33,146,215,0,
0,
180,0,
225,0,
0,
0,
185,258,0,
0,
0,
0,
0,
49,0,
0,
0,
0,
79,190,95,0,
3,206,0,
9,273,0,
160,275,0,
0,
6,0,
127,0,
78,0,
229,263,0,
113,277,265,0,
0,
176,76,181,0,
0,
0,
32,153,5,17,0,
0,
0,
0,
0,
94,0,
0,
89,0,
0,
223,0,
0,
97,0,
26,0,
183,271,0,
0,
121,0,
0,
0,
0,
0,
169,269,87,0,
184,0,
31,0,
101,0,
36,0,
0,
239,0,
0,
111,247,0,
7,0,
144,148,0,
88,133,279,0,
0,
156,126,0,
152,172,43,204,0,
52,0,
0,
0,
114,0,
0,
10,0,
268,245,0,
194,141,0,
0,
60,0,
259,84,0,
0,
192,66,15,135,0,
0,
122,252,0,
0,
0,
0,
81,107,0,
0,
0,
8,0,
22,0,
0,
238,0,
266,228,12,0,
201,0,
56,0,
227,0,
166,0,
100,0,
0,
131,0,
0,
0,
0,
222,270,0,
58,171,0,
61,102,0,
0,
0,
254,0,
174,0,
0,
0,
47,0,
0,
71,0,
140,0,
217,0,
173,0,
177,106,77,205,0,
188,191,0,
116,0,
256,99,253,0,
65,0,
0,
134,175,0,
72,149,0,
0,
2,0,
124,0,
0,
54,0,
264,0,
75,246,0,
208,130,0,
226,0,
170,0,
212,0,
0,
248,40,179,0,
220,244,165,0,
0,
0,
42,0,
274,163,0,
129,20,0,
24,0,
11,0,
0,
34,59,119,0,
96,0,
48,0,
159,231,0,
0,
0,
0,
128,1,0,
0,
272,0,
41,139,189,0,
0,
0,
230,0,
19,69,0,
200,35,276,0,
0,
64,241,260,0,
0,
219,142,0,
120,0,
0,
0,
63,0,
14,0,
125,0,
30,0,
136,86,0,
145,68,0,
193,0,
147,157,207,0,
0,
155,0,
0,
203,0,
233,0,
62,0,
0,
216,85,0,
0,
0,
0,
16,4,213,0,
138,214,158,0,
0,
70,39,0,
45,0,
0,
240,0,
0,
0,
234,198,0,
28,182,0,
257,110,0,
27,0,
0,
104,0,
21,0,
57,210,0,
115,0,
29,0,
0,
267,0,
0,
0,
0,
90,221,0,
211,0,
0,
13,0,
255,0,
0,
202,0,
161,0,
178,0,
0,
0,
0,
0,
167,0,
143,0,
151,0,
186,103,0,
196,0,
0,
50,0,
236,53,0,
187,262,0,
0,
44,0,
92,0,
67,261,0,
0,
0,
105,218,0,
0,
137,0,
250,0,
112,0,
195,0,
82,0,
237,0,
0,
154,0,
51,109,0,
0,
108,0,
232,37,0,
83,0,
164,38,0,
0,
0,
168,0,
18,0,
98,123,0,
242,0,
73,0,
224,197,0,
