288,161,2,79,307,0,
0,
44,157,198,7,0,
0,
0,
0,
305,310,0,
187,245,6,0,
234,0,
0,
123,0,
216,0,
0,
172,0,
137,78,0,
297,0,
0,
0,
0,
0,
0,
0,
239,0,
0,
285,0,
47,0,
218,0,
0,
281,0,
250,235,251,0,
82,37,0,
0,
249,0,
0,
53,0,
169,108,0,
0,
105,0,
0,
299,0,
296,0,
0,
162,0,
0,
315,230,39,0,
0,
205,0,
0,
1,283,60,0,
0,
317,0,
0,
0,
0,
0,
0,
80,0,
0,
209,0,
54,0,
4,0,
0,
203,133,0,
196,0,
156,0,
258,0,
128,28,0,
136,0,
312,0,
185,148,277,0,
58,155,0,
65,106,0,
217,0,
225,193,0,
289,0,
0,
246,0,
68,118,0,
171,0,
132,83,115,228,0,
0,
95,0,
231,0,
66,125,70,0,
20,0,
87,0,
52,0,
0,
75,0,
0,
120,11,0,
0,
129,0,
57,0,
0,
0,
8,181,0,
0,
102,0,
154,182,0,
214,222,0,
0,
0,
0,
0,
0,
255,0,
0,
176,0,
21,0,
0,
50,293,0,
51,0,
180,0,
0,
121,141,62,0,
219,150,303,0,
195,0,
16,0,
146,291,300,0,
5,0,
64,142,0,
0,
0,
201,98,0,
200,109,0,
61,0,
56,92,0,
292,0,
0,
101,0,
259,48,99,330,0,
304,320,140,0,
257,0,
0,
0,
0,
134,0,
0,
117,85,0,
40,241,0,
59,126,0,
274,0,
159,0,
0,
207,0,
321,86,0,
158,0,
272,0,
25,163,0,
236,199,0,
0,
147,143,0,
0,
97,0,
144,0,
0,
96,90,14,0,
0,
0,
316,0,
197,202,131,29,0,
0,
45,0,
0,
280,0,
76,174,0,
191,0,
0,
240,0,
226,0,
0,
0,
94,0,
114,0,
248,0,
0,
55,0,
168,0,
327,0,
0,
232,0,
265,0,
270,0,
107,0,
13,46,0,
103,0,
224,84,0,
0,
0,
43,0,
23,0,
188,0,
9,0,
0,
0,
0,
243,263,127,0,
73,149,30,0,
135,0,
3,0,
17,0,
266,77,71,0,
33,0,
0,
0,
0,
0,
0,
0,
0,
0,
151,0,
0,
19,0,
0,
0,
0,
0,
113,242,0,
269,0,
27,0,
31,0,
208,0,
254,0,
325,0,
0,
213,0,
322,324,298,0,
0,
81,227,0,
0,
0,
279,0,
0,
160,183,0,
260,0,
0,
329,0,
0,
0,
204,0,
104,0,
26,287,0,
194,0,
284,190,0,
0,
211,0,
0,
0,
72,267,0,
88,221,0,
89,0,
49,0,
0,
0,
328,145,0,
0,
0,
32,184,0,
0,
192,93,0,
177,220,0,
74,175,0,
256,35,326,0,
0,
112,178,0,
237,0,
0,
0,
0,
0,
271,0,
100,166,111,0,
38,0,
268,0,
12,0,
173,247,0,
18,0,
0,
0,
0,
0,
282,36,0,
110,0,
0,
152,139,302,0,
122,0,
273,116,295,119,0,
0,
153,0,
233,130,0,
0,
189,0,
24,22,0,
261,294,319,0,
0,
0,
167,15,0,
41,0,
244,253,0,
318,124,262,0,
170,275,0,
314,252,0,
212,223,0,
210,0,
91,0,
264,69,301,286,0,
164,0,
0,
311,0,
0,
0,
309,0,
215,0,
276,238,0,
0,
0,
42,34,0,
308,165,0,
306,67,0,
138,0,
179,278,0,
229,0,
313,63,0,
0,
186,323,0,
0,
206,0,
0,
10,290,0,
