2,12,112,92,127,0,
193,282,228,0,
28,23,190,95,0,
261,0,
202,102,0,
128,160,0,
80,49,0,
138,0,
294,0,
236,29,0,
208,25,154,0,
226,0,
159,265,38,103,0,
32,0,
172,0,
201,53,0,
0,
133,0,
0,
0,
191,0,
255,0,
272,85,0,
234,309,0,
0,
195,251,0,
0,
0,
76,118,39,0,
179,0,
312,50,22,0,
237,0,
0,
0,
205,0,
0,
0,
0,
288,285,6,0,
130,142,246,0,
0,
40,0,
0,
0,
144,104,0,
0,
132,0,
119,0,
0,
43,0,
221,151,0,
182,327,0,
0,
72,0,
304,0,
0,
0,
0,
94,0,
322,299,5,0,
287,0,
0,
3,308,0,
0,
163,0,
0,
0,
0,
0,
99,0,
134,0,
114,124,0,
0,
120,0,
0,
69,223,0,
8,17,0,
0,
16,0,
162,0,
161,0,
0,
105,19,0,
0,
289,0,
66,0,
116,0,
117,0,
48,0,
269,0,
147,0,
0,
224,273,30,1,0,
263,0,
0,
245,110,215,0,
231,0,
63,0,
0,
0,
174,0,
171,0,
0,
62,155,150,0,
56,0,
0,
11,319,0,
121,0,
194,0,
90,60,0,
168,315,0,
167,0,
59,164,125,270,0,
0,
296,0,
173,0,
0,
0,
187,78,0,
0,
0,
0,
64,297,0,
249,0,
260,0,
75,210,307,0,
0,
264,10,139,238,0,
295,0,
55,0,
324,0,
0,
0,
0,
0,
0,
0,
57,0,
243,0,
122,300,189,0,
98,0,
135,0,
212,0,
0,
247,0,
280,0,
0,
0,
170,0,
0,
232,137,0,
87,0,
0,
88,181,326,0,
211,101,0,
313,84,0,
146,0,
33,0,
242,7,0,
248,175,192,0,
268,0,
0,
0,
0,
207,253,15,0,
213,0,
306,0,
0,
320,0,
37,0,
0,
0,
0,
0,
0,
217,220,0,
0,
0,
83,0,
275,0,
214,0,
314,0,
21,0,
290,123,0,
206,0,
115,302,0,
126,0,
140,0,
74,0,
225,203,0,
153,51,20,0,
267,0,
89,97,239,0,
82,323,0,
0,
209,0,
219,156,0,
0,
0,
178,165,0,
235,0,
318,0,
256,0,
35,0,
177,0,
0,
0,
131,284,0,
188,93,0,
0,
240,271,0,
0,
0,
0,
0,
77,0,
0,
136,0,
198,0,
91,0,
152,0,
184,0,
197,0,
26,0,
328,259,158,0,
149,0,
0,
254,31,0,
70,286,0,
0,
148,0,
68,0,
316,0,
310,0,
298,0,
0,
79,0,
0,
106,4,301,0,
258,0,
145,42,0,
0,
279,0,
0,
45,0,
200,169,0,
81,0,
0,
166,222,0,
0,
0,
252,0,
0,
41,283,180,0,
18,0,
0,
0,
0,
0,
96,244,0,
0,
0,
0,
0,
274,227,109,0,
44,325,71,0,
0,
0,
0,
0,
321,199,229,183,0,
107,0,
241,0,
185,196,9,0,
311,303,0,
0,
330,0,
143,0,
0,
0,
0,
0,
329,47,0,
24,0,
61,0,
157,46,0,
176,0,
0,
73,58,0,
0,
27,0,
0,
0,
0,
0,
0,
0,
36,0,
65,0,
100,13,0,
233,34,0,
218,52,0,
262,0,
257,0,
0,
0,
0,
86,111,0,
305,0,
108,0,
0,
293,0,
277,230,0,
292,0,
0,
67,0,
0,
250,278,0,
0,
216,0,
0,
129,317,0,
186,276,0,
113,0,
0,
204,14,0,
266,0,
281,0,
141,54,0,
291,0,
0,
