1,4,12,242,84,0,
249,10,3,246,0,
330,263,0,
244,284,5,0,
96,291,298,315,0,
32,234,0,
0,
137,0,
322,0,
0,
201,30,305,0,
0,
288,75,187,245,0,
0,
0,
61,0,
37,0,
189,0,
178,0,
0,
25,0,
0,
82,23,0,
107,0,
159,0,
0,
171,0,
317,0,
210,29,0,
146,0,
184,0,
311,0,
35,0,
225,0,
68,286,7,0,
0,
0,
0,
204,0,
0,
21,0,
306,0,
134,0,
106,0,
207,0,
0,
278,0,
216,185,251,0,
0,
0,
0,
0,
240,33,308,0,
0,
0,
104,0,
0,
0,
76,0,
0,
215,0,
0,
124,198,0,
78,0,
45,0,
247,0,
277,0,
228,0,
203,126,0,
112,22,303,0,
300,0,
133,302,0,
41,174,94,0,
208,181,0,
50,0,
148,293,111,0,
127,0,
0,
145,0,
199,0,
0,
0,
80,0,
0,
272,229,69,47,0,
0,
323,327,0,
110,0,
0,
161,0,
318,0,
74,58,0,
120,0,
0,
135,0,
19,0,
321,100,233,0,
164,0,
197,0,
0,
141,287,0,
192,136,0,
0,
307,196,0,
0,
0,
0,
0,
316,0,
0,
0,
16,15,0,
213,70,0,
268,236,0,
0,
118,0,
157,46,0,
0,
0,
0,
0,
0,
237,0,
176,0,
206,0,
83,0,
9,0,
0,
8,125,0,
48,0,
221,0,
0,
264,218,92,0,
235,0,
0,
0,
144,0,
0,
158,0,
59,0,
51,0,
324,0,
44,63,0,
0,
102,0,
0,
0,
18,219,0,
42,231,0,
0,
0,
274,0,
0,
0,
0,
319,0,
0,
156,149,0,
0,
0,
13,0,
0,
0,
200,0,
281,0,
167,0,
0,
0,
0,
129,26,0,
214,0,
0,
88,0,
27,165,0,
283,0,
0,
0,
223,0,
0,
121,0,
0,
49,0,
267,0,
0,
0,
66,151,0,
0,
116,91,132,0,
0,
0,
175,0,
40,0,
320,0,
0,
117,0,
301,0,
222,0,
0,
180,0,
0,
0,
65,329,0,
154,0,
0,
0,
0,
0,
0,
183,0,
53,0,
310,0,
179,191,0,
0,
152,0,
0,
0,
11,163,0,
227,60,0,
312,95,0,
195,0,
0,
0,
0,
0,
170,0,
0,
24,115,0,
119,0,
0,
73,217,313,0,
212,190,0,
109,0,
64,0,
31,87,0,
57,0,
93,0,
273,0,
0,
0,
54,0,
186,0,
220,0,
34,254,326,271,0,
255,239,0,
325,0,
259,270,103,0,
113,28,71,0,
0,
89,290,0,
142,262,211,0,
166,0,
250,14,0,
0,
205,0,
226,243,101,294,0,
275,0,
97,98,0,
105,0,
0,
241,79,0,
160,314,0,
139,0,
17,194,0,
193,0,
258,0,
81,0,
0,
0,
295,0,
202,55,0,
297,20,0,
256,147,173,0,
296,285,128,0,
0,
0,
0,
130,0,
0,
0,
162,0,
67,309,0,
0,
153,0,
188,0,
177,0,
292,38,0,
304,224,0,
140,0,
72,169,52,0,
0,
6,0,
2,276,62,0,
143,0,
257,155,0,
282,123,85,0,
0,
138,279,0,
238,0,
248,108,269,0,
99,0,
0,
0,
265,0,
299,253,0,
131,0,
209,122,0,
0,
36,0,
43,0,
77,0,
0,
0,
0,
90,182,0,
150,0,
232,261,230,0,
266,0,
0,
0,
0,
0,
328,172,0,
0,
168,0,
0,
289,0,
280,260,86,0,
252,0,
56,0,
114,0,
39,0,
