97,100,264,8,212,0,
0,
155,278,47,0,
196,0,
6,0,
305,0,
81,0,
260,4,0,
40,289,2,211,0,
309,0,
269,0,
0,
132,0,
52,159,0,
0,
43,0,
109,0,
308,310,0,
0,
0,
0,
0,
0,
297,197,0,
51,12,0,
22,0,
234,0,
232,231,111,0,
0,
42,182,0,
282,71,0,
127,0,
216,185,0,
37,0,
68,253,0,
240,314,0,
0,
0,
220,0,
0,
64,237,303,0,
320,0,
14,0,
0,
0,
178,0,
0,
48,175,0,
262,0,
0,
186,10,0,
268,0,
133,0,
0,
0,
205,0,
121,0,
124,0,
0,
17,235,85,0,
0,
174,151,0,
0,
0,
296,258,0,
147,0,
0,
104,0,
66,0,
0,
166,311,0,
0,
0,
0,
325,0,
0,
144,0,
0,
299,261,0,
327,0,
0,
0,
0,
0,
129,0,
322,295,0,
0,
0,
0,
290,323,0,
135,0,
0,
0,
176,13,7,0,
214,0,
249,274,207,0,
0,
154,307,156,245,0,
316,0,
21,0,
209,59,141,95,0,
239,0,
0,
271,0,
0,
72,0,
0,
89,329,78,0,
208,226,150,0,
0,
241,242,0,
69,230,0,
0,
0,
315,0,
92,0,
99,300,0,
252,206,0,
153,293,0,
0,
0,
0,
317,0,
215,0,
0,
75,0,
0,
0,
318,0,
0,
0,
223,0,
0,
0,
0,
0,
306,3,117,0,
138,0,
0,
148,45,0,
80,0,
233,149,70,0,
114,219,139,0,
39,0,
0,
0,
0,
0,
273,0,
184,38,0,
330,263,0,
321,0,
160,277,143,0,
243,87,0,
136,194,118,319,0,
266,246,0,
248,50,279,0,
44,0,
285,0,
11,0,
115,189,0,
0,
0,
102,0,
0,
0,
281,0,
0,
0,
0,
171,0,
0,
0,
0,
67,0,
247,0,
244,76,0,
288,101,0,
0,
183,29,23,0,
0,
88,0,
1,0,
26,251,0,
49,0,
164,0,
301,0,
177,292,199,0,
103,0,
201,0,
19,0,
283,54,0,
286,0,
0,
298,227,0,
173,0,
0,
276,0,
0,
16,140,0,
259,0,
0,
0,
161,0,
113,0,
0,
0,
210,55,0,
200,25,0,
188,236,287,0,
146,0,
32,24,326,0,
179,108,93,142,0,
0,
0,
0,
36,0,
0,
123,157,0,
58,0,
0,
218,324,110,0,
20,0,
162,0,
0,
168,0,
222,190,0,
145,0,
18,0,
302,0,
0,
165,0,
28,126,0,
56,225,0,
0,
275,125,0,
181,15,0,
9,270,0,
41,191,0,
0,
0,
73,0,
256,0,
0,
96,0,
116,61,238,0,
172,0,
0,
328,79,0,
98,229,0,
257,169,0,
63,0,
0,
77,0,
0,
193,0,
254,0,
0,
291,0,
0,
272,0,
134,0,
0,
86,0,
152,221,107,187,0,
0,
62,0,
137,0,
0,
0,
265,0,
0,
0,
0,
65,255,0,
106,0,
0,
33,31,0,
192,204,0,
122,195,0,
250,267,0,
0,
119,0,
0,
0,
0,
0,
304,228,0,
60,0,
312,131,30,0,
180,0,
0,
90,84,0,
170,82,0,
167,0,
91,0,
53,0,
120,0,
112,0,
130,0,
198,0,
0,
0,
74,94,0,
313,0,
0,
46,0,
280,34,27,0,
217,0,
0,
83,0,
213,0,
203,158,0,
0,
0,
0,
0,
0,
0,
57,5,0,
0,
0,
224,0,
0,
105,35,0,
0,
128,0,
0,
284,0,
163,294,0,
202,0,
