2,231,9,215,159,0,
226,0,
216,322,261,213,0,
306,42,0,
152,70,0,
115,0,
0,
0,
0,
313,102,284,308,0,
0,
220,0,
46,0,
0,
209,0,
0,
125,0,
328,151,0,
200,44,0,
162,52,4,0,
192,113,218,0,
7,0,
0,
137,0,
325,118,0,
0,
175,95,0,
234,141,0,
0,
15,0,
5,14,0,
0,
249,186,0,
224,107,0,
210,130,139,0,
0,
82,0,
170,131,0,
0,
106,103,0,
0,
112,116,0,
91,0,
0,
8,0,
0,
0,
1,244,0,
294,0,
146,0,
248,229,0,
0,
138,74,0,
0,
65,315,0,
0,
0,
156,68,0,
0,
0,
0,
57,100,326,0,
93,0,
0,
0,
197,0,
25,76,0,
0,
127,0,
274,282,0,
85,0,
254,0,
126,0,
0,
155,0,
235,223,0,
0,
0,
0,
123,0,
272,309,0,
0,
0,
211,319,0,
257,276,0,
0,
142,0,
281,29,0,
286,0,
232,97,0,
48,187,0,
0,
34,75,110,0,
0,
0,
174,0,
0,
199,0,
160,153,0,
301,0,
330,66,0,
298,0,
172,54,87,0,
206,0,
268,316,0,
263,279,0,
275,0,
202,0,
0,
0,
189,79,0,
0,
149,0,
193,238,0,
77,0,
0,
269,0,
0,
150,0,
0,
0,
64,0,
24,243,30,0,
0,
167,0,
0,
136,0,
58,0,
0,
81,0,
185,145,0,
302,0,
0,
0,
240,37,166,0,
0,
0,
0,
73,0,
109,0,
31,0,
291,0,
0,
173,0,
190,0,
0,
0,
0,
140,222,0,
0,
0,
22,0,
300,0,
289,0,
264,0,
0,
227,207,0,
307,0,
177,171,0,
320,20,253,134,0,
13,0,
63,0,
260,157,0,
121,290,0,
0,
0,
88,280,0,
0,
18,83,163,0,
318,0,
310,0,
60,0,
259,101,0,
0,
0,
228,0,
0,
164,0,
246,0,
17,98,317,0,
0,
245,21,0,
221,143,0,
0,
293,198,0,
0,
51,0,
111,0,
0,
183,0,
40,0,
165,0,
267,195,0,
230,0,
0,
135,0,
0,
0,
277,0,
0,
71,0,
0,
0,
0,
132,0,
237,0,
0,
0,
35,0,
0,
283,0,
296,0,
128,0,
80,250,3,0,
0,
305,179,92,311,0,
32,89,39,0,
265,0,
12,23,0,
0,
0,
28,0,
329,0,
53,0,
180,0,
0,
0,
0,
0,
252,0,
0,
168,122,19,61,0,
94,0,
119,0,
219,0,
225,0,
0,
0,
256,0,
0,
324,205,0,
208,124,0,
258,303,0,
297,62,0,
201,0,
295,0,
0,
0,
43,0,
176,0,
233,86,0,
38,0,
0,
241,323,285,0,
0,
45,0,
0,
0,
67,0,
108,0,
59,0,
90,50,158,0,
0,
247,0,
0,
147,0,
10,0,
188,0,
239,0,
0,
0,
0,
117,0,
251,191,0,
196,0,
0,
0,
0,
266,99,0,
133,0,
262,0,
321,0,
6,0,
0,
217,314,278,0,
49,169,0,
0,
0,
271,0,
0,
120,0,
0,
55,0,
214,0,
0,
0,
0,
154,0,
0,
114,212,0,
0,
0,
0,
236,0,
0,
242,69,47,0,
304,0,
0,
144,41,181,0,
203,0,
0,
72,33,104,0,
288,36,0,
184,26,299,0,
16,178,0,
287,0,
270,0,
161,292,0,
0,
78,0,
312,105,148,0,
0,
273,27,182,0,
129,204,255,0,
96,0,
194,0,
11,84,0,
0,
56,0,
0,
327,0,
