35,230,268,27,28,0,
208,0,
0,
45,7,0,
317,0,
250,0,
0,
100,0,
0,
0,
3,84,206,0,
238,0,
0,
166,0,
4,0,
310,0,
37,0,
51,0,
176,0,
81,0,
42,23,0,
18,77,0,
0,
244,150,0,
0,
141,0,
0,
170,283,314,118,0,
144,48,180,324,0,
288,0,
40,259,0,
64,25,0,
0,
0,
0,
264,142,104,184,0,
49,0,
0,
221,190,0,
16,82,0,
301,0,
0,
17,0,
57,0,
280,0,
224,0,
0,
282,0,
72,267,291,0,
0,
0,
0,
12,0,
168,123,0,
194,103,0,
0,
200,32,0,
0,
0,
0,
11,271,0,
0,
287,0,
247,294,31,0,
109,0,
179,284,0,
0,
203,0,
273,204,0,
9,0,
0,
249,0,
304,69,0,
0,
0,
211,0,
0,
172,0,
0,
0,
0,
0,
262,0,
0,
125,149,0,
322,0,
0,
265,108,197,0,
6,0,
245,277,0,
120,0,
220,36,0,
236,30,207,0,
0,
0,
83,0,
44,0,
191,0,
0,
329,290,0,
0,
52,143,0,
0,
61,0,
192,121,115,0,
212,0,
258,0,
0,
106,130,0,
0,
0,
86,0,
46,0,
50,260,0,
229,0,
29,327,0,
328,95,0,
177,0,
233,251,60,0,
0,
0,
321,281,0,
0,
98,0,
19,215,0,
73,0,
0,
0,
119,0,
0,
0,
217,75,0,
157,0,
0,
289,132,0,
0,
0,
0,
0,
0,
0,
0,
240,210,330,0,
307,0,
153,261,38,0,
0,
232,78,0,
26,0,
0,
107,0,
2,0,
110,0,
0,
185,151,0,
128,193,228,0,
0,
0,
0,
182,0,
0,
216,0,
0,
160,1,0,
178,0,
275,309,0,
226,114,295,0,
0,
205,0,
326,0,
0,
146,91,124,0,
299,147,0,
159,0,
65,116,0,
0,
0,
0,
0,
0,
0,
234,54,286,0,
66,0,
0,
74,0,
89,162,164,134,0,
5,0,
0,
59,0,
214,246,0,
303,0,
302,0,
0,
113,213,0,
152,0,
34,0,
270,0,
14,71,0,
55,0,
137,0,
156,0,
0,
0,
0,
0,
127,0,
0,
313,199,0,
163,231,0,
0,
0,
312,195,0,
0,
0,
202,0,
0,
122,0,
0,
300,0,
94,0,
102,0,
139,0,
8,0,
0,
0,
0,
175,0,
201,0,
222,0,
278,0,
0,
272,235,92,63,0,
227,0,
161,0,
97,253,0,
241,62,0,
248,131,239,0,
257,225,0,
223,0,
0,
56,181,0,
117,158,0,
93,0,
80,0,
24,0,
0,
311,0,
76,0,
297,13,0,
189,318,0,
0,
0,
276,167,0,
154,173,87,0,
279,0,
255,0,
0,
138,0,
174,0,
0,
320,0,
0,
187,183,0,
0,
0,
256,85,39,0,
105,263,0,
140,0,
274,47,0,
298,10,252,165,0,
148,0,
0,
155,0,
171,20,292,0,
58,0,
209,0,
145,0,
296,0,
0,
0,
0,
0,
129,0,
79,0,
99,188,53,0,
0,
33,0,
90,243,0,
0,
0,
70,0,
0,
285,15,0,
96,242,0,
0,
308,269,0,
305,111,0,
0,
169,0,
306,316,0,
41,0,
0,
0,
0,
0,
266,0,
325,0,
315,0,
0,
126,0,
136,0,
0,
0,
186,0,
135,0,
323,68,319,0,
0,
218,237,0,
0,
133,0,
67,198,0,
0,
88,0,
0,
219,254,0,
101,196,21,0,
0,
0,
293,0,
0,
22,0,
112,43,0,
