130,73,339,371,126,0,
0,
0,
0,
113,0,
162,0,
176,4,0,
88,0,
5,350,0,
109,0,
229,331,77,0,
0,
20,0,
249,94,0,
227,221,0,
151,0,
27,0,
184,0,
0,
0,
0,
0,
200,188,376,0,
0,
148,0,
135,0,
323,0,
0,
171,0,
134,0,
225,311,0,
0,
226,0,
0,
140,0,
0,
347,0,
144,365,149,0,
172,341,206,0,
258,131,228,0,
346,0,
0,
372,0,
0,
178,12,0,
0,
0,
0,
197,0,
260,0,
288,210,0,
105,379,359,0,
363,44,183,0,
0,
281,0,
10,60,37,0,
69,63,0,
0,
0,
189,0,
330,366,0,
0,
89,0,
211,0,
362,0,
0,
0,
272,160,103,0,
280,0,
255,0,
304,329,0,
377,0,
0,
39,75,369,309,282,0,
177,0,
333,142,79,0,
92,0,
181,0,
223,0,
297,169,0,
0,
216,308,0,
25,247,0,
138,0,
0,
368,231,295,0,
58,0,
292,0,
0,
154,0,
0,
250,0,
65,0,
0,
3,0,
0,
283,0,
352,0,
106,222,0,
0,
83,70,0,
0,
0,
353,9,0,
48,0,
123,0,
41,0,
0,
0,
0,
325,0,
0,
0,
0,
0,
0,
0,
230,0,
0,
0,
81,51,6,0,
132,0,
40,322,0,
0,
0,
193,0,
220,355,203,316,0,
276,0,
0,
233,234,175,0,
129,285,22,199,0,
16,380,0,
0,
361,317,167,0,
0,
0,
337,0,
328,91,0,
143,0,
291,0,
0,
224,0,
186,76,0,
0,
146,0,
0,
0,
23,0,
0,
46,0,
152,0,
0,
0,
301,0,
0,
205,0,
119,0,
310,0,
356,0,
192,0,
232,191,0,
217,0,
0,
344,321,0,
64,252,0,
42,159,0,
97,298,0,
72,161,0,
0,
93,0,
179,0,
0,
296,30,0,
264,270,343,0,
271,0,
318,110,0,
367,0,
0,
242,215,0,
0,
155,158,0,
0,
0,
122,299,0,
0,
327,0,
275,0,
0,
163,302,0,
0,
305,0,
269,0,
0,
80,0,
279,0,
243,284,0,
0,
0,
245,0,
256,218,125,0,
289,17,0,
0,
0,
208,312,253,0,
314,0,
0,
360,326,0,
195,213,165,0,
338,26,0,
0,
0,
0,
0,
235,0,
0,
0,
300,0,
0,
74,0,
156,0,
354,315,82,0,
349,0,
53,0,
114,0,
0,
115,0,
0,
57,0,
170,0,
35,0,
0,
202,0,
194,0,
240,127,0,
244,198,0,
118,0,
0,
278,0,
121,0,
0,
375,0,
335,0,
0,
108,0,
18,0,
0,
45,0,
212,0,
96,104,0,
0,
0,
87,0,
324,0,
59,287,0,
266,0,
0,
147,7,0,
0,
34,293,0,
307,0,
265,0,
336,0,
345,261,241,0,
49,190,0,
374,0,
0,
0,
0,
373,0,
33,0,
145,54,0,
0,
174,71,0,
128,0,
204,0,
111,0,
0,
31,0,
0,
0,
201,0,
0,
56,166,14,0,
0,
357,0,
137,219,164,0,
0,
107,0,
11,0,
102,0,
248,100,85,0,
47,0,
0,
239,0,
378,251,86,0,
36,0,
157,0,
0,
101,0,
364,61,0,
0,
0,
370,124,0,
0,
0,
0,
116,0,
0,
84,0,
98,180,351,0,
0,
0,
259,334,0,
273,236,0,
0,
153,139,0,
319,294,262,0,
90,0,
2,0,
274,78,0,
267,0,
0,
0,
0,
0,
0,
257,214,0,
0,
182,0,
0,
168,0,
246,0,
0,
254,95,0,
99,187,0,
0,
0,
286,0,
196,0,
290,52,358,55,0,
185,141,0,
50,150,0,
0,
32,0,
0,
24,0,
0,
0,
29,117,0,
0,
332,0,
68,238,0,
0,
66,0,
28,237,0,
8,340,348,0,
0,
0,
173,133,263,0,
209,0,
320,0,
21,277,0,
0,
313,13,0,
342,0,
112,0,
268,0,
0,
306,0,
43,15,0,
0,
120,67,38,207,0,
0,
0,
0,
0,
136,62,0,
0,
303,0,
1,0,
19,0,
