288,197,170,235,287,0,
0,
278,0,
0,
0,
0,
0,
349,0,
0,
0,
119,0,
8,0,
305,0,
0,
66,229,0,
0,
0,
360,0,
0,
0,
0,
363,182,0,
355,0,
377,0,
28,0,
0,
157,0,
0,
0,
0,
201,172,0,
0,
0,
0,
152,0,
147,37,0,
297,0,
0,
88,7,0,
0,
0,
347,0,
312,361,249,0,
204,0,
240,5,0,
0,
0,
0,
0,
224,99,0,
0,
0,
220,0,
0,
0,
0,
234,228,0,
198,0,
358,0,
11,0,
0,
354,109,98,0,
353,138,0,
0,
374,135,0,
0,
100,0,
226,0,
0,
91,295,0,
0,
16,0,
371,0,
56,281,146,0,
352,47,0,
141,0,
309,0,
4,0,
239,0,
0,
0,
344,0,
332,222,0,
0,
75,0,
0,
160,0,
149,0,
27,0,
112,0,
379,0,
217,0,
97,0,
12,22,0,
0,
156,0,
151,233,255,0,
0,
53,0,
144,0,
0,
0,
0,
369,299,105,0,
0,
64,130,0,
163,0,
10,356,0,
50,0,
101,0,
215,0,
32,292,0,
0,
124,0,
0,
58,155,294,0,
0,
265,178,277,0,
0,
323,0,
39,0,
0,
0,
34,195,0,
0,
247,0,
272,0,
208,0,
63,0,
0,
166,0,
283,44,0,
175,0,
293,316,69,0,
252,0,
0,
0,
273,370,311,0,
376,0,
253,23,0,
0,
0,
29,159,0,
256,285,190,0,
0,
280,24,0,
250,267,0,
0,
238,0,
0,
0,
81,335,0,
0,
318,351,0,
219,214,0,
116,0,
0,
0,
0,
0,
0,
102,55,0,
320,336,173,0,
0,
136,0,
209,0,
0,
0,
341,0,
339,52,86,0,
231,188,133,359,0,
0,
15,0,
71,223,0,
59,134,0,
0,
0,
74,132,125,0,
20,0,
206,0,
46,0,
169,30,279,0,
366,0,
77,165,0,
70,0,
168,26,0,
0,
0,
177,139,117,0,
186,0,
128,57,296,0,
41,67,0,
225,0,
350,0,
185,290,14,0,
268,0,
0,
73,162,282,236,0,
0,
83,0,
0,
9,0,
0,
84,357,0,
254,0,
303,0,
0,
270,0,
211,0,
0,
330,0,
0,
0,
111,127,0,
291,0,
0,
179,367,0,
0,
0,
25,0,
0,
43,78,0,
251,0,
319,0,
140,262,0,
0,
0,
85,0,
48,308,0,
150,0,
0,
145,107,174,0,
0,
108,260,199,0,
31,0,
143,96,181,103,0,
221,115,213,0,
189,207,0,
0,
0,
0,
196,0,
49,346,317,0,
337,0,
365,0,
0,
271,0,
0,
129,0,
121,0,
200,0,
0,
68,0,
380,0,
0,
241,92,0,
328,259,205,0,
114,0,
202,118,0,
327,0,
300,0,
35,310,0,
0,
248,227,0,
0,
176,0,
315,0,
60,0,
0,
289,246,0,
0,
0,
0,
120,76,0,
0,
167,0,
212,0,
301,0,
0,
276,62,0,
368,0,
180,324,0,
153,82,261,0,
274,0,
0,
89,161,258,0,
0,
345,321,242,194,0,
264,137,364,338,343,0,
95,0,
266,298,0,
0,
0,
378,275,0,
307,0,
304,0,
19,0,
0,
286,0,
340,244,0,
0,
0,
362,0,
0,
0,
0,
313,0,
0,
0,
0,
18,0,
210,342,0,
325,0,
0,
245,0,
0,
113,243,0,
306,36,0,
80,0,
3,0,
329,148,0,
93,21,191,0,
106,372,0,
0,
54,0,
0,
0,
0,
6,0,
218,0,
0,
0,
326,0,
51,0,
90,2,314,0,
104,0,
333,302,0,
284,0,
216,154,61,0,
45,0,
331,0,
0,
232,0,
322,131,263,0,
0,
348,237,375,0,
184,193,164,0,
0,
72,87,0,
0,
0,
40,0,
0,
0,
158,0,
0,
33,373,0,
122,0,
0,
123,42,203,269,0,
0,
187,0,
0,
65,0,
38,334,183,0,
0,
0,
94,0,
171,0,
17,126,0,
257,142,0,
0,
79,0,
13,0,
0,
192,110,0,
0,
0,
230,0,
1,0,
0,
