75,241,116,152,30,0,
107,0,
0,
0,
0,
23,191,0,
0,
309,0,
103,0,
0,
287,0,
0,
0,
0,
332,0,
0,
224,365,0,
0,
3,0,
0,
0,
0,
0,
258,0,
0,
259,0,
0,
146,0,
20,301,0,
216,143,0,
321,358,270,176,214,0,
0,
0,
70,0,
361,0,
242,50,0,
8,144,0,
0,
302,102,0,
0,
17,0,
0,
0,
22,0,
0,
380,237,36,0,
0,
0,
269,0,
0,
0,
132,0,
0,
185,161,0,
137,155,0,
0,
0,
0,
292,0,
0,
0,
52,0,
351,0,
298,0,
375,0,
0,
0,
235,0,
362,0,
280,339,7,0,
0,
336,369,212,0,
0,
0,
41,0,
296,250,172,167,0,
66,0,
134,0,
136,232,0,
218,0,
114,0,
368,219,0,
0,
373,0,
51,12,0,
202,196,0,
0,
0,
0,
25,181,0,
0,
226,188,0,
0,
174,0,
220,0,
0,
300,0,
87,0,
170,372,0,
192,257,0,
314,204,0,
0,
276,166,0,
0,
0,
74,101,0,
0,
0,
35,67,0,
348,0,
225,180,0,
211,324,0,
207,0,
0,
0,
183,0,
345,190,45,142,0,
133,343,0,
0,
263,0,
234,0,
0,
0,
169,315,0,
46,0,
248,295,0,
11,0,
347,14,0,
131,0,
289,286,0,
293,0,
0,
0,
42,206,0,
88,0,
148,5,199,0,
106,0,
121,0,
177,0,
84,63,0,
73,0,
10,93,0,
129,379,340,0,
0,
254,0,
78,354,374,0,
304,0,
55,0,
27,341,0,
0,
158,0,
209,326,0,
355,193,243,71,0,
0,
363,334,0,
229,0,
0,
0,
0,
371,283,184,0,
49,0,
0,
267,227,0,
0,
147,140,0,
0,
360,0,
328,203,85,0,
0,
316,0,
57,0,
163,0,
98,139,151,0,
62,231,0,
13,0,
228,0,
154,123,127,0,
0,
47,0,
0,
124,0,
195,0,
246,0,
0,
58,0,
26,0,
0,
0,
113,0,
76,335,0,
89,337,217,0,
150,0,
273,0,
297,317,69,198,0,
120,262,0,
299,0,
290,0,
0,
1,171,0,
77,357,0,
265,34,0,
0,
90,0,
48,175,0,
329,0,
40,0,
0,
0,
19,0,
325,0,
378,205,0,
201,0,
97,79,0,
43,0,
210,141,38,0,
72,0,
0,
256,125,0,
0,
331,0,
95,0,
59,0,
0,
268,0,
187,0,
39,0,
179,0,
0,
0,
31,0,
251,189,111,0,
318,0,
330,0,
310,0,
0,
0,
64,138,0,
249,282,0,
37,0,
213,223,0,
0,
135,145,230,159,0,
65,0,
54,108,110,0,
0,
352,162,0,
0,
6,0,
0,
168,0,
245,117,173,0,
319,367,0,
0,
0,
0,
0,
353,275,0,
366,0,
0,
2,0,
178,0,
33,327,0,
197,0,
0,
312,94,0,
15,0,
0,
0,
0,
0,
0,
0,
0,
0,
233,53,0,
338,0,
0,
61,0,
165,0,
320,0,
56,0,
156,0,
252,0,
376,119,0,
0,
0,
305,0,
24,0,
60,0,
9,0,
0,
0,
0,
0,
86,0,
122,0,
346,100,261,0,
160,278,0,
0,
0,
0,
370,0,
109,0,
364,0,
0,
0,
0,
112,18,0,
285,0,
0,
0,
96,128,0,
306,0,
82,0,
153,0,
313,0,
0,
356,29,0,
186,0,
272,0,
0,
16,91,164,239,0,
118,0,
284,44,0,
0,
0,
291,0,
115,0,
247,279,0,
0,
0,
0,
0,
0,
32,0,
104,0,
68,182,0,
105,28,0,
0,
350,0,
80,130,0,
215,0,
157,0,
271,0,
0,
200,264,236,0,
322,238,0,
0,
0,
0,
0,
253,0,
240,126,0,
0,
281,323,0,
81,194,99,0,
208,0,
221,0,
274,307,311,0,
0,
0,
344,0,
149,0,
359,0,
0,
21,0,
244,0,
4,0,
255,0,
83,277,0,
0,
288,260,0,
349,0,
0,
342,294,0,
0,
92,0,
266,0,
333,0,
222,303,0,
377,308,0,
