2,367,304,19,252,0,
0,
234,196,357,189,0,
109,0,
0,
0,
0,
265,351,0,
0,
0,
0,
241,276,0,
348,0,
333,0,
9,0,
145,142,0,
51,182,0,
313,0,
0,
175,337,21,278,344,0,
0,
154,309,183,0,
195,0,
74,0,
0,
84,0,
223,0,
0,
236,173,0,
160,90,0,
224,97,7,0,
361,323,94,0,
0,
0,
281,286,0,
319,0,
0,
138,0,
0,
0,
126,0,
0,
0,
203,156,0,
0,
289,0,
0,
255,0,
284,0,
0,
0,
253,0,
0,
297,0,
239,0,
0,
55,0,
24,0,
0,
242,0,
0,
198,0,
248,186,0,
0,
65,81,217,0,
26,59,0,
324,0,
132,0,
228,95,0,
130,0,
0,
335,0,
352,0,
208,0,
0,
0,
168,216,0,
179,116,0,
0,
0,
0,
67,343,0,
52,0,
128,121,0,
120,0,
375,0,
93,0,
48,262,0,
0,
112,149,0,
295,0,
88,0,
0,
0,
362,0,
340,0,
0,
354,379,0,
0,
358,0,
308,0,
167,0,
305,77,254,31,0,
0,
4,0,
0,
315,0,
334,247,0,
322,38,0,
0,
0,
0,
124,0,
0,
266,0,
0,
32,164,0,
0,
318,0,
16,122,43,0,
0,
98,0,
213,270,0,
0,
0,
250,0,
0,
307,47,0,
137,0,
117,0,
0,
82,133,0,
0,
298,0,
249,14,0,
0,
0,
0,
0,
0,
310,0,
316,0,
40,0,
0,
106,37,13,0,
46,0,
356,0,
180,0,
376,364,141,0,
44,0,
147,221,0,
243,0,
219,0,
312,0,
277,71,0,
181,118,0,
162,371,0,
0,
256,1,0,
327,0,
317,0,
60,0,
42,0,
0,
0,
212,244,0,
329,0,
0,
246,0,
153,22,0,
260,342,0,
108,325,287,0,
0,
328,0,
0,
89,165,150,0,
144,107,127,0,
0,
0,
267,143,0,
0,
96,0,
10,111,0,
369,218,0,
280,185,0,
152,293,0,
192,0,
0,
258,349,0,
210,83,15,0,
0,
79,0,
0,
0,
0,
0,
225,238,199,0,
17,273,0,
0,
202,226,0,
78,0,
0,
336,0,
129,0,
0,
301,0,
0,
339,0,
0,
104,0,
347,85,0,
184,259,263,0,
368,0,
374,0,
290,131,68,0,
0,
190,0,
235,380,0,
237,0,
0,
91,151,0,
80,0,
365,87,0,
0,
66,62,303,0,
200,360,0,
178,0,
0,
341,0,
41,300,0,
0,
0,
320,0,
0,
306,171,294,0,
56,0,
135,0,
0,
35,331,0,
0,
206,0,
194,0,
366,0,
0,
123,0,
101,0,
0,
61,0,
0,
355,0,
0,
0,
272,353,211,285,0,
0,
257,359,0,
0,
0,
8,0,
346,0,
100,271,0,
204,0,
215,0,
0,
240,158,0,
231,0,
233,0,
0,
174,0,
0,
161,0,
251,0,
70,0,
314,28,197,0,
49,0,
264,279,0,
0,
275,0,
350,0,
345,76,222,0,
172,0,
268,0,
187,0,
33,0,
86,23,0,
0,
274,34,283,0,
110,0,
292,0,
296,299,188,0,
0,
73,269,0,
163,0,
0,
0,
25,3,0,
0,
146,166,0,
18,0,
0,
232,69,0,
0,
0,
0,
57,50,0,
288,30,102,119,0,
330,245,0,
282,54,0,
370,0,
0,
125,229,0,
0,
201,103,0,
0,
0,
114,53,0,
0,
0,
0,
0,
0,
0,
207,291,159,0,
0,
99,0,
0,
177,0,
0,
0,
0,
27,0,
139,372,0,
63,0,
363,311,0,
0,
36,0,
0,
0,
29,134,0,
72,205,0,
0,
0,
0,
75,0,
136,0,
113,0,
209,191,0,
0,
193,0,
0,
373,0,
0,
105,140,0,
20,0,
169,170,155,0,
45,0,
39,0,
6,0,
338,11,148,0,
0,
227,0,
230,0,
261,0,
0,
58,0,
302,0,
12,0,
0,
176,378,64,214,0,
0,
5,157,0,
0,
0,
92,0,
0,
0,
0,
326,0,
0,
321,220,332,0,
377,0,
115,0,
