100,73,306,86,376,0,
0,
104,305,0,
0,
332,198,0,
0,
0,
0,
108,191,0,
59,0,
329,0,
0,
15,0,
0,
261,271,0,
0,
276,102,0,
0,
200,325,0,
3,372,0,
309,0,
0,
46,0,
176,251,212,0,
144,162,317,0,
0,
0,
370,266,0,
0,
61,0,
0,
72,311,0,
0,
0,
0,
0,
320,142,294,0,
0,
0,
112,0,
0,
130,0,
27,117,31,0,
0,
0,
167,0,
0,
0,
0,
213,2,245,0,
355,0,
244,0,
293,0,
0,
380,0,
6,0,
0,
113,0,
0,
0,
0,
0,
9,347,0,
0,
0,
52,0,
0,
345,0,
264,0,
26,0,
0,
194,50,0,
352,45,0,
24,36,94,23,0,
48,0,
143,0,
0,
262,0,
0,
353,335,0,
197,0,
179,343,0,
0,
298,135,0,
275,150,0,
0,
363,42,227,292,0,
76,0,
107,172,77,0,
75,374,0,
291,87,0,
338,0,
366,279,0,
70,0,
89,71,175,0,
10,155,0,
0,
204,0,
316,118,92,0,
0,
49,226,348,285,0,
0,
0,
0,
183,0,
0,
141,0,
225,259,0,
44,0,
131,156,0,
60,0,
168,0,
0,
0,
137,0,
282,166,0,
0,
145,19,0,
106,324,0,
0,
0,
0,
313,185,0,
138,149,0,
195,0,
0,
0,
56,0,
132,0,
0,
0,
203,0,
0,
249,362,242,0,
119,0,
364,0,
260,223,0,
0,
0,
199,0,
0,
188,0,
201,29,0,
0,
114,171,0,
129,228,0,
0,
0,
82,0,
0,
233,0,
0,
0,
0,
18,62,14,0,
21,0,
232,0,
315,0,
304,0,
346,74,330,0,
312,0,
58,0,
157,238,0,
0,
0,
349,303,0,
105,215,0,
0,
0,
0,
16,177,0,
25,0,
202,0,
0,
0,
97,339,0,
267,300,0,
64,0,
354,0,
38,0,
256,0,
0,
0,
0,
13,0,
327,0,
0,
0,
0,
0,
331,0,
40,0,
125,0,
0,
302,0,
0,
0,
0,
116,0,
0,
146,0,
5,0,
0,
0,
0,
81,4,326,246,0,
0,
0,
66,0,
207,0,
0,
369,236,263,0,
281,252,0,
373,190,0,
173,0,
344,0,
323,0,
0,
290,0,
210,0,
378,0,
11,0,
0,
222,0,
0,
0,
88,90,371,95,0,
368,299,356,0,
367,0,
253,0,
0,
322,115,350,0,
0,
0,
41,268,0,
328,283,318,0,
20,39,0,
65,379,0,
120,0,
334,0,
247,0,
0,
158,358,0,
186,0,
0,
128,57,0,
216,221,55,0,
0,
30,0,
93,270,0,
161,257,219,0,
80,278,0,
375,0,
0,
193,0,
0,
0,
181,0,
0,
0,
22,0,
174,0,
0,
67,229,0,
0,
0,
307,0,
17,0,
140,0,
53,0,
258,0,
319,0,
123,308,0,
280,51,0,
0,
134,0,
35,0,
126,0,
164,0,
34,0,
28,0,
241,0,
163,0,
218,91,0,
0,
8,273,250,295,0,
192,0,
139,0,
333,0,
314,0,
0,
224,0,
170,301,109,0,
0,
68,12,0,
337,110,0,
99,0,
196,0,
265,0,
288,310,0,
43,0,
277,111,0,
0,
69,0,
1,0,
103,0,
154,211,205,231,0,
0,
169,0,
32,0,
151,0,
220,0,
0,
101,63,0,
0,
0,
240,287,0,
184,269,0,
361,180,0,
0,
148,54,0,
0,
286,127,0,
0,
182,0,
255,0,
208,341,0,
0,
243,124,0,
0,
217,342,0,
0,
230,0,
359,0,
85,0,
0,
254,0,
37,0,
0,
274,0,
0,
47,0,
121,0,
321,0,
0,
0,
152,0,
147,0,
272,234,165,0,
340,0,
289,297,0,
206,0,
0,
0,
357,0,
0,
214,239,0,
0,
360,0,
0,
33,0,
96,284,0,
160,351,0,
136,122,159,0,
0,
0,
153,0,
0,
248,178,0,
336,79,0,
189,0,
296,209,0,
78,0,
187,0,
7,0,
0,
377,98,235,133,0,
83,84,237,0,
0,
365,0,
0,
