100,196,38,167,200,0,
102,0,
147,0,
163,277,0,
0,
131,195,0,
0,
119,0,
0,
293,0,
129,0,
0,
0,
0,
264,0,
138,255,0,
0,
8,0,
0,
0,
376,305,110,0,
0,
0,
0,
230,0,
183,0,
0,
59,0,
116,29,0,
64,0,
0,
252,0,
0,
336,348,61,0,
0,
43,205,0,
359,0,
82,0,
280,20,144,159,0,
1,315,0,
0,
0,
260,308,0,
4,0,
57,25,0,
153,154,0,
0,
321,124,0,
0,
40,0,
0,
204,0,
0,
355,0,
240,0,
222,0,
370,0,
314,0,
0,
0,
62,0,
11,0,
26,0,
0,
0,
341,0,
50,0,
0,
0,
137,60,0,
175,0,
312,0,
0,
2,14,0,
135,239,0,
0,
344,0,
176,84,0,
58,0,
73,74,5,0,
27,181,0,
323,0,
0,
63,0,
0,
333,0,
256,332,229,0,
106,0,
0,
139,0,
105,0,
322,0,
0,
217,0,
346,275,86,0,
0,
325,358,0,
218,117,303,0,
0,
298,266,227,0,
97,258,228,286,0,
0,
0,
0,
369,0,
0,
0,
224,132,261,0,
0,
190,0,
296,81,0,
207,0,
0,
351,0,
0,
0,
236,0,
250,300,0,
103,0,
0,
0,
92,0,
17,223,0,
68,0,
292,0,
148,295,0,
0,
0,
126,0,
0,
0,
270,0,
36,87,0,
177,0,
269,118,0,
161,0,
0,
120,234,0,
380,0,
0,
37,0,
166,214,0,
0,
220,28,311,243,0,
193,44,39,0,
56,276,0,
237,0,
0,
294,0,
80,173,198,0,
0,
216,0,
0,
285,0,
171,0,
52,0,
0,
0,
0,
99,180,15,0,
0,
0,
160,0,
158,0,
279,0,
307,246,0,
13,0,
94,242,149,374,0,
367,0,
96,281,7,0,
48,0,
0,
372,0,
91,53,0,
184,378,0,
0,
88,0,
0,
90,310,0,
162,54,0,
362,111,199,0,
354,0,
0,
0,
67,0,
254,0,
0,
170,172,0,
330,340,0,
247,0,
0,
186,0,
337,0,
299,317,0,
0,
112,0,
107,233,379,143,0,
0,
289,213,0,
128,127,0,
320,241,253,79,0,
0,
21,0,
0,
0,
265,0,
366,0,
0,
0,
49,113,0,
0,
338,0,
0,
18,0,
238,0,
0,
0,
0,
89,377,0,
157,0,
328,121,0,
0,
0,
360,0,
185,71,0,
155,0,
12,0,
194,0,
352,122,165,0,
130,46,0,
0,
22,0,
304,0,
178,235,69,0,
0,
373,93,0,
0,
0,
0,
208,0,
0,
42,259,141,0,
3,329,187,0,
24,225,219,0,
350,0,
226,211,0,
297,0,
0,
0,
0,
302,0,
142,0,
0,
145,316,134,0,
0,
306,0,
114,363,0,
0,
353,301,47,0,
146,287,0,
75,0,
283,309,0,
0,
0,
0,
0,
326,335,0,
0,
6,0,
368,65,0,
0,
0,
0,
101,0,
0,
140,76,0,
32,364,0,
334,0,
0,
0,
361,169,33,0,
232,249,0,
109,365,0,
41,0,
0,
0,
179,45,245,0,
108,0,
0,
19,0,
342,0,
288,0,
0,
210,0,
0,
271,0,
156,0,
0,
136,215,0,
168,0,
115,0,
85,206,0,
0,
290,324,0,
0,
189,55,0,
0,
201,0,
16,0,
357,0,
83,0,
251,78,0,
0,
0,
0,
98,0,
66,244,31,0,
356,0,
278,0,
291,375,0,
209,35,125,0,
30,0,
0,
0,
262,0,
152,0,
0,
192,10,70,0,
313,0,
51,343,0,
164,0,
345,0,
284,0,
0,
0,
182,0,
95,0,
0,
0,
0,
34,0,
0,
0,
263,0,
0,
0,
104,371,133,0,
231,151,0,
23,0,
123,197,0,
0,
0,
318,191,0,
273,331,0,
0,
0,
267,0,
0,
0,
0,
0,
268,77,349,0,
248,221,0,
0,
257,0,
203,0,
0,
0,
0,
0,
0,
72,274,0,
0,
272,0,
282,188,174,0,
150,0,
9,202,0,
339,0,
212,0,
347,327,319,0,
0,
