323,206,345,154,30,0,
0,
0,
0,
258,230,0,
0,
372,0,
0,
114,235,196,0,
347,0,
210,222,0,
131,333,0,
0,
0,
26,245,0,
369,0,
308,0,
360,353,0,
0,
0,
73,0,
256,102,0,
0,
0,
0,
89,265,276,0,
298,0,
0,
96,0,
49,241,0,
129,44,209,50,370,0,
164,0,
42,45,85,78,0,
115,0,
104,0,
204,0,
0,
270,0,
107,363,0,
262,0,
0,
0,
329,94,271,0,
128,47,0,
0,
380,69,0,
0,
0,
0,
339,0,
105,98,79,0,
191,0,
0,
157,0,
0,
277,239,0,
0,
376,281,180,0,
27,93,0,
71,0,
350,0,
2,68,0,
67,0,
0,
0,
122,43,28,0,
313,0,
0,
0,
326,0,
118,247,0,
0,
178,315,4,0,
0,
275,263,0,
371,0,
0,
0,
266,84,0,
211,148,0,
261,0,
0,
0,
0,
63,0,
346,62,0,
20,158,0,
48,0,
66,292,0,
35,59,0,
163,0,
0,
0,
0,
5,0,
0,
0,
0,
255,215,0,
250,108,0,
284,0,
216,302,0,
192,0,
307,0,
0,
327,143,0,
0,
121,0,
330,0,
0,
0,
0,
225,147,21,0,
264,0,
92,0,
0,
336,0,
7,0,
295,0,
97,0,
272,279,319,0,
0,
53,246,0,
113,0,
189,0,
214,0,
348,0,
0,
0,
328,213,86,0,
0,
106,151,0,
77,0,
0,
90,293,0,
109,0,
0,
320,0,
238,0,
0,
0,
274,0,
352,207,0,
288,0,
0,
153,75,0,
0,
354,356,0,
110,0,
138,51,0,
267,0,
111,0,
194,359,0,
243,0,
304,301,176,167,0,
0,
0,
0,
249,0,
0,
0,
160,0,
0,
0,
231,0,
373,0,
10,142,38,0,
17,145,228,29,0,
152,299,300,0,
208,0,
0,
269,0,
324,0,
54,0,
0,
0,
318,251,309,14,0,
0,
185,31,0,
316,0,
344,203,0,
0,
0,
232,141,0,
362,132,0,
367,0,
22,0,
0,
182,0,
0,
179,172,0,
0,
81,0,
0,
312,0,
0,
82,0,
37,0,
74,291,101,0,
257,181,0,
253,0,
60,0,
0,
280,0,
0,
0,
168,57,218,120,0,
139,0,
0,
65,219,332,0,
174,0,
355,0,
0,
306,317,0,
0,
223,0,
236,0,
0,
11,365,70,0,
16,322,0,
244,0,
177,0,
19,0,
0,
0,
197,119,0,
0,
140,0,
338,6,0,
366,0,
226,0,
0,
76,0,
268,0,
162,0,
12,0,
0,
175,0,
0,
282,0,
171,173,0,
103,0,
0,
155,0,
0,
377,0,
0,
144,0,
116,126,0,
0,
187,0,
305,15,0,
0,
0,
0,
130,0,
314,221,0,
41,0,
36,0,
193,0,
0,
0,
0,
242,0,
0,
199,287,0,
3,0,
0,
0,
0,
0,
52,0,
100,237,0,
125,135,0,
0,
260,0,
233,39,0,
205,0,
254,0,
220,310,0,
0,
137,375,0,
0,
337,0,
0,
33,351,0,
0,
18,13,0,
0,
224,0,
285,99,149,0,
331,342,0,
349,0,
117,0,
161,0,
23,0,
368,0,
0,
0,
124,278,0,
283,259,0,
8,134,303,0,
325,0,
227,341,294,0,
248,88,184,0,
133,0,
91,0,
0,
0,
296,200,0,
9,0,
150,335,0,
0,
0,
0,
201,165,0,
0,
127,0,
289,229,0,
321,188,0,
0,
83,0,
364,0,
32,25,112,166,0,
0,
0,
0,
297,0,
80,34,0,
252,0,
0,
357,0,
361,61,0,
56,1,0,
0,
374,0,
0,
0,
24,0,
0,
0,
136,0,
87,0,
240,311,55,0,
95,0,
72,290,198,343,0,
378,0,
0,
64,0,
0,
0,
186,0,
46,0,
358,0,
340,334,0,
0,
202,0,
0,
0,
379,0,
146,0,
217,195,0,
156,0,
40,0,
0,
58,123,0,
0,
0,
0,
0,
273,190,183,0,
0,
0,
286,0,
0,
212,0,
169,234,0,
0,
170,0,
0,
159,0,
