33,155,268,151,91,0,
0,
23,0,
0,
0,
134,0,
84,0,
0,
1,0,
0,
68,207,0,
0,
95,0,
0,
0,
0,
310,0,
392,274,226,0,
0,
250,214,0,
14,0,
20,0,
0,
0,
185,210,206,0,
0,
344,65,74,0,
324,0,
0,
253,71,0,
0,
284,12,0,
317,237,0,
421,167,81,211,26,0,
275,203,342,0,
0,
133,0,
347,0,
4,0,
0,
406,0,
0,
0,
125,0,
0,
0,
83,428,0,
352,148,0,
96,0,
0,
158,0,
0,
0,
0,
346,0,
0,
188,0,
0,
410,0,
27,0,
72,212,279,0,
89,0,
131,0,
337,180,86,0,
289,0,
218,366,0,
0,
244,0,
0,
282,228,402,0,
140,0,
0,
351,183,0,
330,0,
288,16,174,0,
332,0,
259,265,154,219,0,
120,112,0,
269,0,
88,0,
364,0,
426,100,370,0,
0,
357,0,
0,
281,0,
10,59,0,
386,0,
0,
0,
35,0,
144,321,34,76,0,
398,0,
0,
285,0,
0,
0,
101,0,
293,142,0,
294,0,
105,122,0,
0,
225,163,0,
408,0,
299,341,391,0,
264,0,
304,0,
0,
0,
172,0,
0,
0,
116,0,
302,0,
0,
0,
0,
0,
117,0,
25,0,
171,0,
298,0,
42,0,
424,0,
409,43,0,
0,
49,0,
256,0,
376,113,56,0,
115,0,
9,0,
0,
401,412,405,0,
0,
0,
419,0,
0,
0,
0,
311,0,
0,
273,418,0,
240,0,
0,
128,234,32,0,
3,0,
53,0,
111,0,
296,0,
73,313,0,
114,0,
69,17,60,63,159,0,
0,
15,0,
396,252,0,
24,345,187,308,0,
0,
248,141,247,0,
0,
209,182,102,0,
66,0,
57,0,
339,0,
361,0,
0,
0,
204,0,
201,394,31,0,
340,0,
0,
0,
0,
0,
44,94,0,
399,0,
306,413,430,0,
415,335,0,
0,
425,0,
197,0,
393,61,166,0,
0,
58,2,221,0,
145,0,
164,0,
162,227,0,
129,178,0,
176,77,238,0,
0,
0,
0,
0,
403,0,
0,
139,0,
0,
326,0,
11,0,
375,0,
390,0,
315,55,0,
377,123,0,
0,
64,6,0,
0,
0,
429,367,0,
0,
165,0,
356,0,
368,320,0,
184,78,0,
365,21,0,
0,
381,0,
130,0,
242,106,0,
208,0,
301,0,
80,196,348,0,
38,0,
267,0,
0,
202,0,
7,0,
331,0,
97,388,223,0,
245,0,
121,309,0,
0,
350,0,
0,
170,0,
258,255,0,
179,70,0,
108,0,
0,
283,0,
85,79,0,
0,
0,
161,198,0,
156,0,
0,
0,
0,
0,
146,323,0,
110,0,
0,
427,0,
0,
359,0,
360,0,
0,
404,0,
318,0,
0,
417,0,
312,147,0,
48,0,
231,0,
109,0,
325,0,
0,
124,262,0,
143,0,
0,
353,132,334,431,0,
0,
213,0,
374,0,
314,0,
0,
200,194,0,
217,92,0,
192,0,
0,
395,0,
382,215,0,
305,205,0,
0,
232,380,0,
93,0,
51,0,
0,
411,62,0,
0,
82,0,
0,
280,153,286,0,
0,
189,190,0,
397,0,
0,
423,0,
0,
278,0,
0,
36,0,
297,316,0,
383,0,
287,0,
369,30,0,
138,0,
0,
18,0,
0,
216,378,98,0,
28,0,
0,
0,
136,0,
75,0,
0,
0,
243,0,
327,87,0,
0,
0,
195,0,
104,338,379,422,0,
107,0,
0,
0,
0,
0,
0,
260,37,0,
0,
0,
0,
0,
137,0,
290,157,175,0,
249,0,
0,
373,303,0,
90,119,0,
45,0,
0,
291,0,
29,173,0,
0,
135,0,
233,371,241,0,
0,
0,
118,254,0,
52,0,
0,
343,0,
50,0,
385,19,300,0,
0,
322,420,0,
270,0,
354,0,
0,
0,
0,
0,
13,358,0,
169,0,
0,
177,0,
191,0,
235,0,
251,0,
0,
387,220,0,
67,271,0,
22,0,
336,0,
0,
0,
224,0,
257,222,0,
333,103,0,
384,292,126,0,
152,0,
193,0,
246,0,
0,
236,0,
276,127,0,
0,
229,0,
416,0,
168,0,
0,
39,0,
230,199,0,
372,0,
400,261,0,
0,
329,0,
0,
0,
0,
319,0,
266,99,0,
160,8,0,
0,
0,
363,0,
0,
41,0,
0,
0,
0,
0,
5,389,0,
272,40,0,
295,0,
307,0,
0,
0,
0,
0,
277,0,
328,186,355,0,
362,414,0,
0,
0,
0,
349,263,0,
181,0,
54,0,
239,0,
150,407,0,
149,46,47,0,
