192,229,294,167,366,0,
0,
12,0,
0,
16,218,0,
0,
0,
400,278,0,
358,142,0,
0,
410,0,
0,
0,
0,
65,292,0,
385,190,0,
0,
0,
408,0,
78,0,
0,
19,77,0,
272,0,
0,
0,
287,0,
113,0,
0,
282,47,0,
219,0,
0,
0,
120,0,
407,0,
89,84,414,0,
79,0,
0,
409,324,399,0,
159,0,
152,81,332,0,
411,0,
236,71,0,
43,20,0,
285,0,
140,0,
290,0,
0,
424,0,
423,0,
0,
362,35,0,
56,121,328,0,
124,255,0,
59,373,0,
198,0,
112,215,0,
168,0,
0,
213,269,271,0,
138,0,
0,
377,0,
384,227,0,
0,
314,0,
83,0,
339,0,
0,
237,0,
370,259,382,0,
48,420,0,
147,0,
378,0,
0,
0,
0,
0,
0,
0,
0,
0,
345,0,
18,228,0,
0,
360,210,0,
27,0,
258,319,0,
0,
289,367,0,
241,335,0,
127,0,
0,
145,334,0,
0,
356,0,
200,0,
0,
0,
0,
13,126,0,
261,0,
178,2,0,
0,
174,0,
129,397,0,
0,
273,44,0,
96,0,
353,0,
61,262,0,
0,
333,0,
36,173,0,
0,
417,405,0,
0,
62,299,230,0,
312,0,
357,206,0,
0,
252,0,
260,0,
0,
0,
418,0,
354,196,0,
158,0,
0,
0,
283,0,
80,0,
0,
297,0,
170,0,
336,100,117,0,
88,234,70,0,
0,
53,134,199,0,
0,
0,
0,
76,0,
97,0,
0,
344,320,101,0,
208,0,
25,0,
0,
10,374,0,
402,102,0,
0,
11,111,0,
337,310,0,
0,
0,
0,
131,0,
0,
0,
0,
0,
284,0,
401,235,0,
257,395,412,125,0,
1,267,0,
194,21,214,0,
110,0,
193,165,268,275,216,0,
0,
181,23,0,
0,
331,0,
340,4,0,
154,0,
350,0,
346,244,0,
253,0,
322,0,
87,0,
40,217,94,0,
63,0,
426,0,
0,
305,0,
136,0,
329,0,
233,393,179,0,
75,0,
0,
0,
413,0,
115,0,
288,186,163,58,0,
201,118,279,0,
363,246,0,
0,
26,197,0,
73,0,
0,
171,164,0,
0,
347,109,191,0,
391,0,
182,0,
0,
0,
348,0,
128,0,
0,
0,
341,263,0,
50,149,0,
0,
162,422,0,
415,431,0,
394,0,
52,309,0,
24,351,0,
317,0,
0,
325,86,7,0,
0,
209,0,
0,
15,245,343,0,
0,
0,
46,0,
375,0,
69,135,137,249,220,0,
185,132,0,
0,
0,
90,364,151,0,
177,187,0,
225,0,
280,0,
0,
0,
0,
251,0,
189,0,
0,
0,
5,0,
42,274,175,0,
67,0,
427,0,
0,
146,291,92,0,
119,0,
0,
0,
0,
0,
166,0,
0,
307,45,0,
265,0,
281,355,0,
239,0,
0,
0,
0,
123,0,
0,
264,0,
0,
114,148,429,0,
202,330,0,
416,0,
296,85,0,
0,
0,
361,0,
41,82,0,
32,380,14,0,
155,0,
139,0,
392,68,0,
0,
342,0,
157,0,
0,
0,
0,
231,0,
49,0,
211,172,28,55,0,
303,0,
0,
66,0,
247,0,
0,
144,34,387,37,0,
352,95,0,
388,0,
0,
60,0,
315,0,
91,0,
64,0,
0,
0,
160,0,
74,0,
381,0,
223,0,
105,0,
141,0,
180,0,
0,
0,
0,
0,
0,
29,31,0,
0,
0,
369,98,0,
240,130,0,
0,
0,
365,183,0,
301,359,0,
308,286,0,
6,0,
9,0,
383,0,
0,
195,0,
0,
300,54,0,
0,
176,0,
212,0,
321,0,
406,0,
8,169,323,0,
30,0,
93,38,0,
0,
0,
349,270,0,
425,372,0,
161,0,
368,0,
379,0,
0,
327,0,
0,
403,0,
0,
0,
318,207,0,
150,0,
0,
122,0,
108,0,
419,0,
243,0,
0,
0,
313,0,
33,226,0,
17,0,
224,338,276,39,0,
3,0,
0,
0,
106,386,0,
428,0,
204,0,
242,0,
232,0,
0,
153,0,
0,
0,
0,
304,371,0,
0,
72,266,0,
0,
389,0,
143,0,
22,0,
51,116,421,0,
0,
0,
188,0,
0,
248,0,
104,316,0,
0,
396,430,0,
250,0,
0,
0,
99,295,0,
221,0,
0,
398,0,
0,
0,
238,0,
0,
0,
0,
376,203,0,
0,
0,
184,306,0,
311,0,
298,107,277,0,
302,0,
0,
254,0,
0,
0,
205,0,
133,103,0,
293,222,0,
0,
0,
404,0,
0,
0,
0,
156,326,0,
256,390,0,
57,0,
