289,263,206,48,276,0,
0,
0,
0,
0,
0,
321,0,
98,196,0,
257,380,0,
339,0,
349,0,
0,
168,407,0,
0,
267,359,0,
325,54,189,0,
347,0,
66,0,
0,
210,283,0,
42,0,
0,
0,
265,0,
331,212,0,
0,
291,0,
0,
237,0,
161,0,
274,0,
0,
0,
22,0,
0,
353,427,0,
0,
0,
423,0,
200,156,0,
0,
126,0,
0,
361,0,
243,0,
270,0,
319,0,
399,0,
332,101,86,15,0,
0,
0,
81,74,409,286,0,
60,0,
0,
203,79,0,
228,0,
9,171,316,0,
50,366,0,
0,
53,0,
0,
115,236,87,0,
281,0,
0,
183,0,
262,0,
0,
139,404,14,0,
41,394,0,
0,
0,
0,
429,0,
133,0,
340,303,0,
0,
0,
0,
0,
120,52,0,
0,
363,254,0,
165,0,
0,
0,
160,0,
152,56,222,0,
372,110,0,
0,
297,0,
294,0,
230,0,
0,
248,308,0,
381,0,
0,
141,102,0,
174,6,0,
357,0,
95,0,
0,
217,108,343,0,
100,0,
0,
0,
0,
0,
0,
178,62,0,
0,
18,0,
355,123,0,
354,94,0,
0,
170,0,
369,20,0,
318,0,
368,0,
395,0,
153,0,
0,
78,0,
288,0,
430,0,
218,0,
97,413,7,0,
185,0,
299,0,
396,0,
3,91,0,
252,119,0,
13,0,
0,
0,
193,0,
225,0,
272,0,
0,
0,
63,0,
4,0,
107,83,0,
390,0,
122,77,0,
72,175,0,
241,12,246,0,
0,
235,0,
0,
317,302,0,
249,0,
71,0,
149,151,0,
0,
140,117,0,
0,
173,0,
143,428,295,0,
191,199,0,
410,0,
0,
0,
104,0,
84,0,
0,
0,
32,0,
255,0,
109,0,
0,
0,
1,259,0,
0,
0,
195,0,
5,0,
0,
55,135,0,
389,0,
154,323,39,0,
37,0,
0,
180,44,0,
0,
0,
0,
0,
192,0,
360,388,0,
129,85,57,0,
0,
136,408,0,
0,
0,
176,327,0,
0,
313,197,0,
0,
213,414,0,
208,0,
293,0,
0,
0,
285,0,
70,0,
105,155,0,
431,244,277,215,383,0,
76,0,
0,
0,
207,0,
186,0,
419,0,
172,0,
337,245,0,
144,130,420,0,
201,278,0,
89,99,0,
0,
0,
223,0,
240,0,
386,275,0,
0,
385,19,188,0,
0,
58,0,
0,
0,
260,0,
0,
132,0,
16,204,0,
0,
0,
379,0,
338,231,0,
0,
169,0,
73,181,0,
0,
220,309,0,
75,0,
0,
356,292,341,0,
49,0,
229,127,0,
35,147,0,
40,0,
0,
0,
0,
138,0,
324,0,
344,329,0,
0,
0,
227,0,
336,351,0,
209,0,
0,
0,
0,
384,51,348,311,0,
403,0,
0,
416,322,307,0,
0,
393,411,0,
219,0,
0,
34,397,0,
0,
0,
0,
166,0,
315,145,179,306,0,
376,374,182,0,
328,0,
121,90,0,
82,0,
0,
0,
27,0,
137,0,
0,
45,373,334,0,
0,
0,
224,417,125,61,0,
269,0,
0,
28,271,0,
0,
0,
426,0,
0,
0,
80,0,
0,
184,0,
406,0,
0,
298,335,0,
128,415,0,
92,365,0,
8,405,350,0,
43,251,0,
398,0,
422,358,0,
0,
424,377,314,0,
0,
261,0,
304,400,0,
320,24,362,0,
162,0,
69,0,
0,
0,
412,47,0,
0,
159,0,
64,33,300,0,
392,0,
194,382,0,
36,0,
146,0,
0,
352,0,
11,0,
287,0,
232,266,258,157,0,
0,
65,0,
0,
29,0,
25,0,
0,
0,
233,0,
301,167,0,
163,0,
402,23,0,
0,
116,284,0,
21,0,
0,
345,370,67,0,
0,
131,118,0,
114,0,
0,
296,0,
367,0,
31,0,
305,290,0,
0,
0,
0,
312,0,
0,
221,17,205,0,
378,238,0,
375,0,
0,
202,0,
0,
0,
250,0,
253,326,0,
0,
333,0,
418,124,0,
346,211,0,
256,0,
26,59,0,
268,279,0,
0,
0,
113,0,
0,
387,0,
425,68,421,0,
247,158,239,0,
330,226,0,
142,0,
0,
401,0,
0,
0,
310,0,
0,
88,0,
164,190,0,
0,
0,
0,
0,
0,
391,0,
0,
2,0,
0,
282,0,
264,242,0,
0,
234,0,
0,
10,30,0,
0,
0,
273,0,
38,342,0,
106,0,
0,
103,0,
112,177,111,0,
0,
0,
150,134,0,
187,46,0,
0,
0,
216,198,0,
280,364,0,
148,0,
0,
371,0,
0,
0,
96,93,214,0,
