325,137,426,57,188,0,
86,310,0,
187,77,0,
0,
13,0,
185,0,
361,0,
0,
0,
284,197,0,
0,
0,
49,0,
0,
0,
259,0,
358,0,
275,0,
104,89,125,0,
388,0,
168,324,0,
278,0,
0,
261,0,
66,0,
387,39,0,
0,
254,0,
160,118,0,
34,0,
38,351,0,
402,0,
418,354,0,
209,206,327,0,
0,
250,68,0,
0,
256,0,
379,0,
299,0,
64,0,
0,
0,
265,0,
420,0,
20,6,0,
50,0,
147,0,
235,0,
0,
214,0,
360,417,0,
0,
85,366,0,
0,
0,
290,165,318,0,
272,177,156,109,0,
313,178,143,0,
80,166,0,
0,
406,0,
100,0,
344,44,341,0,
0,
234,0,
248,0,
282,95,0,
298,0,
242,67,238,0,
228,0,
25,28,407,0,
0,
0,
291,0,
232,0,
0,
376,237,0,
0,
281,0,
332,0,
3,0,
194,309,365,0,
215,0,
157,230,0,
0,
315,0,
285,0,
0,
229,0,
0,
0,
306,316,45,0,
308,0,
219,93,0,
52,0,
192,377,154,0,
0,
0,
0,
0,
0,
0,
322,375,0,
60,0,
253,0,
314,0,
0,
0,
1,223,287,0,
382,0,
0,
0,
305,132,0,
97,0,
182,0,
0,
0,
158,0,
0,
193,0,
111,0,
295,0,
217,0,
0,
252,0,
0,
0,
289,396,319,0,
0,
386,0,
216,81,19,0,
399,0,
409,0,
0,
0,
0,
128,69,423,286,63,0,
113,412,142,0,
58,173,175,0,
176,274,0,
378,0,
35,114,427,0,
329,0,
245,0,
0,
0,
0,
107,231,0,
0,
0,
320,0,
264,419,421,0,
0,
105,162,0,
276,271,0,
191,293,103,0,
112,0,
117,0,
43,0,
10,0,
0,
91,0,
222,0,
425,0,
170,283,0,
225,0,
0,
42,0,
200,249,32,0,
280,0,
212,335,0,
16,171,53,0,
186,371,0,
201,311,0,
21,431,0,
349,0,
184,204,413,0,
401,0,
167,0,
0,
0,
0,
0,
240,121,0,
389,0,
133,0,
294,0,
33,169,92,71,0,
400,0,
0,
348,221,15,0,
61,87,0,
0,
149,0,
0,
233,0,
151,0,
0,
392,0,
122,246,0,
243,0,
203,333,0,
11,0,
403,70,0,
0,
323,397,0,
180,300,0,
54,0,
210,5,0,
369,0,
236,0,
0,
0,
0,
161,0,
135,0,
0,
415,0,
398,0,
0,
8,0,
0,
352,355,0,
59,51,94,0,
0,
342,0,
393,266,411,0,
0,
394,0,
134,0,
385,0,
0,
0,
0,
0,
0,
0,
141,359,0,
226,4,0,
75,0,
0,
40,270,0,
0,
304,0,
181,0,
48,0,
0,
0,
273,12,0,
0,
0,
0,
0,
127,0,
408,0,
0,
146,0,
88,0,
0,
321,0,
0,
336,0,
0,
130,414,0,
0,
106,317,0,
279,0,
0,
190,0,
116,0,
268,0,
202,18,84,0,
65,0,
79,0,
0,
0,
410,0,
0,
337,0,
0,
0,
244,0,
150,0,
99,0,
0,
82,338,174,0,
384,429,0,
297,74,0,
380,199,0,
269,390,0,
0,
0,
24,47,0,
0,
0,
395,0,
26,0,
0,
292,0,
302,0,
0,
0,
251,0,
0,
72,0,
83,422,0,
101,0,
0,
258,373,0,
357,0,
55,0,
0,
307,0,
0,
0,
144,179,0,
110,0,
330,196,0,
163,372,0,
0,
0,
347,367,0,
23,0,
0,
224,96,326,430,56,0,
288,9,2,0,
218,303,0,
211,0,
0,
119,0,
0,
0,
129,0,
136,0,
153,0,
0,
0,
363,155,334,0,
255,0,
108,0,
370,0,
0,
0,
343,0,
241,0,
198,0,
0,
205,0,
183,0,
346,148,391,0,
195,0,
22,0,
73,115,0,
374,0,
277,0,
17,0,
0,
0,
31,0,
424,0,
145,0,
0,
364,260,0,
0,
296,41,0,
263,0,
90,0,
362,0,
0,
0,
257,102,0,
331,0,
0,
0,
164,0,
0,
345,29,0,
0,
0,
405,0,
0,
0,
0,
76,0,
0,
0,
220,0,
0,
0,
247,0,
312,62,0,
404,0,
353,207,0,
0,
0,
428,189,0,
340,0,
0,
0,
0,
0,
0,
7,0,
0,
0,
0,
208,46,0,
0,
0,
0,
416,267,0,
27,159,0,
339,356,0,
383,0,
78,0,
120,0,
98,0,
381,0,
123,37,0,
0,
368,328,0,
36,0,
131,140,30,0,
213,0,
0,
152,138,139,227,0,
124,262,0,
14,0,
126,0,
172,350,239,0,
301,0,
