3,324,5,458,403,0,
129,450,419,0,
294,0,
289,50,118,382,0,
0,
70,402,398,414,0,
0,
126,0,
0,
0,
345,107,0,
0,
0,
0,
0,
0,
216,0,
248,157,0,
0,
13,0,
60,0,
0,
363,0,
0,
333,54,39,0,
0,
148,93,183,0,
0,
0,
9,0,
0,
0,
381,2,269,0,
145,396,313,0,
217,0,
125,0,
0,
0,
0,
147,0,
0,
0,
152,436,0,
0,
360,0,
137,351,0,
452,0,
0,
459,0,
0,
57,387,227,0,
166,0,
297,51,399,0,
260,0,
341,239,0,
0,
138,0,
472,365,222,0,
0,
0,
0,
0,
0,
56,278,0,
101,254,0,
167,0,
0,
257,0,
37,0,
0,
144,347,444,0,
0,
0,
0,
0,
404,247,0,
130,23,0,
0,
0,
162,0,
0,
449,76,0,
176,132,102,0,
0,
0,
0,
279,0,
329,0,
226,0,
0,
0,
0,
0,
120,79,0,
0,
0,
390,0,
0,
0,
252,469,0,
328,0,
0,
48,354,99,0,
0,
194,90,0,
184,26,405,0,
0,
316,0,
287,0,
303,0,
8,337,0,
0,
106,420,0,
352,153,110,0,
378,461,0,
0,
274,134,0,
358,478,0,
258,428,52,0,
0,
0,
270,0,
0,
312,314,0,
0,
240,0,
0,
34,0,
0,
339,20,0,
0,
429,0,
244,127,0,
0,
310,0,
326,0,
0,
89,0,
0,
0,
0,
371,4,0,
0,
0,
170,334,0,
197,0,
0,
0,
251,454,0,
0,
0,
0,
317,55,0,
435,0,
267,0,
36,0,
187,116,117,0,
0,
78,0,
409,29,0,
0,
262,0,
0,
292,205,0,
210,44,0,
0,
0,
0,
0,
356,318,0,
109,0,
0,
0,
103,0,
433,306,0,
0,
161,87,0,
0,
0,
0,
0,
296,386,75,0,
208,282,0,
211,0,
17,418,0,
0,
0,
346,238,0,
241,113,231,0,
140,0,
236,0,
154,219,0,
220,0,
0,
400,0,
265,0,
41,0,
0,
264,141,0,
203,0,
232,411,223,0,
0,
448,97,0,
0,
473,0,
0,
0,
355,68,22,0,
228,0,
234,475,212,0,
424,77,0,
0,
168,86,0,
0,
71,0,
325,0,
0,
0,
0,
394,0,
0,
0,
350,0,
108,271,0,
193,0,
412,406,0,
0,
204,302,0,
0,
0,
224,7,0,
369,253,0,
88,408,0,
11,286,0,
150,0,
481,21,0,
0,
330,158,0,
256,445,0,
111,0,
0,
480,235,174,0,
64,225,121,0,
16,320,0,
6,0,
309,198,447,0,
0,
190,343,0,
285,0,
422,0,
284,0,
0,
0,
373,327,0,
206,0,
33,42,164,0,
0,
0,
104,214,0,
273,0,
0,
456,169,280,0,
467,0,
0,
437,119,0,
301,0,
0,
0,
72,0,
425,165,0,
0,
40,0,
375,0,
0,
19,0,
84,0,
0,
0,
442,0,
0,
91,0,
410,477,0,
58,0,
389,0,
0,
0,
95,0,
0,
114,323,207,0,
298,230,335,0,
281,196,237,0,
377,0,
62,0,
295,0,
0,
0,
376,112,0,
344,374,0,
482,471,0,
163,332,243,0,
0,
0,
366,0,
0,
385,250,0,
391,0,
229,0,
268,0,
0,
131,430,0,
0,
0,
319,0,
15,0,
364,0,
457,0,
43,0,
0,
133,0,
0,
0,
25,0,
53,215,0,
96,307,0,
1,434,82,245,255,0,
0,
0,
0,
0,
0,
0,
0,
30,0,
178,446,0,
175,0,
368,407,0,
69,0,
80,0,
0,
362,0,
0,
0,
128,0,
0,
383,0,
124,0,
115,0,
466,421,0,
221,135,0,
415,0,
0,
0,
49,0,
0,
249,47,0,
73,0,
143,0,
0,
139,149,0,
171,0,
465,0,
0,
0,
0,
0,
142,0,
463,0,
0,
74,0,
172,0,
0,
0,
0,
136,0,
0,
92,0,
100,94,0,
0,
160,0,
353,0,
291,151,0,
179,0,
290,299,261,0,
0,
277,0,
331,0,
65,455,0,
464,45,438,0,
0,
0,
0,
0,
0,
315,443,380,0,
0,
417,342,0,
427,340,0,
321,283,0,
81,123,182,0,
468,453,0,
0,
85,0,
451,395,470,0,
105,426,156,181,0,
180,0,
476,159,0,
0,
213,0,
218,0,
0,
308,0,
348,349,0,
266,0,
311,0,
10,242,462,191,0,
0,
35,46,0,
336,0,
146,0,
401,359,0,
31,0,
201,0,
0,
59,0,
27,0,
0,
24,393,209,63,0,
0,
379,413,0,
0,
186,61,0,
304,322,440,0,
83,0,
0,
416,32,397,0,
0,
18,293,0,
0,
361,0,
0,
384,305,0,
38,0,
0,
460,439,0,
173,423,0,
0,
177,0,
474,155,0,
12,0,
370,0,
192,432,0,
441,233,0,
0,
0,
300,0,
246,0,
98,189,0,
14,0,
200,288,188,431,0,
0,
122,0,
479,0,
272,0,
0,
259,357,0,
0,
392,0,
0,
276,0,
28,0,
202,195,0,
185,0,
338,0,
0,
67,0,
388,199,0,
275,0,
0,
367,0,
0,
372,0,
263,0,
66,0,
