260,330,430,214,126,0,
80,0,
0,
192,86,0,
67,29,0,
0,
0,
0,
0,
0,
0,
0,
5,0,
0,
199,0,
482,0,
0,
306,87,150,98,0,
135,481,439,0,
450,397,0,
475,0,
0,
461,375,0,
451,268,0,
133,0,
0,
472,12,0,
226,203,0,
0,
295,0,
0,
9,0,
0,
139,479,0,
440,289,0,
259,0,
463,0,
225,0,
235,159,0,
155,188,93,0,
242,76,0,
296,181,0,
0,
0,
337,0,
285,0,
40,177,316,0,
400,0,
217,0,
371,0,
272,344,0,
345,91,0,
0,
0,
456,0,
266,380,0,
0,
0,
258,0,
305,0,
0,
233,0,
0,
34,124,0,
452,237,0,
392,0,
32,0,
0,
373,0,
388,245,0,
167,0,
186,0,
249,386,18,444,0,
0,
0,
0,
6,0,
168,297,395,0,
179,244,0,
182,0,
0,
60,0,
0,
426,101,0,
211,269,0,
343,287,0,
292,0,
288,1,0,
110,0,
0,
0,
425,0,
332,0,
341,0,
0,
256,219,239,0,
0,
273,0,
115,201,3,0,
0,
355,85,0,
0,
0,
0,
75,0,
0,
0,
414,0,
0,
277,0,
0,
442,0,
0,
33,284,462,0,
338,0,
8,207,0,
0,
231,0,
458,0,
142,0,
165,62,0,
185,0,
125,22,0,
243,413,0,
153,0,
129,0,
46,174,253,206,0,
275,149,0,
251,0,
56,0,
0,
466,367,55,0,
0,
0,
407,0,
467,164,0,
0,
146,420,0,
0,
240,224,0,
241,145,300,77,0,
180,365,0,
223,0,
88,454,0,
0,
276,263,0,
313,0,
363,447,0,
0,
389,0,
83,123,421,0,
474,0,
0,
0,
0,
236,0,
0,
0,
443,0,
0,
291,0,
108,0,
30,0,
449,90,0,
0,
0,
408,122,396,0,
0,
234,0,
428,198,0,
360,0,
104,423,0,
0,
294,0,
325,301,39,0,
376,0,
314,228,348,0,
320,230,0,
478,0,
327,0,
0,
82,0,
279,0,
0,
0,
0,
0,
261,0,
390,0,
0,
0,
248,0,
0,
0,
362,0,
410,0,
409,0,
178,326,0,
0,
0,
120,286,0,
303,0,
43,0,
0,
157,391,0,
130,470,0,
147,340,308,0,
99,0,
0,
109,0,
202,0,
278,0,
0,
384,68,0,
176,346,131,406,0,
0,
52,0,
0,
0,
170,106,0,
446,0,
434,71,0,
0,
0,
0,
0,
16,0,
427,0,
48,431,0,
0,
65,0,
0,
20,70,0,
0,
0,
393,0,
310,0,
0,
283,0,
424,0,
293,0,
114,19,394,0,
156,0,
374,0,
193,28,0,
322,0,
0,
317,134,0,
0,
402,84,38,0,
0,
0,
27,47,0,
432,441,335,0,
0,
0,
183,0,
0,
381,0,
0,
271,464,113,370,342,0,
0,
312,356,0,
73,0,
136,0,
401,54,238,0,
477,0,
368,0,
0,
0,
281,0,
350,262,351,0,
11,151,0,
0,
328,0,
144,0,
189,0,
0,
0,
0,
379,0,
0,
53,0,
0,
169,41,0,
254,0,
59,0,
0,
255,0,
324,0,
0,
0,
0,
0,
331,0,
0,
0,
468,0,
64,128,469,0,
0,
377,210,382,0,
465,45,399,0,
471,359,0,
0,
0,
0,
307,347,23,0,
105,0,
383,455,0,
89,0,
0,
137,50,315,0,
97,0,
0,
24,92,333,0,
194,282,187,0,
61,14,0,
215,0,
0,
0,
111,0,
36,302,0,
0,
336,0,
0,
437,119,0,
25,35,0,
0,
0,
0,
72,17,140,166,0,
0,
0,
138,0,
112,0,
227,445,0,
0,
0,
329,0,
0,
216,387,0,
0,
265,422,78,0,
0,
473,0,
37,0,
200,95,415,0,
418,319,0,
209,107,0,
0,
323,163,79,0,
429,247,0,
0,
416,0,
309,0,
0,
190,0,
0,
0,
222,0,
0,
102,0,
0,
208,42,0,
0,
0,
0,
385,58,398,0,
0,
218,0,
26,195,4,0,
0,
476,0,
0,
0,
0,
0,
353,0,
0,
121,0,
364,0,
0,
372,246,0,
96,0,
0,
10,0,
221,438,0,
349,0,
460,0,
0,
0,
116,0,
0,
0,
290,0,
103,0,
66,453,0,
0,
352,172,0,
436,0,
212,0,
357,0,
264,94,0,
161,298,69,0,
0,
250,0,
51,197,143,0,
0,
480,213,0,
0,
0,
433,0,
0,
0,
0,
57,411,0,
0,
378,0,
257,0,
280,232,204,252,0,
31,0,
81,2,0,
171,141,0,
0,
0,
0,
0,
0,
0,
158,0,
403,419,459,311,0,
404,0,
220,191,0,
0,
0,
354,173,0,
0,
162,21,0,
196,0,
318,118,0,
0,
405,175,0,
0,
0,
457,15,0,
160,0,
229,0,
184,366,0,
361,267,0,
0,
339,0,
412,0,
0,
304,49,0,
270,0,
74,0,
0,
417,0,
0,
448,435,127,0,
0,
13,0,
44,205,0,
0,
321,100,63,0,
369,0,
117,0,
132,0,
0,
358,0,
148,0,
0,
299,0,
154,0,
0,
0,
0,
0,
0,
274,0,
334,0,
7,0,
152,0,
