64,385,427,403,405,0,
241,284,0,
0,
0,
0,
0,
0,
0,
363,0,
387,342,0,
0,
400,67,460,0,
0,
137,2,0,
307,391,0,
251,0,
408,243,0,
390,0,
0,
0,
211,0,
462,0,
0,
0,
0,
232,374,0,
0,
0,
0,
224,186,0,
425,230,0,
448,16,293,71,0,
82,0,
0,
0,
0,
265,372,463,0,
258,357,0,
0,
220,0,
0,
0,
0,
88,69,47,0,
0,
0,
55,119,0,
402,422,295,0,
321,0,
377,0,
196,0,
0,
0,
468,0,
0,
0,
0,
0,
248,145,0,
0,
414,0,
0,
233,0,
35,254,0,
131,78,464,373,117,0,
226,367,0,
109,0,
358,359,0,
0,
475,287,0,
0,
153,190,0,
234,0,
0,
308,415,0,
0,
0,
406,0,
378,227,325,0,
0,
103,0,
163,0,
0,
449,0,
0,
369,0,
0,
272,0,
362,182,0,
106,7,0,
10,0,
0,
416,65,277,0,
120,413,173,0,
0,
194,0,
320,459,443,0,
480,169,0,
329,0,
262,0,
0,
187,179,0,
80,394,0,
0,
249,323,0,
181,0,
23,0,
192,156,0,
399,0,
0,
0,
246,0,
0,
61,0,
298,349,0,
140,0,
0,
452,300,471,0,
130,0,
451,0,
426,118,0,
0,
105,482,0,
242,0,
435,21,0,
0,
204,134,0,
160,382,0,
351,0,
276,0,
0,
152,1,122,0,
0,
0,
57,0,
188,87,0,
195,0,
444,0,
0,
49,341,0,
0,
303,0,
112,441,0,
0,
201,98,0,
267,0,
344,0,
0,
328,0,
143,0,
0,
136,324,0,
281,108,0,
420,0,
0,
273,139,0,
177,0,
0,
0,
316,0,
364,0,
59,0,
280,0,
0,
395,235,0,
396,421,431,0,
0,
424,0,
365,0,
206,0,
366,124,126,0,
34,0,
465,0,
264,198,0,
456,0,
432,9,0,
0,
73,0,
327,0,
0,
339,285,0,
0,
41,167,0,
292,0,
48,0,
386,446,0,
0,
407,0,
6,0,
375,0,
393,0,
297,0,
70,0,
0,
0,
0,
0,
371,0,
157,0,
353,0,
225,0,
52,0,
0,
0,
253,0,
77,263,0,
0,
0,
0,
454,0,
79,0,
0,
58,15,0,
0,
476,0,
450,0,
0,
478,0,
54,302,0,
40,0,
0,
0,
0,
0,
68,0,
0,
257,147,0,
184,309,0,
81,0,
352,0,
221,0,
76,0,
33,0,
0,
0,
0,
162,38,0,
72,381,101,0,
0,
0,
0,
26,0,
313,0,
128,0,
218,214,0,
418,172,0,
0,
5,0,
0,
0,
132,348,0,
404,0,
354,0,
0,
429,0,
0,
0,
45,0,
94,0,
481,0,
279,0,
433,0,
0,
0,
208,0,
392,205,0,
255,0,
0,
290,0,
66,0,
0,
207,0,
0,
32,231,0,
474,271,0,
0,
0,
209,171,0,
0,
0,
0,
213,0,
345,436,0,
335,0,
466,0,
314,0,
56,85,0,
216,370,0,
25,338,467,0,
252,159,0,
0,
0,
0,
90,259,0,
0,
458,398,0,
236,247,0,
133,0,
305,149,0,
202,0,
123,115,0,
347,0,
4,0,
0,
337,412,151,0,
0,
150,0,
355,0,
0,
125,0,
278,0,
121,0,
419,270,0,
0,
0,
168,62,0,
0,
336,0,
457,178,0,
346,0,
104,89,0,
0,
428,0,
238,0,
388,0,
306,439,0,
229,455,0,
0,
0,
0,
113,319,0,
389,0,
0,
0,
0,
0,
0,
360,260,0,
13,479,0,
86,0,
442,245,127,0,
154,0,
176,0,
0,
0,
239,0,
0,
0,
3,0,
39,0,
0,
0,
0,
0,
0,
100,0,
0,
24,0,
99,0,
301,0,
434,0,
155,438,175,0,
161,203,0,
294,0,
0,
0,
60,447,0,
53,0,
0,
0,
51,0,
0,
312,63,0,
289,274,135,0,
110,0,
0,
189,0,
0,
217,111,0,
296,212,397,0,
42,0,
210,0,
356,0,
146,0,
75,0,
304,170,11,165,0,
12,0,
453,0,
0,
0,
0,
27,0,
331,22,0,
0,
0,
18,0,
376,174,0,
282,318,311,0,
0,
0,
141,470,0,
0,
411,380,0,
43,237,92,445,31,0,
0,
288,361,340,36,0,
0,
0,
91,0,
275,0,
430,0,
0,
50,95,0,
219,228,0,
0,
19,0,
17,197,0,
384,183,0,
256,0,
461,0,
0,
20,310,0,
333,0,
0,
0,
291,0,
423,0,
96,472,473,379,93,0,
0,
0,
0,
383,199,0,
129,322,0,
222,0,
0,
332,0,
350,0,
84,0,
250,142,0,
334,0,
0,
138,0,
164,30,0,
97,286,0,
0,
180,469,326,0,
410,223,0,
240,0,
283,317,0,
116,0,
158,0,
0,
83,29,46,0,
0,
0,
409,0,
0,
343,0,
440,0,
148,191,0,
261,215,0,
0,
0,
330,102,0,
185,315,37,0,
0,
0,
8,266,0,
0,
269,477,0,
193,0,
74,268,0,
114,107,244,0,
144,417,14,0,
28,0,
200,368,0,
44,0,
437,0,
0,
299,166,0,
0,
0,
401,0,
