352,75,144,274,87,0,
257,11,155,0,
0,
0,
402,0,
202,0,
404,0,
0,
0,
325,0,
0,
441,225,0,
284,0,
0,
0,
0,
0,
248,0,
89,0,
16,0,
0,
440,126,0,
0,
99,0,
165,0,
360,78,0,
0,
0,
0,
231,0,
0,
273,0,
146,0,
316,269,0,
112,0,
326,166,236,62,0,
0,
321,66,466,0,
409,291,0,
431,0,
0,
224,29,0,
0,
0,
452,0,
244,0,
362,0,
0,
0,
0,
256,335,0,
0,
0,
0,
0,
0,
0,
80,340,0,
0,
465,467,0,
0,
0,
420,285,175,0,
0,
289,69,38,0,
474,0,
361,34,0,
100,39,0,
140,0,
81,4,94,0,
391,0,
0,
0,
0,
0,
103,205,366,223,0,
147,0,
6,286,279,0,
27,119,0,
462,0,
188,463,0,
177,20,0,
272,429,0,
214,0,
0,
185,436,68,0,
15,0,
317,396,309,262,0,
459,158,0,
0,
0,
267,0,
221,313,149,0,
421,470,455,0,
49,234,0,
54,0,
74,0,
475,0,
108,164,204,0,
0,
195,0,
178,3,0,
443,0,
208,301,118,0,
468,93,438,0,
0,
0,
345,0,
90,0,
401,278,0,
227,0,
385,260,446,0,
0,
0,
176,0,
343,0,
305,375,0,
373,0,
405,415,0,
48,0,
0,
0,
427,0,
0,
191,0,
136,249,0,
0,
394,0,
0,
67,139,453,0,
0,
0,
114,70,0,
0,
239,0,
145,110,0,
150,0,
0,
168,276,0,
216,163,0,
0,
180,0,
480,0,
32,141,0,
1,389,104,461,445,0,
0,
0,
0,
0,
44,0,
36,0,
263,0,
425,0,
0,
193,0,
386,51,0,
0,
416,0,
0,
261,0,
0,
117,213,0,
0,
235,333,0,
296,228,0,
0,
464,355,86,0,
0,
306,0,
0,
0,
22,0,
383,0,
41,259,181,0,
153,0,
63,0,
0,
0,
351,0,
169,0,
460,0,
392,83,319,0,
442,0,
106,0,
410,0,
397,0,
449,342,0,
218,156,0,
0,
0,
0,
0,
299,142,0,
0,
0,
0,
0,
0,
0,
0,
26,0,
187,252,0,
0,
0,
293,0,
201,132,437,0,
28,0,
76,134,0,
268,157,0,
457,174,0,
243,179,0,
369,0,
0,
237,0,
0,
0,
42,0,
315,0,
380,0,
387,0,
354,61,0,
71,0,
0,
192,297,92,57,0,
105,46,0,
242,0,
0,
0,
0,
133,0,
418,127,0,
160,0,
0,
0,
58,0,
0,
341,102,0,
0,
308,0,
356,0,
0,
0,
0,
56,0,
0,
0,
426,0,
0,
0,
359,0,
434,0,
0,
448,0,
364,0,
0,
0,
8,0,
264,72,0,
52,0,
9,292,0,
304,371,395,0,
0,
344,433,456,0,
0,
121,0,
0,
379,0,
473,0,
338,0,
172,0,
478,0,
196,0,
346,339,0,
199,0,
129,35,37,173,0,
0,
241,469,0,
17,327,0,
120,0,
130,0,
13,0,
367,0,
370,220,0,
197,0,
0,
428,270,0,
324,0,
152,182,454,0,
255,0,
19,115,0,
10,0,
167,0,
14,0,
0,
91,382,0,
215,0,
128,0,
50,107,0,
0,
265,0,
0,
288,246,0,
281,330,0,
479,95,0,
171,0,
0,
0,
232,422,0,
0,
419,109,423,0,
384,0,
323,295,0,
85,302,287,0,
347,79,0,
0,
240,0,
211,0,
138,59,311,0,
0,
283,0,
0,
481,435,101,0,
424,0,
183,0,
0,
0,
184,363,253,0,
0,
0,
377,0,
219,0,
318,0,
203,0,
0,
0,
0,
2,0,
0,
0,
0,
18,439,0,
84,0,
137,0,
0,
88,21,0,
0,
0,
0,
0,
230,31,0,
60,0,
0,
312,64,111,447,0,
388,310,0,
390,0,
430,30,0,
0,
217,331,0,
0,
0,
194,206,0,
314,0,
0,
411,271,0,
0,
398,0,
207,414,407,0,
254,0,
148,0,
0,
162,482,0,
300,0,
53,0,
0,
450,23,0,
417,0,
472,328,0,
73,0,
0,
0,
0,
251,0,
45,0,
0,
7,0,
97,250,0,
0,
0,
350,0,
82,451,143,0,
0,
0,
245,5,0,
0,
0,
413,0,
353,77,374,0,
0,
0,
65,0,
337,290,0,
190,0,
0,
0,
0,
24,0,
0,
376,307,0,
298,0,
412,0,
0,
0,
0,
0,
280,124,0,
320,0,
334,0,
0,
0,
154,322,0,
444,247,0,
96,113,0,
0,
372,332,0,
0,
0,
0,
0,
0,
348,0,
43,0,
0,
477,0,
209,458,0,
0,
432,159,0,
189,0,
471,399,0,
400,476,381,0,
0,
0,
233,0,
0,
0,
403,0,
33,349,25,0,
329,122,0,
210,357,125,0,
131,0,
123,0,
55,0,
12,365,0,
0,
258,277,135,0,
198,0,
406,238,0,
200,266,0,
0,
393,0,
40,0,
0,
98,282,294,0,
0,
275,0,
408,222,0,
229,0,
336,116,303,0,
170,0,
368,161,186,0,
0,
358,0,
212,0,
0,
0,
0,
0,
378,151,0,
0,
0,
0,
0,
47,0,
226,0,
