192,358,135,365,344,0,
0,
213,0,
475,340,0,
89,0,
408,9,0,
298,0,
382,0,
0,
312,0,
0,
96,25,346,0,
85,262,0,
0,
0,
0,
112,0,
337,7,0,
0,
128,74,476,383,0,
328,0,
212,0,
364,0,
0,
345,258,313,0,
145,0,
0,
0,
451,0,
244,0,
28,4,0,
92,0,
161,66,0,
144,109,0,
465,0,
265,441,222,0,
169,461,206,0,
153,0,
0,
0,
62,223,0,
0,
17,366,214,0,
3,115,30,0,
478,0,
116,0,
67,238,0,
241,138,446,479,0,
0,
264,292,0,
78,0,
235,204,0,
0,
330,286,0,
0,
160,0,
462,0,
130,0,
57,39,0,
296,0,
0,
435,404,0,
274,0,
300,0,
0,
460,0,
156,0,
157,0,
0,
0,
139,12,63,0,
0,
193,393,0,
132,0,
253,6,0,
152,40,360,70,0,
332,0,
178,0,
0,
439,0,
0,
126,0,
250,51,322,0,
194,306,5,0,
473,0,
0,
276,0,
150,319,0,
200,94,0,
0,
288,0,
396,0,
0,
143,0,
0,
0,
113,100,0,
186,468,181,0,
351,87,127,0,
240,0,
0,
0,
0,
323,0,
348,0,
0,
261,125,198,447,0,
333,207,0,
35,149,239,0,
260,0,
146,0,
1,0,
0,
0,
0,
385,79,0,
0,
230,0,
26,0,
436,0,
64,0,
0,
0,
0,
0,
53,469,0,
0,
29,414,0,
341,22,0,
336,91,0,
0,
210,307,255,0,
54,0,
0,
459,287,0,
24,154,36,82,0,
406,0,
338,0,
252,93,0,
299,0,
329,131,412,0,
0,
0,
418,0,
0,
0,
0,
438,0,
0,
372,374,279,0,
10,0,
419,0,
171,349,0,
0,
97,197,134,0,
0,
0,
0,
0,
272,0,
0,
0,
376,0,
158,0,
0,
0,
386,0,
426,11,467,0,
41,0,
432,201,0,
0,
442,86,0,
0,
0,
168,0,
216,0,
0,
0,
0,
0,
80,187,0,
256,433,0,
0,
477,0,
381,191,0,
14,0,
454,0,
105,0,
148,0,
0,
343,0,
110,0,
98,392,140,108,370,0,
202,0,
226,429,0,
0,
0,
190,391,0,
331,46,0,
0,
369,0,
334,0,
0,
470,0,
257,211,0,
0,
50,402,0,
457,0,
0,
0,
56,124,0,
398,0,
0,
0,
280,242,0,
0,
142,0,
23,0,
0,
421,0,
0,
0,
173,0,
444,0,
420,0,
0,
177,0,
243,357,0,
277,55,0,
71,0,
0,
0,
27,196,0,
141,0,
270,0,
305,52,0,
136,182,0,
407,0,
0,
59,427,246,0,
0,
88,234,76,0,
137,278,0,
0,
0,
0,
122,0,
13,0,
0,
353,44,0,
339,285,0,
0,
16,0,
411,0,
0,
245,0,
430,0,
0,
73,103,0,
0,
0,
394,428,0,
0,
259,363,0,
68,0,
403,0,
0,
0,
233,482,0,
0,
267,0,
220,0,
0,
0,
450,0,
0,
0,
0,
0,
275,325,0,
347,0,
251,0,
443,0,
0,
480,0,
8,0,
0,
45,0,
0,
249,302,311,0,
0,
0,
0,
0,
367,0,
389,0,
373,0,
0,
0,
38,0,
0,
0,
449,458,0,
388,0,
356,0,
208,0,
107,399,0,
209,466,0,
456,0,
400,361,342,0,
119,0,
104,308,317,0,
0,
368,2,0,
481,294,0,
247,0,
0,
195,293,0,
0,
297,0,
0,
318,0,
84,327,0,
0,
0,
0,
437,310,0,
81,0,
0,
32,228,0,
101,0,
304,179,0,
0,
0,
0,
0,
335,0,
224,290,0,
0,
151,0,
266,0,
405,0,
227,229,303,0,
0,
106,75,47,167,0,
185,434,0,
377,316,0,
48,0,
0,
218,0,
448,184,423,0,
440,183,0,
0,
90,0,
0,
0,
0,
409,0,
289,83,19,309,0,
0,
422,390,0,
217,175,0,
0,
397,0,
0,
42,43,453,350,0,
203,445,0,
0,
121,0,
0,
352,20,0,
65,0,
359,0,
0,
147,0,
205,0,
291,0,
15,0,
0,
284,254,0,
165,0,
271,0,
0,
219,188,263,0,
225,199,0,
170,0,
0,
162,295,0,
123,0,
60,0,
189,0,
378,0,
314,268,326,0,
0,
354,0,
0,
355,0,
0,
0,
34,0,
33,236,37,0,
0,
221,0,
401,0,
0,
0,
0,
0,
99,0,
0,
0,
0,
371,315,120,0,
248,0,
21,0,
0,
273,301,0,
232,321,0,
0,
0,
0,
0,
452,0,
166,159,0,
172,0,
0,
384,474,0,
18,471,0,
176,0,
118,0,
0,
415,0,
155,463,0,
0,
320,111,0,
0,
0,
424,0,
0,
0,
77,0,
282,0,
0,
0,
395,0,
164,0,
472,31,0,
72,163,431,0,
49,237,0,
410,231,0,
0,
0,
0,
417,129,387,0,
0,
69,0,
0,
0,
133,0,
117,0,
0,
380,413,0,
0,
0,
425,0,
0,
0,
416,61,464,0,
269,375,0,
455,0,
0,
0,
324,0,
362,0,
95,215,0,
114,0,
281,379,180,0,
0,
0,
58,174,0,
0,
283,0,
102,0,
