98,226,196,6,254,0,
0,
258,0,
0,
0,
78,0,
99,386,11,419,0,
376,0,
412,0,
179,460,247,0,
45,0,
124,244,77,421,0,
261,0,
0,
0,
0,
0,
184,366,0,
273,291,0,
289,338,444,0,
423,167,0,
473,0,
472,0,
0,
0,
356,0,
314,0,
208,0,
185,0,
470,0,
10,115,187,0,
0,
49,83,0,
0,
114,0,
0,
32,465,0,
253,0,
0,
222,0,
353,427,0,
89,385,0,
457,36,17,0,
0,
0,
0,
0,
0,
0,
330,0,
70,287,0,
0,
0,
0,
383,0,
293,0,
51,0,
257,0,
0,
118,0,
0,
0,
415,0,
481,474,122,0,
0,
224,0,
0,
239,0,
232,0,
283,309,0,
43,0,
33,0,
361,0,
428,238,0,
160,363,422,0,
305,0,
327,0,
420,93,182,0,
0,
387,477,0,
432,256,177,0,
352,0,
107,0,
0,
0,
321,455,0,
264,380,268,0,
378,350,0,
0,
103,0,
112,324,398,0,
193,316,0,
0,
404,191,0,
0,
260,0,
0,
0,
9,90,379,413,0,
170,218,292,86,0,
171,0,
348,0,
325,430,0,
0,
2,165,0,
446,0,
447,311,0,
0,
274,399,0,
161,294,0,
0,
441,0,
448,407,0,
0,
0,
58,397,0,
133,0,
0,
0,
0,
48,0,
426,0,
13,0,
0,
221,39,0,
0,
97,0,
0,
0,
0,
0,
442,0,
44,0,
0,
26,462,0,
373,0,
202,236,0,
148,0,
476,142,0,
469,69,0,
252,0,
0,
241,0,
424,339,0,
0,
0,
159,263,0,
233,146,91,0,
0,
136,219,205,0,
369,0,
0,
449,95,0,
0,
214,0,
0,
333,0,
0,
0,
189,0,
313,229,0,
405,0,
0,
0,
0,
197,0,
0,
248,0,
0,
0,
328,207,215,0,
0,
81,154,174,0,
281,50,109,0,
188,0,
0,
0,
3,0,
209,298,317,0,
482,140,0,
345,101,0,
429,0,
176,301,0,
166,0,
113,0,
0,
266,394,0,
100,157,0,
243,0,
0,
123,0,
0,
1,0,
360,0,
0,
410,334,0,
74,147,149,335,0,
0,
0,
0,
303,0,
341,0,
199,0,
282,0,
131,134,0,
25,212,0,
102,108,414,0,
162,0,
0,
14,0,
0,
371,71,0,
284,0,
22,0,
0,
116,237,0,
312,0,
280,20,390,0,
453,126,143,0,
200,323,0,
27,7,0,
381,0,
0,
402,21,0,
0,
213,326,0,
42,206,19,437,349,0,
377,346,0,
164,438,0,
384,0,
275,271,0,
119,0,
0,
105,82,0,
145,0,
249,158,0,
375,0,
0,
0,
0,
0,
310,0,
0,
0,
186,262,319,0,
368,0,
137,0,
440,359,0,
0,
304,0,
0,
458,0,
0,
175,0,
308,173,382,295,0,
418,15,0,
96,425,0,
0,
0,
0,
0,
0,
65,46,0,
168,0,
75,0,
132,0,
144,0,
0,
475,302,0,
72,54,0,
0,
351,0,
117,0,
155,0,
153,0,
0,
355,28,29,0,
332,0,
56,0,
0,
456,128,0,
201,231,0,
0,
436,0,
0,
408,0,
251,181,0,
92,0,
329,246,0,
480,5,0,
0,
393,135,0,
8,389,0,
0,
344,0,
104,220,276,0,
0,
0,
391,0,
64,0,
466,0,
297,0,
47,0,
0,
0,
0,
0,
120,400,0,
434,18,152,0,
0,
0,
250,0,
0,
76,0,
0,
24,459,0,
406,0,
23,0,
0,
84,0,
285,183,0,
0,
0,
68,0,
451,277,0,
110,0,
416,66,0,
0,
290,67,0,
169,0,
0,
235,150,0,
0,
61,0,
0,
288,445,479,0,
0,
370,0,
216,299,0,
0,
0,
0,
374,0,
125,0,
0,
267,0,
0,
0,
0,
63,286,87,0,
357,0,
0,
0,
411,0,
318,0,
121,0,
0,
0,
0,
433,395,0,
0,
0,
151,0,
62,111,0,
468,0,
272,364,0,
130,0,
265,37,278,0,
53,0,
409,0,
454,0,
4,0,
0,
0,
0,
0,
0,
198,0,
392,0,
225,138,180,0,
194,190,0,
0,
307,435,139,223,0,
0,
0,
0,
217,172,367,0,
439,0,
60,343,0,
259,0,
57,0,
0,
396,0,
0,
0,
0,
0,
94,0,
34,55,0,
461,0,
141,0,
0,
279,0,
0,
0,
0,
0,
31,0,
0,
0,
88,0,
0,
0,
178,331,204,0,
417,354,0,
452,0,
0,
358,0,
16,0,
80,450,211,30,0,
59,0,
315,156,230,0,
362,300,0,
270,0,
0,
322,0,
0,
0,
0,
0,
463,0,
0,
403,471,0,
336,0,
337,388,0,
41,245,0,
0,
320,269,365,0,
242,0,
0,
342,0,
0,
340,0,
0,
192,464,0,
73,79,0,
0,
0,
372,0,
306,0,
106,195,12,0,
443,0,
0,
467,0,
0,
129,0,
296,0,
40,234,0,
0,
0,
227,255,0,
0,
0,
127,0,
431,0,
203,0,
0,
0,
0,
347,0,
0,
240,0,
0,
0,
401,163,0,
0,
52,0,
0,
210,0,
228,85,0,
35,0,
38,0,
478,0,
