356,205,19,372,412,0,
203,0,
0,
120,0,
0,
0,
0,
0,
98,0,
165,0,
437,0,
0,
0,
47,0,
92,0,
308,0,
385,0,
426,263,0,
0,
369,146,276,29,0,
78,318,0,
0,
360,130,0,
0,
89,0,
0,
224,0,
172,37,30,0,
0,
27,364,287,0,
371,0,
0,
456,354,235,147,0,
0,
200,0,
0,
84,62,0,
149,415,0,
282,0,
0,
26,0,
321,0,
5,0,
0,
43,0,
0,
0,
0,
0,
464,0,
132,311,0,
0,
293,358,0,
0,
0,
0,
435,0,
10,373,0,
401,118,0,
388,0,
0,
376,0,
0,
283,395,327,0,
161,0,
425,50,405,406,0,
326,0,
70,154,189,422,0,
352,0,
288,0,
155,95,0,
55,0,
0,
333,0,
0,
0,
0,
292,301,0,
0,
296,80,101,0,
20,239,0,
206,0,
478,0,
232,297,0,
74,0,
257,462,265,0,
0,
250,0,
49,106,382,0,
0,
289,25,0,
0,
109,0,
122,0,
427,335,0,
191,0,
0,
12,0,
0,
0,
211,0,
36,414,0,
474,0,
57,323,0,
31,0,
137,69,0,
367,0,
100,87,0,
0,
0,
0,
400,0,
0,
482,164,244,0,
452,0,
0,
246,0,
0,
54,0,
278,0,
0,
399,0,
438,0,
221,303,343,0,
39,0,
284,0,
0,
0,
374,0,
0,
0,
0,
61,0,
313,365,0,
0,
275,0,
0,
402,0,
0,
316,0,
347,254,463,0,
338,0,
136,0,
35,0,
0,
0,
298,475,334,0,
81,193,0,
466,0,
342,0,
0,
0,
175,0,
307,159,0,
468,77,0,
48,0,
23,0,
110,0,
330,0,
0,
0,
324,0,
0,
337,0,
56,116,0,
0,
0,
0,
355,212,0,
0,
0,
291,0,
387,158,0,
418,156,0,
0,
183,0,
0,
41,268,0,
0,
0,
0,
53,0,
430,0,
0,
0,
0,
432,348,0,
166,0,
290,0,
16,68,0,
264,0,
0,
169,0,
340,0,
0,
379,0,
450,0,
75,0,
34,0,
0,
0,
236,0,
0,
0,
176,0,
113,63,238,79,0,
129,0,
267,126,0,
0,
0,
243,150,0,
0,
0,
157,0,
0,
280,125,0,
394,0,
344,455,0,
40,443,0,
0,
160,0,
204,260,0,
190,0,
179,102,0,
0,
143,0,
24,417,0,
434,188,0,
0,
0,
0,
0,
0,
168,14,0,
0,
320,409,59,0,
0,
0,
481,442,218,0,
439,0,
162,0,
226,220,261,0,
0,
0,
1,411,0,
445,142,0,
0,
0,
408,441,88,0,
459,124,0,
0,
6,0,
145,0,
448,390,103,0,
90,378,0,
0,
304,0,
420,366,0,
0,
473,11,0,
184,0,
368,467,0,
208,0,
131,0,
0,
225,114,0,
0,
180,0,
0,
242,0,
377,0,
194,0,
0,
216,91,0,
0,
0,
410,58,431,0,
151,0,
0,
0,
76,0,
421,0,
0,
433,111,0,
0,
272,300,0,
0,
285,223,0,
214,0,
458,0,
0,
0,
0,
398,0,
460,0,
0,
480,259,389,0,
266,0,
299,476,0,
274,0,
336,0,
279,0,
258,0,
332,271,0,
0,
465,361,0,
60,0,
317,0,
229,0,
0,
0,
163,0,
416,444,436,0,
8,45,0,
359,0,
0,
0,
0,
202,0,
117,0,
82,255,0,
0,
424,107,227,249,0,
178,195,0,
0,
144,0,
0,
273,177,0,
4,0,
315,0,
0,
219,0,
174,0,
457,0,
270,383,0,
115,381,0,
0,
0,
33,0,
309,135,0,
0,
286,0,
0,
152,240,15,0,
127,0,
247,0,
167,0,
141,413,0,
0,
470,0,
96,0,
0,
0,
277,0,
3,197,0,
0,
123,322,67,477,0,
231,0,
256,0,
0,
370,0,
187,0,
0,
46,0,
22,207,0,
328,0,
350,0,
392,0,
72,0,
449,446,305,0,
0,
0,
32,248,380,453,0,
0,
0,
237,0,
0,
0,
51,0,
0,
312,241,133,0,
0,
44,0,
185,0,
0,
0,
0,
7,0,
0,
209,42,0,
17,83,121,0,
0,
0,
357,295,0,
0,
173,222,0,
362,0,
99,351,0,
0,
0,
18,0,
228,0,
0,
325,0,
104,447,0,
396,13,0,
64,397,0,
0,
192,404,245,0,
138,139,0,
213,294,0,
21,0,
65,140,85,253,0,
423,0,
108,71,0,
0,
391,0,
0,
0,
310,0,
375,0,
386,0,
182,38,0,
0,
252,461,0,
339,341,0,
0,
230,0,
0,
210,403,319,0,
0,
314,262,0,
0,
181,0,
86,0,
0,
9,196,0,
0,
0,
0,
0,
128,353,0,
66,251,0,
384,0,
112,346,0,
0,
419,302,0,
0,
281,331,0,
345,349,0,
0,
0,
0,
233,217,94,479,0,
472,0,
440,0,
329,153,454,0,
0,
0,
471,0,
451,0,
234,0,
393,363,0,
186,93,0,
0,
201,2,0,
170,0,
0,
469,199,0,
0,
28,0,
0,
0,
428,0,
0,
73,119,0,
407,0,
105,52,429,215,0,
0,
148,198,0,
134,0,
171,269,0,
97,306,0,
