32,448,482,100,331,0,
177,0,
0,
0,
38,0,
0,
472,51,376,223,0,
0,
341,0,
0,
363,347,0,
396,0,
0,
474,422,0,
66,0,
312,194,0,
481,0,
260,0,
0,
452,14,0,
0,
0,
0,
0,
426,0,
399,0,
243,0,
0,
199,0,
0,
288,0,
0,
368,459,104,46,0,
0,
0,
0,
200,0,
62,111,0,
0,
34,0,
201,159,0,
7,0,
369,207,0,
173,0,
272,0,
0,
81,68,183,0,
0,
162,35,0,
0,
0,
72,429,0,
99,0,
300,279,0,
0,
403,0,
292,0,
0,
0,
0,
0,
113,0,
477,95,0,
195,0,
185,395,357,343,0,
0,
262,0,
0,
168,469,0,
0,
0,
0,
299,0,
309,0,
264,0,
0,
352,377,0,
178,116,0,
8,197,0,
139,171,0,
187,479,0,
434,77,0,
0,
0,
102,0,
380,0,
298,0,
290,118,0,
278,0,
302,311,0,
96,0,
446,0,
166,0,
0,
275,190,0,
0,
0,
26,467,471,0,
470,382,0,
0,
121,371,315,335,0,
75,31,0,
0,
210,198,0,
158,37,334,0,
155,0,
0,
170,0,
421,0,
18,0,
0,
296,137,0,
16,447,0,
0,
0,
353,463,0,
0,
41,0,
0,
165,0,
10,149,342,0,
144,217,462,0,
238,0,
0,
145,0,
425,294,0,
385,374,0,
0,
0,
466,234,94,0,
0,
0,
0,
0,
180,0,
130,0,
212,478,0,
0,
0,
140,0,
0,
0,
20,0,
420,0,
441,174,0,
449,0,
0,
0,
123,0,
388,0,
232,250,333,0,
206,407,0,
247,0,
156,365,0,
43,47,0,
0,
366,0,
405,0,
321,103,0,
0,
0,
252,415,0,
0,
0,
328,219,0,
0,
0,
354,445,0,
211,0,
286,0,
0,
0,
386,0,
0,
146,0,
58,0,
0,
0,
0,
0,
160,0,
0,
24,337,124,0,
109,229,0,
0,
112,74,406,0,
0,
0,
73,22,0,
88,191,0,
455,0,
450,0,
304,0,
133,0,
0,
0,
218,355,0,
186,0,
0,
0,
0,
0,
273,0,
408,0,
134,30,0,
25,258,379,0,
0,
313,214,0,
224,117,367,0,
97,437,438,0,
305,0,
5,0,
324,0,
0,
0,
330,0,
163,0,
344,172,0,
0,
28,0,
246,0,
322,0,
0,
105,91,188,0,
184,423,0,
475,372,0,
283,0,
442,0,
56,461,254,0,
176,3,0,
401,215,0,
57,0,
128,0,
23,0,
307,340,0,
85,231,0,
0,
0,
0,
0,
17,203,0,
106,0,
480,289,0,
0,
61,175,0,
0,
413,0,
0,
0,
0,
308,375,0,
0,
323,0,
440,0,
233,0,
310,0,
0,
378,138,0,
0,
0,
416,0,
21,0,
0,
320,0,
0,
33,0,
0,
0,
0,
153,126,351,0,
0,
29,142,0,
0,
0,
65,0,
11,0,
0,
157,0,
0,
110,0,
169,453,0,
90,301,0,
431,0,
0,
338,0,
240,204,398,0,
0,
0,
0,
387,36,0,
239,0,
456,108,55,0,
0,
131,0,
253,0,
329,0,
59,0,
0,
0,
0,
0,
0,
0,
0,
0,
0,
192,154,271,0,
70,0,
0,
0,
0,
251,0,
419,0,
0,
19,164,349,0,
120,325,150,0,
216,107,0,
0,
248,45,0,
0,
222,0,
384,293,0,
0,
0,
0,
424,40,358,0,
0,
0,
362,0,
0,
0,
235,209,436,473,314,0,
86,287,0,
236,319,0,
80,360,0,
393,291,244,0,
282,143,0,
326,0,
0,
317,0,
114,0,
0,
93,39,0,
89,409,404,0,
49,0,
0,
0,
0,
213,0,
417,295,0,
361,221,0,
44,261,0,
0,
339,0,
391,0,
389,0,
381,0,
433,435,0,
276,0,
0,
256,284,0,
268,0,
0,
0,
196,167,0,
394,0,
0,
346,0,
98,411,370,0,
241,0,
119,79,87,0,
280,125,230,0,
468,0,
0,
27,0,
0,
281,226,135,0,
0,
460,0,
259,0,
0,
83,0,
193,0,
0,
0,
359,0,
0,
0,
0,
0,
0,
0,
0,
257,53,0,
181,0,
225,465,265,0,
0,
0,
263,151,0,
0,
122,0,
82,0,
0,
0,
237,0,
0,
202,327,0,
0,
0,
348,127,0,
0,
400,430,0,
0,
0,
255,318,15,0,
410,0,
0,
67,0,
0,
0,
249,0,
412,0,
297,0,
0,
274,397,0,
12,0,
0,
136,161,476,0,
50,0,
392,0,
92,0,
0,
13,364,228,0,
373,0,
267,0,
390,0,
458,42,189,0,
1,451,0,
48,439,0,
464,0,
0,
71,0,
141,0,
147,0,
306,414,205,182,0,
0,
0,
0,
64,444,285,6,0,
0,
0,
454,0,
383,0,
84,0,
0,
0,
402,0,
245,69,0,
332,277,0,
336,242,115,78,0,
0,
345,0,
152,220,0,
270,0,
0,
2,54,0,
443,101,0,
179,0,
0,
418,0,
52,0,
266,0,
227,76,4,0,
208,316,350,0,
428,0,
0,
457,356,63,0,
303,0,
9,0,
132,0,
148,60,0,
0,
432,129,427,269,0,
