5,359,107,215,351,0,
0,
0,
67,0,
0,
170,156,262,263,0,
0,
0,
0,
0,
244,151,0,
0,
315,0,
35,0,
0,
0,
0,
0,
245,70,0,
432,0,
0,
0,
0,
385,0,
0,
0,
354,468,0,
0,
0,
45,85,0,
0,
345,0,
216,473,0,
296,341,0,
0,
0,
426,277,0,
0,
353,250,189,0,
0,
466,133,0,
0,
0,
398,230,0,
0,
220,0,
4,286,0,
37,0,
188,350,463,0,
131,0,
72,318,0,
0,
176,0,
3,68,95,0,
0,
0,
297,212,325,0,
0,
0,
0,
168,363,0,
247,0,
324,0,
0,
0,
438,0,
0,
0,
154,298,0,
379,142,0,
158,0,
0,
421,0,
369,222,0,
14,0,
0,
388,0,
0,
232,0,
420,0,
119,79,0,
434,213,0,
0,
39,0,
0,
30,0,
194,0,
171,0,
44,0,
456,0,
0,
184,465,0,
0,
0,
0,
299,173,0,
118,374,0,
443,316,0,
428,206,126,0,
64,0,
22,0,
0,
384,402,74,0,
0,
186,0,
0,
0,
322,389,265,429,342,0,
78,0,
252,295,0,
0,
394,430,0,
294,0,
47,0,
203,260,0,
272,0,
8,0,
20,0,
392,0,
210,0,
0,
0,
0,
378,167,0,
103,0,
214,0,
291,283,0,
0,
0,
0,
382,0,
0,
0,
256,193,0,
61,0,
310,0,
128,0,
0,
404,396,87,0,
52,175,0,
319,0,
0,
435,0,
477,0,
121,0,
75,0,
229,0,
155,444,0,
414,0,
228,0,
0,
162,0,
83,0,
321,0,
441,0,
65,27,0,
289,395,445,0,
249,207,0,
0,
217,0,
0,
474,0,
0,
0,
372,454,111,0,
40,147,29,0,
0,
24,0,
268,0,
0,
96,236,383,0,
0,
141,0,
422,0,
0,
449,0,
0,
436,0,
0,
208,0,
16,0,
0,
448,130,221,0,
387,0,
423,0,
0,
0,
110,0,
270,143,0,
219,475,0,
0,
356,0,
93,0,
0,
0,
0,
90,0,
144,246,0,
0,
0,
458,183,0,
284,0,
418,0,
63,0,
0,
66,0,
380,159,0,
0,
0,
264,0,
0,
0,
88,124,0,
7,0,
0,
344,48,461,223,0,
25,0,
0,
0,
150,0,
132,0,
381,0,
255,0,
331,323,413,0,
433,149,0,
0,
0,
113,238,0,
0,
275,0,
274,0,
336,251,431,0,
0,
101,0,
0,
242,0,
81,36,254,0,
306,451,0,
161,0,
280,0,
347,0,
0,
0,
258,0,
370,0,
366,0,
181,0,
0,
0,
0,
225,0,
361,386,0,
478,0,
145,0,
163,0,
0,
0,
0,
211,0,
240,0,
11,0,
364,375,0,
56,53,102,0,
138,109,182,0,
460,0,
424,362,43,0,
472,185,0,
403,476,0,
405,0,
0,
58,0,
0,
195,0,
115,467,0,
367,0,
0,
442,62,0,
9,0,
0,
205,0,
0,
0,
80,273,288,0,
218,0,
0,
0,
0,
377,46,0,
100,279,0,
177,309,0,
417,0,
21,0,
227,276,439,0,
259,371,0,
0,
459,0,
137,0,
160,0,
332,0,
17,0,
0,
348,0,
368,455,0,
0,
360,0,
116,0,
300,0,
269,0,
307,301,0,
343,0,
0,
92,0,
248,0,
399,0,
0,
0,
0,
0,
365,0,
0,
55,0,
0,
330,60,287,0,
108,134,0,
0,
187,191,0,
0,
464,0,
447,0,
0,
202,19,0,
97,180,0,
0,
400,0,
0,
0,
117,302,0,
112,172,0,
352,457,26,0,
304,482,0,
153,135,0,
271,0,
376,73,293,0,
0,
267,114,18,340,0,
0,
0,
0,
0,
166,0,
313,99,0,
98,358,231,338,406,0,
339,23,0,
393,349,0,
105,0,
82,0,
0,
106,0,
440,224,197,0,
282,164,165,292,0,
0,
94,0,
328,305,253,0,
303,0,
6,0,
0,
0,
0,
0,
77,0,
0,
234,0,
320,136,0,
285,0,
192,0,
122,0,
146,355,0,
174,0,
416,333,0,
0,
401,0,
0,
0,
148,261,0,
410,391,0,
0,
71,0,
0,
0,
32,33,308,0,
57,0,
204,0,
0,
54,0,
199,0,
243,427,0,
89,179,0,
235,452,0,
2,335,0,
0,
0,
127,0,
140,327,0,
1,0,
12,311,0,
0,
38,91,469,470,0,
190,0,
0,
15,0,
0,
0,
317,0,
266,462,0,
0,
450,0,
0,
0,
0,
13,0,
0,
0,
0,
0,
412,407,0,
278,0,
178,0,
334,0,
481,290,0,
200,397,471,0,
411,0,
233,209,0,
120,0,
34,0,
59,0,
0,
241,0,
104,125,0,
0,
152,419,0,
357,390,0,
0,
373,0,
281,0,
326,415,0,
49,31,0,
41,0,
0,
480,0,
0,
0,
42,0,
28,0,
329,0,
425,157,0,
169,0,
0,
312,239,0,
129,0,
314,0,
0,
337,123,139,0,
446,0,
409,76,0,
0,
198,0,
479,0,
346,0,
453,0,
237,196,437,0,
10,50,69,0,
201,86,0,
408,0,
226,0,
0,
257,0,
84,0,
0,
0,
0,
0,
51,0,
0,
