25,2,27,164,0,
0,
91,45,22,7,0,
0,
167,0,
0,
0,
40,9,43,0,
0,
93,0,
0,
13,0,
0,
0,
107,0,
0,
15,0,
0,
150,0,
0,
12,0,
147,20,0,
21,69,0,
0,
118,0,
144,155,63,0,
16,0,
73,169,66,28,0,
32,145,138,0,
30,0,
0,
84,0,
136,0,
116,0,
0,
0,
152,0,
161,52,0,
5,133,0,
122,0,
3,0,
149,0,
17,29,0,
82,46,0,
0,
72,50,75,0,
0,
0,
0,
34,0,
36,55,0,
87,0,
157,0,
100,0,
44,0,
48,0,
127,0,
103,143,0,
134,0,
33,11,0,
79,0,
64,126,0,
0,
42,148,0,
112,0,
0,
114,99,76,0,
146,0,
62,0,
24,90,0,
0,
49,37,0,
106,51,0,
57,59,0,
0,
58,166,0,
26,18,0,
31,0,
6,0,
0,
0,
0,
41,0,
0,
0,
1,151,0,
130,0,
0,
67,0,
158,0,
129,0,
131,101,0,
117,0,
0,
0,
60,0,
168,39,0,
125,0,
4,0,
77,141,14,0,
0,
121,0,
0,
53,0,
109,165,0,
47,159,0,
108,86,0,
19,0,
115,0,
154,0,
0,
0,
0,
105,98,95,0,
96,92,0,
0,
35,0,
0,
81,132,0,
8,0,
0,
10,0,
0,
0,
120,0,
0,
80,0,
0,
0,
65,0,
0,
124,23,0,
102,0,
123,0,
70,0,
0,
0,
128,0,
56,0,
0,
111,0,
68,54,0,
0,
153,0,
156,119,0,
78,0,
0,
139,0,
162,0,
0,
94,0,
163,0,
0,
0,
83,0,
88,38,0,
110,0,
142,0,
160,0,
74,0,
0,
97,0,
140,0,
0,
104,113,71,0,
89,61,0,
170,0,
0,
0,
137,85,0,
135,0,
