32,163,52,22,0,
0,
40,98,0,
0,
0,
0,
0,
90,0,
12,45,0,
151,0,
154,6,0,
0,
21,0,
0,
3,0,
13,0,
152,58,126,0,
48,34,43,0,
81,30,0,
11,132,0,
156,0,
0,
82,138,147,133,0,
0,
14,0,
38,0,
76,0,
4,0,
165,0,
148,0,
36,0,
0,
146,155,78,0,
0,
50,0,
71,0,
140,0,
65,0,
0,
164,7,0,
31,0,
112,160,0,
61,149,0,
80,91,0,
101,0,
0,
105,54,9,0,
67,0,
121,100,0,
130,35,0,
60,0,
28,20,0,
16,17,53,33,0,
41,134,55,0,
108,124,0,
44,85,0,
0,
0,
102,94,0,
79,0,
0,
95,0,
0,
117,0,
27,15,0,
0,
88,0,
0,
0,
59,0,
0,
0,
0,
0,
120,0,
0,
0,
72,0,
137,157,0,
0,
75,0,
57,0,
64,2,87,0,
0,
0,
0,
0,
24,69,0,
0,
0,
0,
153,0,
0,
0,
5,0,
135,0,
0,
37,141,0,
29,0,
170,47,0,
166,0,
0,
161,0,
92,0,
0,
74,93,0,
145,1,0,
0,
0,
144,68,0,
0,
0,
113,0,
0,
62,0,
10,118,0,
26,150,0,
83,0,
77,0,
0,
0,
104,0,
56,0,
0,
107,0,
114,0,
86,0,
110,0,
111,0,
89,0,
23,0,
0,
0,
42,51,0,
103,0,
0,
119,0,
122,127,0,
49,18,116,0,
70,0,
0,
139,0,
0,
25,0,
123,0,
84,0,
106,109,39,0,
97,169,143,0,
0,
0,
167,0,
0,
66,125,0,
73,0,
0,
8,19,0,
128,0,
63,0,
162,0,
168,99,0,
0,
0,
131,0,
115,46,159,0,
96,0,
0,
0,
0,
136,158,0,
142,0,
129,0,
