64,129,91,39,0,
0,
136,128,0,
5,0,
88,3,0,
0,
19,0,
0,
27,71,0,
0,
0,
0,
0,
0,
13,0,
0,
10,29,0,
150,0,
0,
0,
0,
0,
130,0,
0,
141,0,
0,
0,
17,60,0,
36,0,
15,0,
8,162,101,0,
28,0,
42,93,6,0,
0,
0,
146,0,
0,
53,0,
0,
58,92,77,52,0,
149,0,
0,
79,0,
98,0,
83,7,0,
25,0,
50,0,
131,0,
40,56,4,0,
0,
0,
65,145,0,
117,62,0,
0,
0,
0,
82,0,
0,
44,142,0,
86,0,
0,
43,31,0,
135,151,0,
97,114,0,
152,75,155,0,
0,
84,0,
0,
0,
51,0,
0,
148,0,
49,0,
0,
168,161,0,
107,132,95,0,
0,
66,157,0,
0,
41,0,
34,78,0,
167,0,
0,
121,0,
119,0,
0,
0,
137,69,0,
38,0,
104,21,0,
0,
32,2,61,87,0,
74,164,0,
1,133,0,
81,59,0,
165,0,
156,0,
85,0,
55,0,
123,109,0,
80,125,0,
16,122,26,0,
0,
0,
103,0,
100,138,140,0,
0,
120,127,0,
0,
0,
102,0,
106,47,0,
0,
112,0,
126,0,
0,
153,0,
170,0,
73,0,
154,0,
0,
0,
18,0,
54,0,
0,
37,22,0,
0,
33,0,
57,0,
48,105,30,0,
0,
0,
35,159,0,
11,0,
0,
144,0,
166,0,
118,0,
72,14,0,
9,115,0,
96,89,0,
12,0,
169,0,
0,
70,0,
68,0,
46,0,
0,
20,0,
110,0,
0,
143,0,
113,116,158,0,
0,
124,0,
139,111,0,
23,0,
45,0,
163,108,0,
99,63,0,
0,
90,0,
24,0,
160,0,
76,0,
94,134,0,
0,
0,
67,0,
147,0,
0,
