288,417,482,45,144,0,
0,
103,0,
0,
1,0,
0,
202,0,
0,
428,150,55,0,
19,0,
46,0,
0,
313,373,0,
492,0,
260,0,
0,
32,2,0,
0,
0,
0,
0,
467,14,0,
310,0,
0,
289,0,
51,126,0,
280,0,
153,0,
0,
205,0,
509,0,
0,
7,0,
28,0,
88,0,
0,
0,
407,0,
56,0,
47,0,
231,0,
16,330,187,0,
0,
0,
464,483,0,
198,41,174,370,318,0,
0,
0,
145,133,6,0,
0,
115,0,
506,301,0,
79,0,
0,
0,
112,0,
0,
0,
233,468,165,159,0,
147,0,
442,362,0,
316,0,
0,
81,457,0,
0,
0,
403,0,
254,0,
347,27,0,
400,0,
379,0,
0,
185,0,
0,
201,0,
0,
123,0,
21,227,469,0,
346,37,0,
0,
62,342,0,
146,0,
90,0,
104,0,
0,
64,0,
402,0,
265,43,0,
479,0,
445,0,
137,0,
375,0,
34,303,0,
17,0,
193,0,
475,0,
473,204,0,
0,
38,0,
129,186,0,
0,
424,371,92,357,0,
4,332,0,
0,
0,
0,
0,
0,
243,343,0,
149,0,
0,
218,0,
386,0,
0,
471,0,
0,
429,431,0,
0,
0,
15,0,
0,
194,0,
155,0,
0,
299,156,0,
57,0,
128,0,
136,163,0,
397,0,
498,0,
268,0,
353,70,0,
0,
169,412,0,
282,100,0,
0,
0,
0,
0,
11,0,
267,132,0,
0,
158,0,
0,
320,419,361,217,58,0,
107,0,
0,
0,
228,0,
0,
389,319,0,
0,
356,476,0,
0,
181,0,
0,
460,0,
36,0,
0,
421,134,0,
52,85,0,
436,0,
188,69,0,
0,
0,
500,213,0,
493,406,0,
0,
308,0,
0,
503,0,
0,
0,
23,0,
131,140,486,0,
393,365,0,
171,0,
454,0,
494,0,
344,0,
384,110,0,
478,0,
334,0,
324,119,0,
261,0,
0,
274,0,
372,374,0,
408,0,
0,
352,0,
5,0,
416,388,78,0,
275,0,
443,0,
263,0,
306,323,508,0,
0,
8,196,108,0,
322,95,0,
0,
0,
0,
0,
437,311,0,
0,
0,
22,0,
161,130,94,0,
117,0,
33,0,
0,
0,
420,0,
405,0,
253,0,
176,0,
304,99,68,166,0,
0,
430,0,
0,
505,359,0,
447,0,
266,0,
504,0,
226,0,
0,
501,390,0,
0,
42,0,
249,410,0,
0,
235,0,
170,214,0,
200,0,
0,
234,0,
245,0,
0,
0,
152,337,230,0,
24,190,0,
378,444,215,0,
293,438,0,
0,
164,0,
93,0,
0,
40,398,0,
212,0,
189,0,
0,
363,173,0,
0,
0,
0,
496,50,0,
0,
458,0,
0,
401,0,
335,0,
257,0,
75,0,
219,317,0,
0,
39,0,
206,0,
0,
354,0,
0,
314,0,
0,
326,0,
0,
0,
336,30,0,
0,
0,
0,
0,
0,
141,0,
256,513,82,287,0,
20,0,
0,
391,0,
66,191,0,
240,481,435,502,0,
0,
477,0,
148,0,
451,0,
0,
0,
0,
180,300,0,
0,
224,383,0,
229,0,
269,0,
0,
439,0,
281,0,
450,61,0,
0,
258,244,0,
135,0,
0,
76,71,0,
0,
0,
0,
441,0,
0,
0,
0,
305,0,
48,162,116,399,0,
0,
368,341,414,0,
0,
270,0,
10,364,0,
238,0,
0,
0,
279,0,
297,0,
396,142,0,
331,237,0,
307,0,
35,0,
466,298,0,
0,
0,
157,0,
273,459,0,
325,0,
118,0,
495,0,
291,207,0,
220,0,
376,0,
0,
0,
18,415,0,
65,0,
91,327,0,
0,
312,0,
452,0,
0,
209,0,
321,0,
80,184,0,
351,0,
26,427,0,
295,0,
453,0,
455,0,
264,221,333,0,
369,302,0,
278,0,
434,0,
172,0,
0,
195,0,
507,223,0,
0,
124,489,348,276,0,
339,340,87,0,
216,0,
106,0,
98,0,
0,
0,
472,0,
497,0,
0,
440,252,392,0,
73,0,
232,0,
0,
0,
0,
0,
292,0,
413,382,0,
251,0,
178,0,
0,
210,262,0,
0,
96,241,404,0,
409,0,
487,0,
0,
456,0,
67,246,0,
0,
0,
113,0,
0,
177,350,0,
0,
239,0,
285,0,
0,
0,
433,0,
143,0,
0,
109,0,
168,411,0,
105,0,
395,125,0,
192,101,394,77,432,0,
328,290,0,
208,474,242,514,0,
111,0,
83,0,
510,0,
345,0,
387,367,0,
139,381,0,
182,151,0,
84,0,
74,86,0,
211,0,
0,
315,0,
488,296,199,0,
0,
0,
248,12,463,0,
448,0,
0,
284,0,
0,
377,470,0,
0,
97,0,
0,
465,0,
0,
349,0,
294,0,
0,
89,485,0,
197,0,
53,0,
0,
259,0,
0,
0,
0,
0,
0,
272,0,
0,
329,425,183,511,0,
422,0,
423,127,0,
277,0,
0,
59,286,0,
236,0,
72,63,271,0,
250,446,0,
120,0,
0,
0,
54,0,
121,462,0,
0,
491,0,
0,
0,
0,
25,355,449,0,
160,490,60,0,
480,283,380,461,0,
3,0,
203,0,
9,0,
179,358,0,
0,
360,338,0,
114,13,0,
154,309,0,
49,0,
0,
385,0,
0,
0,
225,0,
0,
0,
0,
222,0,
167,0,
418,44,102,0,
0,
0,
499,0,
247,0,
255,0,
366,0,
0,
0,
512,484,0,
138,31,0,
122,29,0,
426,175,0,
