98,73,205,20,121,0,
328,360,159,0,
0,
470,0,
0,
330,0,
0,
443,0,
0,
339,147,127,0,
0,
432,0,
171,325,0,
32,0,
42,322,0,
48,0,
0,
188,44,0,
0,
483,0,
480,69,84,86,505,0,
216,424,0,
0,
434,15,447,0,
379,500,0,
0,
368,378,52,284,0,
0,
494,0,
313,0,
459,0,
89,0,
0,
2,0,
0,
393,0,
0,
279,0,
318,0,
201,290,0,
21,334,0,
0,
0,
356,0,
0,
0,
0,
4,0,
0,
0,
0,
168,8,0,
384,227,335,0,
68,0,
0,
71,0,
296,125,0,
301,30,0,
0,
56,17,0,
467,462,0,
472,0,
316,0,
0,
320,145,122,0,
247,0,
0,
423,0,
230,0,
1,403,12,473,0,
0,
0,
0,
312,428,140,399,0,
278,0,
489,0,
453,446,270,0,
10,0,
321,108,0,
0,
0,
414,0,
0,
265,513,0,
408,353,78,0,
146,0,
57,59,383,0,
332,118,0,
0,
0,
0,
192,0,
0,
0,
141,111,0,
113,0,
0,
0,
160,129,263,207,210,0,
0,
0,
120,204,0,
0,
132,396,23,0,
90,0,
96,0,
314,5,0,
0,
272,0,
243,0,
510,0,
0,
0,
0,
58,0,
407,0,
421,0,
19,131,110,0,
449,0,
16,0,
100,0,
224,357,40,151,26,0,
123,0,
0,
212,463,0,
0,
0,
232,259,0,
0,
491,412,117,0,
176,0,
276,0,
244,324,0,
0,
0,
354,0,
70,0,
220,173,0,
161,0,
0,
144,83,475,0,
88,0,
0,
317,0,
200,389,0,
235,255,0,
0,
253,101,0,
0,
25,0,
0,
488,374,245,182,0,
112,0,
430,0,
281,155,0,
238,391,0,
63,0,
0,
0,
365,0,
466,514,436,0,
0,
303,0,
92,0,
0,
105,442,0,
0,
233,398,0,
503,0,
0,
0,
352,0,
377,0,
186,0,
189,38,0,
461,0,
0,
392,258,0,
0,
501,0,
267,197,0,
0,
298,31,0,
497,0,
367,0,
0,
0,
362,175,0,
440,0,
251,0,
46,0,
448,0,
0,
158,0,
268,0,
242,0,
512,300,0,
229,0,
264,0,
0,
329,130,0,
438,0,
0,
257,269,0,
262,0,
9,441,372,103,0,
0,
402,486,479,0,
405,0,
246,0,
387,415,0,
0,
0,
490,62,0,
138,0,
0,
458,0,
228,198,135,0,
0,
0,
0,
34,28,0,
343,0,
0,
196,174,286,0,
211,0,
133,0,
74,0,
199,0,
0,
0,
223,0,
77,102,0,
425,0,
0,
0,
0,
418,0,
452,0,
150,0,
166,0,
169,0,
0,
0,
499,0,
291,292,0,
0,
0,
444,0,
6,0,
274,0,
0,
411,0,
450,172,0,
208,0,
0,
54,0,
395,0,
422,0,
142,0,
194,157,119,0,
0,
0,
64,282,180,0,
0,
380,487,0,
0,
148,0,
0,
304,0,
126,0,
0,
97,0,
308,0,
0,
0,
0,
0,
0,
0,
315,0,
163,375,0,
35,0,
381,358,0,
137,455,0,
327,0,
309,311,0,
346,0,
124,94,0,
50,91,0,
498,0,
426,0,
416,0,
3,47,0,
0,
0,
170,0,
0,
18,0,
0,
236,0,
507,0,
397,0,
215,0,
0,
323,0,
179,382,0,
0,
0,
36,0,
0,
79,0,
306,484,373,39,0,
0,
0,
0,
0,
295,0,
0,
0,
351,0,
134,0,
0,
457,0,
478,0,
509,0,
0,
99,0,
49,0,
0,
0,
271,0,
0,
511,0,
419,350,0,
209,206,0,
0,
464,0,
0,
162,331,476,0,
226,347,0,
27,0,
410,485,0,
0,
0,
11,363,29,0,
0,
0,
191,0,
81,287,0,
0,
0,
164,0,
417,143,0,
0,
53,359,0,
0,
289,508,348,0,
0,
468,0,
218,0,
195,0,
153,0,
0,
67,451,0,
0,
107,0,
0,
340,285,0,
297,326,0,
66,0,
0,
177,76,293,342,0,
273,33,0,
250,231,0,
0,
277,183,0,
0,
492,95,0,
93,0,
0,
0,
299,0,
24,427,221,0,
437,0,
0,
504,167,0,
45,254,0,
0,
474,156,0,
336,0,
185,0,
178,85,0,
181,0,
319,0,
0,
364,341,0,
0,
0,
288,404,406,0,
337,249,0,
506,469,0,
61,390,0,
14,471,0,
51,283,0,
0,
116,420,0,
0,
203,213,0,
248,0,
496,115,0,
0,
241,237,0,
219,0,
439,0,
361,429,0,
275,0,
222,0,
0,
114,0,
128,190,0,
0,
0,
0,
370,0,
0,
433,0,
80,0,
349,165,0,
0,
0,
0,
0,
0,
75,0,
266,0,
401,55,0,
0,
0,
0,
0,
154,60,386,0,
256,0,
0,
0,
388,0,
193,109,0,
333,0,
0,
0,
431,0,
0,
0,
136,65,0,
305,0,
445,0,
0,
0,
82,0,
41,0,
0,
22,0,
338,0,
344,0,
0,
0,
152,252,87,0,
72,0,
307,0,
0,
0,
202,0,
0,
184,366,0,
371,0,
376,493,0,
502,0,
225,394,0,
0,
106,149,0,
355,260,454,0,
0,
456,0,
0,
400,409,37,0,
104,0,
43,7,0,
139,0,
13,302,0,
0,
0,
435,239,0,
460,0,
482,0,
0,
240,481,0,
294,0,
0,
0,
0,
0,
465,0,
261,0,
0,
413,0,
345,217,187,477,0,
0,
0,
310,495,0,
385,0,
0,
0,
234,0,
280,0,
369,214,0,
