492,44,245,186,412,0,
0,
499,0,
375,0,
0,
1,0,
398,0,
352,467,0,
396,0,
351,0,
0,
22,0,
384,346,438,0,
251,0,
0,
205,159,0,
0,
0,
404,308,0,
383,0,
0,
0,
0,
363,6,0,
63,0,
0,
296,0,
0,
75,0,
24,0,
152,377,507,0,
0,
234,109,0,
416,0,
61,0,
80,58,0,
57,35,167,0,
89,318,0,
465,171,0,
17,197,0,
77,141,84,0,
466,484,335,0,
385,0,
0,
40,329,12,30,0,
381,367,0,
0,
0,
283,0,
0,
439,0,
510,0,
100,0,
386,303,343,0,
231,0,
194,90,7,0,
0,
328,326,0,
508,0,
98,0,
0,
62,0,
0,
0,
195,0,
442,0,
232,430,0,
106,0,
0,
319,0,
0,
491,0,
0,
468,0,
0,
0,
0,
161,317,0,
0,
213,287,0,
174,0,
0,
0,
145,60,0,
233,26,0,
0,
509,239,0,
54,0,
0,
43,0,
39,191,0,
0,
0,
341,0,
0,
0,
316,14,0,
0,
494,0,
394,0,
0,
32,18,447,0,
444,0,
276,0,
419,503,0,
0,
0,
511,0,
0,
0,
204,0,
432,436,0,
139,0,
0,
0,
443,406,0,
409,101,293,238,0,
78,0,
0,
313,130,0,
422,407,0,
391,0,
294,0,
445,0,
0,
82,0,
178,500,278,0,
136,0,
0,
0,
405,0,
279,0,
0,
46,0,
64,168,0,
160,0,
0,
52,0,
192,0,
310,0,
85,0,
220,237,0,
0,
0,
0,
76,0,
402,270,0,
0,
0,
0,
0,
0,
96,480,0,
471,479,0,
506,227,0,
137,0,
20,0,
413,0,
110,207,0,
33,0,
95,0,
315,0,
0,
0,
285,0,
176,0,
219,0,
9,59,0,
0,
0,
31,0,
0,
8,5,0,
355,0,
400,0,
456,495,0,
0,
0,
226,0,
83,102,0,
0,
99,356,0,
216,460,0,
47,0,
0,
70,0,
36,264,209,55,350,0,
0,
389,0,
462,0,
0,
258,156,0,
0,
163,0,
182,15,0,
0,
0,
0,
236,0,
0,
0,
0,
427,0,
0,
0,
0,
242,87,0,
365,0,
418,0,
41,441,476,497,0,
0,
229,67,469,0,
0,
247,0,
244,0,
88,0,
0,
273,0,
408,3,0,
342,0,
414,487,0,
193,51,0,
0,
0,
428,0,
0,
0,
188,0,
0,
170,151,0,
0,
0,
68,0,
184,0,
437,0,
11,0,
0,
374,0,
496,371,0,
127,0,
0,
390,135,0,
477,0,
0,
0,
488,429,272,116,53,0,
0,
0,
424,183,0,
0,
433,299,0,
21,0,
323,173,0,
201,0,
0,
250,119,0,
210,0,
10,149,0,
0,
311,0,
243,0,
284,0,
0,
187,0,
426,382,423,0,
249,0,
0,
147,0,
305,157,0,
0,
122,0,
153,451,93,0,
66,493,206,0,
0,
324,0,
29,0,
266,0,
0,
131,415,0,
0,
489,218,301,23,0,
0,
0,
0,
0,
309,0,
0,
148,0,
372,0,
48,0,
291,453,0,
450,189,0,
196,0,
461,214,0,
0,
144,370,261,0,
0,
340,327,0,
472,0,
132,0,
240,0,
65,403,0,
254,0,
259,13,0,
387,0,
25,0,
0,
0,
177,0,
0,
0,
501,0,
81,0,
169,0,
481,0,
0,
74,0,
348,0,
262,0,
92,0,
399,0,
354,0,
369,357,463,0,
349,0,
0,
435,0,
94,0,
49,0,
321,0,
464,211,255,0,
0,
282,0,
0,
0,
0,
334,0,
0,
16,28,0,
0,
248,490,117,158,0,
330,0,
446,0,
0,
275,155,0,
235,260,0,
0,
337,45,0,
107,253,0,
0,
457,0,
172,252,37,38,0,
0,
364,0,
366,0,
0,
246,0,
434,0,
288,388,0,
0,
0,
114,0,
421,0,
0,
292,0,
0,
0,
0,
200,0,
224,263,0,
50,420,221,0,
338,0,
228,0,
212,0,
395,0,
0,
0,
0,
208,397,0,
0,
0,
281,0,
474,0,
165,133,0,
0,
268,454,0,
203,0,
112,2,0,
0,
502,0,
0,
336,0,
0,
486,0,
514,0,
0,
223,0,
0,
105,0,
0,
0,
0,
392,485,0,
185,0,
269,0,
378,0,
129,0,
113,0,
362,0,
190,0,
417,373,0,
473,241,175,0,
0,
280,425,339,271,0,
0,
72,0,
307,0,
0,
448,0,
0,
458,0,
393,267,0,
0,
0,
125,134,0,
314,150,0,
440,498,146,0,
320,256,0,
128,0,
0,
344,347,111,295,0,
353,0,
401,290,126,0,
512,0,
180,0,
0,
0,
360,0,
0,
297,79,0,
0,
298,455,0,
123,300,0,
162,0,
199,0,
56,0,
333,0,
0,
222,0,
359,0,
332,0,
143,0,
265,475,0,
0,
325,478,0,
504,345,0,
306,0,
108,0,
0,
0,
312,164,0,
0,
73,0,
0,
121,140,302,0,
120,181,0,
379,0,
215,0,
118,0,
0,
217,470,0,
0,
286,0,
225,0,
166,198,0,
0,
97,0,
257,202,0,
0,
505,0,
91,0,
358,0,
0,
0,
154,179,86,0,
27,0,
513,0,
0,
0,
368,115,459,104,0,
138,34,0,
304,274,0,
0,
410,483,322,431,0,
103,71,0,
0,
277,0,
142,0,
19,69,0,
449,361,0,
0,
331,0,
376,0,
0,
4,0,
482,0,
0,
411,230,0,
289,42,0,
452,0,
124,380,0,
0,
0,
0,
0,
0,
