64,5,405,445,63,0,
373,6,0,
96,374,0,
42,87,0,
244,0,
498,283,38,262,0,
494,0,
22,0,
328,0,
0,
29,0,
275,460,0,
310,0,
24,2,0,
81,274,189,0,
192,0,
472,0,
0,
0,
0,
137,0,
434,58,279,0,
157,0,
20,167,0,
300,101,0,
0,
0,
403,0,
361,0,
345,0,
269,86,0,
249,0,
512,417,418,0,
0,
240,406,0,
313,0,
393,0,
440,261,118,0,
329,57,425,0,
419,0,
136,0,
265,1,0,
0,
59,99,0,
439,0,
0,
252,0,
444,0,
214,143,0,
0,
0,
0,
384,67,331,0,
0,
53,0,
0,
432,303,0,
297,395,0,
28,350,0,
390,0,
504,0,
426,364,431,0,
465,0,
491,173,336,246,319,0,
52,21,218,411,222,0,
0,
110,334,0,
450,34,311,0,
41,420,325,332,0,
277,0,
224,48,0,
312,389,0,
133,0,
0,
56,335,0,
400,0,
0,
436,0,
377,0,
514,0,
0,
156,78,0,
0,
73,0,
421,0,
302,95,0,
0,
487,0,
0,
500,182,0,
25,0,
0,
0,
111,0,
448,199,0,
198,0,
51,0,
242,0,
415,0,
177,0,
124,478,0,
0,
496,0,
0,
0,
0,
77,0,
0,
234,79,0,
443,0,
449,0,
0,
169,0,
0,
226,11,0,
0,
0,
93,142,0,
394,263,0,
36,0,
486,0,
437,0,
339,0,
0,
113,0,
408,178,0,
343,0,
441,60,0,
0,
457,0,
0,
451,151,0,
513,0,
0,
184,75,0,
0,
0,
0,
308,174,0,
0,
82,0,
352,0,
144,0,
0,
0,
0,
145,0,
18,0,
203,0,
0,
132,0,
476,0,
0,
65,0,
471,0,
0,
379,0,
0,
410,490,0,
35,166,0,
0,
80,0,
363,195,0,
251,0,
106,109,0,
0,
210,0,
149,0,
326,0,
0,
0,
0,
181,238,0,
208,278,503,0,
253,0,
0,
462,0,
0,
201,0,
225,0,
0,
188,0,
54,135,0,
367,0,
407,0,
0,
0,
0,
0,
46,414,0,
0,
0,
362,0,
0,
0,
160,0,
221,429,0,
280,0,
0,
0,
316,0,
245,0,
323,0,
0,
365,0,
216,127,0,
416,0,
353,69,0,
121,98,0,
83,228,0,
0,
162,413,397,0,
0,
105,0,
318,0,
386,44,0,
129,442,0,
511,0,
74,100,293,70,0,
368,0,
0,
45,0,
32,13,285,0,
175,0,
232,0,
0,
292,0,
256,120,0,
435,0,
186,0,
427,76,0,
0,
266,0,
467,0,
452,0,
0,
55,0,
0,
382,0,
212,0,
428,0,
0,
0,
154,0,
391,0,
0,
298,172,270,0,
378,0,
0,
0,
206,0,
0,
0,
0,
0,
0,
507,0,
0,
0,
461,7,0,
0,
282,179,0,
158,94,211,0,
31,0,
291,0,
388,0,
0,
0,
16,0,
0,
148,140,0,
482,239,0,
88,0,
220,0,
502,287,0,
0,
0,
0,
200,183,0,
196,30,0,
0,
0,
9,0,
380,446,14,0,
107,0,
370,3,15,0,
165,0,
0,
299,0,
147,0,
89,85,422,0,
0,
104,0,
447,357,39,0,
0,
459,483,0,
0,
8,0,
273,306,0,
0,
194,0,
0,
470,0,
237,0,
412,141,0,
392,321,0,
187,0,
474,138,71,0,
468,0,
0,
267,0,
72,247,0,
327,0,
0,
488,0,
0,
0,
458,204,0,
0,
372,333,455,0,
0,
91,0,
469,0,
130,0,
241,0,
233,383,0,
0,
0,
0,
202,43,23,0,
112,163,0,
66,131,509,0,
288,475,0,
90,219,0,
254,0,
433,0,
317,227,117,0,
0,
484,0,
0,
0,
0,
315,0,
0,
0,
128,0,
0,
0,
0,
346,223,0,
473,0,
235,398,0,
0,
257,0,
62,0,
396,0,
508,0,
153,0,
0,
264,171,0,
0,
92,0,
0,
185,0,
477,0,
0,
489,0,
0,
0,
258,0,
495,0,
0,
401,217,0,
0,
0,
152,0,
337,0,
0,
0,
0,
268,12,0,
369,463,0,
0,
116,0,
108,349,159,0,
359,207,0,
358,0,
360,0,
17,0,
344,0,
0,
0,
453,0,
0,
176,0,
260,0,
0,
197,0,
320,0,
341,0,
0,
371,0,
0,
0,
248,47,0,
205,506,307,37,0,
480,0,
0,
454,0,
161,97,0,
348,0,
385,114,259,215,0,
294,0,
155,286,0,
255,0,
0,
0,
387,0,
356,0,
0,
146,355,0,
0,
284,213,0,
381,134,0,
250,366,0,
314,501,0,
289,322,351,0,
139,0,
0,
170,0,
0,
404,4,230,0,
347,0,
0,
304,492,0,
0,
0,
0,
309,0,
50,0,
438,375,0,
499,0,
497,0,
190,0,
0,
464,290,68,61,0,
330,243,0,
505,0,
231,0,
0,
338,84,0,
481,0,
0,
0,
0,
466,126,0,
122,399,0,
0,
180,0,
103,0,
0,
281,324,0,
0,
115,0,
409,125,271,0,
0,
191,0,
0,
0,
0,
0,
0,
0,
26,0,
354,102,0,
49,0,
0,
0,
193,0,
0,
0,
0,
296,0,
301,0,
0,
168,150,0,
0,
0,
19,0,
0,
33,493,0,
209,485,423,0,
272,510,0,
430,0,
0,
123,0,
0,
0,
456,10,164,0,
0,
340,0,
342,0,
276,0,
376,229,119,0,
0,
479,0,
424,305,295,0,
0,
0,
27,236,0,
402,0,
0,
40,0,
0,
0,
