2,428,365,120,410,63,0,
404,0,
512,36,357,22,0,
186,498,0,
456,0,
107,0,
0,
0,
0,
196,277,0,
32,282,0,
248,0,
0,
482,363,0,
7,0,
501,0,
0,
514,0,
285,0,
45,502,0,
177,0,
0,
457,307,9,0,
0,
488,18,0,
90,115,20,0,
245,205,0,
0,
0,
290,0,
476,183,0,
0,
362,0,
0,
411,478,0,
0,
393,171,327,0,
182,0,
24,151,255,0,
56,0,
368,162,455,0,
0,
0,
276,0,
244,0,
350,238,0,
438,0,
66,283,173,0,
321,0,
0,
453,0,
0,
131,220,0,
379,396,0,
187,0,
0,
0,
21,0,
0,
23,0,
0,
360,339,395,0,
6,0,
387,69,437,303,0,
0,
497,298,0,
101,54,0,
0,
0,
161,409,481,510,0,
117,0,
203,254,0,
0,
0,
0,
80,0,
62,0,
0,
0,
86,0,
0,
58,317,0,
0,
0,
280,352,0,
371,0,
0,
315,0,
261,0,
0,
8,225,0,
0,
325,0,
0,
166,0,
323,0,
449,52,0,
134,310,0,
114,391,0,
213,0,
0,
92,413,0,
270,0,
0,
329,399,0,
0,
302,25,318,0,
0,
125,0,
342,0,
0,
466,0,
265,341,0,
0,
343,0,
495,0,
60,0,
246,0,
0,
460,293,0,
354,419,172,390,0,
0,
0,
68,0,
496,0,
347,0,
386,15,0,
337,324,0,
384,0,
494,0,
206,0,
417,0,
154,0,
0,
0,
0,
0,
0,
309,0,
0,
0,
189,0,
132,70,0,
0,
190,0,
0,
266,485,446,0,
118,0,
0,
422,0,
163,0,
459,335,0,
67,0,
500,236,0,
0,
0,
477,439,0,
0,
0,
87,0,
0,
65,102,0,
433,263,0,
0,
312,212,0,
0,
425,0,
41,0,
0,
330,180,0,
242,0,
11,197,0,
176,26,164,0,
76,415,0,
104,314,349,0,
296,207,0,
128,405,0,
0,
278,95,0,
0,
116,0,
444,0,
0,
471,0,
74,0,
155,0,
416,0,
35,0,
0,
0,
0,
0,
0,
0,
289,247,0,
223,0,
474,0,
483,0,
506,211,142,0,
0,
385,0,
0,
292,165,0,
73,0,
0,
136,0,
0,
0,
0,
268,221,0,
356,0,
216,99,414,0,
0,
0,
113,231,0,
0,
338,75,0,
44,103,0,
235,0,
240,452,0,
274,0,
191,0,
0,
0,
0,
0,
0,
81,313,0,
0,
0,
0,
382,0,
226,0,
184,141,0,
0,
0,
256,0,
0,
193,0,
0,
91,0,
0,
0,
499,0,
0,
0,
0,
77,222,0,
0,
492,381,0,
0,
94,30,0,
361,0,
185,59,0,
369,470,0,
435,333,0,
0,
340,0,
269,0,
0,
259,0,
372,0,
210,0,
89,0,
129,202,509,0,
201,0,
243,143,0,
0,
374,0,
0,
228,0,
133,0,
442,469,0,
0,
0,
373,0,
0,
465,0,
0,
0,
397,0,
468,484,0,
232,0,
353,157,0,
0,
431,0,
160,380,0,
33,0,
218,0,
39,0,
0,
0,
513,0,
230,0,
0,
148,0,
389,0,
0,
0,
28,0,
0,
377,0,
88,434,392,0,
424,169,286,0,
0,
472,0,
355,0,
97,418,0,
140,0,
0,
0,
50,375,0,
31,0,
408,0,
43,262,0,
0,
0,
0,
150,159,0,
168,0,
0,
234,0,
0,
0,
229,0,
336,0,
64,0,
348,85,0,
83,0,
208,181,0,
295,0,
378,0,
0,
138,0,
204,0,
454,0,
0,
237,0,
93,0,
305,383,0,
0,
100,0,
0,
304,0,
458,178,0,
440,0,
0,
0,
257,0,
214,0,
110,0,
135,0,
271,0,
82,0,
219,367,127,0,
0,
0,
19,156,13,0,
275,461,0,
124,0,
1,308,0,
0,
0,
145,0,
475,108,126,0,
448,40,38,146,0,
0,
170,486,0,
217,0,
0,
0,
192,0,
0,
0,
0,
427,0,
96,473,489,0,
0,
0,
511,0,
51,0,
432,0,
0,
504,72,0,
0,
0,
464,0,
505,507,253,0,
402,147,0,
0,
233,388,249,0,
436,0,
412,0,
209,398,0,
0,
152,445,0,
0,
0,
258,306,0,
345,0,
467,0,
0,
158,0,
0,
0,
179,0,
346,0,
121,0,
0,
57,37,0,
106,61,198,47,0,
42,0,
0,
322,0,
130,149,0,
403,0,
394,0,
0,
27,123,0,
480,451,358,0,
0,
5,351,0,
0,
0,
490,167,0,
0,
288,17,0,
0,
376,491,364,174,0,
493,0,
279,0,
0,
0,
215,0,
334,55,0,
331,0,
0,
344,34,71,0,
0,
12,0,
0,
0,
294,0,
441,0,
0,
407,0,
3,14,0,
195,175,0,
112,251,311,0,
400,16,0,
239,0,
144,111,0,
250,0,
0,
0,
153,46,0,
0,
328,79,0,
260,0,
188,0,
420,0,
137,0,
291,0,
0,
0,
0,
0,
0,
332,0,
252,0,
49,0,
0,
366,0,
10,98,0,
273,0,
200,119,0,
320,0,
401,0,
316,0,
0,
443,326,0,
4,430,0,
423,0,
463,0,
0,
48,359,0,
267,0,
301,0,
29,78,0,
272,426,0,
479,0,
264,227,447,0,
241,0,
0,
0,
284,0,
0,
300,0,
370,0,
199,0,
297,0,
224,0,
109,319,0,
450,0,
139,0,
53,503,0,
281,406,487,0,
299,508,0,
105,0,
122,429,0,
462,287,0,
0,
194,84,421,0,
0,
0,
