39,83,472,505,124,0,
205,0,
144,89,0,
0,
126,0,
242,334,407,0,
0,
321,51,0,
260,0,
11,53,0,
0,
265,172,0,
377,0,
0,
0,
437,0,
93,0,
2,422,159,0,
26,0,
396,0,
0,
120,0,
477,0,
455,0,
168,0,
0,
0,
0,
0,
0,
42,342,0,
0,
452,508,0,
300,0,
0,
148,0,
105,500,0,
74,22,0,
226,0,
293,429,215,190,222,0,
0,
139,460,485,0,
445,0,
385,135,0,
114,0,
0,
59,115,0,
211,0,
0,
269,21,0,
0,
0,
0,
167,0,
0,
82,166,174,0,
0,
0,
409,0,
31,0,
0,
0,
490,0,
0,
25,0,
392,0,
8,103,0,
347,247,0,
240,0,
0,
289,0,
0,
0,
384,0,
122,0,
394,0,
0,
152,0,
0,
0,
0,
317,0,
450,0,
17,155,484,173,0,
164,0,
0,
136,456,0,
0,
0,
97,253,0,
0,
0,
281,0,
228,0,
0,
0,
0,
0,
0,
0,
13,0,
0,
0,
94,0,
356,261,0,
449,273,0,
0,
408,330,180,0,
0,
57,0,
0,
497,0,
90,0,
128,274,270,0,
0,
87,0,
0,
0,
178,0,
406,0,
0,
359,0,
0,
0,
441,402,451,5,0,
0,
264,0,
503,0,
187,0,
0,
466,366,0,
312,0,
287,0,
464,444,333,0,
0,
204,0,
340,0,
514,447,0,
0,
424,389,0,
217,0,
216,0,
0,
0,
34,479,0,
0,
380,0,
362,141,0,
0,
337,1,0,
382,0,
492,0,
0,
290,77,0,
288,476,0,
153,130,469,113,0,
0,
291,0,
111,0,
112,238,0,
157,0,
353,0,
258,207,0,
470,47,0,
0,
458,0,
328,212,0,
123,0,
236,0,
0,
0,
0,
195,0,
417,443,397,0,
75,388,0,
219,391,0,
177,150,0,
292,0,
117,0,
0,
185,69,0,
0,
0,
323,405,0,
0,
378,0,
0,
487,0,
430,0,
480,365,0,
369,412,221,55,0,
79,0,
161,244,0,
298,294,0,
363,203,0,
0,
0,
104,498,0,
116,285,0,
109,0,
181,0,
0,
435,36,335,0,
6,0,
0,
0,
504,474,194,0,
91,0,
0,
415,0,
370,127,0,
0,
95,0,
506,0,
0,
9,457,37,0,
0,
184,0,
125,0,
99,0,
0,
32,163,341,0,
231,137,107,439,0,
360,0,
234,0,
432,286,0,
0,
0,
0,
0,
249,0,
297,12,0,
225,154,381,0,
143,0,
0,
40,0,
0,
326,14,0,
88,0,
257,442,147,0,
0,
192,162,315,0,
237,189,0,
0,
20,0,
325,494,0,
0,
0,
0,
0,
425,0,
84,0,
319,0,
0,
140,4,0,
0,
209,350,0,
400,509,0,
483,0,
368,463,0,
0,
220,0,
0,
193,374,0,
0,
0,
67,454,0,
142,0,
411,213,254,0,
0,
108,0,
0,
0,
375,0,
214,0,
272,0,
0,
156,0,
0,
171,0,
0,
0,
56,0,
446,0,
0,
45,0,
63,0,
0,
419,0,
0,
501,0,
0,
0,
197,46,511,0,
414,0,
50,0,
0,
28,0,
230,0,
0,
0,
271,0,
0,
507,0,
277,38,0,
44,0,
227,0,
0,
223,0,
0,
0,
489,0,
0,
58,18,0,
423,0,
324,191,0,
246,0,
0,
496,0,
0,
0,
0,
200,0,
473,101,0,
0,
196,0,
170,0,
459,357,0,
182,0,
309,0,
355,52,0,
513,0,
255,0,
16,62,30,0,
346,43,0,
24,19,0,
482,371,431,0,
61,0,
383,0,
0,
0,
399,0,
349,0,
0,
491,131,0,
448,493,0,
224,0,
0,
301,199,0,
372,0,
428,0,
307,0,
0,
0,
318,0,
248,0,
29,0,
495,0,
320,0,
440,0,
0,
421,0,
229,0,
390,0,
299,0,
243,0,
386,0,
499,15,0,
438,0,
395,86,0,
81,98,0,
295,7,0,
0,
434,467,436,0,
354,303,0,
0,
146,198,0,
0,
0,
0,
502,0,
329,35,0,
60,0,
0,
0,
280,0,
0,
0,
208,0,
96,0,
0,
0,
76,0,
302,0,
0,
462,351,0,
0,
453,151,0,
352,0,
0,
169,10,0,
0,
176,183,66,471,0,
186,0,
0,
78,0,
276,0,
426,100,0,
403,102,0,
0,
0,
306,0,
256,304,0,
0,
138,0,
0,
145,0,
65,92,0,
0,
0,
85,0,
0,
314,283,0,
0,
401,0,
0,
275,0,
344,465,461,0,
0,
232,41,241,367,0,
0,
416,398,0,
48,0,
296,0,
481,0,
259,327,0,
512,393,0,
0,
0,
251,486,0,
0,
313,245,149,311,0,
358,0,
160,121,0,
345,332,175,0,
488,0,
0,
179,0,
80,0,
343,0,
0,
376,364,308,348,0,
310,0,
361,188,0,
129,0,
0,
413,0,
235,478,0,
0,
475,0,
339,70,0,
252,158,0,
0,
0,
49,322,118,0,
233,420,0,
106,0,
73,433,0,
3,0,
33,23,0,
278,0,
119,279,0,
336,373,133,239,0,
71,0,
468,68,0,
0,
201,0,
0,
404,0,
0,
0,
379,0,
316,0,
0,
210,266,263,0,
218,132,0,
282,0,
0,
0,
0,
72,0,
284,0,
0,
110,0,
0,
0,
0,
0,
305,165,0,
134,0,
338,250,0,
0,
0,
267,0,
331,0,
202,427,268,206,0,
0,
418,0,
27,0,
410,0,
262,0,
64,510,0,
387,0,
0,
54,0,
