352,4,5,267,395,0,
476,0,
0,
0,
19,69,213,342,0,
304,280,139,221,0,
0,
0,
99,124,301,0,
368,95,0,
201,420,388,0,
0,
0,
127,0,
0,
488,0,
410,0,
503,0,
397,47,0,
464,9,26,422,0,
106,82,0,
0,
64,0,
0,
0,
0,
452,302,255,0,
100,0,
0,
329,381,173,0,
0,
0,
361,0,
85,0,
79,0,
345,22,0,
0,
336,172,151,0,
380,510,0,
360,0,
0,
185,473,0,
418,226,0,
398,0,
481,0,
0,
138,0,
211,0,
238,0,
456,413,0,
0,
0,
0,
274,0,
208,0,
419,0,
0,
0,
0,
107,278,0,
0,
164,0,
0,
0,
0,
358,0,
131,0,
272,0,
496,145,180,0,
29,484,37,0,
385,494,0,
176,0,
0,
445,175,0,
349,0,
154,0,
0,
393,0,
0,
0,
249,0,
0,
191,0,
67,109,0,
347,0,
0,
57,0,
27,148,0,
0,
0,
305,0,
0,
392,0,
62,0,
0,
408,308,0,
216,0,
78,0,
0,
433,265,0,
0,
276,0,
188,0,
346,275,108,0,
179,0,
215,0,
236,0,
183,0,
307,287,0,
264,0,
0,
0,
0,
402,0,
0,
291,491,0,
0,
309,0,
48,77,318,0,
485,0,
6,0,
0,
394,18,390,0,
0,
17,158,0,
32,41,314,0,
0,
218,0,
0,
40,461,0,
317,0,
137,0,
0,
0,
508,0,
460,0,
3,0,
0,
0,
451,197,38,0,
432,0,
80,117,0,
0,
170,277,237,0,
0,
320,34,0,
429,0,
0,
21,0,
0,
0,
146,93,0,
239,0,
448,453,424,0,
0,
0,
0,
0,
327,0,
0,
0,
259,0,
247,0,
504,0,
0,
328,321,343,0,
450,284,322,0,
159,0,
234,0,
273,0,
161,282,0,
114,0,
384,66,0,
90,0,
258,0,
344,0,
0,
0,
514,0,
399,0,
454,0,
14,0,
0,
0,
169,406,0,
128,0,
120,0,
102,439,0,
204,0,
499,0,
0,
0,
459,0,
0,
0,
428,423,0,
389,0,
105,43,0,
0,
480,295,0,
416,0,
130,292,0,
92,0,
53,431,0,
0,
1,220,0,
437,223,0,
0,
0,
379,203,0,
313,235,254,0,
0,
233,0,
153,68,209,0,
184,513,483,0,
0,
0,
182,0,
0,
0,
30,0,
20,293,118,0,
436,0,
25,0,
387,486,0,
186,421,0,
0,
129,386,206,0,
246,0,
298,0,
365,0,
0,
51,0,
0,
0,
140,245,0,
0,
312,500,0,
0,
0,
487,0,
0,
0,
511,195,462,502,0,
181,303,0,
458,0,
0,
0,
0,
0,
174,15,0,
198,0,
0,
333,0,
71,319,0,
72,0,
0,
376,0,
0,
0,
0,
0,
0,
0,
0,
24,0,
338,0,
122,10,364,214,0,
113,482,0,
91,263,0,
465,74,0,
297,0,
0,
0,
0,
178,315,0,
28,0,
427,196,0,
409,0,
126,0,
205,125,103,0,
468,0,
76,0,
351,0,
200,136,0,
0,
0,
506,0,
116,0,
370,490,0,
104,13,0,
149,0,
446,0,
202,310,0,
0,
0,
61,39,0,
0,
0,
425,227,268,0,
316,101,0,
42,279,0,
498,0,
207,0,
250,493,455,0,
0,
0,
311,0,
135,0,
0,
12,0,
286,0,
112,505,0,
438,359,0,
54,294,0,
147,0,
475,0,
242,0,
478,0,
332,0,
0,
269,367,0,
373,167,0,
0,
441,0,
434,0,
281,0,
156,0,
457,348,0,
75,509,0,
0,
73,411,477,0,
132,0,
194,0,
123,0,
11,0,
232,177,0,
0,
0,
0,
0,
323,0,
225,290,270,0,
288,442,0,
0,
350,0,
283,222,0,
443,0,
466,0,
375,0,
0,
0,
353,449,165,331,243,0,
224,115,479,0,
512,357,55,0,
0,
190,0,
356,469,0,
0,
400,0,
0,
0,
0,
337,0,
289,354,463,0,
0,
0,
142,0,
150,0,
0,
217,0,
0,
262,0,
492,0,
414,0,
0,
0,
193,0,
407,0,
56,271,0,
256,0,
228,470,0,
0,
0,
248,0,
285,0,
144,0,
241,0,
363,325,0,
0,
152,44,0,
231,0,
0,
0,
404,189,0,
166,8,299,143,210,0,
0,
50,0,
0,
0,
435,0,
0,
0,
405,0,
81,0,
157,0,
474,0,
0,
63,0,
339,0,
0,
119,471,0,
23,0,
60,0,
0,
0,
219,0,
426,0,
0,
444,0,
489,171,0,
168,0,
192,49,87,0,
98,0,
355,383,0,
212,84,0,
0,
260,0,
7,0,
0,
252,0,
0,
0,
501,0,
415,0,
0,
0,
0,
52,0,
240,0,
495,0,
0,
382,0,
0,
0,
440,396,0,
0,
58,0,
472,88,0,
187,244,70,0,
16,412,0,
430,335,0,
371,0,
2,0,
45,0,
403,199,0,
340,0,
324,0,
0,
0,
0,
366,0,
257,251,0,
377,83,0,
163,253,467,0,
46,0,
111,0,
133,0,
0,
372,0,
33,0,
401,0,
0,
266,0,
0,
0,
0,
134,86,0,
0,
96,507,0,
36,0,
261,0,
65,0,
326,230,0,
296,35,0,
0,
229,0,
0,
0,
89,0,
334,0,
155,0,
0,
97,162,0,
362,0,
0,
121,0,
374,0,
0,
0,
369,0,
0,
447,391,0,
0,
306,0,
0,
94,0,
330,0,
160,0,
31,0,
110,0,
378,341,0,
497,417,0,
59,300,141,0,
0,
