384,6,392,468,477,0,
412,0,
577,0,
835,5,949,0,
906,519,0,
660,21,0,
609,402,10,366,0,
162,708,308,0,
681,878,0,
184,316,205,0,
9,770,398,95,0,
208,387,0,
858,0,
328,0,
774,911,0,
880,27,437,0,
266,503,0,
672,898,651,0,
505,622,0,
353,356,0,
0,
85,0,
240,0,
329,617,14,0,
859,0,
0,
98,0,
938,931,0,
0,
28,0,
0,
154,606,0,
50,102,0,
600,635,0,
826,589,0,
0,
680,726,928,0,
0,
558,782,0,
267,228,0,
0,
890,357,0,
211,0,
621,0,
848,0,
844,0,
0,
0,
0,
345,954,0,
809,0,
0,
674,147,0,
0,
323,11,699,0,
144,86,0,
817,0,
512,0,
432,899,0,
735,0,
0,
572,0,
58,172,935,0,
417,0,
262,0,
138,0,
25,0,
895,0,
970,223,0,
0,
0,
167,303,0,
0,
176,832,542,0,
168,342,0,
780,0,
22,191,0,
565,0,
658,0,
229,591,0,
0,
238,0,
518,0,
91,845,0,
730,0,
313,0,
224,0,
0,
0,
827,0,
217,0,
318,0,
0,
137,78,0,
0,
515,31,0,
161,0,
668,0,
0,
936,307,0,
652,0,
472,732,0,
544,0,
0,
0,
815,0,
0,
197,0,
0,
751,79,0,
554,0,
0,
391,0,
910,183,0,
0,
286,0,
580,0,
943,0,
0,
153,0,
676,0,
0,
568,0,
0,
0,
0,
105,583,0,
0,
0,
0,
0,
33,442,230,0,
0,
812,0,
274,0,
0,
0,
239,0,
0,
0,
884,748,0,
0,
0,
0,
236,0,
349,0,
937,709,0,
731,45,0,
0,
822,0,
559,0,
163,0,
0,
252,0,
0,
106,0,
425,74,310,0,
840,458,39,0,
56,59,0,
0,
496,729,0,
0,
632,666,0,
0,
46,0,
265,390,0,
0,
940,428,0,
501,0,
563,0,
367,0,
796,0,
633,541,0,
476,332,0,
756,0,
405,0,
795,0,
0,
849,0,
930,452,0,
111,0,
713,693,0,
614,334,0,
450,0,
317,0,
326,0,
409,355,0,
0,
258,654,958,0,
675,831,0,
0,
534,0,
419,971,0,
514,0,
87,0,
803,61,0,
291,0,
0,
0,
0,
299,0,
438,0,
179,93,471,0,
69,0,
753,517,151,0,
648,0,
0,
0,
801,0,
0,
0,
0,
0,
0,
0,
0,
924,0,
0,
0,
0,
62,418,862,728,0,
695,0,
535,0,
411,0,
0,
955,0,
0,
689,0,
232,0,
718,0,
416,276,0,
65,927,0,
0,
897,0,
159,0,
0,
0,
0,
0,
0,
0,
0,
576,506,0,
103,0,
0,
656,196,0,
219,0,
0,
431,0,
0,
92,0,
0,
0,
820,630,0,
922,0,
945,0,
43,165,527,0,
828,174,0,
704,877,0,
288,0,
0,
439,0,
0,
851,919,0,
604,0,
129,0,
0,
581,0,
272,0,
448,0,
427,0,
73,641,393,68,0,
0,
0,
0,
913,0,
447,0,
720,789,838,0,
960,0,
0,
618,484,0,
331,149,0,
779,0,
314,765,0,
385,948,173,0,
248,754,0,
0,
857,0,
0,
0,
0,
0,
178,29,0,
0,
852,0,
0,
337,546,0,
771,0,
0,
0,
456,538,0,
725,0,
0,
888,0,
160,76,510,0,
717,0,
494,0,
745,0,
962,403,0,
819,0,
504,719,0,
0,
251,0,
0,
244,0,
0,
629,671,0,
0,
0,
0,
466,0,
0,
249,0,
966,407,0,
338,0,
715,319,0,
0,
521,0,
0,
296,692,951,0,
469,0,
908,0,
590,0,
738,285,119,0,
612,0,
0,
550,0,
499,0,
0,
0,
435,0,
128,759,0,
389,430,0,
0,
0,
611,0,
180,0,
800,818,0,
35,0,
0,
136,0,
457,12,0,
279,0,
104,0,
686,0,
250,0,
784,0,
364,0,
0,
348,0,
75,0,
0,
401,0,
37,0,
0,
0,
808,277,524,605,0,
865,0,
841,714,71,0,
917,0,
0,
0,
497,0,
0,
0,
842,13,0,
464,872,508,333,0,
395,0,
963,677,967,0,
747,157,445,0,
561,907,0,
281,242,126,0,
785,0,
429,0,
933,875,941,376,665,0,
433,0,
549,0,
0,
201,227,0,
0,
365,0,
0,
769,271,920,379,701,0,
231,399,0,
0,
0,
0,
0,
460,327,0,
241,926,0,
0,
0,
787,722,507,444,0,
275,597,0,
854,0,
0,
0,
20,0,
762,0,
860,0,
853,0,
443,0,
0,
0,
81,268,0,
749,0,
0,
0,
530,158,502,0,
480,0,
540,0,
0,
0,
0,
0,
649,627,0,
904,146,388,0,
118,0,
302,0,
0,
947,0,
0,
647,0,
0,
0,
0,
700,0,
539,0,
0,
0,
0,
0,
216,0,
0,
553,798,0,
736,837,0,
0,
0,
0,
783,0,
0,
0,
177,0,
0,
552,0,
121,516,0,
115,0,
112,0,
864,619,0,
257,19,55,0,
406,0,
0,
0,
0,
598,171,670,0,
17,131,52,0,
0,
905,0,
3,7,368,465,816,0,
0,
830,0,
53,0,
141,0,
0,
661,470,0,
0,
763,0,
483,964,912,23,220,0,
170,270,0,
953,0,
0,
63,799,0,
0,
834,972,156,381,0,
0,
51,0,
120,871,823,0,
586,0,
711,0,
206,0,
694,175,0,
290,0,
593,603,0,
293,0,
0,
370,0,
0,
0,
0,
0,
0,
567,0,
698,278,0,
125,0,
371,0,
797,0,
132,934,0,
32,545,182,0,
89,653,0,
0,
72,0,
440,0,
0,
638,0,
0,
453,0,
870,0,
887,0,
533,0,
642,0,
509,0,
889,0,
691,0,
921,587,0,
41,26,0,
0,
0,
582,287,0,
0,
0,
122,259,0,
60,0,
489,84,0,
0,
0,
0,
0,
0,
193,0,
0,
0,
312,0,
424,0,
868,0,
0,
225,269,0,
47,0,
0,
570,957,0,
0,
0,
117,0,
0,
847,0,
498,0,
273,0,
555,755,0,
0,
794,900,0,
0,
264,746,0,
0,
0,
0,
315,0,
0,
0,
0,
0,
0,
537,0,
360,662,0,
0,
716,575,0,
578,861,0,
134,0,
369,0,
127,0,
810,0,
215,0,
0,
0,
446,0,
710,0,
0,
0,
0,
0,
0,
0,
0,
929,0,
657,454,0,
0,
408,663,0,
0,
213,0,
855,0,
107,613,0,
625,380,414,0,
473,0,
352,0,
372,382,0,
659,0,
0,
97,892,655,0,
792,0,
0,
0,
304,204,15,0,
150,0,
0,
0,
396,0,
94,0,
0,
778,0,
280,346,0,
0,
863,0,
374,0,
70,0,
896,0,
354,879,0,
488,592,767,0,
90,116,0,
886,0,
434,0,
0,
679,0,
836,246,0,
0,
579,340,0,
585,626,0,
305,145,0,
740,0,
688,766,0,
235,0,
0,
143,0,
547,0,
297,522,790,0,
0,
744,0,
968,637,325,0,
110,743,0,
0,
0,
0,
959,0,
123,0,
881,436,0,
0,
322,0,
566,0,
761,529,0,
669,0,
400,0,
0,
0,
130,891,0,
214,0,
254,0,
185,0,
16,67,292,0,
594,645,478,623,0,
610,788,0,
781,543,0,
0,
343,0,
410,813,0,
0,
261,479,0,
520,234,0,
874,702,0,
88,0,
0,
737,685,0,
0,
0,
639,0,
209,0,
0,
0,
451,0,
0,
0,
0,
210,0,
0,
449,294,0,
0,
164,932,0,
750,0,
569,0,
0,
724,0,
309,383,0,
218,0,
100,684,0,
0,
856,202,378,0,
295,0,
339,0,
482,0,
8,347,195,0,
0,
634,155,263,0,
140,802,548,0,
0,
0,
108,0,
0,
588,0,
481,34,2,0,
0,
422,0,
0,
0,
199,0,
703,0,
0,
667,493,0,
0,
0,
0,
57,0,
114,0,
602,923,253,0,
682,0,
0,
260,0,
734,0,
0,
0,
0,
850,0,
0,
96,631,0,
0,
0,
683,0,
768,113,0,
805,0,
806,0,
0,
397,0,
192,83,0,
893,0,
0,
0,
882,404,0,
0,
363,807,0,
0,
595,0,
0,
0,
42,30,0,
0,
413,0,
361,0,
918,0,
0,
377,0,
721,0,
757,0,
811,596,0,
952,373,0,
776,867,186,707,0,
944,601,758,0,
843,0,
362,0,
394,0,
513,916,0,
525,0,
359,551,511,0,
0,
0,
0,
0,
344,0,
64,306,0,
0,
0,
462,0,
101,490,181,0,
697,690,574,0,
282,0,
222,0,
133,0,
961,0,
0,
350,0,
528,0,
0,
0,
0,
320,825,0,
298,0,
139,0,
0,
386,243,0,
706,0,
0,
500,0,
0,
536,0,
467,324,135,0,
0,
0,
0,
0,
142,0,
0,
335,0,
571,4,109,459,0,
0,
833,0,
0,
804,221,0,
0,
0,
824,421,0,
187,0,
124,0,
0,
0,
166,0,
901,0,
0,
24,0,
200,939,0,
0,
188,486,742,0,
336,946,0,
0,
760,0,
48,0,
0,
640,914,0,
49,375,0,
839,0,
0,
0,
866,0,
0,
0,
733,0,
0,
903,0,
0,
0,
0,
0,
0,
616,99,455,0,
0,
311,0,
0,
584,0,
846,0,
560,474,556,0,
0,
485,0,
0,
0,
876,773,0,
247,0,
0,
0,
741,423,0,
643,829,0,
696,44,0,
0,
664,284,36,0,
1,0,
0,
80,0,
212,0,
491,0,
198,0,
869,0,
0,
628,0,
0,
0,
0,
0,
0,
885,0,
678,0,
66,727,0,
0,
18,283,950,0,
712,0,
0,
973,0,
330,791,0,
237,0,
723,0,
615,0,
341,77,0,
0,
169,620,0,
0,
915,461,0,
814,0,
0,
942,0,
0,
148,0,
256,873,644,38,0,
0,
358,0,
526,0,
0,
0,
0,
0,
636,965,300,925,0,
0,
0,
523,764,0,
0,
793,909,0,
0,
0,
531,0,
0,
607,0,
226,0,
321,0,
624,426,573,894,0,
646,0,
420,492,0,
152,0,
777,0,
739,0,
0,
0,
673,189,351,0,
463,0,
0,
289,956,0,
0,
203,0,
0,
194,564,0,
82,772,0,
650,775,0,
301,415,0,
821,0,
0,
557,0,
0,
0,
562,0,
608,207,0,
0,
0,
0,
255,495,0,
883,475,0,
705,786,54,599,0,
233,487,0,
190,0,
441,0,
969,0,
40,0,
752,0,
687,0,
532,245,902,0,
0,
